100 4170
0 1 161
0 2 114
0 3 21
0 4 95
0 5 88
0 6 143
0 7 183
0 8 9
0 9 190
0 10 157
0 11 83
0 12 84
0 13 154
0 14 150
0 15 12
0 16 78
0 17 87
0 18 196
0 19 0
0 20 139
0 21 32
0 22 127
0 23 154
0 24 200
0 25 49
0 26 3
0 27 150
0 28 132
0 29 102
0 30 177
0 31 44
0 32 98
0 33 90
0 34 194
0 35 115
0 36 181
0 37 17
0 38 103
0 39 93
0 40 1
0 41 174
0 42 141
0 43 121
0 44 39
0 45 32
0 46 89
0 47 123
0 48 7
0 49 73
0 50 138
0 51 50
0 52 160
0 53 133
0 54 168
0 55 104
0 56 147
0 57 183
0 58 134
0 59 154
0 60 89
0 61 163
0 62 103
0 63 25
0 64 58
0 65 121
0 66 98
0 67 142
0 68 187
0 69 59
0 70 91
0 71 184
0 72 64
0 73 45
0 74 200
0 75 92
0 76 147
0 77 68
0 78 83
0 79 54
0 80 90
0 81 11
0 82 82
0 83 96
0 84 70
0 85 61
0 86 146
0 87 189
0 88 196
0 89 185
0 90 113
0 91 35
0 92 131
0 93 102
0 94 101
0 95 17
0 96 162
0 97 183
0 98 76
0 99 51
1 2 20
1 3 163
1 4 72
1 5 101
1 6 72
1 7 14
1 8 101
1 9 152
1 10 56
1 11 58
1 12 95
1 13 86
1 14 112
1 15 25
1 16 100
1 17 53
1 18 190
1 19 120
1 20 145
1 21 21
1 22 164
1 23 83
1 24 163
1 25 128
1 26 38
1 27 43
1 28 172
1 29 159
1 30 46
1 31 117
1 32 89
1 33 78
1 34 53
1 35 197
1 36 11
1 37 78
1 38 167
1 39 65
1 40 53
1 41 137
1 42 79
1 43 119
1 44 151
1 45 195
1 46 39
1 47 32
1 48 112
1 49 134
1 50 17
1 51 171
1 52 92
1 53 128
1 54 143
1 55 104
1 56 145
1 57 50
1 58 160
1 59 72
1 60 80
1 61 56
1 62 50
1 63 182
1 64 111
1 65 149
1 66 144
1 67 104
1 68 131
1 69 5
1 70 16
1 71 69
1 72 182
1 73 114
1 74 93
1 75 73
1 76 119
1 77 0
1 78 2
1 79 135
1 80 36
1 81 58
1 82 157
1 83 57
1 84 167
1 85 167
1 86 82
1 87 96
1 88 149
1 89 77
1 90 41
1 91 153
1 92 20
1 93 15
1 94 49
1 95 152
1 96 189
1 97 90
1 98 56
1 99 119
2 3 45
2 4 175
2 5 178
2 6 196
2 7 199
2 8 183
2 9 141
2 10 150
2 11 190
2 12 43
2 13 198
2 14 189
2 15 7
2 16 42
2 17 127
2 18 55
2 19 109
2 20 8
2 21 153
2 22 2
2 23 168
2 24 158
2 25 125
2 26 18
2 27 183
2 28 132
2 29 122
2 30 143
2 31 52
2 32 168
2 33 184
2 34 111
2 35 94
2 36 128
2 37 122
2 38 128
2 39 191
2 40 117
2 41 54
2 42 47
2 43 74
2 44 122
2 45 144
2 46 150
2 47 190
2 48 18
2 49 63
2 50 163
2 51 191
2 52 164
2 53 152
2 54 63
2 55 73
2 56 120
2 57 73
2 58 91
2 59 129
2 60 18
2 61 166
2 62 165
2 63 41
2 64 142
2 65 146
2 66 68
2 67 167
2 68 152
2 69 38
2 70 23
2 71 106
2 72 180
2 73 193
2 74 48
2 75 147
2 76 85
2 77 162
2 78 149
2 79 177
2 80 116
2 81 104
2 82 141
2 83 20
2 84 127
2 85 85
2 86 146
2 87 131
2 88 5
2 89 83
2 90 63
2 91 120
2 92 119
2 93 41
2 94 34
2 95 118
2 96 86
2 97 121
2 98 196
2 99 134
3 4 52
3 5 11
3 6 187
3 7 0
3 8 83
3 9 35
3 10 32
3 11 115
3 12 28
3 13 142
3 14 40
3 15 166
3 16 40
3 17 67
3 18 147
3 19 133
3 20 48
3 21 32
3 22 35
3 23 134
3 24 191
3 25 115
3 26 155
3 27 197
3 28 123
3 29 158
3 30 61
3 31 89
3 32 128
3 33 120
3 34 191
3 35 178
3 36 14
3 37 156
3 38 94
3 39 28
3 40 150
3 41 185
3 42 127
3 43 167
3 44 4
3 45 199
3 46 98
3 47 102
3 48 46
3 49 6
3 50 160
3 51 160
3 52 112
3 53 193
3 54 96
3 55 102
3 56 30
3 57 94
3 58 30
3 59 175
3 60 163
3 61 174
3 62 27
3 63 119
3 64 104
3 65 187
3 66 3
3 67 74
3 68 157
3 69 52
3 70 51
3 71 41
3 72 164
3 73 70
3 74 158
3 75 77
3 76 112
3 77 106
3 78 197
3 79 96
3 80 193
3 81 64
3 82 88
3 83 94
3 84 122
3 85 147
3 86 168
3 87 128
3 88 103
3 89 80
3 90 31
3 91 7
3 92 199
3 93 154
3 94 19
3 95 141
3 96 138
3 97 12
3 98 28
3 99 27
4 5 195
4 6 63
4 7 94
4 8 103
4 9 110
4 10 81
4 11 43
4 12 144
4 13 194
4 14 86
4 15 28
4 16 25
4 17 134
4 18 148
4 19 166
4 20 9
4 21 59
4 22 159
4 23 115
4 24 59
4 25 21
4 26 175
4 27 62
4 28 180
4 29 161
4 30 43
4 31 90
4 32 9
4 33 138
4 34 144
4 35 20
4 36 31
4 37 114
4 38 19
4 39 104
4 40 38
4 41 150
4 42 74
4 43 193
4 44 43
4 45 37
4 46 108
4 47 3
4 48 13
4 49 112
4 50 33
4 51 59
4 52 133
4 53 189
4 54 173
4 55 93
4 56 120
4 57 4
4 58 10
4 59 144
4 60 26
4 61 183
4 62 86
4 63 101
4 64 127
4 65 28
4 66 136
4 67 59
4 68 103
4 69 43
4 70 23
4 71 93
4 72 176
4 73 82
4 74 7
4 75 117
4 76 175
4 77 19
4 78 28
4 79 43
4 80 148
4 81 14
4 82 172
4 83 178
4 84 114
4 85 24
4 86 132
4 87 54
4 88 65
4 89 132
4 90 80
4 91 80
4 92 99
4 93 57
4 94 143
4 95 155
4 96 165
4 97 41
4 98 73
4 99 26
5 6 67
5 7 99
5 8 184
5 9 136
5 10 149
5 11 30
5 12 35
5 13 112
5 14 36
5 15 132
5 16 16
5 17 46
5 18 152
5 19 35
5 20 105
5 21 86
5 22 74
5 23 66
5 24 173
5 25 189
5 26 7
5 27 80
5 28 156
5 29 47
5 30 196
5 31 130
5 32 114
5 33 189
5 34 79
5 35 119
5 36 73
5 37 160
5 38 185
5 39 198
5 40 21
5 41 66
5 42 111
5 43 99
5 44 67
5 45 89
5 46 159
5 47 197
5 48 115
5 49 24
5 50 144
5 51 14
5 52 152
5 53 69
5 54 84
5 55 91
5 56 186
5 57 143
5 58 115
5 59 160
5 60 25
5 61 148
5 62 165
5 63 51
5 64 37
5 65 107
5 66 192
5 67 17
5 68 135
5 69 40
5 70 97
5 71 77
5 72 105
5 73 8
5 74 53
5 75 77
5 76 100
5 77 37
5 78 78
5 79 60
5 80 129
5 81 130
5 82 97
5 83 113
5 84 106
5 85 55
5 86 192
5 87 50
5 88 96
5 89 66
5 90 60
5 91 36
5 92 88
5 93 167
5 94 39
5 95 198
5 96 16
5 97 4
5 98 8
5 99 190
6 7 80
6 8 9
6 9 86
6 10 76
6 11 139
6 12 61
6 13 142
6 14 60
6 15 131
6 16 28
6 17 158
6 18 160
6 19 199
6 20 58
6 21 81
6 22 87
6 23 116
6 24 50
6 25 33
6 26 85
6 27 86
6 28 25
6 29 101
6 30 10
6 31 126
6 32 46
6 33 138
6 34 177
6 35 99
6 36 33
6 37 186
6 38 135
6 39 86
6 40 23
6 41 62
6 42 44
6 43 60
6 44 118
6 45 183
6 46 134
6 47 116
6 48 49
6 49 85
6 50 85
6 51 4
6 52 142
6 53 95
6 54 60
6 55 167
6 56 60
6 57 137
6 58 41
6 59 13
6 60 55
6 61 189
6 62 82
6 63 168
6 64 49
6 65 131
6 66 80
6 67 193
6 68 194
6 69 91
6 70 135
6 71 36
6 72 135
6 73 103
6 74 25
6 75 128
6 76 107
6 77 100
6 78 75
6 79 191
6 80 82
6 81 100
6 82 139
6 83 136
6 84 54
6 85 36
6 86 82
6 87 84
6 88 125
6 89 63
6 90 37
6 91 177
6 92 133
6 93 76
6 94 12
6 95 95
6 96 118
6 97 56
6 98 67
6 99 149
7 8 105
7 9 196
7 10 142
7 11 191
7 12 187
7 13 78
7 14 125
7 15 182
7 16 135
7 17 178
7 18 62
7 19 60
7 20 34
7 21 200
7 22 82
7 23 20
7 24 90
7 25 2
7 26 197
7 27 103
7 28 62
7 29 5
7 30 142
7 31 90
7 32 139
7 33 49
7 34 64
7 35 105
7 36 72
7 37 85
7 38 16
7 39 169
7 40 37
7 41 172
7 42 91
7 43 19
7 44 185
7 45 43
7 46 114
7 47 54
7 48 144
7 49 42
7 50 25
7 51 99
7 52 170
7 53 46
7 54 92
7 55 89
7 56 80
7 57 118
7 58 138
7 59 79
7 60 63
7 61 128
7 62 181
7 63 89
7 64 91
7 65 182
7 66 187
7 67 75
7 68 127
7 69 63
7 70 55
7 71 189
7 72 39
7 73 82
7 74 157
7 75 40
7 76 45
7 77 173
7 78 10
7 79 99
7 80 5
7 81 4
7 82 150
7 83 30
7 84 194
7 85 158
7 86 128
7 87 12
7 88 33
7 89 64
7 90 26
7 91 112
7 92 162
7 93 57
7 94 100
7 95 163
7 96 175
7 97 12
7 98 148
7 99 0
8 9 158
8 10 7
8 11 96
8 12 92
8 13 117
8 14 74
8 15 72
8 16 115
8 17 63
8 18 168
8 19 180
8 20 138
8 21 143
8 22 186
8 23 21
8 24 184
8 25 167
8 26 73
8 27 183
8 28 38
8 29 101
8 30 18
8 31 120
8 32 200
8 33 69
8 34 84
8 35 128
8 36 47
8 37 197
8 38 4
8 39 9
8 40 77
8 41 144
8 42 125
8 43 22
8 44 152
8 45 77
8 46 52
8 47 65
8 48 47
8 49 46
8 50 35
8 51 50
8 52 183
8 53 179
8 54 113
8 55 102
8 56 192
8 57 92
8 58 45
8 59 66
8 60 45
8 61 25
8 62 191
8 63 35
8 64 43
8 65 110
8 66 121
8 67 86
8 68 9
8 69 6
8 70 26
8 71 176
8 72 90
8 73 49
8 74 93
8 75 77
8 76 10
8 77 21
8 78 182
8 79 7
8 80 117
8 81 197
8 82 111
8 83 52
8 84 188
8 85 149
8 86 55
8 87 153
8 88 142
8 89 50
8 90 85
8 91 170
8 92 14
8 93 137
8 94 59
8 95 50
8 96 125
8 97 95
8 98 199
8 99 185
9 10 177
9 11 194
9 12 188
9 13 118
9 14 138
9 15 78
9 16 133
9 17 31
9 18 153
9 19 91
9 20 33
9 21 140
9 22 14
9 23 12
9 24 165
9 25 91
9 26 198
9 27 31
9 28 119
9 29 164
9 30 188
9 31 184
9 32 190
9 33 97
9 34 148
9 35 11
9 36 20
9 37 47
9 38 167
9 39 76
9 40 16
9 41 74
9 42 151
9 43 139
9 44 9
9 45 40
9 46 13
9 47 27
9 48 95
9 49 45
9 50 81
9 51 141
9 52 166
9 53 99
9 54 75
9 55 133
9 56 189
9 57 128
9 58 194
9 59 167
9 60 8
9 61 167
9 62 37
9 63 112
9 64 81
9 65 138
9 66 36
9 67 0
9 68 55
9 69 93
9 70 127
9 71 180
9 72 13
9 73 168
9 74 86
9 75 185
9 76 7
9 77 164
9 78 106
9 79 175
9 80 150
9 81 125
9 82 54
9 83 21
9 84 50
9 85 85
9 86 193
9 87 58
9 88 140
9 89 102
9 90 109
9 91 20
9 92 190
9 93 195
9 94 52
9 95 155
9 96 137
9 97 199
9 98 188
9 99 52
10 11 137
10 12 134
10 13 152
10 14 166
10 15 130
10 16 52
10 17 109
10 18 119
10 19 139
10 20 107
10 21 142
10 22 57
10 23 43
10 24 125
10 25 134
10 26 5
10 27 196
10 28 152
10 29 186
10 30 28
10 31 55
10 32 77
10 33 96
10 34 23
10 35 108
10 36 113
10 37 116
10 38 130
10 39 158
10 40 153
10 41 65
10 42 182
10 43 21
10 44 102
10 45 105
10 46 93
10 47 139
10 48 112
10 49 197
10 50 156
10 51 111
10 52 17
10 53 144
10 54 141
10 55 5
10 56 12
10 57 55
10 58 115
10 59 153
10 60 82
10 61 155
10 62 120
10 63 130
10 64 15
10 65 163
10 66 14
10 67 13
10 68 161
10 69 137
10 70 98
10 71 143
10 72 162
10 73 11
10 74 132
10 75 136
10 76 40
10 77 12
10 78 63
10 79 103
10 80 66
10 81 144
10 82 77
10 83 13
10 84 48
10 85 118
10 86 187
10 87 151
10 88 160
10 89 68
10 90 46
10 91 73
10 92 198
10 93 59
10 94 86
10 95 174
10 96 108
10 97 100
10 98 60
10 99 71
11 12 68
11 13 95
11 14 102
11 15 197
11 16 78
11 17 198
11 18 41
11 19 133
11 20 3
11 21 102
11 22 0
11 23 140
11 24 110
11 25 143
11 26 48
11 27 141
11 28 148
11 29 56
11 30 46
11 31 192
11 32 187
11 33 91
11 34 150
11 35 186
11 36 118
11 37 86
11 38 119
11 39 140
11 40 146
11 41 60
11 42 30
11 43 190
11 44 198
11 45 145
11 46 26
11 47 185
11 48 83
11 49 96
11 50 34
11 51 8
11 52 125
11 53 111
11 54 70
11 55 80
11 56 86
11 57 137
11 58 121
11 59 178
11 60 94
11 61 137
11 62 77
11 63 157
11 64 100
11 65 126
11 66 112
11 67 116
11 68 121
11 69 88
11 70 200
11 71 151
11 72 107
11 73 23
11 74 59
11 75 36
11 76 125
11 77 26
11 78 92
11 79 9
11 80 23
11 81 166
11 82 57
11 83 96
11 84 69
11 85 140
11 86 163
11 87 100
11 88 197
11 89 63
11 90 29
11 91 64
11 92 170
11 93 78
11 94 79
11 95 55
11 96 71
11 97 166
11 98 125
11 99 163
12 13 48
12 14 30
12 15 86
12 16 105
12 17 22
12 18 69
12 19 22
12 20 143
12 21 89
12 22 23
12 23 6
12 24 121
12 25 105
12 26 165
12 27 133
12 28 194
12 29 178
12 30 1
12 31 80
12 32 166
12 33 156
12 34 71
12 35 177
12 36 104
12 37 198
12 38 8
12 39 116
12 40 44
12 41 158
12 42 42
12 43 10
12 44 31
12 45 73
12 46 149
12 47 102
12 48 97
12 49 66
12 50 72
12 51 104
12 52 151
12 53 46
12 54 184
12 55 57
12 56 95
12 57 133
12 58 54
12 59 42
12 60 7
12 61 98
12 62 171
12 63 18
12 64 143
12 65 42
12 66 35
12 67 82
12 68 190
12 69 68
12 70 49
12 71 200
12 72 72
12 73 100
12 74 41
12 75 172
12 76 99
12 77 140
12 78 13
12 79 86
12 80 92
12 81 67
12 82 182
12 83 102
12 84 182
12 85 89
12 86 140
12 87 107
12 88 171
12 89 24
12 90 13
12 91 144
12 92 154
12 93 133
12 94 145
12 95 33
12 96 2
12 97 49
12 98 153
12 99 174
13 14 166
13 15 73
13 16 104
13 17 59
13 18 40
13 19 132
13 20 149
13 21 37
13 22 151
13 23 16
13 24 161
13 25 152
13 26 119
13 27 113
13 28 185
13 29 187
13 30 107
13 31 35
13 32 8
13 33 29
13 34 133
13 35 33
13 36 55
13 37 7
13 38 70
13 39 92
13 40 26
13 41 66
13 42 3
13 43 186
13 44 100
13 45 60
13 46 105
13 47 118
13 48 68
13 49 18
13 50 25
13 51 109
13 52 155
13 53 88
13 54 52
13 55 134
13 56 65
13 57 173
13 58 145
13 59 49
13 60 188
13 61 178
13 62 68
13 63 79
13 64 105
13 65 163
13 66 91
13 67 177
13 68 103
13 69 73
13 70 134
13 71 115
13 72 149
13 73 148
13 74 89
13 75 119
13 76 0
13 77 52
13 78 26
13 79 175
13 80 124
13 81 94
13 82 159
13 83 164
13 84 147
13 85 92
13 86 16
13 87 66
13 88 90
13 89 74
13 90 138
13 91 68
13 92 74
13 93 111
13 94 100
13 95 109
13 96 92
13 97 38
13 98 91
13 99 92
14 15 129
14 16 197
14 17 194
14 18 126
14 19 91
14 20 179
14 21 0
14 22 96
14 23 21
14 24 195
14 25 85
14 26 164
14 27 126
14 28 194
14 29 82
14 30 19
14 31 112
14 32 18
14 33 25
14 34 153
14 35 61
14 36 169
14 37 181
14 38 110
14 39 182
14 40 43
14 41 106
14 42 57
14 43 170
14 44 14
14 45 188
14 46 22
14 47 113
14 48 26
14 49 36
14 50 74
14 51 31
14 52 34
14 53 143
14 54 130
14 55 180
14 56 146
14 57 176
14 58 90
14 59 59
14 60 86
14 61 66
14 62 99
14 63 174
14 64 0
14 65 153
14 66 131
14 67 14
14 68 1
14 69 33
14 70 82
14 71 172
14 72 43
14 73 13
14 74 53
14 75 149
14 76 20
14 77 150
14 78 188
14 79 152
14 80 172
14 81 144
14 82 66
14 83 56
14 84 151
14 85 16
14 86 196
14 87 61
14 88 196
14 89 66
14 90 66
14 91 178
14 92 44
14 93 94
14 94 171
14 95 64
14 96 86
14 97 55
14 98 4
14 99 15
15 16 126
15 17 10
15 18 161
15 19 81
15 20 198
15 21 28
15 22 37
15 23 22
15 24 145
15 25 40
15 26 195
15 27 81
15 28 77
15 29 8
15 30 198
15 31 139
15 32 10
15 33 183
15 34 63
15 35 138
15 36 40
15 37 85
15 38 133
15 39 144
15 40 173
15 41 196
15 42 132
15 43 98
15 44 104
15 45 83
15 46 4
15 47 141
15 48 108
15 49 120
15 50 19
15 51 150
15 52 189
15 53 147
15 54 124
15 55 56
15 56 186
15 57 46
15 58 182
15 59 151
15 60 163
15 61 53
15 62 49
15 63 52
15 64 41
15 65 75
15 66 149
15 67 103
15 68 95
15 69 192
15 70 20
15 71 155
15 72 53
15 73 48
15 74 139
15 75 37
15 76 72
15 77 95
15 78 69
15 79 176
15 80 107
15 81 194
15 82 144
15 83 114
15 84 176
15 85 4
15 86 57
15 87 28
15 88 70
15 89 143
15 90 121
15 91 67
15 92 6
15 93 62
15 94 123
15 95 197
15 96 1
15 97 27
15 98 48
15 99 70
16 17 144
16 18 59
16 19 90
16 20 139
16 21 10
16 22 5
16 23 199
16 24 134
16 25 160
16 26 2
16 27 87
16 28 183
16 29 114
16 30 10
16 31 133
16 32 62
16 33 121
16 34 55
16 35 131
16 36 111
16 37 146
16 38 48
16 39 175
16 40 132
16 41 24
16 42 85
16 43 146
16 44 165
16 45 58
16 46 41
16 47 29
16 48 72
16 49 120
16 50 150
16 51 120
16 52 52
16 53 127
16 54 61
16 55 101
16 56 92
16 57 143
16 58 157
16 59 19
16 60 123
16 61 109
16 62 80
16 63 141
16 64 139
16 65 122
16 66 169
16 67 79
16 68 77
16 69 160
16 70 129
16 71 154
16 72 76
16 73 98
16 74 40
16 75 95
16 76 59
16 77 174
16 78 116
16 79 4
16 80 52
16 81 153
16 82 176
16 83 155
16 84 130
16 85 89
16 86 4
16 87 48
16 88 9
16 89 36
16 90 21
16 91 149
16 92 31
16 93 66
16 94 47
16 95 90
16 96 190
16 97 64
16 98 47
16 99 124
17 18 71
17 19 176
17 20 53
17 21 194
17 22 113
17 23 6
17 24 97
17 25 69
17 26 23
17 27 37
17 28 54
17 29 175
17 30 148
17 31 182
17 32 91
17 33 129
17 34 33
17 35 91
17 36 181
17 37 162
17 38 69
17 39 96
17 40 148
17 41 167
17 42 185
17 43 117
17 44 56
17 45 9
17 46 63
17 47 10
17 48 36
17 49 42
17 50 115
17 51 138
17 52 42
17 53 0
17 54 161
17 55 39
17 56 26
17 57 23
17 58 73
17 59 121
17 60 192
17 61 97
17 62 77
17 63 199
17 64 8
17 65 72
17 66 158
17 67 98
17 68 75
17 69 18
17 70 169
17 71 116
17 72 194
17 73 138
17 74 139
17 75 184
17 76 129
17 77 51
17 78 164
17 79 56
17 80 126
17 81 47
17 82 147
17 83 11
17 84 192
17 85 108
17 86 77
17 87 132
17 88 1
17 89 116
17 90 142
17 91 98
17 92 42
17 93 61
17 94 111
17 95 189
17 96 10
17 97 130
17 98 169
17 99 16
18 19 85
18 20 42
18 21 92
18 22 105
18 23 49
18 24 21
18 25 92
18 26 150
18 27 69
18 28 194
18 29 145
18 30 70
18 31 14
18 32 182
18 33 115
18 34 157
18 35 22
18 36 127
18 37 71
18 38 51
18 39 126
18 40 68
18 41 105
18 42 44
18 43 112
18 44 112
18 45 4
18 46 96
18 47 111
18 48 63
18 49 74
18 50 35
18 51 177
18 52 150
18 53 68
18 54 51
18 55 175
18 56 184
18 57 16
18 58 52
18 59 83
18 60 168
18 61 26
18 62 86
18 63 134
18 64 18
18 65 158
18 66 120
18 67 182
18 68 108
18 69 21
18 70 14
18 71 63
18 72 171
18 73 131
18 74 116
18 75 26
18 76 6
18 77 114
18 78 134
18 79 155
18 80 198
18 81 137
18 82 60
18 83 48
18 84 121
18 85 109
18 86 20
18 87 180
18 88 21
18 89 26
18 90 198
18 91 180
18 92 60
18 93 96
18 94 58
18 95 105
18 96 72
18 97 183
18 98 36
18 99 38
19 20 11
19 21 124
19 22 54
19 23 40
19 24 9
19 25 197
19 26 75
19 27 113
19 28 146
19 29 41
19 30 58
19 31 174
19 32 49
19 33 29
19 34 154
19 35 140
19 36 74
19 37 103
19 38 141
19 39 129
19 40 177
19 41 149
19 42 166
19 43 144
19 44 129
19 45 86
19 46 178
19 47 137
19 48 11
19 49 48
19 50 129
19 51 123
19 52 86
19 53 100
19 54 38
19 55 14
19 56 8
19 57 49
19 58 195
19 59 145
19 60 190
19 61 115
19 62 83
19 63 94
19 64 25
19 65 64
19 66 10
19 67 160
19 68 147
19 69 46
19 70 64
19 71 76
19 72 185
19 73 136
19 74 176
19 75 111
19 76 22
19 77 115
19 78 86
19 79 129
19 80 198
19 81 103
19 82 55
19 83 172
19 84 12
19 85 186
19 86 135
19 87 1
19 88 162
19 89 129
19 90 0
19 91 66
19 92 195
19 93 146
19 94 10
19 95 147
19 96 92
19 97 109
19 98 61
19 99 98
20 21 176
20 22 43
20 23 120
20 24 111
20 25 161
20 26 134
20 27 47
20 28 195
20 29 23
20 30 101
20 31 130
20 32 166
20 33 123
20 34 84
20 35 142
20 36 24
20 37 19
20 38 55
20 39 21
20 40 114
20 41 162
20 42 125
20 43 172
20 44 182
20 45 3
20 46 63
20 47 160
20 48 55
20 49 95
20 50 190
20 51 193
20 52 64
20 53 134
20 54 182
20 55 120
20 56 189
20 57 9
20 58 173
20 59 130
20 60 200
20 61 2
20 62 66
20 63 42
20 64 134
20 65 70
20 66 81
20 67 149
20 68 166
20 69 153
20 70 37
20 71 139
20 72 14
20 73 183
20 74 30
20 75 88
20 76 124
20 77 18
20 78 196
20 79 51
20 80 131
20 81 32
20 82 49
20 83 34
20 84 30
20 85 79
20 86 126
20 87 136
20 88 167
20 89 130
20 90 2
20 91 107
20 92 146
20 93 162
20 94 25
20 95 8
20 96 12
20 97 88
20 98 159
20 99 175
21 22 195
21 23 96
21 24 20
21 25 123
21 26 54
21 27 67
21 28 123
21 29 153
21 30 104
21 31 142
21 32 45
21 33 168
21 34 59
21 35 59
21 36 43
21 37 153
21 38 87
21 39 136
21 40 138
21 41 39
21 42 76
21 43 191
21 44 82
21 45 44
21 46 101
21 47 100
21 48 68
21 49 152
21 50 64
21 51 32
21 52 38
21 53 60
21 54 194
21 55 178
21 56 64
21 57 171
21 58 4
21 59 148
21 60 102
21 61 108
21 62 27
21 63 32
21 64 132
21 65 100
21 66 175
21 67 173
21 68 137
21 69 26
21 70 136
21 71 193
21 72 173
21 73 138
21 74 120
21 75 88
21 76 4
21 77 9
21 78 34
21 79 4
21 80 32
21 81 99
21 82 147
21 83 90
21 84 54
21 85 42
21 86 185
21 87 88
21 88 69
21 89 161
21 90 140
21 91 134
21 92 185
21 93 45
21 94 154
21 95 196
21 96 73
21 97 199
21 98 14
21 99 150
22 23 97
22 24 78
22 25 188
22 26 176
22 27 144
22 28 24
22 29 143
22 30 30
22 31 134
22 32 151
22 33 99
22 34 142
22 35 142
22 36 11
22 37 120
22 38 102
22 39 73
22 40 32
22 41 60
22 42 3
22 43 118
22 44 121
22 45 4
22 46 106
22 47 64
22 48 110
22 49 199
22 50 106
22 51 190
22 52 184
22 53 6
22 54 82
22 55 124
22 56 37
22 57 94
22 58 11
22 59 18
22 60 94
22 61 151
22 62 173
22 63 193
22 64 154
22 65 36
22 66 153
22 67 121
22 68 88
22 69 74
22 70 159
22 71 12
22 72 58
22 73 128
22 74 145
22 75 100
22 76 48
22 77 176
22 78 90
22 79 111
22 80 163
22 81 183
22 82 123
22 83 103
22 84 68
22 85 129
22 86 136
22 87 31
22 88 170
22 89 99
22 90 129
22 91 199
22 92 42
22 93 152
22 94 16
22 95 195
22 96 63
22 97 151
22 98 14
22 99 92
23 24 152
23 25 26
23 26 6
23 27 167
23 28 170
23 29 127
23 30 147
23 31 93
23 32 9
23 33 104
23 34 176
23 35 120
23 36 45
23 37 7
23 38 110
23 39 12
23 40 83
23 41 32
23 42 63
23 43 74
23 44 152
23 45 8
23 46 177
23 47 43
23 48 11
23 49 137
23 50 42
23 51 50
23 52 70
23 53 163
23 54 39
23 55 45
23 56 68
23 57 88
23 58 128
23 59 93
23 60 166
23 61 141
23 62 11
23 63 28
23 64 87
23 65 4
23 66 3
23 67 105
23 68 76
23 69 52
23 70 33
23 71 163
23 72 31
23 73 31
23 74 153
23 75 143
23 76 19
23 77 38
23 78 170
23 79 125
23 80 68
23 81 102
23 82 16
23 83 108
23 84 108
23 85 144
23 86 22
23 87 169
23 88 111
23 89 58
23 90 84
23 91 119
23 92 87
23 93 101
23 94 62
23 95 22
23 96 196
23 97 115
23 98 199
23 99 152
24 25 48
24 26 1
24 27 136
24 28 196
24 29 157
24 30 5
24 31 102
24 32 37
24 33 175
24 34 169
24 35 123
24 36 197
24 37 51
24 38 164
24 39 62
24 40 94
24 41 7
24 42 183
24 43 9
24 44 194
24 45 191
24 46 9
24 47 161
24 48 197
24 49 106
24 50 148
24 51 64
24 52 45
24 53 137
24 54 34
24 55 108
24 56 35
24 57 157
24 58 39
24 59 140
24 60 139
24 61 135
24 62 79
24 63 104
24 64 142
24 65 18
24 66 14
24 67 184
24 68 189
24 69 88
24 70 110
24 71 66
24 72 118
24 73 11
24 74 34
24 75 28
24 76 91
24 77 168
24 78 176
24 79 113
24 80 116
24 81 113
24 82 127
24 83 93
24 84 39
24 85 27
24 86 85
24 87 51
24 88 164
24 89 64
24 90 67
24 91 65
24 92 134
24 93 172
24 94 117
24 95 36
24 96 167
24 97 195
24 98 141
24 99 182
25 26 78
25 27 102
25 28 28
25 29 135
25 30 145
25 31 23
25 32 25
25 33 191
25 34 64
25 35 107
25 36 162
25 37 200
25 38 191
25 39 4
25 40 67
25 41 41
25 42 165
25 43 118
25 44 124
25 45 119
25 46 27
25 47 170
25 48 36
25 49 33
25 50 59
25 51 156
25 52 159
25 53 27
25 54 60
25 55 30
25 56 46
25 57 38
25 58 148
25 59 45
25 60 101
25 61 72
25 62 102
25 63 29
25 64 146
25 65 12
25 66 157
25 67 138
25 68 80
25 69 158
25 70 3
25 71 79
25 72 118
25 73 48
25 74 108
25 75 34
25 76 85
25 77 113
25 78 133
25 79 35
25 80 98
25 81 52
25 82 196
25 83 70
25 84 64
25 85 142
25 86 39
25 87 95
25 88 58
25 89 127
25 90 139
25 91 51
25 92 179
25 93 131
25 94 31
25 95 173
25 96 80
25 97 169
25 98 134
25 99 183
26 27 127
26 28 47
26 29 110
26 30 79
26 31 77
26 32 33
26 33 175
26 34 64
26 35 148
26 36 132
26 37 78
26 38 131
26 39 109
26 40 65
26 41 146
26 42 127
26 43 35
26 44 9
26 45 144
26 46 96
26 47 112
26 48 38
26 49 151
26 50 114
26 51 164
26 52 175
26 53 32
26 54 14
26 55 57
26 56 10
26 57 35
26 58 162
26 59 17
26 60 171
26 61 152
26 62 98
26 63 137
26 64 157
26 65 91
26 66 199
26 67 149
26 68 101
26 69 159
26 70 135
26 71 105
26 72 2
26 73 186
26 74 143
26 75 45
26 76 37
26 77 125
26 78 47
26 79 2
26 80 146
26 81 200
26 82 125
26 83 126
26 84 104
26 85 197
26 86 157
26 87 118
26 88 7
26 89 145
26 90 10
26 91 157
26 92 128
26 93 100
26 94 185
26 95 40
26 96 103
26 97 199
26 98 45
26 99 18
27 28 127
27 29 195
27 30 16
27 31 83
27 32 24
27 33 95
27 34 177
27 35 157
27 36 36
27 37 139
27 38 193
27 39 47
27 40 143
27 41 70
27 42 26
27 43 12
27 44 43
27 45 94
27 46 161
27 47 100
27 48 8
27 49 91
27 50 80
27 51 39
27 52 144
27 53 111
27 54 64
27 55 183
27 56 52
27 57 53
27 58 16
27 59 58
27 60 21
27 61 33
27 62 200
27 63 50
27 64 113
27 65 139
27 66 20
27 67 26
27 68 148
27 69 138
27 70 8
27 71 75
27 72 55
27 73 45
27 74 49
27 75 137
27 76 84
27 77 166
27 78 156
27 79 132
27 80 75
27 81 197
27 82 131
27 83 5
27 84 112
27 85 135
27 86 178
27 87 109
27 88 177
27 89 76
27 90 170
27 91 72
27 92 107
27 93 89
27 94 99
27 95 82
27 96 6
27 97 147
27 98 83
27 99 118
28 29 143
28 30 166
28 31 145
28 32 169
28 33 187
28 34 14
28 35 144
28 36 43
28 37 85
28 38 169
28 39 74
28 40 11
28 41 121
28 42 28
28 43 74
28 44 119
28 45 55
28 46 171
28 47 71
28 48 198
28 49 180
28 50 32
28 51 117
28 52 79
28 53 41
28 54 68
28 55 6
28 56 7
28 57 76
28 58 15
28 59 110
28 60 52
28 61 74
28 62 66
28 63 179
28 64 124
28 65 3
28 66 18
28 67 133
28 68 51
28 69 188
28 70 142
28 71 32
28 72 152
28 73 117
28 74 83
28 75 114
28 76 56
28 77 141
28 78 84
28 79 117
28 80 148
28 81 23
28 82 4
28 83 133
28 84 93
28 85 135
28 86 180
28 87 199
28 88 24
28 89 29
28 90 125
28 91 167
28 92 197
28 93 155
28 94 99
28 95 193
28 96 133
28 97 49
28 98 104
28 99 49
29 30 45
29 31 101
29 32 60
29 33 0
29 34 110
29 35 29
29 36 94
29 37 167
29 38 162
29 39 17
29 40 73
29 41 38
29 42 186
29 43 30
29 44 107
29 45 50
29 46 27
29 47 131
29 48 108
29 49 75
29 50 97
29 51 63
29 52 124
29 53 135
29 54 66
29 55 9
29 56 182
29 57 116
29 58 193
29 59 93
29 60 118
29 61 84
29 62 178
29 63 115
29 64 168
29 65 96
29 66 92
29 67 72
29 68 42
29 69 177
29 70 51
29 71 58
29 72 133
29 73 43
29 74 165
29 75 44
29 76 113
29 77 156
29 78 166
29 79 89
29 80 81
29 81 129
29 82 191
29 83 9
29 84 7
29 85 40
29 86 109
29 87 26
29 88 6
29 89 64
29 90 73
29 91 107
29 92 198
29 93 99
29 94 69
29 95 61
29 96 160
29 97 178
29 98 155
29 99 120
30 31 11
30 32 3
30 33 39
30 34 119
30 35 65
30 36 175
30 37 146
30 38 59
30 39 44
30 40 53
30 41 72
30 42 143
30 43 75
30 44 142
30 45 87
30 46 142
30 47 68
30 48 198
30 49 192
30 50 123
30 51 190
30 52 54
30 53 95
30 54 145
30 55 3
30 56 167
30 57 182
30 58 79
30 59 25
30 60 8
30 61 158
30 62 169
30 63 61
30 64 59
30 65 39
30 66 137
30 67 186
30 68 188
30 69 200
30 70 189
30 71 6
30 72 176
30 73 69
30 74 155
30 75 127
30 76 138
30 77 130
30 78 151
30 79 25
30 80 96
30 81 168
30 82 112
30 83 179
30 84 160
30 85 134
30 86 11
30 87 174
30 88 172
30 89 144
30 90 19
30 91 28
30 92 23
30 93 110
30 94 97
30 95 143
30 96 36
30 97 41
30 98 118
30 99 24
31 32 97
31 33 40
31 34 81
31 35 26
31 36 33
31 37 63
31 38 150
31 39 69
31 40 191
31 41 123
31 42 51
31 43 123
31 44 182
31 45 26
31 46 118
31 47 168
31 48 143
31 49 14
31 50 93
31 51 123
31 52 57
31 53 80
31 54 125
31 55 171
31 56 157
31 57 145
31 58 42
31 59 177
31 60 129
31 61 170
31 62 142
31 63 41
31 64 143
31 65 62
31 66 29
31 67 55
31 68 132
31 69 36
31 70 151
31 71 41
31 72 68
31 73 126
31 74 76
31 75 1
31 76 152
31 77 44
31 78 4
31 79 103
31 80 93
31 81 129
31 82 74
31 83 6
31 84 76
31 85 180
31 86 183
31 87 100
31 88 177
31 89 123
31 90 183
31 91 79
31 92 86
31 93 71
31 94 138
31 95 135
31 96 27
31 97 129
31 98 66
31 99 158
32 33 60
32 34 136
32 35 4
32 36 177
32 37 72
32 38 106
32 39 5
32 40 118
32 41 101
32 42 115
32 43 9
32 44 21
32 45 169
32 46 151
32 47 18
32 48 193
32 49 105
32 50 154
32 51 10
32 52 68
32 53 97
32 54 116
32 55 38
32 56 185
32 57 40
32 58 145
32 59 74
32 60 123
32 61 77
32 62 189
32 63 162
32 64 148
32 65 162
32 66 123
32 67 11
32 68 131
32 69 57
32 70 174
32 71 147
32 72 111
32 73 116
32 74 163
32 75 191
32 76 150
32 77 64
32 78 33
32 79 57
32 80 118
32 81 26
32 82 180
32 83 104
32 84 69
32 85 160
32 86 31
32 87 138
32 88 192
32 89 184
32 90 69
32 91 52
32 92 112
32 93 11
32 94 197
32 95 51
32 96 41
32 97 181
32 98 27
32 99 110
33 34 88
33 35 185
33 36 197
33 37 68
33 38 35
33 39 24
33 40 185
33 41 145
33 42 124
33 43 169
33 44 171
33 45 168
33 46 30
33 47 30
33 48 139
33 49 17
33 50 61
33 51 72
33 52 67
33 53 25
33 54 14
33 55 116
33 56 150
33 57 119
33 58 29
33 59 43
33 60 91
33 61 132
33 62 178
33 63 118
33 64 174
33 65 12
33 66 60
33 67 171
33 68 160
33 69 79
33 70 101
33 71 144
33 72 73
33 73 154
33 74 93
33 75 177
33 76 127
33 77 109
33 78 91
33 79 166
33 80 200
33 81 38
33 82 37
33 83 8
33 84 0
33 85 159
33 86 59
33 87 144
33 88 144
33 89 52
33 90 88
33 91 144
33 92 20
33 93 26
33 94 13
33 95 169
33 96 85
33 97 7
33 98 189
33 99 122
34 35 103
34 36 19
34 37 91
34 38 58
34 39 24
34 40 55
34 41 118
34 42 186
34 43 109
34 44 65
34 45 100
34 46 38
34 47 43
34 48 11
34 49 51
34 50 130
34 51 95
34 52 135
34 53 51
34 54 31
34 55 32
34 56 38
34 57 134
34 58 26
34 59 150
34 60 65
34 61 75
34 62 100
34 63 75
34 64 11
34 65 197
34 66 34
34 67 89
34 68 190
34 69 91
34 70 20
34 71 109
34 72 105
34 73 196
34 74 66
34 75 183
34 76 66
34 77 155
34 78 106
34 79 67
34 80 113
34 81 98
34 82 141
34 83 134
34 84 106
34 85 17
34 86 14
34 87 67
34 88 105
34 89 117
34 90 173
34 91 199
34 92 160
34 93 122
34 94 117
34 95 128
34 96 142
34 97 11
34 98 105
34 99 142
35 36 78
35 37 181
35 38 70
35 39 33
35 40 71
35 41 2
35 42 86
35 43 50
35 44 139
35 45 156
35 46 25
35 47 88
35 48 54
35 49 4
35 50 141
35 51 135
35 52 95
35 53 40
35 54 109
35 55 184
35 56 35
35 57 61
35 58 53
35 59 46
35 60 104
35 61 40
35 62 157
35 63 178
35 64 150
35 65 119
35 66 186
35 67 10
35 68 16
35 69 165
35 70 113
35 71 172
35 72 56
35 73 181
35 74 173
35 75 116
35 76 112
35 77 187
35 78 122
35 79 135
35 80 188
35 81 37
35 82 44
35 83 18
35 84 129
35 85 167
35 86 6
35 87 50
35 88 110
35 89 139
35 90 137
35 91 52
35 92 40
35 93 101
35 94 144
35 95 110
35 96 29
35 97 123
35 98 69
35 99 98
36 37 140
36 38 194
36 39 21
36 40 46
36 41 177
36 42 184
36 43 159
36 44 107
36 45 63
36 46 177
36 47 154
36 48 121
36 49 108
36 50 184
36 51 127
36 52 104
36 53 199
36 54 178
36 55 8
36 56 16
36 57 164
36 58 68
36 59 123
36 60 24
36 61 109
36 62 96
36 63 145
36 64 125
36 65 170
36 66 57
36 67 17
36 68 154
36 69 54
36 70 46
36 71 157
36 72 0
36 73 77
36 74 73
36 75 76
36 76 137
36 77 55
36 78 103
36 79 143
36 80 180
36 81 150
36 82 28
36 83 24
36 84 87
36 85 27
36 86 186
36 87 138
36 88 71
36 89 60
36 90 69
36 91 102
36 92 60
36 93 30
36 94 116
36 95 167
36 96 192
36 97 174
36 98 107
36 99 48
37 38 67
37 39 177
37 40 115
37 41 0
37 42 167
37 43 149
37 44 157
37 45 145
37 46 157
37 47 88
37 48 180
37 49 132
37 50 111
37 51 188
37 52 104
37 53 2
37 54 145
37 55 49
37 56 103
37 57 168
37 58 6
37 59 122
37 60 190
37 61 115
37 62 87
37 63 45
37 64 200
37 65 22
37 66 154
37 67 7
37 68 16
37 69 176
37 70 69
37 71 8
37 72 0
37 73 167
37 74 67
37 75 152
37 76 78
37 77 181
37 78 11
37 79 60
37 80 185
37 81 109
37 82 100
37 83 167
37 84 124
37 85 133
37 86 113
37 87 109
37 88 103
37 89 158
37 90 111
37 91 10
37 92 110
37 93 31
37 94 189
37 95 58
37 96 169
37 97 110
37 98 187
37 99 191
38 39 89
38 40 6
38 41 4
38 42 96
38 43 119
38 44 2
38 45 123
38 46 99
38 47 193
38 48 0
38 49 106
38 50 27
38 51 111
38 52 1
38 53 128
38 54 182
38 55 50
38 56 103
38 57 152
38 58 91
38 59 34
38 60 94
38 61 21
38 62 156
38 63 96
38 64 6
38 65 131
38 66 42
38 67 91
38 68 68
38 69 12
38 70 90
38 71 68
38 72 132
38 73 76
38 74 50
38 75 128
38 76 93
38 77 78
38 78 38
38 79 68
38 80 35
38 81 6
38 82 170
38 83 188
38 84 178
38 85 104
38 86 151
38 87 30
38 88 64
38 89 121
38 90 9
38 91 83
38 92 5
38 93 174
38 94 108
38 95 76
38 96 40
38 97 134
38 98 14
38 99 102
39 40 124
39 41 1
39 42 160
39 43 175
39 44 130
39 45 74
39 46 130
39 47 117
39 48 181
39 49 84
39 50 193
39 51 159
39 52 73
39 53 30
39 54 17
39 55 37
39 56 57
39 57 42
39 58 65
39 59 10
39 60 98
39 61 92
39 62 139
39 63 106
39 64 28
39 65 4
39 66 194
39 67 79
39 68 84
39 69 155
39 70 168
39 71 99
39 72 186
39 73 68
39 74 36
39 75 137
39 76 116
39 77 63
39 78 110
39 79 72
39 80 136
39 81 58
39 82 102
39 83 187
39 84 100
39 85 163
39 86 128
39 87 66
39 88 199
39 89 73
39 90 196
39 91 99
39 92 183
39 93 62
39 94 188
39 95 31
39 96 13
39 97 171
39 98 150
39 99 21
40 41 167
40 42 0
40 43 111
40 44 190
40 45 48
40 46 43
40 47 38
40 48 38
40 49 25
40 50 34
40 51 70
40 52 155
40 53 194
40 54 11
40 55 28
40 56 80
40 57 100
40 58 17
40 59 133
40 60 119
40 61 89
40 62 161
40 63 144
40 64 122
40 65 90
40 66 118
40 67 200
40 68 98
40 69 133
40 70 104
40 71 169
40 72 148
40 73 85
40 74 138
40 75 42
40 76 68
40 77 166
40 78 58
40 79 36
40 80 86
40 81 188
40 82 148
40 83 116
40 84 17
40 85 195
40 86 133
40 87 150
40 88 166
40 89 0
40 90 40
40 91 144
40 92 118
40 93 190
40 94 103
40 95 194
40 96 38
40 97 159
40 98 6
40 99 190
41 42 5
41 43 84
41 44 124
41 45 151
41 46 165
41 47 53
41 48 4
41 49 141
41 50 85
41 51 7
41 52 25
41 53 95
41 54 194
41 55 85
41 56 130
41 57 119
41 58 75
41 59 38
41 60 80
41 61 11
41 62 199
41 63 12
41 64 135
41 65 118
41 66 119
41 67 182
41 68 182
41 69 133
41 70 44
41 71 98
41 72 136
41 73 41
41 74 171
41 75 148
41 76 35
41 77 81
41 78 171
41 79 28
41 80 129
41 81 66
41 82 13
41 83 194
41 84 132
41 85 55
41 86 81
41 87 0
41 88 175
41 89 26
41 90 47
41 91 158
41 92 39
41 93 23
41 94 29
41 95 44
41 96 17
41 97 49
41 98 183
41 99 2
42 43 193
42 44 47
42 45 194
42 46 75
42 47 134
42 48 169
42 49 75
42 50 67
42 51 118
42 52 96
42 53 24
42 54 69
42 55 24
42 56 165
42 57 70
42 58 47
42 59 49
42 60 195
42 61 28
42 62 49
42 63 177
42 64 111
42 65 135
42 66 95
42 67 88
42 68 87
42 69 45
42 70 52
42 71 2
42 72 103
42 73 144
42 74 173
42 75 5
42 76 164
42 77 104
42 78 148
42 79 117
42 80 51
42 81 126
42 82 44
42 83 108
42 84 129
42 85 10
42 86 165
42 87 61
42 88 199
42 89 41
42 90 139
42 91 65
42 92 172
42 93 17
42 94 69
42 95 109
42 96 11
42 97 158
42 98 107
42 99 8
43 44 87
43 45 144
43 46 190
43 47 181
43 48 159
43 49 63
43 50 150
43 51 20
43 52 0
43 53 3
43 54 66
43 55 153
43 56 107
43 57 54
43 58 61
43 59 37
43 60 176
43 61 99
43 62 47
43 63 30
43 64 167
43 65 148
43 66 131
43 67 139
43 68 184
43 69 90
43 70 158
43 71 172
43 72 148
43 73 96
43 74 160
43 75 8
43 76 135
43 77 90
43 78 72
43 79 125
43 80 179
43 81 128
43 82 52
43 83 116
43 84 191
43 85 152
43 86 117
43 87 194
43 88 155
43 89 5
43 90 62
43 91 125
43 92 112
43 93 12
43 94 150
43 95 52
43 96 107
43 97 43
43 98 9
43 99 51
44 45 184
44 46 69
44 47 9
44 48 18
44 49 58
44 50 179
44 51 133
44 52 169
44 53 72
44 54 162
44 55 157
44 56 20
44 57 142
44 58 0
44 59 154
44 60 97
44 61 75
44 62 46
44 63 145
44 64 71
44 65 29
44 66 48
44 67 37
44 68 159
44 69 65
44 70 189
44 71 35
44 72 197
44 73 161
44 74 12
44 75 178
44 76 128
44 77 193
44 78 27
44 79 186
44 80 133
44 81 117
44 82 73
44 83 193
44 84 35
44 85 27
44 86 55
44 87 47
44 88 116
44 89 60
44 90 16
44 91 136
44 92 164
44 93 64
44 94 69
44 95 58
44 96 78
44 97 69
44 98 52
44 99 26
45 46 69
45 47 88
45 48 48
45 49 41
45 50 148
45 51 22
45 52 192
45 53 171
45 54 195
45 55 51
45 56 180
45 57 187
45 58 53
45 59 125
45 60 184
45 61 47
45 62 179
45 63 73
45 64 149
45 65 190
45 66 48
45 67 42
45 68 183
45 69 180
45 70 77
45 71 187
45 72 45
45 73 36
45 74 53
45 75 102
45 76 143
45 77 164
45 78 145
45 79 14
45 80 71
45 81 36
45 82 5
45 83 168
45 84 186
45 85 169
45 86 53
45 87 3
45 88 3
45 89 31
45 90 130
45 91 71
45 92 181
45 93 29
45 94 77
45 95 88
45 96 87
45 97 174
45 98 88
45 99 160
46 47 124
46 48 111
46 49 107
46 50 170
46 51 62
46 52 132
46 53 102
46 54 131
46 55 15
46 56 200
46 57 174
46 58 148
46 59 134
46 60 177
46 61 46
46 62 52
46 63 14
46 64 153
46 65 184
46 66 9
46 67 187
46 68 134
46 69 160
46 70 71
46 71 99
46 72 77
46 73 134
46 74 104
46 75 133
46 76 171
46 77 14
46 78 198
46 79 183
46 80 43
46 81 115
46 82 46
46 83 37
46 84 177
46 85 184
46 86 185
46 87 177
46 88 43
46 89 145
46 90 182
46 91 44
46 92 2
46 93 120
46 94 57
46 95 159
46 96 69
46 97 95
46 98 135
46 99 155
47 48 46
47 49 193
47 50 40
47 51 184
47 52 26
47 53 187
47 54 136
47 55 165
47 56 152
47 57 21
47 58 80
47 59 99
47 60 111
47 61 102
47 62 200
47 63 29
47 64 114
47 65 9
47 66 61
47 67 121
47 68 23
47 69 116
47 70 198
47 71 74
47 72 13
47 73 175
47 74 40
47 75 79
47 76 131
47 77 192
47 78 135
47 79 115
47 80 63
47 81 153
47 82 148
47 83 89
47 84 102
47 85 185
47 86 24
47 87 104
47 88 98
47 89 134
47 90 34
47 91 148
47 92 90
47 93 94
47 94 157
47 95 1
47 96 182
47 97 25
47 98 114
47 99 162
48 49 130
48 50 184
48 51 72
48 52 68
48 53 137
48 54 161
48 55 92
48 56 142
48 57 199
48 58 3
48 59 133
48 60 107
48 61 187
48 62 193
48 63 104
48 64 180
48 65 117
48 66 161
48 67 138
48 68 138
48 69 72
48 70 180
48 71 53
48 72 38
48 73 25
48 74 51
48 75 129
48 76 21
48 77 24
48 78 82
48 79 138
48 80 122
48 81 129
48 82 120
48 83 7
48 84 190
48 85 9
48 86 103
48 87 142
48 88 113
48 89 172
48 90 200
48 91 36
48 92 169
48 93 140
48 94 45
48 95 102
48 96 107
48 97 92
48 98 185
48 99 47
49 50 152
49 51 72
49 52 23
49 53 24
49 54 107
49 55 28
49 56 113
49 57 20
49 58 28
49 59 178
49 60 101
49 61 44
49 62 29
49 63 148
49 64 31
49 65 84
49 66 197
49 67 10
49 68 61
49 69 82
49 70 142
49 71 70
49 72 22
49 73 39
49 74 43
49 75 99
49 76 46
49 77 104
49 78 95
49 79 93
49 80 112
49 81 126
49 82 65
49 83 163
49 84 52
49 85 193
49 86 24
49 87 132
49 88 53
49 89 142
49 90 25
49 91 44
49 92 193
49 93 12
49 94 43
49 95 85
49 96 174
49 97 99
49 98 150
49 99 155
50 51 19
50 52 175
50 53 43
50 54 198
50 55 9
50 56 28
50 57 181
50 58 40
50 59 164
50 60 182
50 61 107
50 62 147
50 63 47
50 64 18
50 65 83
50 66 194
50 67 45
50 68 94
50 69 4
50 70 118
50 71 105
50 72 20
50 73 164
50 74 183
50 75 183
50 76 93
50 77 191
50 78 157
50 79 52
50 80 142
50 81 165
50 82 40
50 83 196
50 84 182
50 85 170
50 86 88
50 87 88
50 88 94
50 89 177
50 90 156
50 91 136
50 92 151
50 93 107
50 94 64
50 95 35
50 96 144
50 97 56
50 98 7
50 99 144
51 52 195
51 53 80
51 54 89
51 55 173
51 56 98
51 57 169
51 58 96
51 59 162
51 60 9
51 61 91
51 62 186
51 63 134
51 64 167
51 65 172
51 66 14
51 67 50
51 68 28
51 69 181
51 70 12
51 71 22
51 72 107
51 73 106
51 74 100
51 75 88
51 76 68
51 77 60
51 78 6
51 79 104
51 80 125
51 81 93
51 82 66
51 83 175
51 84 80
51 85 6
51 86 30
51 87 141
51 88 78
51 89 138
51 90 82
51 91 140
51 92 36
51 93 101
51 94 143
51 95 125
51 96 160
51 97 135
51 98 147
51 99 8
52 53 60
52 54 196
52 55 99
52 56 149
52 57 89
52 58 162
52 59 125
52 60 130
52 61 68
52 62 137
52 63 148
52 64 50
52 65 177
52 66 86
52 67 40
52 68 76
52 69 67
52 70 150
52 71 64
52 72 35
52 73 91
52 74 141
52 75 135
52 76 189
52 77 28
52 78 45
52 79 31
52 80 94
52 81 20
52 82 51
52 83 148
52 84 177
52 85 194
52 86 122
52 87 152
52 88 56
52 89 68
52 90 119
52 91 89
52 92 177
52 93 39
52 94 152
52 95 10
52 96 3
52 97 112
52 98 31
52 99 24
53 54 194
53 55 27
53 56 105
53 57 147
53 58 102
53 59 19
53 60 176
53 61 197
53 62 192
53 63 133
53 64 138
53 65 156
53 66 195
53 67 176
53 68 94
53 69 2
53 70 52
53 71 10
53 72 65
53 73 200
53 74 118
53 75 70
53 76 69
53 77 54
53 78 110
53 79 30
53 80 142
53 81 118
53 82 45
53 83 91
53 84 7
53 85 103
53 86 137
53 87 121
53 88 29
53 89 199
53 90 108
53 91 128
53 92 89
53 93 32
53 94 181
53 95 170
53 96 30
53 97 198
53 98 137
53 99 73
54 55 197
54 56 153
54 57 189
54 58 6
54 59 194
54 60 44
54 61 31
54 62 98
54 63 194
54 64 90
54 65 147
54 66 164
54 67 21
54 68 187
54 69 81
54 70 0
54 71 122
54 72 110
54 73 105
54 74 60
54 75 189
54 76 163
54 77 163
54 78 38
54 79 195
54 80 29
54 81 107
54 82 87
54 83 8
54 84 77
54 85 143
54 86 103
54 87 57
54 88 2
54 89 56
54 90 79
54 91 39
54 92 50
54 93 120
54 94 5
54 95 75
54 96 57
54 97 66
54 98 164
54 99 181
55 56 147
55 57 57
55 58 177
55 59 154
55 60 32
55 61 71
55 62 94
55 63 11
55 64 14
55 65 56
55 66 21
55 67 185
55 68 112
55 69 30
55 70 89
55 71 90
55 72 71
55 73 12
55 74 36
55 75 139
55 76 13
55 77 171
55 78 17
55 79 56
55 80 140
55 81 151
55 82 158
55 83 29
55 84 163
55 85 64
55 86 153
55 87 196
55 88 119
55 89 110
55 90 29
55 91 105
55 92 17
55 93 121
55 94 28
55 95 161
55 96 75
55 97 158
55 98 60
55 99 74
56 57 78
56 58 95
56 59 59
56 60 192
56 61 18
56 62 102
56 63 55
56 64 144
56 65 180
56 66 53
56 67 179
56 68 114
56 69 9
56 70 39
56 71 192
56 72 2
56 73 191
56 74 139
56 75 111
56 76 71
56 77 18
56 78 195
56 79 39
56 80 193
56 81 55
56 82 177
56 83 173
56 84 158
56 85 9
56 86 5
56 87 124
56 88 55
56 89 50
56 90 43
56 91 133
56 92 117
56 93 170
56 94 84
56 95 129
56 96 197
56 97 175
56 98 65
56 99 174
57 58 190
57 59 35
57 60 1
57 61 47
57 62 147
57 63 99
57 64 57
57 65 172
57 66 129
57 67 141
57 68 152
57 69 70
57 70 190
57 71 65
57 72 123
57 73 129
57 74 14
57 75 42
57 76 82
57 77 17
57 78 68
57 79 31
57 80 64
57 81 37
57 82 189
57 83 33
57 84 196
57 85 81
57 86 0
57 87 8
57 88 54
57 89 185
57 90 22
57 91 198
57 92 118
57 93 49
57 94 26
57 95 118
57 96 196
57 97 199
57 98 19
57 99 195
58 59 169
58 60 181
58 61 105
58 62 136
58 63 164
58 64 103
58 65 16
58 66 19
58 67 137
58 68 88
58 69 197
58 70 48
58 71 61
58 72 42
58 73 141
58 74 55
58 75 13
58 76 181
58 77 128
58 78 193
58 79 200
58 80 89
58 81 108
58 82 29
58 83 39
58 84 28
58 85 36
58 86 15
58 87 4
58 88 159
58 89 172
58 90 25
58 91 0
58 92 53
58 93 169
58 94 170
58 95 66
58 96 92
58 97 129
58 98 55
58 99 165
59 60 0
59 61 145
59 62 100
59 63 65
59 64 94
59 65 150
59 66 79
59 67 100
59 68 122
59 69 106
59 70 36
59 71 82
59 72 132
59 73 10
59 74 176
59 75 25
59 76 173
59 77 84
59 78 81
59 79 59
59 80 120
59 81 106
59 82 15
59 83 49
59 84 108
59 85 9
59 86 174
59 87 175
59 88 100
59 89 9
59 90 151
59 91 111
59 92 164
59 93 114
59 94 36
59 95 172
59 96 25
59 97 123
59 98 29
59 99 140
