100 3915
0 1 191
0 2 165
0 3 15
0 4 145
0 5 183
0 6 180
0 7 150
0 8 197
0 9 31
0 10 159
0 11 107
0 12 37
0 13 179
0 14 118
0 15 67
0 16 29
0 17 199
0 18 179
0 19 138
0 20 141
0 21 187
0 22 156
0 23 78
0 24 79
0 25 141
0 26 12
0 27 165
0 28 196
0 29 172
0 30 41
0 31 182
0 32 91
0 33 136
0 34 85
0 35 164
0 36 75
0 37 46
0 38 172
0 39 68
0 40 144
0 41 75
0 42 54
0 43 176
0 44 185
0 45 106
0 46 101
0 47 154
0 48 91
0 49 107
0 50 107
0 51 139
0 52 14
0 53 128
0 54 38
0 55 108
0 56 195
0 57 40
0 58 97
0 59 14
0 60 95
0 61 69
0 62 200
0 63 188
0 64 108
0 65 146
0 66 49
0 67 35
0 68 58
0 69 87
0 70 18
0 71 38
0 72 7
0 73 126
0 74 185
0 75 139
0 76 77
0 77 1
0 78 163
0 79 101
0 80 26
0 81 39
0 82 127
0 83 71
0 84 2
0 85 47
0 86 155
0 87 31
0 88 180
0 89 36
0 90 149
0 91 127
0 92 59
0 93 155
0 94 149
0 95 180
0 96 63
0 97 77
0 98 86
0 99 180
1 2 89
1 3 8
1 4 31
1 5 194
1 6 35
1 7 133
1 8 52
1 9 39
1 10 197
1 11 169
1 12 200
1 13 146
1 14 163
1 15 121
1 16 127
1 17 104
1 18 160
1 19 54
1 20 94
1 21 47
1 22 122
1 23 150
1 24 115
1 25 85
1 26 48
1 27 162
1 28 35
1 29 141
1 30 173
1 31 191
1 32 194
1 33 56
1 34 53
1 35 112
1 36 129
1 37 154
1 38 16
1 39 196
1 40 46
1 41 155
1 42 150
1 43 167
1 44 155
1 45 97
1 46 147
1 47 59
1 48 59
1 49 24
1 50 110
1 51 107
1 52 147
1 53 133
1 54 159
1 55 71
1 56 101
1 57 64
1 58 156
1 59 187
1 60 117
1 61 142
1 62 78
1 63 38
1 64 169
1 65 199
1 66 187
1 67 185
1 68 28
1 69 110
1 70 96
1 71 157
1 72 106
1 73 48
1 74 68
1 75 158
1 76 166
1 77 48
1 78 153
1 79 167
1 80 154
1 81 94
1 82 15
1 83 84
1 84 161
1 85 177
1 86 105
1 87 110
1 88 93
1 89 4
1 90 185
1 91 102
1 92 54
1 93 98
1 94 172
1 95 122
1 96 139
1 97 25
1 98 156
1 99 184
2 3 141
2 4 99
2 5 51
2 6 11
2 7 115
2 8 119
2 9 15
2 10 29
2 11 65
2 12 69
2 13 39
2 14 5
2 15 174
2 16 172
2 17 28
2 18 178
2 19 137
2 20 110
2 21 98
2 22 108
2 23 49
2 24 175
2 25 191
2 26 133
2 27 140
2 28 35
2 29 182
2 30 132
2 31 166
2 32 82
2 33 98
2 34 173
2 35 15
2 36 12
2 37 7
2 38 98
2 39 75
2 40 102
2 41 110
2 42 44
2 43 93
2 44 147
2 45 102
2 46 129
2 47 68
2 48 59
2 49 182
2 50 54
2 51 87
2 52 52
2 53 9
2 54 147
2 55 170
2 56 178
2 57 82
2 58 132
2 59 170
2 60 153
2 61 38
2 62 27
2 63 51
2 64 105
2 65 132
2 66 74
2 67 185
2 68 185
2 69 192
2 70 187
2 71 159
2 72 36
2 73 82
2 74 185
2 75 149
2 76 115
2 77 6
2 78 85
2 79 148
2 80 183
2 81 22
2 82 195
2 83 170
2 84 78
2 85 64
2 86 156
2 87 124
2 88 162
2 89 58
2 90 172
2 91 184
2 92 115
2 93 179
2 94 126
2 95 67
2 96 158
2 97 95
2 98 38
2 99 7
3 4 68
3 5 123
3 6 54
3 7 65
3 8 198
3 9 194
3 10 157
3 11 59
3 12 172
3 13 42
3 14 139
3 15 154
3 16 42
3 17 150
3 18 123
3 19 111
3 20 63
3 21 44
3 22 54
3 23 67
3 24 98
3 25 143
3 26 56
3 27 60
3 28 186
3 29 125
3 30 19
3 31 39
3 32 123
3 33 156
3 34 170
3 35 25
3 36 199
3 37 171
3 38 110
3 39 78
3 40 111
3 41 103
3 42 131
3 43 117
3 44 150
3 45 47
3 46 67
3 47 77
3 48 101
3 49 83
3 50 138
3 51 65
3 52 49
3 53 147
3 54 101
3 55 197
3 56 41
3 57 72
3 58 3
3 59 129
3 60 68
3 61 3
3 62 200
3 63 120
3 64 73
3 65 85
3 66 135
3 67 83
3 68 119
3 69 110
3 70 135
3 71 88
3 72 145
3 73 57
3 74 113
3 75 4
3 76 45
3 77 79
3 78 81
3 79 31
3 80 60
3 81 69
3 82 19
3 83 12
3 84 136
3 85 106
3 86 111
3 87 69
3 88 8
3 89 52
3 90 78
3 91 9
3 92 22
3 93 57
3 94 198
3 95 90
3 96 80
3 97 196
3 98 174
3 99 60
4 5 9
4 6 32
4 7 155
4 8 91
4 9 106
4 10 184
4 11 169
4 12 178
4 13 125
4 14 123
4 15 55
4 16 174
4 17 93
4 18 42
4 19 69
4 20 143
4 21 77
4 22 12
4 23 127
4 24 142
4 25 49
4 26 9
4 27 122
4 28 164
4 29 63
4 30 107
4 31 157
4 32 133
4 33 31
4 34 193
4 35 78
4 36 70
4 37 68
4 38 165
4 39 166
4 40 137
4 41 69
4 42 102
4 43 97
4 44 158
4 45 46
4 46 168
4 47 173
4 48 183
4 49 97
4 50 67
4 51 0
4 52 74
4 53 172
4 54 36
4 55 13
4 56 88
4 57 69
4 58 173
4 59 131
4 60 63
4 61 183
4 62 83
4 63 181
4 64 74
4 65 197
4 66 44
4 67 112
4 68 75
4 69 125
4 70 47
4 71 23
4 72 177
4 73 13
4 74 27
4 75 17
4 76 75
4 77 118
4 78 2
4 79 117
4 80 42
4 81 101
4 82 35
4 83 108
4 84 191
4 85 42
4 86 63
4 87 169
4 88 148
4 89 160
4 90 164
4 91 47
4 92 147
4 93 149
4 94 12
4 95 69
4 96 63
4 97 200
4 98 150
4 99 29
5 6 200
5 7 83
5 8 116
5 9 41
5 10 146
5 11 27
5 12 198
5 13 171
5 14 36
5 15 191
5 16 125
5 17 124
5 18 179
5 19 95
5 20 21
5 21 133
5 22 81
5 23 120
5 24 50
5 25 183
5 26 71
5 27 112
5 28 44
5 29 3
5 30 161
5 31 157
5 32 137
5 33 132
5 34 79
5 35 100
5 36 171
5 37 159
5 38 24
5 39 29
5 40 3
5 41 41
5 42 134
5 43 41
5 44 194
5 45 148
5 46 102
5 47 178
5 48 72
5 49 19
5 50 166
5 51 54
5 52 52
5 53 174
5 54 10
5 55 102
5 56 99
5 57 101
5 58 198
5 59 70
5 60 21
5 61 12
5 62 100
5 63 189
5 64 115
5 65 41
5 66 51
5 67 194
5 68 86
5 69 120
5 70 22
5 71 179
5 72 67
5 73 166
5 74 16
5 75 78
5 76 123
5 77 82
5 78 125
5 79 127
5 80 102
5 81 40
5 82 36
5 83 170
5 84 4
5 85 39
5 86 176
5 87 68
5 88 95
5 89 13
5 90 127
5 91 68
5 92 80
5 93 107
5 94 107
5 95 10
5 96 88
5 97 34
5 98 21
5 99 197
6 7 41
6 8 142
6 9 142
6 10 25
6 11 0
6 12 51
6 13 14
6 14 67
6 15 136
6 16 152
6 17 124
6 18 103
6 19 190
6 20 177
6 21 108
6 22 141
6 23 173
6 24 104
6 25 7
6 26 111
6 27 55
6 28 46
6 29 124
6 30 143
6 31 3
6 32 76
6 33 109
6 34 57
6 35 184
6 36 101
6 37 58
6 38 194
6 39 122
6 40 23
6 41 154
6 42 132
6 43 106
6 44 12
6 45 145
6 46 171
6 47 181
6 48 41
6 49 58
6 50 33
6 51 74
6 52 76
6 53 87
6 54 74
6 55 37
6 56 24
6 57 71
6 58 135
6 59 146
6 60 95
6 61 167
6 62 128
6 63 119
6 64 43
6 65 26
6 66 54
6 67 59
6 68 58
6 69 73
6 70 36
6 71 105
6 72 7
6 73 121
6 74 79
6 75 152
6 76 6
6 77 154
6 78 19
6 79 118
6 80 176
6 81 34
6 82 114
6 83 1
6 84 176
6 85 162
6 86 42
6 87 124
6 88 192
6 89 190
6 90 159
6 91 47
6 92 58
6 93 161
6 94 112
6 95 37
6 96 94
6 97 94
6 98 36
6 99 63
7 8 126
7 9 150
7 10 124
7 11 1
7 12 189
7 13 65
7 14 161
7 15 67
7 16 155
7 17 133
7 18 147
7 19 86
7 20 54
7 21 80
7 22 198
7 23 122
7 24 72
7 25 8
7 26 65
7 27 51
7 28 162
7 29 11
7 30 130
7 31 115
7 32 80
7 33 111
7 34 128
7 35 100
7 36 77
7 37 48
7 38 123
7 39 75
7 40 60
7 41 182
7 42 169
7 43 54
7 44 148
7 45 52
7 46 123
7 47 2
7 48 29
7 49 45
7 50 17
7 51 83
7 52 93
7 53 9
7 54 142
7 55 111
7 56 66
7 57 159
7 58 189
7 59 159
7 60 42
7 61 134
7 62 70
7 63 38
7 64 60
7 65 125
7 66 126
7 67 135
7 68 76
7 69 145
7 70 79
7 71 94
7 72 128
7 73 125
7 74 65
7 75 193
7 76 29
7 77 133
7 78 160
7 79 121
7 80 104
7 81 140
7 82 178
7 83 37
7 84 123
7 85 167
7 86 97
7 87 163
7 88 145
7 89 79
7 90 117
7 91 189
7 92 198
7 93 7
7 94 2
7 95 176
7 96 191
7 97 192
7 98 55
7 99 113
8 9 6
8 10 4
8 11 20
8 12 5
8 13 44
8 14 128
8 15 91
8 16 191
8 17 140
8 18 63
8 19 152
8 20 150
8 21 168
8 22 78
8 23 167
8 24 30
8 25 28
8 26 50
8 27 194
8 28 4
8 29 106
8 30 190
8 31 117
8 32 79
8 33 122
8 34 143
8 35 134
8 36 148
8 37 25
8 38 47
8 39 19
8 40 186
8 41 72
8 42 88
8 43 70
8 44 176
8 45 104
8 46 118
8 47 25
8 48 193
8 49 49
8 50 73
8 51 30
8 52 25
8 53 173
8 54 162
8 55 167
8 56 81
8 57 175
8 58 96
8 59 146
8 60 43
8 61 181
8 62 5
8 63 73
8 64 67
8 65 68
8 66 3
8 67 21
8 68 3
8 69 192
8 70 135
8 71 113
8 72 172
8 73 182
8 74 25
8 75 37
8 76 143
8 77 10
8 78 118
8 79 130
8 80 5
8 81 170
8 82 128
8 83 61
8 84 30
8 85 97
8 86 50
8 87 158
8 88 164
8 89 163
8 90 174
8 91 129
8 92 124
8 93 145
8 94 94
8 95 52
8 96 153
8 97 193
8 98 185
8 99 33
9 10 135
9 11 74
9 12 197
9 13 156
9 14 121
9 15 126
9 16 179
9 17 169
9 18 149
9 19 164
9 20 5
9 21 39
9 22 60
9 23 63
9 24 32
9 25 35
9 26 143
9 27 52
9 28 80
9 29 191
9 30 116
9 31 2
9 32 130
9 33 4
9 34 148
9 35 51
9 36 105
9 37 146
9 38 156
9 39 57
9 40 168
9 41 87
9 42 115
9 43 50
9 44 76
9 45 95
9 46 133
9 47 189
9 48 166
9 49 38
9 50 182
9 51 168
9 52 26
9 53 158
9 54 145
9 55 14
9 56 25
9 57 24
9 58 184
9 59 159
9 60 111
9 61 64
9 62 147
9 63 197
9 64 105
9 65 143
9 66 6
9 67 68
9 68 100
9 69 178
9 70 147
9 71 107
9 72 80
9 73 195
9 74 2
9 75 114
9 76 40
9 77 17
9 78 194
9 79 32
9 80 95
9 81 192
9 82 55
9 83 158
9 84 27
9 85 158
9 86 63
9 87 122
9 88 62
9 89 20
9 90 69
9 91 57
9 92 31
9 93 122
9 94 152
9 95 41
9 96 0
9 97 35
9 98 50
9 99 105
10 11 44
10 12 56
10 13 167
10 14 21
10 15 129
10 16 113
10 17 122
10 18 19
10 19 113
10 20 176
10 21 181
10 22 28
10 23 96
10 24 64
10 25 116
10 26 183
10 27 177
10 28 3
10 29 116
10 30 123
10 31 100
10 32 13
10 33 85
10 34 95
10 35 90
10 36 82
10 37 188
10 38 179
10 39 183
10 40 58
10 41 29
10 42 115
10 43 148
10 44 148
10 45 128
10 46 28
10 47 98
10 48 175
10 49 183
10 50 64
10 51 153
10 52 15
10 53 170
10 54 111
10 55 111
10 56 155
10 57 62
10 58 137
10 59 130
10 60 92
10 61 11
10 62 151
10 63 186
10 64 81
10 65 181
10 66 196
10 67 64
10 68 158
10 69 59
10 70 23
10 71 188
10 72 116
10 73 194
10 74 74
10 75 49
10 76 34
10 77 87
10 78 110
10 79 46
10 80 95
10 81 72
10 82 57
10 83 18
10 84 75
10 85 24
10 86 146
10 87 32
10 88 133
10 89 78
10 90 117
10 91 23
10 92 121
10 93 45
10 94 83
10 95 74
10 96 197
10 97 90
10 98 29
10 99 155
11 12 95
11 13 127
11 14 122
11 15 22
11 16 100
11 17 166
11 18 163
11 19 30
11 20 74
11 21 157
11 22 23
11 23 143
11 24 178
11 25 12
11 26 184
11 27 92
11 28 161
11 29 166
11 30 147
11 31 167
11 32 159
11 33 1
11 34 31
11 35 73
11 36 133
11 37 11
11 38 70
11 39 14
11 40 143
11 41 24
11 42 187
11 43 93
11 44 112
11 45 196
11 46 138
11 47 154
11 48 199
11 49 68
11 50 150
11 51 104
11 52 155
11 53 175
11 54 19
11 55 145
11 56 122
11 57 184
11 58 21
11 59 33
11 60 82
11 61 132
11 62 91
11 63 121
11 64 54
11 65 148
11 66 181
11 67 184
11 68 157
11 69 53
11 70 103
11 71 182
11 72 151
11 73 100
11 74 97
11 75 38
11 76 39
11 77 117
11 78 0
11 79 51
11 80 6
11 81 146
11 82 166
11 83 131
11 84 191
11 85 42
11 86 95
11 87 119
11 88 26
11 89 105
11 90 102
11 91 11
11 92 79
11 93 60
11 94 71
11 95 157
11 96 34
11 97 7
11 98 148
11 99 108
12 13 67
12 14 158
12 15 168
12 16 140
12 17 187
12 18 77
12 19 57
12 20 112
12 21 91
12 22 59
12 23 182
12 24 110
12 25 142
12 26 124
12 27 155
12 28 167
12 29 181
12 30 74
12 31 61
12 32 142
12 33 193
12 34 193
12 35 161
12 36 131
12 37 52
12 38 152
12 39 188
12 40 67
12 41 60
12 42 8
12 43 198
12 44 164
12 45 40
12 46 104
12 47 89
12 48 121
12 49 19
12 50 29
12 51 28
12 52 11
12 53 45
12 54 59
12 55 163
12 56 172
12 57 98
12 58 156
12 59 37
12 60 177
12 61 184
12 62 96
12 63 29
12 64 84
12 65 46
12 66 86
12 67 170
12 68 44
12 69 28
12 70 3
12 71 120
12 72 154
12 73 169
12 74 50
12 75 162
12 76 156
12 77 3
12 78 181
12 79 48
12 80 135
12 81 140
12 82 32
12 83 171
12 84 85
12 85 62
12 86 139
12 87 79
12 88 169
12 89 152
12 90 197
12 91 44
12 92 2
12 93 99
12 94 130
12 95 43
12 96 70
12 97 125
12 98 172
12 99 40
13 14 134
13 15 25
13 16 147
13 17 122
13 18 198
13 19 150
13 20 12
13 21 10
13 22 39
13 23 120
13 24 70
13 25 196
13 26 176
13 27 87
13 28 153
13 29 100
13 30 79
13 31 14
13 32 51
13 33 9
13 34 18
13 35 156
13 36 170
13 37 45
13 38 46
13 39 62
13 40 162
13 41 68
13 42 186
13 43 64
13 44 76
13 45 128
13 46 169
13 47 121
13 48 29
13 49 38
13 50 68
13 51 97
13 52 169
13 53 121
13 54 150
13 55 65
13 56 147
13 57 85
13 58 20
13 59 124
13 60 93
13 61 55
13 62 27
13 63 59
13 64 51
13 65 45
13 66 166
13 67 104
13 68 197
13 69 142
13 70 121
13 71 195
13 72 120
13 73 28
13 74 151
13 75 17
13 76 176
13 77 174
13 78 20
13 79 35
13 80 124
13 81 92
13 82 101
13 83 25
13 84 168
13 85 1
13 86 165
13 87 67
13 88 123
13 89 46
13 90 119
13 91 29
13 92 96
13 93 69
13 94 198
13 95 56
13 96 121
13 97 45
13 98 58
13 99 159
14 15 154
14 16 190
14 17 67
14 18 80
14 19 102
14 20 32
14 21 127
14 22 11
14 23 99
14 24 183
14 25 20
14 26 166
14 27 128
14 28 4
14 29 145
14 30 37
14 31 166
14 32 181
14 33 161
14 34 119
14 35 63
14 36 79
14 37 141
14 38 40
14 39 190
14 40 43
14 41 6
14 42 188
14 43 27
14 44 68
14 45 5
14 46 5
14 47 76
14 48 112
14 49 147
14 50 0
14 51 150
14 52 76
14 53 27
14 54 57
14 55 119
14 56 162
14 57 94
14 58 179
14 59 109
14 60 171
14 61 94
14 62 122
14 63 108
14 64 130
14 65 66
14 66 110
14 67 114
14 68 82
14 69 117
14 70 38
14 71 131
14 72 109
14 73 158
14 74 26
14 75 162
14 76 59
14 77 186
14 78 24
14 79 198
14 80 43
14 81 25
14 82 90
14 83 168
14 84 197
14 85 33
14 86 56
14 87 125
14 88 71
14 89 77
14 90 61
14 91 19
14 92 151
14 93 30
14 94 68
14 95 62
14 96 55
14 97 14
14 98 175
14 99 156
15 16 181
15 17 142
15 18 33
15 19 163
15 20 135
15 21 191
15 22 91
15 23 20
15 24 39
15 25 140
15 26 62
15 27 20
15 28 43
15 29 165
15 30 91
15 31 76
15 32 100
15 33 41
15 34 156
15 35 145
15 36 118
15 37 133
15 38 199
15 39 95
15 40 28
15 41 187
15 42 108
15 43 18
15 44 43
15 45 200
15 46 21
15 47 179
15 48 82
15 49 49
15 50 141
15 51 127
15 52 194
15 53 139
15 54 128
15 55 17
15 56 20
15 57 131
15 58 132
15 59 116
15 60 146
15 61 77
15 62 125
15 63 12
15 64 198
15 65 37
15 66 137
15 67 141
15 68 117
15 69 73
15 70 103
15 71 198
15 72 5
15 73 125
15 74 118
15 75 21
15 76 85
15 77 18
15 78 121
15 79 156
15 80 68
15 81 47
15 82 91
15 83 5
15 84 40
15 85 138
15 86 70
15 87 6
15 88 18
15 89 24
15 90 111
15 91 175
15 92 113
15 93 49
15 94 94
15 95 0
15 96 190
15 97 25
15 98 106
15 99 143
16 17 65
16 18 81
16 19 198
16 20 89
16 21 67
16 22 131
16 23 173
16 24 163
16 25 14
16 26 147
16 27 152
16 28 137
16 29 45
16 30 118
16 31 26
16 32 29
16 33 95
16 34 198
16 35 16
16 36 37
16 37 105
16 38 108
16 39 89
16 40 15
16 41 8
16 42 120
16 43 168
16 44 103
16 45 10
16 46 0
16 47 72
16 48 101
16 49 108
16 50 189
16 51 191
16 52 127
16 53 190
16 54 194
16 55 7
16 56 50
16 57 34
16 58 102
16 59 178
16 60 27
16 61 99
16 62 38
16 63 54
16 64 97
16 65 90
16 66 100
16 67 194
16 68 44
16 69 102
16 70 5
16 71 12
16 72 34
16 73 180
16 74 126
16 75 148
16 76 116
16 77 93
16 78 122
16 79 112
16 80 196
16 81 137
16 82 18
16 83 174
16 84 158
16 85 87
16 86 182
16 87 104
16 88 59
16 89 174
16 90 103
16 91 134
16 92 195
16 93 135
16 94 36
16 95 173
16 96 116
16 97 44
16 98 21
16 99 27
17 18 59
17 19 110
17 20 4
17 21 40
17 22 129
17 23 41
17 24 28
17 25 44
17 26 179
17 27 103
17 28 139
17 29 37
17 30 170
17 31 186
17 32 108
17 33 121
17 34 45
17 35 105
17 36 133
17 37 81
17 38 104
17 39 137
17 40 73
17 41 132
17 42 46
17 43 25
17 44 100
17 45 0
17 46 184
17 47 125
17 48 28
17 49 118
17 50 15
17 51 169
17 52 79
17 53 66
17 54 0
17 55 119
17 56 127
17 57 38
17 58 151
17 59 152
17 60 93
17 61 128
17 62 53
17 63 104
17 64 149
17 65 85
17 66 128
17 67 102
17 68 17
17 69 39
17 70 89
17 71 101
17 72 186
17 73 138
17 74 190
17 75 187
17 76 25
17 77 4
17 78 132
17 79 165
17 80 72
17 81 159
17 82 118
17 83 120
17 84 167
17 85 124
17 86 60
17 87 103
17 88 186
17 89 135
17 90 94
17 91 85
17 92 4
17 93 163
17 94 138
17 95 6
17 96 0
17 97 8
17 98 64
17 99 83
18 19 71
18 20 184
18 21 76
18 22 66
18 23 176
18 24 10
18 25 11
18 26 92
18 27 11
18 28 7
18 29 179
18 30 120
18 31 188
18 32 73
18 33 107
18 34 183
18 35 181
18 36 50
18 37 190
18 38 169
18 39 155
18 40 160
18 41 55
18 42 104
18 43 199
18 44 192
18 45 146
18 46 154
18 47 123
18 48 198
18 49 86
18 50 45
18 51 141
18 52 147
18 53 161
18 54 181
18 55 59
18 56 78
18 57 168
18 58 184
18 59 121
18 60 50
18 61 135
18 62 1
18 63 44
18 64 153
18 65 189
18 66 174
18 67 35
18 68 196
18 69 113
18 70 162
18 71 143
18 72 8
18 73 117
18 74 73
18 75 156
18 76 21
18 77 37
18 78 114
18 79 125
18 80 67
18 81 15
18 82 114
18 83 122
18 84 160
18 85 80
18 86 73
18 87 49
18 88 154
18 89 43
18 90 186
18 91 52
18 92 160
18 93 73
18 94 91
18 95 156
18 96 109
18 97 161
18 98 160
18 99 71
19 20 181
19 21 197
19 22 71
19 23 41
19 24 28
19 25 78
19 26 163
19 27 155
19 28 27
19 29 153
19 30 77
19 31 113
19 32 198
19 33 36
19 34 15
19 35 165
19 36 193
19 37 19
19 38 181
19 39 46
19 40 189
19 41 31
19 42 187
19 43 100
19 44 116
19 45 183
19 46 27
19 47 99
19 48 89
19 49 24
19 50 98
19 51 78
19 52 159
19 53 134
19 54 154
19 55 43
19 56 72
19 57 38
19 58 90
19 59 20
19 60 175
19 61 7
19 62 42
19 63 77
19 64 99
19 65 110
19 66 87
19 67 176
19 68 147
19 69 5
19 70 138
19 71 169
19 72 9
19 73 139
19 74 95
19 75 34
19 76 88
19 77 10
19 78 163
19 79 98
19 80 132
19 81 161
19 82 158
19 83 199
19 84 91
19 85 134
19 86 170
19 87 178
19 88 62
19 89 95
19 90 198
19 91 31
19 92 37
19 93 56
19 94 4
19 95 187
19 96 161
19 97 27
19 98 40
19 99 75
20 21 56
20 22 89
20 23 71
20 24 103
20 25 133
20 26 166
20 27 4
20 28 156
20 29 167
20 30 198
20 31 82
20 32 17
20 33 135
20 34 125
20 35 190
20 36 38
20 37 105
20 38 174
20 39 191
20 40 186
20 41 116
20 42 31
20 43 142
20 44 57
20 45 117
20 46 144
20 47 94
20 48 194
20 49 109
20 50 6
20 51 83
20 52 146
20 53 184
20 54 96
20 55 39
20 56 133
20 57 40
20 58 161
20 59 33
20 60 53
20 61 184
20 62 121
20 63 55
20 64 21
20 65 112
20 66 125
20 67 83
20 68 115
20 69 196
20 70 153
20 71 49
20 72 97
20 73 84
20 74 109
20 75 151
20 76 154
20 77 165
20 78 190
20 79 50
20 80 159
20 81 68
20 82 69
20 83 38
20 84 67
20 85 198
20 86 26
20 87 127
20 88 119
20 89 73
20 90 144
20 91 76
20 92 147
20 93 38
20 94 23
20 95 180
20 96 11
20 97 127
20 98 177
20 99 139
21 22 22
21 23 198
21 24 4
21 25 158
21 26 166
21 27 75
21 28 114
21 29 57
21 30 109
21 31 125
21 32 5
21 33 120
21 34 84
21 35 189
21 36 147
21 37 65
21 38 161
21 39 190
21 40 63
21 41 120
21 42 2
21 43 37
21 44 45
21 45 129
21 46 121
21 47 173
21 48 175
21 49 87
21 50 107
21 51 45
21 52 82
21 53 71
21 54 114
21 55 109
21 56 27
21 57 82
21 58 74
21 59 25
21 60 125
21 61 175
21 62 159
21 63 42
21 64 174
21 65 142
21 66 106
21 67 19
21 68 43
21 69 96
21 70 132
21 71 33
21 72 119
21 73 40
21 74 109
21 75 41
21 76 126
21 77 162
21 78 50
21 79 35
21 80 9
21 81 153
21 82 70
21 83 78
21 84 110
21 85 185
21 86 95
21 87 166
21 88 101
21 89 89
21 90 153
21 91 191
21 92 85
21 93 86
21 94 47
21 95 197
21 96 97
21 97 131
21 98 142
21 99 199
22 23 92
22 24 75
22 25 115
22 26 93
22 27 158
22 28 175
22 29 160
22 30 111
22 31 56
22 32 148
22 33 163
22 34 160
22 35 59
22 36 76
22 37 42
22 38 150
22 39 139
22 40 138
22 41 193
22 42 39
22 43 183
22 44 62
22 45 110
22 46 58
22 47 86
22 48 85
22 49 185
22 50 72
22 51 147
22 52 139
22 53 154
22 54 35
22 55 114
22 56 102
22 57 150
22 58 68
22 59 3
22 60 91
22 61 178
22 62 127
22 63 46
22 64 94
22 65 144
22 66 91
22 67 30
22 68 172
22 69 34
22 70 76
22 71 106
22 72 61
22 73 124
22 74 22
22 75 154
22 76 155
22 77 113
22 78 143
22 79 126
22 80 173
22 81 100
22 82 69
22 83 80
22 84 180
22 85 137
22 86 91
22 87 54
22 88 44
22 89 84
22 90 192
22 91 183
22 92 30
22 93 15
22 94 77
22 95 149
22 96 173
22 97 6
22 98 46
22 99 18
23 24 159
23 25 72
23 26 50
23 27 74
23 28 99
23 29 97
23 30 41
23 31 21
23 32 24
23 33 77
23 34 4
23 35 196
23 36 111
23 37 84
23 38 199
23 39 162
23 40 55
23 41 17
23 42 55
23 43 169
23 44 68
23 45 9
23 46 61
23 47 56
23 48 199
23 49 144
23 50 120
23 51 183
23 52 84
23 53 117
23 54 154
23 55 63
23 56 67
23 57 185
23 58 11
23 59 56
23 60 185
23 61 128
23 62 6
23 63 132
23 64 100
23 65 169
23 66 89
23 67 130
23 68 144
23 69 119
23 70 88
23 71 160
23 72 13
23 73 174
23 74 92
23 75 141
23 76 78
23 77 24
23 78 136
23 79 197
23 80 51
23 81 3
23 82 128
23 83 31
23 84 37
23 85 42
23 86 110
23 87 48
23 88 68
23 89 96
23 90 107
23 91 32
23 92 122
23 93 172
23 94 15
23 95 166
23 96 162
23 97 149
23 98 17
23 99 65
24 25 19
24 26 106
24 27 164
24 28 182
24 29 50
24 30 122
24 31 46
24 32 150
24 33 98
24 34 121
24 35 130
24 36 76
24 37 4
24 38 14
24 39 139
24 40 56
24 41 91
24 42 50
24 43 150
24 44 172
24 45 149
24 46 53
24 47 16
24 48 45
24 49 149
24 50 79
24 51 51
24 52 149
24 53 56
24 54 89
24 55 124
24 56 136
24 57 179
24 58 146
24 59 1
24 60 108
24 61 32
24 62 182
24 63 75
24 64 35
24 65 142
24 66 73
24 67 116
24 68 179
24 69 165
24 70 152
24 71 3
24 72 189
24 73 15
24 74 136
24 75 191
24 76 150
24 77 142
24 78 155
24 79 5
24 80 55
24 81 184
24 82 185
24 83 82
24 84 115
24 85 18
24 86 122
24 87 161
24 88 108
24 89 77
24 90 23
24 91 117
24 92 160
24 93 163
24 94 155
24 95 22
24 96 153
24 97 81
24 98 189
24 99 193
25 26 152
25 27 41
25 28 130
25 29 51
25 30 130
25 31 90
25 32 175
25 33 200
25 34 122
25 35 189
25 36 185
25 37 169
25 38 42
25 39 63
25 40 31
25 41 153
25 42 37
25 43 139
25 44 11
25 45 10
25 46 159
25 47 143
25 48 84
25 49 152
25 50 65
25 51 21
25 52 144
25 53 49
25 54 128
25 55 186
25 56 114
25 57 77
25 58 173
25 59 79
25 60 111
25 61 183
25 62 119
25 63 106
25 64 58
25 65 189
25 66 62
25 67 0
25 68 148
25 69 157
25 70 145
25 71 143
25 72 47
25 73 6
25 74 79
25 75 125
25 76 131
25 77 48
25 78 7
25 79 131
25 80 6
25 81 32
25 82 78
25 83 44
25 84 11
25 85 57
25 86 151
25 87 8
25 88 113
25 89 101
25 90 6
25 91 102
25 92 1
25 93 104
25 94 168
25 95 38
25 96 109
25 97 131
25 98 169
25 99 156
26 27 167
26 28 199
26 29 83
26 30 171
26 31 50
26 32 34
26 33 48
26 34 115
26 35 169
26 36 4
26 37 111
26 38 71
26 39 4
26 40 135
26 41 135
26 42 156
26 43 133
26 44 48
26 45 111
26 46 70
26 47 5
26 48 174
26 49 56
26 50 35
26 51 19
26 52 72
26 53 115
26 54 47
26 55 72
26 56 53
26 57 105
26 58 197
26 59 197
26 60 155
26 61 27
26 62 157
26 63 174
26 64 43
26 65 76
26 66 192
26 67 7
26 68 5
26 69 187
26 70 126
26 71 162
26 72 6
26 73 143
26 74 56
26 75 64
26 76 176
26 77 33
26 78 110
26 79 116
26 80 134
26 81 153
26 82 47
26 83 30
26 84 93
26 85 77
26 86 179
26 87 193
26 88 53
26 89 13
26 90 191
26 91 124
26 92 49
26 93 77
26 94 79
26 95 74
26 96 29
26 97 125
26 98 122
26 99 93
27 28 166
27 29 119
27 30 195
27 31 94
27 32 31
27 33 88
27 34 181
27 35 181
27 36 167
27 37 7
27 38 84
27 39 191
27 40 162
27 41 115
27 42 103
27 43 172
27 44 8
27 45 59
27 46 61
27 47 76
27 48 68
27 49 98
27 50 13
27 51 62
27 52 70
27 53 6
27 54 111
27 55 105
27 56 123
27 57 94
27 58 128
27 59 109
27 60 175
27 61 78
27 62 111
27 63 150
27 64 71
27 65 26
27 66 85
27 67 155
27 68 79
27 69 134
27 70 104
27 71 78
27 72 69
27 73 56
27 74 31
27 75 12
27 76 85
27 77 183
27 78 124
27 79 109
27 80 129
27 81 57
27 82 165
27 83 127
27 84 4
27 85 29
27 86 37
27 87 17
27 88 4
27 89 103
27 90 72
27 91 20
27 92 162
27 93 191
27 94 3
27 95 59
27 96 18
27 97 170
27 98 11
27 99 13
28 29 191
28 30 153
28 31 80
28 32 14
28 33 169
28 34 131
28 35 14
28 36 190
28 37 27
28 38 24
28 39 126
28 40 84
28 41 55
28 42 197
28 43 11
28 44 28
28 45 58
28 46 164
28 47 73
28 48 136
28 49 75
28 50 109
28 51 133
28 52 153
28 53 158
28 54 65
28 55 199
28 56 195
28 57 130
28 58 182
28 59 186
28 60 15
28 61 108
28 62 26
28 63 51
28 64 102
28 65 193
28 66 7
28 67 155
28 68 6
28 69 90
28 70 183
28 71 49
28 72 67
28 73 37
28 74 24
28 75 177
28 76 16
28 77 119
28 78 26
28 79 190
28 80 112
28 81 50
28 82 137
28 83 4
28 84 79
28 85 83
28 86 49
28 87 159
28 88 196
28 89 89
28 90 29
28 91 3
28 92 20
28 93 100
28 94 55
28 95 17
28 96 22
28 97 105
28 98 66
28 99 187
29 30 34
29 31 114
29 32 141
29 33 163
29 34 194
29 35 108
29 36 23
29 37 174
29 38 176
29 39 187
29 40 79
29 41 104
29 42 188
29 43 131
29 44 92
29 45 11
29 46 15
29 47 133
29 48 150
29 49 38
29 50 1
29 51 160
29 52 190
29 53 18
29 54 139
29 55 157
29 56 187
29 57 17
29 58 45
29 59 17
29 60 10
29 61 123
29 62 113
29 63 54
29 64 15
29 65 105
29 66 165
29 67 33
29 68 3
29 69 6
29 70 152
29 71 70
29 72 126
29 73 5
29 74 199
29 75 39
29 76 38
29 77 149
29 78 139
29 79 189
29 80 187
29 81 149
29 82 186
29 83 182
29 84 70
29 85 74
29 86 177
29 87 65
29 88 104
29 89 151
29 90 70
29 91 21
29 92 139
29 93 149
29 94 22
29 95 49
29 96 154
29 97 78
29 98 113
29 99 15
30 31 120
30 32 117
30 33 189
30 34 169
30 35 111
30 36 44
30 37 102
30 38 119
30 39 127
30 40 68
30 41 89
30 42 194
30 43 13
30 44 97
30 45 143
30 46 94
30 47 139
30 48 41
30 49 89
30 50 38
30 51 10
30 52 122
30 53 117
30 54 176
30 55 108
30 56 25
30 57 86
30 58 148
30 59 126
30 60 166
30 61 161
30 62 99
30 63 143
30 64 87
30 65 31
30 66 39
30 67 152
30 68 80
30 69 120
30 70 119
30 71 105
30 72 200
30 73 88
30 74 94
30 75 16
30 76 105
30 77 166
30 78 101
30 79 81
30 80 199
30 81 8
30 82 195
30 83 144
30 84 109
30 85 126
30 86 71
30 87 37
30 88 18
30 89 98
30 90 47
30 91 184
30 92 108
30 93 122
30 94 87
30 95 34
30 96 105
30 97 114
30 98 72
30 99 52
31 32 53
31 33 91
31 34 88
31 35 6
31 36 55
31 37 165
31 38 103
31 39 101
31 40 190
31 41 138
31 42 138
31 43 51
31 44 81
31 45 199
31 46 193
31 47 108
31 48 173
31 49 133
31 50 108
31 51 133
31 52 62
31 53 143
31 54 36
31 55 36
31 56 125
31 57 23
31 58 86
31 59 7
31 60 74
31 61 94
31 62 179
31 63 184
31 64 95
31 65 68
31 66 98
31 67 185
31 68 132
31 69 98
31 70 74
31 71 123
31 72 173
31 73 136
31 74 163
31 75 116
31 76 166
31 77 86
31 78 188
31 79 84
31 80 140
31 81 9
31 82 117
31 83 62
31 84 123
31 85 73
31 86 105
31 87 71
31 88 175
31 89 131
31 90 130
31 91 3
31 92 197
31 93 33
31 94 147
31 95 87
31 96 185
31 97 67
31 98 197
31 99 191
32 33 29
32 34 54
32 35 41
32 36 155
32 37 162
32 38 30
32 39 196
32 40 147
32 41 106
32 42 174
32 43 86
32 44 43
32 45 116
32 46 112
32 47 175
32 48 167
32 49 57
32 50 119
32 51 164
32 52 195
32 53 127
32 54 15
32 55 153
32 56 107
32 57 80
32 58 171
32 59 192
32 60 174
32 61 149
32 62 153
32 63 57
32 64 36
32 65 194
32 66 5
32 67 181
32 68 186
32 69 78
32 70 76
32 71 179
32 72 175
32 73 28
32 74 63
32 75 185
32 76 118
32 77 156
32 78 101
32 79 149
32 80 174
32 81 1
32 82 63
32 83 118
32 84 131
32 85 192
32 86 3
32 87 153
32 88 89
32 89 117
32 90 119
32 91 99
32 92 194
32 93 44
32 94 68
32 95 20
32 96 83
32 97 162
32 98 35
32 99 87
33 34 160
33 35 195
33 36 74
33 37 150
33 38 90
33 39 92
33 40 157
33 41 195
33 42 22
33 43 75
33 44 128
33 45 50
33 46 3
33 47 199
33 48 13
33 49 181
33 50 81
33 51 4
33 52 30
33 53 10
33 54 137
33 55 124
33 56 94
33 57 194
33 58 175
33 59 34
33 60 191
33 61 38
33 62 27
33 63 38
33 64 85
33 65 2
33 66 154
33 67 121
33 68 137
33 69 38
33 70 160
33 71 38
33 72 194
33 73 40
33 74 89
33 75 3
33 76 90
33 77 173
33 78 84
33 79 115
33 80 194
33 81 16
33 82 132
33 83 168
33 84 192
33 85 184
33 86 45
33 87 185
33 88 160
33 89 135
33 90 116
33 91 157
33 92 20
33 93 198
33 94 181
33 95 162
33 96 57
33 97 48
33 98 43
33 99 155
34 35 2
34 36 118
34 37 192
34 38 127
34 39 32
34 40 52
34 41 164
34 42 132
34 43 190
34 44 154
34 45 82
34 46 150
34 47 150
34 48 61
34 49 38
34 50 62
34 51 66
34 52 142
34 53 63
34 54 51
34 55 103
34 56 61
34 57 44
34 58 112
34 59 141
34 60 159
34 61 88
34 62 24
34 63 86
34 64 31
34 65 26
34 66 39
34 67 55
34 68 30
34 69 59
34 70 79
34 71 129
34 72 153
34 73 3
34 74 36
34 75 32
34 76 46
34 77 58
34 78 14
34 79 167
34 80 70
34 81 67
34 82 103
34 83 5
34 84 159
34 85 163
34 86 1
34 87 3
34 88 20
34 89 112
34 90 35
34 91 153
34 92 119
34 93 102
34 94 65
34 95 52
34 96 185
34 97 60
34 98 74
34 99 118
35 36 42
35 37 199
35 38 193
35 39 197
35 40 45
35 41 47
35 42 185
35 43 165
35 44 192
35 45 104
35 46 177
35 47 107
35 48 103
35 49 60
35 50 15
35 51 180
35 52 64
35 53 76
35 54 167
35 55 142
35 56 144
35 57 111
35 58 19
35 59 39
35 60 179
35 61 105
35 62 54
35 63 103
35 64 45
35 65 148
35 66 26
35 67 180
35 68 86
35 69 4
35 70 177
35 71 8
35 72 121
35 73 38
35 74 181
35 75 60
35 76 4
35 77 58
35 78 131
35 79 29
35 80 7
35 81 8
35 82 62
35 83 42
35 84 178
35 85 185
35 86 113
35 87 165
35 88 21
35 89 138
35 90 60
35 91 138
35 92 45
35 93 123
35 94 94
35 95 130
35 96 20
35 97 88
35 98 132
35 99 40
36 37 6
36 38 64
36 39 166
36 40 107
36 41 120
36 42 136
36 43 9
36 44 150
36 45 82
36 46 39
36 47 101
36 48 72
36 49 161
36 50 182
36 51 93
36 52 166
36 53 60
36 54 98
36 55 100
36 56 113
36 57 98
36 58 151
36 59 3
36 60 49
36 61 139
36 62 23
36 63 151
36 64 74
36 65 158
36 66 87
36 67 171
36 68 139
36 69 121
36 70 124
36 71 54
36 72 186
36 73 23
36 74 159
36 75 13
36 76 139
36 77 7
36 78 129
36 79 177
36 80 91
36 81 88
36 82 7
36 83 46
36 84 45
36 85 59
36 86 117
36 87 159
36 88 87
36 89 91
36 90 142
36 91 84
36 92 75
36 93 38
36 94 54
36 95 111
36 96 99
36 97 145
36 98 184
36 99 124
37 38 177
37 39 87
37 40 143
37 41 67
37 42 146
37 43 91
37 44 70
37 45 123
37 46 11
37 47 48
37 48 127
37 49 109
37 50 56
37 51 95
37 52 31
37 53 80
37 54 18
37 55 70
37 56 111
37 57 0
37 58 1
37 59 38
37 60 76
37 61 185
37 62 16
37 63 156
37 64 0
37 65 87
37 66 112
37 67 134
37 68 97
37 69 65
37 70 196
37 71 85
37 72 128
37 73 85
37 74 199
37 75 60
37 76 28
37 77 171
37 78 182
37 79 123
37 80 72
37 81 12
37 82 106
37 83 90
37 84 79
37 85 141
37 86 141
37 87 114
37 88 36
37 89 76
37 90 74
37 91 10
37 92 158
37 93 179
37 94 166
37 95 69
37 96 94
37 97 100
37 98 34
37 99 155
38 39 88
38 40 38
38 41 179
38 42 75
38 43 51
38 44 154
38 45 171
38 46 12
38 47 129
38 48 166
38 49 162
38 50 52
38 51 10
38 52 173
38 53 105
38 54 73
38 55 81
38 56 63
38 57 107
38 58 144
38 59 55
38 60 114
38 61 150
38 62 118
38 63 93
38 64 174
38 65 138
38 66 60
38 67 197
38 68 148
38 69 149
38 70 164
38 71 186
38 72 27
38 73 32
38 74 144
38 75 27
38 76 111
38 77 129
38 78 70
38 79 136
38 80 11
38 81 11
38 82 168
38 83 59
38 84 49
38 85 129
38 86 113
38 87 72
38 88 116
38 89 61
38 90 33
38 91 51
38 92 57
38 93 22
38 94 189
38 95 17
38 96 8
38 97 154
38 98 137
38 99 3
39 40 175
39 41 67
39 42 118
39 43 175
39 44 100
39 45 26
39 46 137
39 47 122
39 48 129
39 49 30
39 50 173
39 51 112
39 52 59
39 53 136
39 54 188
39 55 91
39 56 24
39 57 183
39 58 181
39 59 90
39 60 189
39 61 184
39 62 131
39 63 99
39 64 133
39 65 160
39 66 5
39 67 122
39 68 80
39 69 195
39 70 131
39 71 162
39 72 102
39 73 130
39 74 128
39 75 190
39 76 101
39 77 63
39 78 59
39 79 115
39 80 199
39 81 86
39 82 121
39 83 53
39 84 162
39 85 37
39 86 78
39 87 198
39 88 87
39 89 129
39 90 132
39 91 34
39 92 181
39 93 176
39 94 6
39 95 70
39 96 181
39 97 98
39 98 32
39 99 190
40 41 112
40 42 28
40 43 73
40 44 5
40 45 195
40 46 10
40 47 97
40 48 1
40 49 68
40 50 17
40 51 13
40 52 194
40 53 136
40 54 11
40 55 94
40 56 22
40 57 57
40 58 129
40 59 142
40 60 38
40 61 111
40 62 189
40 63 29
40 64 188
40 65 54
40 66 20
40 67 90
40 68 143
40 69 29
40 70 19
40 71 149
40 72 137
40 73 141
40 74 120
40 75 60
40 76 113
40 77 86
40 78 27
40 79 63
40 80 96
40 81 172
40 82 108
40 83 3
40 84 122
40 85 113
40 86 91
40 87 194
40 88 195
40 89 183
40 90 138
40 91 181
40 92 193
40 93 55
40 94 16
40 95 59
40 96 176
40 97 189
40 98 143
40 99 108
41 42 191
41 43 103
41 44 100
41 45 90
41 46 182
41 47 94
41 48 130
41 49 178
41 50 36
41 51 196
41 52 159
41 53 115
41 54 197
41 55 75
41 56 164
41 57 158
41 58 118
41 59 38
41 60 26
41 61 107
41 62 17
41 63 22
41 64 20
41 65 34
41 66 29
41 67 89
41 68 194
41 69 67
41 70 155
41 71 4
41 72 100
41 73 84
41 74 130
41 75 150
41 76 60
41 77 17
41 78 91
41 79 94
41 80 178
41 81 194
41 82 174
41 83 88
41 84 182
41 85 25
41 86 144
41 87 194
41 88 8
41 89 109
41 90 87
41 91 104
41 92 150
41 93 13
41 94 98
41 95 159
41 96 199
41 97 46
41 98 113
41 99 13
42 43 95
42 44 130
42 45 47
42 46 134
42 47 60
42 48 104
42 49 196
42 50 33
42 51 22
42 52 14
42 53 130
42 54 190
42 55 142
42 56 51
42 57 148
42 58 74
42 59 10
42 60 79
42 61 71
42 62 136
42 63 185
42 64 91
42 65 18
42 66 144
42 67 154
42 68 181
42 69 172
42 70 3
42 71 177
42 72 24
42 73 154
42 74 48
42 75 100
42 76 158
42 77 160
42 78 85
42 79 145
42 80 168
42 81 145
42 82 53
42 83 178
42 84 29
42 85 181
42 86 37
42 87 142
42 88 125
42 89 62
42 90 4
42 91 98
42 92 165
42 93 152
42 94 0
42 95 163
42 96 101
42 97 57
42 98 175
42 99 33
43 44 158
43 45 180
43 46 17
43 47 38
43 48 168
43 49 41
43 50 96
43 51 135
43 52 71
43 53 66
43 54 37
43 55 101
43 56 85
43 57 37
43 58 68
43 59 26
43 60 185
43 61 80
43 62 80
43 63 32
43 64 58
43 65 156
43 66 200
43 67 78
43 68 163
43 69 166
43 70 47
43 71 169
43 72 112
43 73 1
43 74 13
43 75 28
43 76 170
43 77 9
43 78 38
43 79 101
43 80 16
43 81 106
43 82 41
43 83 24
43 84 76
43 85 164
43 86 159
43 87 13
43 88 115
43 89 69
43 90 70
43 91 3
43 92 76
43 93 99
43 94 164
43 95 0
43 96 14
43 97 109
43 98 151
43 99 50
44 45 119
44 46 166
44 47 178
44 48 15
44 49 89
44 50 94
44 51 134
44 52 68
44 53 161
44 54 93
44 55 99
44 56 160
44 57 112
44 58 178
44 59 33
44 60 113
44 61 130
44 62 160
44 63 31
44 64 19
44 65 65
44 66 59
44 67 166
44 68 19
44 69 21
44 70 121
44 71 96
44 72 67
44 73 11
44 74 22
44 75 151
44 76 21
44 77 73
44 78 36
44 79 161
44 80 85
44 81 116
44 82 176
44 83 29
44 84 65
44 85 169
44 86 159
44 87 111
44 88 197
44 89 143
44 90 53
44 91 89
44 92 24
44 93 38
44 94 200
44 95 2
44 96 71
44 97 68
44 98 28
44 99 159
45 46 196
45 47 8
45 48 15
45 49 126
45 50 143
45 51 154
45 52 126
45 53 86
45 54 29
45 55 36
45 56 139
45 57 161
45 58 49
45 59 119
45 60 89
45 61 79
45 62 166
45 63 185
45 64 76
45 65 78
45 66 33
45 67 31
45 68 53
45 69 128
45 70 48
45 71 149
45 72 126
45 73 25
45 74 97
45 75 22
45 76 196
45 77 172
45 78 192
45 79 81
45 80 82
45 81 145
45 82 32
45 83 92
45 84 116
45 85 199
45 86 162
45 87 102
45 88 33
45 89 169
45 90 126
45 91 133
45 92 14
45 93 5
45 94 178
45 95 46
45 96 83
45 97 183
45 98 122
45 99 145
46 47 79
46 48 7
46 49 0
46 50 196
46 51 135
46 52 14
46 53 162
46 54 60
46 55 91
46 56 153
46 57 166
46 58 76
46 59 152
46 60 9
46 61 151
46 62 185
46 63 66
46 64 92
46 65 179
46 66 76
46 67 181
46 68 86
46 69 73
46 70 79
46 71 63
46 72 10
46 73 45
46 74 120
46 75 171
46 76 30
46 77 23
46 78 154
46 79 161
46 80 178
46 81 136
46 82 92
46 83 165
46 84 135
46 85 107
46 86 162
46 87 128
46 88 53
46 89 76
46 90 36
46 91 159
46 92 194
46 93 144
46 94 145
46 95 165
46 96 114
46 97 165
46 98 22
46 99 129
47 48 54
47 49 125
47 50 66
47 51 63
47 52 167
47 53 99
47 54 51
47 55 169
47 56 189
47 57 31
47 58 166
47 59 41
47 60 21
47 61 141
47 62 136
47 63 36
47 64 106
47 65 106
47 66 23
47 67 149
47 68 18
47 69 1
47 70 129
47 71 45
47 72 162
47 73 180
47 74 112
47 75 104
47 76 42
47 77 114
47 78 161
47 79 106
47 80 75
47 81 144
47 82 110
47 83 57
47 84 147
47 85 179
47 86 15
47 87 148
47 88 42
47 89 158
47 90 86
47 91 23
47 92 26
47 93 157
47 94 90
47 95 30
47 96 8
47 97 175
47 98 26
47 99 67
48 49 56
48 50 183
48 51 163
48 52 180
48 53 98
48 54 159
48 55 162
48 56 48
48 57 13
48 58 90
48 59 68
48 60 108
48 61 17
48 62 84
48 63 114
48 64 78
48 65 109
48 66 37
48 67 44
48 68 3
48 69 147
48 70 98
48 71 13
48 72 158
48 73 25
48 74 58
48 75 123
48 76 101
48 77 36
48 78 29
48 79 146
48 80 31
48 81 161
48 82 1
48 83 105
48 84 15
48 85 77
48 86 61
48 87 125
48 88 7
48 89 107
48 90 194
48 91 94
48 92 38
48 93 20
48 94 178
48 95 122
48 96 113
48 97 98
48 98 63
48 99 85
49 50 136
49 51 142
49 52 144
49 53 33
49 54 2
49 55 30
49 56 147
49 57 120
49 58 154
49 59 133
49 60 11
49 61 127
49 62 157
49 63 158
49 64 2
49 65 11
49 66 52
49 67 31
49 68 16
49 69 90
49 70 88
49 71 12
49 72 93
49 73 189
49 74 14
49 75 60
49 76 113
49 77 148
49 78 107
49 79 150
49 80 98
49 81 80
49 82 98
49 83 168
49 84 8
49 85 60
49 86 161
49 87 113
49 88 148
49 89 97
49 90 54
49 91 132
49 92 65
49 93 111
49 94 31
49 95 199
49 96 188
49 97 75
49 98 160
49 99 55
50 51 152
50 52 198
50 53 100
50 54 91
50 55 97
50 56 177
50 57 84
50 58 140
50 59 128
50 60 84
50 61 98
50 62 174
50 63 143
50 64 69
50 65 100
50 66 91
50 67 54
50 68 73
50 69 80
50 70 18
50 71 187
50 72 150
50 73 151
50 74 156
50 75 5
50 76 135
50 77 106
50 78 60
50 79 190
50 80 59
50 81 179
50 82 10
50 83 38
50 84 148
50 85 30
50 86 28
50 87 194
50 88 67
50 89 199
50 90 61
50 91 135
50 92 156
50 93 60
50 94 4
50 95 145
50 96 157
50 97 104
50 98 161
50 99 166
51 52 116
51 53 1
51 54 130
51 55 35
51 56 126
51 57 132
51 58 174
51 59 78
51 60 147
51 61 146
51 62 170
51 63 148
51 64 123
51 65 115
51 66 163
51 67 135
51 68 58
51 69 182
51 70 66
51 71 178
51 72 31
51 73 71
51 74 195
51 75 52
51 76 95
51 77 15
51 78 164
51 79 142
51 80 67
51 81 117
51 82 57
51 83 195
51 84 40
51 85 96
51 86 36
51 87 178
51 88 79
51 89 80
51 90 2
51 91 184
51 92 186
51 93 83
51 94 10
51 95 5
51 96 39
51 97 196
51 98 142
51 99 34
52 53 178
52 54 70
52 55 51
52 56 27
52 57 130
52 58 186
52 59 137
52 60 142
52 61 100
52 62 124
52 63 178
52 64 132
52 65 189
52 66 61
52 67 18
52 68 15
52 69 72
52 70 143
52 71 7
52 72 159
52 73 50
52 74 176
52 75 15
52 76 162
52 77 81
52 78 66
52 79 36
52 80 73
52 81 27
52 82 114
52 83 87
52 84 33
52 85 130
52 86 162
52 87 100
52 88 149
52 89 194
52 90 194
52 91 151
52 92 23
52 93 34
52 94 6
52 95 53
52 96 158
52 97 124
52 98 93
52 99 37
53 54 111
53 55 154
53 56 155
53 57 81
53 58 68
53 59 54
53 60 158
53 61 110
53 62 151
53 63 44
53 64 99
53 65 38
53 66 92
53 67 27
53 68 132
53 69 9
53 70 13
53 71 186
53 72 36
53 73 174
53 74 170
53 75 55
53 76 11
53 77 3
53 78 52
53 79 15
53 80 106
53 81 51
53 82 93
53 83 195
53 84 189
53 85 53
53 86 133
53 87 173
53 88 194
53 89 172
53 90 101
53 91 83
53 92 172
53 93 102
53 94 183
53 95 147
53 96 11
53 97 59
53 98 59
53 99 2
