100 4872
0 1 53
0 2 51
0 3 153
0 4 61
0 5 22
0 6 172
0 7 160
0 8 110
0 9 124
0 10 193
0 11 57
0 12 156
0 13 148
0 14 126
0 15 11
0 16 59
0 17 55
0 18 81
0 19 5
0 20 4
0 21 183
0 22 133
0 23 28
0 24 158
0 25 39
0 26 47
0 27 66
0 28 178
0 29 0
0 30 110
0 31 27
0 32 3
0 33 192
0 34 154
0 35 117
0 36 183
0 37 98
0 38 199
0 39 198
0 40 122
0 41 0
0 42 129
0 43 36
0 44 29
0 45 63
0 46 83
0 47 118
0 48 183
0 49 76
0 50 176
0 51 176
0 52 34
0 53 64
0 54 162
0 55 114
0 56 172
0 57 31
0 58 37
0 59 33
0 60 83
0 61 164
0 62 125
0 63 68
0 64 153
0 65 46
0 66 48
0 67 73
0 68 115
0 69 71
0 70 147
0 71 134
0 72 11
0 73 195
0 74 69
0 75 139
0 76 200
0 77 179
0 78 149
0 79 56
0 80 187
0 81 85
0 82 20
0 83 135
0 84 144
0 85 88
0 86 146
0 87 27
0 88 60
0 89 158
0 90 151
0 91 144
0 92 80
0 93 57
0 94 84
0 95 24
0 96 42
0 97 197
0 98 138
0 99 126
1 2 38
1 3 84
1 4 90
1 5 76
1 6 170
1 7 40
1 8 151
1 9 153
1 10 162
1 11 178
1 12 76
1 13 192
1 14 37
1 15 146
1 16 120
1 17 89
1 18 19
1 19 161
1 20 130
1 21 137
1 22 175
1 23 161
1 24 199
1 25 67
1 26 160
1 27 53
1 28 22
1 29 57
1 30 52
1 31 160
1 32 184
1 33 114
1 34 26
1 35 113
1 36 86
1 37 11
1 38 200
1 39 77
1 40 7
1 41 61
1 42 44
1 43 56
1 44 134
1 45 50
1 46 27
1 47 174
1 48 199
1 49 115
1 50 57
1 51 89
1 52 7
1 53 174
1 54 83
1 55 116
1 56 128
1 57 83
1 58 139
1 59 182
1 60 91
1 61 185
1 62 192
1 63 101
1 64 193
1 65 75
1 66 108
1 67 154
1 68 22
1 69 183
1 70 44
1 71 15
1 72 174
1 73 151
1 74 132
1 75 52
1 76 164
1 77 168
1 78 94
1 79 9
1 80 37
1 81 73
1 82 187
1 83 127
1 84 178
1 85 70
1 86 98
1 87 137
1 88 175
1 89 169
1 90 133
1 91 183
1 92 158
1 93 105
1 94 95
1 95 187
1 96 130
1 97 100
1 98 177
1 99 74
2 3 91
2 4 20
2 5 129
2 6 161
2 7 75
2 8 195
2 9 184
2 10 144
2 11 7
2 12 81
2 13 55
2 14 55
2 15 54
2 16 187
2 17 89
2 18 33
2 19 125
2 20 151
2 21 35
2 22 71
2 23 0
2 24 116
2 25 34
2 26 187
2 27 102
2 28 139
2 29 28
2 30 148
2 31 114
2 32 34
2 33 158
2 34 192
2 35 127
2 36 3
2 37 16
2 38 163
2 39 190
2 40 0
2 41 151
2 42 128
2 43 28
2 44 152
2 45 43
2 46 168
2 47 138
2 48 73
2 49 41
2 50 174
2 51 134
2 52 163
2 53 154
2 54 133
2 55 16
2 56 81
2 57 48
2 58 185
2 59 16
2 60 87
2 61 59
2 62 56
2 63 36
2 64 55
2 65 197
2 66 102
2 67 170
2 68 142
2 69 69
2 70 121
2 71 160
2 72 198
2 73 163
2 74 155
2 75 19
2 76 16
2 77 12
2 78 138
2 79 147
2 80 174
2 81 114
2 82 34
2 83 5
2 84 87
2 85 66
2 86 164
2 87 137
2 88 45
2 89 144
2 90 192
2 91 25
2 92 49
2 93 155
2 94 193
2 95 160
2 96 9
2 97 67
2 98 109
2 99 152
3 4 113
3 5 181
3 6 74
3 7 56
3 8 158
3 9 10
3 10 40
3 11 49
3 12 148
3 13 76
3 14 135
3 15 85
3 16 46
3 17 77
3 18 156
3 19 128
3 20 159
3 21 75
3 22 164
3 23 150
3 24 10
3 25 113
3 26 20
3 27 2
3 28 171
3 29 184
3 30 110
3 31 80
3 32 3
3 33 153
3 34 147
3 35 28
3 36 25
3 37 96
3 38 197
3 39 25
3 40 14
3 41 44
3 42 180
3 43 62
3 44 193
3 45 15
3 46 23
3 47 181
3 48 195
3 49 94
3 50 184
3 51 42
3 52 132
3 53 197
3 54 138
3 55 149
3 56 174
3 57 18
3 58 145
3 59 130
3 60 128
3 61 83
3 62 199
3 63 165
3 64 0
3 65 172
3 66 144
3 67 76
3 68 40
3 69 195
3 70 159
3 71 55
3 72 197
3 73 179
3 74 121
3 75 89
3 76 186
3 77 26
3 78 138
3 79 99
3 80 8
3 81 63
3 82 66
3 83 55
3 84 139
3 85 40
3 86 137
3 87 193
3 88 106
3 89 197
3 90 66
3 91 10
3 92 163
3 93 184
3 94 55
3 95 54
3 96 178
3 97 29
3 98 83
3 99 82
4 5 52
4 6 14
4 7 54
4 8 75
4 9 173
4 10 91
4 11 162
4 12 54
4 13 162
4 14 99
4 15 136
4 16 75
4 17 185
4 18 153
4 19 106
4 20 110
4 21 87
4 22 90
4 23 18
4 24 158
4 25 77
4 26 151
4 27 17
4 28 126
4 29 69
4 30 118
4 31 148
4 32 58
4 33 194
4 34 36
4 35 185
4 36 39
4 37 122
4 38 68
4 39 51
4 40 126
4 41 145
4 42 99
4 43 46
4 44 172
4 45 190
4 46 59
4 47 25
4 48 33
4 49 182
4 50 99
4 51 103
4 52 132
4 53 18
4 54 132
4 55 52
4 56 49
4 57 168
4 58 55
4 59 38
4 60 200
4 61 71
4 62 83
4 63 88
4 64 41
4 65 111
4 66 61
4 67 2
4 68 154
4 69 119
4 70 41
4 71 181
4 72 172
4 73 63
4 74 148
4 75 91
4 76 138
4 77 149
4 78 52
4 79 43
4 80 131
4 81 19
4 82 169
4 83 39
4 84 195
4 85 5
4 86 84
4 87 126
4 88 73
4 89 104
4 90 188
4 91 184
4 92 38
4 93 47
4 94 111
4 95 10
4 96 199
4 97 35
4 98 164
4 99 126
5 6 7
5 7 5
5 8 103
5 9 75
5 10 84
5 11 162
5 12 101
5 13 139
5 14 95
5 15 72
5 16 1
5 17 32
5 18 119
5 19 184
5 20 135
5 21 33
5 22 2
5 23 142
5 24 140
5 25 48
5 26 67
5 27 71
5 28 148
5 29 4
5 30 56
5 31 105
5 32 62
5 33 184
5 34 105
5 35 16
5 36 149
5 37 134
5 38 64
5 39 163
5 40 139
5 41 45
5 42 193
5 43 73
5 44 127
5 45 80
5 46 24
5 47 54
5 48 101
5 49 15
5 50 11
5 51 135
5 52 46
5 53 153
5 54 184
5 55 32
5 56 83
5 57 91
5 58 34
5 59 19
5 60 68
5 61 5
5 62 13
5 63 64
5 64 160
5 65 132
5 66 16
5 67 184
5 68 64
5 69 75
5 70 179
5 71 71
5 72 4
5 73 156
5 74 82
5 75 152
5 76 138
5 77 57
5 78 36
5 79 96
5 80 118
5 81 17
5 82 140
5 83 103
5 84 21
5 85 3
5 86 132
5 87 71
5 88 111
5 89 11
5 90 70
5 91 88
5 92 101
5 93 158
5 94 70
5 95 199
5 96 65
5 97 18
5 98 111
5 99 126
6 7 170
6 8 117
6 9 106
6 10 62
6 11 35
6 12 168
6 13 107
6 14 89
6 15 140
6 16 91
6 17 76
6 18 79
6 19 81
6 20 145
6 21 29
6 22 182
6 23 154
6 24 86
6 25 71
6 26 180
6 27 105
6 28 144
6 29 186
6 30 47
6 31 59
6 32 147
6 33 103
6 34 24
6 35 152
6 36 67
6 37 83
6 38 38
6 39 177
6 40 195
6 41 105
6 42 146
6 43 23
6 44 69
6 45 31
6 46 136
6 47 96
6 48 45
6 49 108
6 50 148
6 51 23
6 52 154
6 53 35
6 54 72
6 55 52
6 56 189
6 57 89
6 58 84
6 59 103
6 60 128
6 61 139
6 62 144
6 63 63
6 64 185
6 65 59
6 66 94
6 67 123
6 68 125
6 69 191
6 70 91
6 71 111
6 72 143
6 73 55
6 74 99
6 75 87
6 76 115
6 77 23
6 78 84
6 79 149
6 80 181
6 81 87
6 82 73
6 83 182
6 84 150
6 85 46
6 86 1
6 87 147
6 88 41
6 89 116
6 90 112
6 91 196
6 92 15
6 93 183
6 94 68
6 95 49
6 96 199
6 97 4
6 98 163
6 99 80
7 8 122
7 9 154
7 10 21
7 11 34
7 12 34
7 13 35
7 14 65
7 15 24
7 16 94
7 17 2
7 18 18
7 19 165
7 20 22
7 21 65
7 22 18
7 23 128
7 24 65
7 25 55
7 26 111
7 27 80
7 28 25
7 29 76
7 30 137
7 31 123
7 32 138
7 33 127
7 34 64
7 35 149
7 36 61
7 37 83
7 38 187
7 39 182
7 40 35
7 41 175
7 42 23
7 43 143
7 44 117
7 45 163
7 46 1
7 47 135
7 48 75
7 49 15
7 50 96
7 51 83
7 52 31
7 53 191
7 54 170
7 55 144
7 56 171
7 57 194
7 58 59
7 59 137
7 60 62
7 61 78
7 62 189
7 63 148
7 64 84
7 65 4
7 66 191
7 67 134
7 68 100
7 69 94
7 70 183
7 71 154
7 72 110
7 73 143
7 74 170
7 75 139
7 76 144
7 77 52
7 78 54
7 79 89
7 80 189
7 81 154
7 82 129
7 83 69
7 84 71
7 85 53
7 86 30
7 87 16
7 88 133
7 89 104
7 90 61
7 91 188
7 92 69
7 93 179
7 94 112
7 95 39
7 96 75
7 97 179
7 98 44
7 99 87
8 9 194
8 10 47
8 11 63
8 12 84
8 13 95
8 14 14
8 15 138
8 16 194
8 17 91
8 18 109
8 19 186
8 20 104
8 21 63
8 22 6
8 23 157
8 24 179
8 25 161
8 26 87
8 27 69
8 28 141
8 29 17
8 30 51
8 31 191
8 32 110
8 33 39
8 34 100
8 35 0
8 36 71
8 37 142
8 38 133
8 39 173
8 40 88
8 41 133
8 42 195
8 43 192
8 44 111
8 45 169
8 46 16
8 47 194
8 48 40
8 49 28
8 50 140
8 51 119
8 52 94
8 53 80
8 54 63
8 55 20
8 56 197
8 57 110
8 58 110
8 59 92
8 60 84
8 61 186
8 62 170
8 63 24
8 64 142
8 65 147
8 66 109
8 67 169
8 68 197
8 69 177
8 70 194
8 71 1
8 72 35
8 73 104
8 74 173
8 75 51
8 76 112
8 77 100
8 78 84
8 79 122
8 80 200
8 81 9
8 82 198
8 83 44
8 84 145
8 85 116
8 86 176
8 87 4
8 88 184
8 89 144
8 90 97
8 91 96
8 92 135
8 93 154
8 94 145
8 95 157
8 96 110
8 97 122
8 98 82
8 99 100
9 10 20
9 11 58
9 12 168
9 13 189
9 14 21
9 15 120
9 16 137
9 17 136
9 18 185
9 19 16
9 20 190
9 21 87
9 22 50
9 23 191
9 24 188
9 25 81
9 26 3
9 27 1
9 28 148
9 29 191
9 30 104
9 31 142
9 32 197
9 33 168
9 34 62
9 35 12
9 36 155
9 37 180
9 38 152
9 39 54
9 40 161
9 41 72
9 42 84
9 43 190
9 44 87
9 45 170
9 46 92
9 47 55
9 48 28
9 49 89
9 50 105
9 51 195
9 52 75
9 53 143
9 54 143
9 55 42
9 56 84
9 57 167
9 58 163
9 59 116
9 60 165
9 61 48
9 62 52
9 63 8
9 64 113
9 65 89
9 66 50
9 67 177
9 68 153
9 69 23
9 70 146
9 71 174
9 72 37
9 73 22
9 74 164
9 75 190
9 76 8
9 77 15
9 78 9
9 79 105
9 80 62
9 81 45
9 82 39
9 83 185
9 84 27
9 85 178
9 86 15
9 87 79
9 88 74
9 89 164
9 90 36
9 91 55
9 92 25
9 93 154
9 94 131
9 95 120
9 96 138
9 97 44
9 98 82
9 99 155
10 11 4
10 12 169
10 13 199
10 14 39
10 15 182
10 16 151
10 17 153
10 18 10
10 19 97
10 20 93
10 21 174
10 22 65
10 23 152
10 24 33
10 25 170
10 26 40
10 27 55
10 28 110
10 29 63
10 30 10
10 31 89
10 32 30
10 33 136
10 34 101
10 35 2
10 36 82
10 37 194
10 38 52
10 39 179
10 40 179
10 41 112
10 42 88
10 43 55
10 44 199
10 45 34
10 46 142
10 47 1
10 48 150
10 49 54
10 50 141
10 51 74
10 52 200
10 53 122
10 54 155
10 55 75
10 56 66
10 57 125
10 58 99
10 59 41
10 60 84
10 61 84
10 62 9
10 63 171
10 64 157
10 65 150
10 66 71
10 67 36
10 68 105
10 69 160
10 70 36
10 71 66
10 72 64
10 73 177
10 74 105
10 75 146
10 76 181
10 77 1
10 78 114
10 79 193
10 80 20
10 81 54
10 82 189
10 83 83
10 84 153
10 85 77
10 86 181
10 87 18
10 88 182
10 89 141
10 90 158
10 91 187
10 92 36
10 93 34
10 94 121
10 95 1
10 96 6
10 97 198
10 98 88
10 99 194
11 12 73
11 13 107
11 14 115
11 15 88
11 16 11
11 17 37
11 18 43
11 19 122
11 20 196
11 21 192
11 22 127
11 23 120
11 24 174
11 25 51
11 26 183
11 27 59
11 28 126
11 29 131
11 30 157
11 31 74
11 32 116
11 33 48
11 34 0
11 35 79
11 36 171
11 37 55
11 38 28
11 39 55
11 40 55
11 41 65
11 42 27
11 43 161
11 44 165
11 45 28
11 46 133
11 47 183
11 48 33
11 49 164
11 50 3
11 51 120
11 52 19
11 53 39
11 54 37
11 55 49
11 56 200
11 57 131
11 58 123
11 59 99
11 60 176
11 61 193
11 62 147
11 63 166
11 64 157
11 65 90
11 66 26
11 67 175
11 68 53
11 69 114
11 70 26
11 71 44
11 72 180
11 73 53
11 74 119
11 75 49
11 76 199
11 77 121
11 78 43
11 79 194
11 80 13
11 81 96
11 82 100
11 83 76
11 84 122
11 85 17
11 86 51
11 87 115
11 88 101
11 89 149
11 90 89
11 91 88
11 92 173
11 93 109
11 94 37
11 95 105
11 96 67
11 97 163
11 98 29
11 99 100
12 13 88
12 14 158
12 15 70
12 16 6
12 17 139
12 18 161
12 19 0
12 20 134
12 21 199
12 22 17
12 23 187
12 24 107
12 25 129
12 26 3
12 27 12
12 28 25
12 29 70
12 30 79
12 31 105
12 32 96
12 33 107
12 34 133
12 35 116
12 36 16
12 37 154
12 38 79
12 39 0
12 40 25
12 41 16
12 42 38
12 43 68
12 44 186
12 45 153
12 46 73
12 47 196
12 48 19
12 49 88
12 50 120
12 51 87
12 52 96
12 53 56
12 54 106
12 55 49
12 56 92
12 57 90
12 58 88
12 59 183
12 60 127
12 61 46
12 62 182
12 63 183
12 64 15
12 65 156
12 66 179
12 67 195
12 68 19
12 69 185
12 70 18
12 71 195
12 72 82
12 73 13
12 74 43
12 75 87
12 76 97
12 77 123
12 78 62
12 79 140
12 80 155
12 81 45
12 82 178
12 83 44
12 84 176
12 85 185
12 86 107
12 87 186
12 88 56
12 89 99
12 90 125
12 91 53
12 92 89
12 93 152
12 94 103
12 95 112
12 96 192
12 97 186
12 98 111
12 99 49
13 14 165
13 15 45
13 16 120
13 17 138
13 18 129
13 19 54
13 20 186
13 21 140
13 22 81
13 23 45
13 24 186
13 25 35
13 26 5
13 27 65
13 28 106
13 29 183
13 30 4
13 31 151
13 32 71
13 33 10
13 34 70
13 35 133
13 36 7
13 37 24
13 38 181
13 39 7
13 40 14
13 41 16
13 42 69
13 43 73
13 44 127
13 45 57
13 46 17
13 47 122
13 48 171
13 49 86
13 50 100
13 51 35
13 52 162
13 53 104
13 54 18
13 55 159
13 56 92
13 57 180
13 58 20
13 59 114
13 60 108
13 61 34
13 62 8
13 63 140
13 64 186
13 65 88
13 66 66
13 67 5
13 68 28
13 69 194
13 70 1
13 71 172
13 72 143
13 73 0
13 74 51
13 75 167
13 76 101
13 77 133
13 78 114
13 79 109
13 80 103
13 81 123
13 82 195
13 83 73
13 84 134
13 85 132
13 86 125
13 87 53
13 88 132
13 89 32
13 90 141
13 91 127
13 92 149
13 93 77
13 94 69
13 95 65
13 96 84
13 97 142
13 98 196
13 99 46
14 15 118
14 16 82
14 17 110
14 18 23
14 19 41
14 20 64
14 21 83
14 22 123
14 23 186
14 24 25
14 25 11
14 26 50
14 27 150
14 28 163
14 29 85
14 30 32
14 31 79
14 32 195
14 33 135
14 34 86
14 35 160
14 36 173
14 37 114
14 38 147
14 39 88
14 40 88
14 41 58
14 42 19
14 43 169
14 44 70
14 45 103
14 46 93
14 47 28
14 48 44
14 49 118
14 50 183
14 51 95
14 52 144
14 53 198
14 54 169
14 55 165
14 56 135
14 57 141
14 58 57
14 59 69
14 60 96
14 61 144
14 62 128
14 63 100
14 64 69
14 65 44
14 66 76
14 67 121
14 68 103
14 69 37
14 70 81
14 71 67
14 72 10
14 73 28
14 74 18
14 75 183
14 76 64
14 77 60
14 78 133
14 79 52
14 80 7
14 81 155
14 82 140
14 83 190
14 84 157
14 85 123
14 86 87
14 87 86
14 88 109
14 89 17
14 90 80
14 91 182
14 92 192
14 93 118
14 94 170
14 95 143
14 96 139
14 97 186
14 98 161
14 99 105
15 16 46
15 17 125
15 18 78
15 19 99
15 20 21
15 21 18
15 22 28
15 23 191
15 24 69
15 25 64
15 26 122
15 27 66
15 28 33
15 29 20
15 30 29
15 31 137
15 32 194
15 33 136
15 34 112
15 35 11
15 36 136
15 37 157
15 38 34
15 39 192
15 40 170
15 41 177
15 42 71
15 43 116
15 44 151
15 45 77
15 46 39
15 47 134
15 48 28
15 49 99
15 50 110
15 51 22
15 52 128
15 53 75
15 54 62
15 55 40
15 56 106
15 57 164
15 58 134
15 59 69
15 60 123
15 61 105
15 62 166
15 63 160
15 64 17
15 65 23
15 66 127
15 67 47
15 68 59
15 69 174
15 70 118
15 71 28
15 72 60
15 73 97
15 74 102
15 75 25
15 76 59
15 77 103
15 78 60
15 79 47
15 80 95
15 81 90
15 82 173
15 83 118
15 84 118
15 85 110
15 86 158
15 87 157
15 88 98
15 89 45
15 90 161
15 91 49
15 92 73
15 93 195
15 94 183
15 95 17
15 96 3
15 97 168
15 98 137
15 99 103
16 17 165
16 18 18
16 19 196
16 20 112
16 21 179
16 22 178
16 23 181
16 24 79
16 25 30
16 26 163
16 27 114
16 28 81
16 29 172
16 30 182
16 31 95
16 32 117
16 33 4
16 34 63
16 35 40
16 36 102
16 37 143
16 38 75
16 39 64
16 40 53
16 41 118
16 42 22
16 43 155
16 44 182
16 45 158
16 46 60
16 47 164
16 48 83
16 49 52
16 50 196
16 51 151
16 52 171
16 53 58
16 54 190
16 55 123
16 56 67
16 57 122
16 58 37
16 59 107
16 60 153
16 61 102
16 62 86
16 63 78
16 64 192
16 65 24
16 66 88
16 67 183
16 68 198
16 69 97
16 70 185
16 71 32
16 72 183
16 73 191
16 74 165
16 75 118
16 76 33
16 77 139
16 78 24
16 79 163
16 80 166
16 81 49
16 82 134
16 83 199
16 84 52
16 85 179
16 86 39
16 87 96
16 88 134
16 89 88
16 90 76
16 91 89
16 92 140
16 93 5
16 94 177
16 95 200
16 96 56
16 97 17
16 98 109
16 99 156
17 18 88
17 19 165
17 20 191
17 21 143
17 22 76
17 23 75
17 24 168
17 25 88
17 26 178
17 27 38
17 28 143
17 29 141
17 30 0
17 31 183
17 32 158
17 33 42
17 34 44
17 35 101
17 36 127
17 37 47
17 38 99
17 39 150
17 40 14
17 41 59
17 42 35
17 43 154
17 44 157
17 45 34
17 46 105
17 47 3
17 48 26
17 49 51
17 50 126
17 51 192
17 52 159
17 53 100
17 54 95
17 55 82
17 56 72
17 57 159
17 58 57
17 59 55
17 60 181
17 61 181
17 62 100
17 63 167
17 64 156
17 65 163
17 66 146
17 67 6
17 68 147
17 69 169
17 70 89
17 71 161
17 72 120
17 73 160
17 74 68
17 75 129
17 76 87
17 77 135
17 78 32
17 79 168
17 80 6
17 81 156
17 82 0
17 83 111
17 84 151
17 85 65
17 86 3
17 87 144
17 88 24
17 89 54
17 90 19
17 91 80
17 92 189
17 93 53
17 94 30
17 95 132
17 96 11
17 97 147
17 98 139
17 99 194
18 19 92
18 20 197
18 21 16
18 22 17
18 23 63
18 24 68
18 25 131
18 26 139
18 27 175
18 28 112
18 29 153
18 30 84
18 31 39
18 32 75
18 33 154
18 34 124
18 35 186
18 36 21
18 37 66
18 38 190
18 39 105
18 40 75
18 41 43
18 42 82
18 43 68
18 44 183
18 45 105
18 46 138
18 47 183
18 48 2
18 49 56
18 50 172
18 51 33
18 52 107
18 53 181
18 54 48
18 55 91
18 56 152
18 57 194
18 58 142
18 59 75
18 60 122
18 61 141
18 62 175
18 63 191
18 64 29
18 65 112
18 66 150
18 67 150
18 68 31
18 69 117
18 70 89
18 71 107
18 72 174
18 73 189
18 74 92
18 75 18
18 76 192
18 77 124
18 78 78
18 79 140
18 80 3
18 81 81
18 82 62
18 83 88
18 84 138
18 85 28
18 86 189
18 87 97
18 88 30
18 89 72
18 90 145
18 91 189
18 92 40
18 93 125
18 94 135
18 95 57
18 96 180
18 97 86
18 98 172
18 99 124
19 20 24
19 21 59
19 22 38
19 23 44
19 24 89
19 25 69
19 26 178
19 27 103
19 28 94
19 29 125
19 30 78
19 31 97
19 32 60
19 33 19
19 34 77
19 35 77
19 36 89
19 37 29
19 38 74
19 39 167
19 40 195
19 41 135
19 42 144
19 43 131
19 44 86
19 45 111
19 46 139
19 47 56
19 48 46
19 49 166
19 50 69
19 51 144
19 52 187
19 53 104
19 54 186
19 55 196
19 56 171
19 57 164
19 58 104
19 59 77
19 60 18
19 61 70
19 62 167
19 63 143
19 64 111
19 65 178
19 66 57
19 67 196
19 68 137
19 69 181
19 70 45
19 71 100
19 72 172
19 73 63
19 74 163
19 75 13
19 76 165
19 77 43
19 78 7
19 79 185
19 80 116
19 81 105
19 82 98
19 83 95
19 84 136
19 85 94
19 86 176
19 87 146
19 88 189
19 89 160
19 90 31
19 91 15
19 92 115
19 93 102
19 94 137
19 95 124
19 96 153
19 97 48
19 98 119
19 99 84
20 21 115
20 22 172
20 23 132
20 24 122
20 25 166
20 26 15
20 27 170
20 28 28
20 29 40
20 30 134
20 31 113
20 32 128
20 33 153
20 34 165
20 35 200
20 36 162
20 37 10
20 38 43
20 39 79
20 40 80
20 41 152
20 42 27
20 43 112
20 44 150
20 45 52
20 46 98
20 47 109
20 48 189
20 49 61
20 50 126
20 51 30
20 52 179
20 53 147
20 54 44
20 55 49
20 56 57
20 57 180
20 58 172
20 59 46
20 60 30
20 61 90
20 62 190
20 63 140
20 64 34
20 65 113
20 66 151
20 67 137
20 68 177
20 69 32
20 70 171
20 71 136
20 72 121
20 73 29
20 74 199
20 75 105
20 76 144
20 77 79
20 78 168
20 79 112
20 80 55
20 81 171
20 82 168
20 83 20
20 84 99
20 85 56
20 86 72
20 87 41
20 88 163
20 89 62
20 90 139
20 91 25
20 92 111
20 93 154
20 94 43
20 95 143
20 96 32
20 97 52
20 98 192
20 99 56
21 22 26
21 23 79
21 24 67
21 25 36
21 26 69
21 27 49
21 28 18
21 29 42
21 30 4
21 31 189
21 32 77
21 33 169
21 34 198
21 35 55
21 36 194
21 37 104
21 38 138
21 39 153
21 40 193
21 41 110
21 42 137
21 43 143
21 44 119
21 45 9
21 46 158
21 47 49
21 48 125
21 49 133
21 50 8
21 51 95
21 52 120
21 53 92
21 54 59
21 55 102
21 56 183
21 57 123
21 58 37
21 59 199
21 60 35
21 61 52
21 62 173
21 63 123
21 64 96
21 65 99
21 66 60
21 67 179
21 68 200
21 69 18
21 70 168
21 71 185
21 72 16
21 73 33
21 74 172
21 75 188
21 76 129
21 77 18
21 78 96
21 79 7
21 80 148
21 81 75
21 82 122
21 83 94
21 84 25
21 85 17
21 86 78
21 87 199
21 88 194
21 89 10
21 90 33
21 91 178
21 92 94
21 93 46
21 94 67
21 95 147
21 96 35
21 97 122
21 98 107
21 99 30
22 23 160
22 24 101
22 25 34
22 26 30
22 27 167
22 28 122
22 29 72
22 30 155
22 31 158
22 32 136
22 33 82
22 34 185
22 35 58
22 36 174
22 37 77
22 38 123
22 39 151
22 40 22
22 41 36
22 42 182
22 43 66
22 44 143
22 45 187
22 46 59
22 47 195
22 48 150
22 49 41
22 50 165
22 51 196
22 52 128
22 53 102
22 54 126
22 55 157
22 56 73
22 57 56
22 58 85
22 59 152
22 60 121
22 61 141
22 62 150
22 63 48
22 64 191
22 65 114
22 66 70
22 67 149
22 68 134
22 69 122
22 70 114
22 71 21
22 72 28
22 73 162
22 74 139
22 75 2
22 76 101
22 77 188
22 78 41
22 79 4
22 80 182
22 81 15
22 82 138
22 83 147
22 84 18
22 85 40
22 86 111
22 87 160
22 88 96
22 89 57
22 90 190
22 91 105
22 92 182
22 93 124
22 94 47
22 95 95
22 96 107
22 97 81
22 98 40
22 99 24
23 24 166
23 25 130
23 26 105
23 27 147
23 28 100
23 29 76
23 30 13
23 31 43
23 32 143
23 33 14
23 34 13
23 35 136
23 36 197
23 37 88
23 38 85
23 39 76
23 40 175
23 41 37
23 42 137
23 43 195
23 44 154
23 45 175
23 46 49
23 47 62
23 48 173
23 49 162
23 50 149
23 51 3
23 52 71
23 53 1
23 54 197
23 55 180
23 56 61
23 57 57
23 58 5
23 59 64
23 60 101
23 61 199
23 62 84
23 63 187
23 64 191
23 65 161
23 66 55
23 67 97
23 68 105
23 69 148
23 70 12
23 71 29
23 72 148
23 73 67
23 74 34
23 75 76
23 76 93
23 77 104
23 78 51
23 79 160
23 80 174
23 81 163
23 82 74
23 83 19
23 84 77
23 85 35
23 86 144
23 87 180
23 88 164
23 89 115
23 90 164
23 91 190
23 92 30
23 93 51
23 94 155
23 95 74
23 96 143
23 97 100
23 98 146
23 99 67
24 25 109
24 26 191
24 27 49
24 28 119
24 29 73
24 30 113
24 31 45
24 32 196
24 33 67
24 34 174
24 35 159
24 36 120
24 37 42
24 38 97
24 39 133
24 40 119
24 41 49
24 42 55
24 43 123
24 44 15
24 45 4
24 46 194
24 47 111
24 48 93
24 49 29
24 50 134
24 51 128
24 52 94
24 53 65
24 54 185
24 55 11
24 56 194
24 57 10
24 58 74
24 59 111
24 60 149
24 61 25
24 62 61
24 63 82
24 64 146
24 65 19
24 66 10
24 67 170
24 68 9
24 69 152
24 70 144
24 71 43
24 72 66
24 73 6
24 74 15
24 75 18
24 76 117
24 77 127
24 78 200
24 79 47
24 80 134
24 81 98
24 82 35
24 83 115
24 84 74
24 85 146
24 86 60
24 87 111
24 88 154
24 89 200
24 90 38
24 91 181
24 92 90
24 93 141
24 94 96
24 95 185
24 96 9
24 97 159
24 98 180
24 99 39
25 26 85
25 27 19
25 28 28
25 29 3
25 30 95
25 31 174
25 32 5
25 33 89
25 34 60
25 35 191
25 36 191
25 37 121
25 38 40
25 39 139
25 40 152
25 41 191
25 42 21
25 43 48
25 44 78
25 45 126
25 46 99
25 47 20
25 48 60
25 49 74
25 50 117
25 51 124
25 52 180
25 53 68
25 54 194
25 55 51
25 56 139
25 57 163
25 58 145
25 59 192
25 60 22
25 61 199
25 62 157
25 63 54
25 64 142
25 65 127
25 66 83
25 67 185
25 68 101
25 69 88
25 70 148
25 71 92
25 72 137
25 73 3
25 74 197
25 75 71
25 76 172
25 77 196
25 78 96
25 79 38
25 80 135
25 81 63
25 82 61
25 83 24
25 84 134
25 85 186
25 86 129
25 87 185
25 88 95
25 89 128
25 90 148
25 91 30
25 92 79
25 93 8
25 94 181
25 95 162
25 96 115
25 97 175
25 98 38
25 99 84
26 27 12
26 28 179
26 29 11
26 30 153
26 31 67
26 32 155
26 33 187
26 34 5
26 35 147
26 36 176
26 37 103
26 38 49
26 39 62
26 40 193
26 41 97
26 42 56
26 43 159
26 44 139
26 45 69
26 46 8
26 47 192
26 48 159
26 49 170
26 50 183
26 51 103
26 52 167
26 53 64
26 54 124
26 55 121
26 56 33
26 57 121
26 58 16
26 59 5
26 60 107
26 61 80
26 62 3
26 63 189
26 64 23
26 65 28
26 66 30
26 67 49
26 68 41
26 69 129
26 70 146
26 71 169
26 72 55
26 73 166
26 74 110
26 75 65
26 76 119
26 77 51
26 78 200
26 79 180
26 80 119
26 81 105
26 82 183
26 83 61
26 84 102
26 85 128
26 86 163
26 87 6
26 88 84
26 89 174
26 90 102
26 91 4
26 92 41
26 93 4
26 94 21
26 95 157
26 96 41
26 97 97
26 98 152
26 99 111
27 28 107
27 29 80
27 30 31
27 31 10
27 32 184
27 33 10
27 34 137
27 35 25
27 36 147
27 37 101
27 38 43
27 39 191
27 40 76
27 41 118
27 42 71
27 43 161
27 44 13
27 45 142
27 46 114
27 47 26
27 48 145
27 49 7
27 50 101
27 51 3
27 52 45
27 53 70
27 54 51
27 55 10
27 56 42
27 57 128
27 58 193
27 59 181
27 60 184
27 61 122
27 62 185
27 63 70
27 64 66
27 65 52
27 66 120
27 67 161
27 68 132
27 69 67
27 70 56
27 71 52
27 72 67
27 73 137
27 74 134
27 75 160
27 76 96
27 77 170
27 78 128
27 79 19
27 80 181
27 81 6
27 82 130
27 83 0
27 84 54
27 85 196
27 86 186
27 87 40
27 88 163
27 89 127
27 90 39
27 91 85
27 92 101
27 93 183
27 94 107
27 95 12
27 96 57
27 97 34
27 98 155
27 99 2
28 29 89
28 30 124
28 31 131
28 32 188
28 33 58
28 34 137
28 35 89
28 36 70
28 37 192
28 38 193
28 39 177
28 40 158
28 41 160
28 42 39
28 43 75
28 44 165
28 45 199
28 46 126
28 47 113
28 48 10
28 49 180
28 50 159
28 51 177
28 52 117
28 53 149
28 54 28
28 55 154
28 56 100
28 57 124
28 58 32
28 59 106
28 60 64
28 61 160
28 62 127
28 63 153
28 64 138
28 65 32
28 66 127
28 67 23
28 68 3
28 69 158
28 70 67
28 71 124
28 72 131
28 73 69
28 74 38
28 75 113
28 76 7
28 77 185
28 78 29
28 79 170
28 80 107
28 81 198
28 82 145
28 83 169
28 84 167
28 85 188
28 86 149
28 87 125
28 88 6
28 89 33
28 90 48
28 91 175
28 92 140
28 93 107
28 94 147
28 95 192
28 96 8
28 97 45
28 98 18
28 99 37
29 30 2
29 31 40
29 32 76
29 33 139
29 34 87
29 35 1
29 36 73
29 37 199
29 38 89
29 39 1
29 40 15
29 41 37
29 42 149
29 43 150
29 44 47
29 45 105
29 46 195
29 47 185
29 48 169
29 49 149
29 50 35
29 51 185
29 52 151
29 53 144
29 54 88
29 55 94
29 56 195
29 57 110
29 58 22
29 59 200
29 60 22
29 61 130
29 62 46
29 63 80
29 64 127
29 65 75
29 66 66
29 67 4
29 68 23
29 69 124
29 70 138
29 71 184
29 72 103
29 73 128
29 74 110
29 75 11
29 76 142
29 77 8
29 78 188
29 79 38
29 80 27
29 81 121
29 82 40
29 83 14
29 84 85
29 85 56
29 86 115
29 87 130
29 88 86
29 89 193
29 90 95
29 91 170
29 92 114
29 93 178
29 94 35
29 95 176
29 96 62
29 97 153
29 98 28
29 99 88
30 31 6
30 32 36
30 33 73
30 34 150
30 35 82
30 36 160
30 37 147
30 38 137
30 39 116
30 40 173
30 41 27
30 42 54
30 43 153
30 44 28
30 45 52
30 46 163
30 47 19
30 48 68
30 49 127
30 50 71
30 51 113
30 52 180
30 53 163
30 54 125
30 55 88
30 56 130
30 57 43
30 58 8
30 59 198
30 60 1
30 61 106
30 62 167
30 63 93
30 64 72
30 65 34
30 66 90
30 67 43
30 68 197
30 69 158
30 70 84
30 71 85
30 72 175
30 73 103
30 74 6
30 75 68
30 76 63
30 77 75
30 78 106
30 79 65
30 80 11
30 81 148
30 82 127
30 83 187
30 84 63
30 85 32
30 86 192
30 87 75
30 88 155
30 89 44
30 90 170
30 91 34
30 92 24
30 93 16
30 94 33
30 95 197
30 96 34
30 97 184
30 98 134
30 99 36
31 32 183
31 33 70
31 34 22
31 35 56
31 36 172
31 37 86
31 38 73
31 39 55
31 40 56
31 41 81
31 42 79
31 43 162
31 44 149
31 45 164
31 46 11
31 47 62
31 48 149
31 49 182
31 50 79
31 51 155
31 52 57
31 53 200
31 54 27
31 55 99
31 56 11
31 57 5
31 58 77
31 59 152
31 60 48
31 61 51
31 62 10
31 63 107
31 64 165
31 65 67
31 66 54
31 67 185
31 68 67
31 69 29
31 70 164
31 71 40
31 72 30
31 73 150
31 74 176
31 75 91
31 76 170
31 77 148
31 78 154
31 79 71
31 80 142
31 81 10
31 82 197
31 83 160
31 84 147
31 85 187
31 86 79
31 87 167
31 88 62
31 89 38
31 90 189
31 91 146
31 92 78
31 93 68
31 94 195
31 95 133
31 96 12
31 97 76
31 98 32
31 99 114
32 33 8
32 34 140
32 35 104
32 36 118
32 37 172
32 38 12
32 39 156
32 40 144
32 41 200
32 42 28
32 43 11
32 44 88
32 45 85
32 46 107
32 47 149
32 48 35
32 49 175
32 50 7
32 51 30
32 52 20
32 53 172
32 54 36
32 55 162
32 56 70
32 57 144
32 58 16
32 59 174
32 60 151
32 61 146
32 62 21
32 63 191
32 64 67
32 65 54
32 66 86
32 67 135
32 68 17
32 69 19
32 70 191
32 71 51
32 72 90
32 73 57
32 74 133
32 75 41
32 76 190
32 77 124
32 78 17
32 79 188
32 80 148
32 81 198
32 82 40
32 83 109
32 84 168
32 85 132
32 86 48
32 87 82
32 88 147
32 89 146
32 90 157
32 91 69
32 92 134
32 93 109
32 94 77
32 95 146
32 96 51
32 97 14
32 98 180
32 99 136
33 34 119
33 35 35
33 36 158
33 37 152
33 38 4
33 39 157
33 40 168
33 41 161
33 42 18
33 43 44
33 44 100
33 45 29
33 46 71
33 47 164
33 48 160
33 49 32
33 50 192
33 51 56
33 52 58
33 53 134
33 54 33
33 55 21
33 56 127
33 57 49
33 58 111
33 59 166
33 60 170
33 61 73
33 62 44
33 63 177
33 64 14
33 65 186
33 66 130
33 67 9
33 68 44
33 69 33
33 70 189
33 71 131
33 72 159
33 73 177
33 74 83
33 75 15
33 76 161
33 77 16
33 78 92
33 79 196
33 80 111
33 81 86
33 82 169
33 83 198
33 84 68
33 85 114
33 86 64
33 87 0
33 88 38
33 89 68
33 90 193
33 91 85
33 92 74
33 93 34
33 94 162
33 95 182
33 96 199
33 97 164
33 98 54
33 99 83
34 35 28
34 36 146
34 37 133
34 38 76
34 39 72
34 40 8
34 41 157
34 42 52
34 43 172
34 44 115
34 45 148
34 46 32
34 47 52
34 48 39
34 49 149
34 50 98
34 51 12
34 52 10
34 53 6
34 54 199
34 55 142
34 56 174
34 57 165
34 58 23
34 59 119
34 60 126
34 61 148
34 62 143
34 63 38
34 64 156
34 65 183
34 66 158
34 67 146
34 68 46
34 69 159
34 70 178
34 71 40
34 72 61
34 73 140
34 74 47
34 75 200
34 76 118
34 77 176
34 78 33
34 79 68
34 80 45
34 81 80
34 82 160
34 83 152
34 84 155
34 85 40
34 86 128
34 87 75
34 88 189
34 89 4
34 90 148
34 91 136
34 92 187
34 93 5
34 94 173
34 95 99
34 96 177
34 97 182
34 98 110
34 99 158
35 36 67
35 37 107
35 38 37
35 39 104
35 40 151
35 41 52
35 42 85
35 43 7
35 44 94
35 45 2
35 46 198
35 47 110
35 48 29
35 49 128
35 50 121
35 51 13
35 52 191
35 53 81
35 54 10
35 55 6
35 56 100
35 57 3
35 58 150
35 59 12
35 60 162
35 61 153
35 62 15
35 63 168
35 64 179
35 65 192
35 66 39
35 67 46
35 68 177
35 69 160
35 70 107
35 71 150
35 72 87
35 73 89
35 74 14
35 75 104
35 76 182
35 77 177
35 78 134
35 79 191
35 80 96
35 81 22
35 82 57
35 83 8
35 84 28
35 85 115
35 86 85
35 87 38
35 88 105
35 89 120
35 90 76
35 91 126
35 92 32
35 93 6
35 94 97
35 95 81
35 96 144
35 97 102
35 98 66
35 99 184
36 37 155
36 38 132
36 39 34
36 40 72
36 41 131
36 42 28
36 43 53
36 44 135
36 45 187
36 46 135
36 47 186
36 48 181
36 49 195
36 50 6
36 51 84
36 52 66
36 53 126
36 54 51
36 55 184
36 56 51
36 57 80
36 58 79
36 59 30
36 60 118
36 61 27
36 62 188
36 63 92
36 64 176
36 65 75
36 66 107
36 67 121
36 68 53
36 69 194
36 70 107
36 71 125
36 72 181
36 73 55
36 74 23
36 75 58
36 76 26
36 77 53
36 78 48
36 79 142
36 80 117
36 81 146
36 82 164
36 83 120
36 84 15
36 85 21
36 86 115
36 87 107
36 88 199
36 89 127
36 90 63
36 91 10
36 92 153
36 93 161
36 94 84
36 95 86
36 96 99
36 97 88
36 98 18
36 99 184
37 38 7
37 39 124
37 40 0
37 41 94
37 42 134
37 43 25
37 44 176
37 45 63
37 46 66
37 47 70
37 48 31
37 49 89
37 50 177
37 51 26
37 52 30
37 53 142
37 54 70
37 55 66
37 56 45
37 57 43
37 58 41
37 59 0
37 60 194
37 61 74
37 62 59
37 63 57
37 64 40
37 65 29
37 66 176
37 67 153
37 68 92
37 69 86
37 70 15
37 71 78
37 72 22
37 73 94
37 74 147
37 75 126
37 76 154
37 77 161
37 78 95
37 79 164
37 80 80
37 81 177
37 82 168
37 83 92
37 84 147
37 85 57
37 86 166
37 87 19
37 88 155
37 89 200
37 90 188
37 91 118
37 92 146
37 93 114
37 94 38
37 95 51
37 96 165
37 97 138
37 98 181
37 99 90
38 39 140
38 40 110
38 41 114
38 42 106
38 43 178
38 44 30
38 45 179
38 46 168
38 47 12
38 48 48
38 49 110
38 50 83
38 51 55
38 52 69
38 53 100
38 54 23
38 55 123
38 56 21
38 57 103
38 58 177
38 59 6
38 60 144
38 61 17
38 62 44
38 63 4
38 64 55
38 65 138
38 66 33
38 67 47
38 68 75
38 69 186
38 70 67
38 71 70
38 72 174
38 73 105
38 74 142
38 75 16
38 76 139
38 77 169
38 78 177
38 79 152
38 80 165
38 81 147
38 82 157
38 83 108
38 84 38
38 85 62
38 86 72
38 87 184
38 88 20
38 89 1
38 90 143
38 91 2
38 92 116
38 93 136
38 94 169
38 95 166
38 96 98
38 97 195
38 98 72
38 99 89
39 40 136
39 41 104
39 42 192
39 43 44
39 44 23
39 45 157
39 46 88
39 47 123
39 48 107
39 49 58
39 50 23
39 51 133
39 52 18
39 53 26
39 54 58
39 55 85
39 56 155
39 57 0
39 58 73
39 59 113
39 60 12
39 61 190
39 62 56
39 63 130
39 64 190
39 65 150
39 66 171
39 67 184
39 68 165
39 69 161
39 70 71
39 71 67
39 72 96
39 73 150
39 74 98
39 75 58
39 76 50
39 77 59
39 78 2
39 79 37
39 80 58
39 81 188
39 82 121
39 83 84
39 84 61
39 85 167
39 86 84
39 87 67
39 88 138
39 89 51
39 90 178
39 91 98
39 92 84
39 93 14
39 94 89
39 95 70
39 96 81
39 97 33
39 98 13
39 99 69
40 41 45
40 42 83
40 43 70
40 44 17
40 45 89
40 46 38
40 47 199
40 48 176
40 49 76
40 50 151
40 51 14
40 52 175
40 53 58
40 54 68
40 55 133
40 56 144
40 57 16
40 58 146
40 59 15
40 60 163
40 61 136
40 62 102
40 63 172
40 64 34
40 65 185
40 66 150
40 67 30
40 68 116
40 69 75
40 70 112
40 71 164
40 72 45
40 73 110
40 74 120
40 75 55
40 76 36
40 77 127
40 78 3
40 79 23
40 80 91
40 81 58
40 82 28
40 83 55
40 84 87
40 85 132
40 86 0
40 87 167
40 88 97
40 89 6
40 90 43
40 91 78
40 92 97
40 93 57
40 94 11
40 95 193
40 96 154
40 97 70
40 98 101
40 99 12
41 42 11
41 43 178
41 44 75
41 45 49
41 46 28
41 47 93
41 48 164
41 49 161
41 50 158
41 51 174
41 52 170
41 53 6
41 54 173
41 55 96
41 56 198
41 57 1
41 58 146
41 59 200
41 60 196
41 61 172
41 62 118
41 63 148
41 64 32
41 65 138
41 66 77
41 67 171
41 68 30
41 69 145
41 70 157
41 71 79
41 72 86
41 73 159
41 74 49
41 75 149
41 76 77
41 77 172
41 78 172
41 79 185
41 80 7
41 81 41
41 82 110
41 83 188
41 84 141
41 85 53
41 86 57
41 87 115
41 88 138
41 89 182
41 90 30
41 91 96
41 92 71
41 93 78
41 94 96
41 95 161
41 96 25
41 97 167
41 98 161
41 99 185
42 43 105
42 44 134
42 45 21
42 46 123
42 47 126
42 48 92
42 49 96
42 50 118
42 51 87
42 52 94
42 53 23
42 54 89
42 55 20
42 56 145
42 57 156
42 58 87
42 59 2
42 60 16
42 61 62
42 62 179
42 63 166
42 64 186
42 65 180
42 66 88
42 67 14
42 68 63
42 69 150
42 70 65
42 71 151
42 72 54
42 73 86
42 74 49
42 75 173
42 76 131
42 77 13
42 78 199
42 79 112
42 80 29
42 81 200
42 82 149
42 83 17
42 84 52
42 85 130
42 86 69
42 87 15
42 88 99
42 89 87
42 90 18
42 91 126
42 92 33
42 93 104
42 94 87
42 95 30
42 96 43
42 97 47
42 98 92
42 99 22
43 44 123
43 45 46
43 46 127
43 47 93
43 48 72
43 49 180
43 50 14
43 51 112
43 52 195
43 53 110
43 54 31
43 55 64
43 56 24
43 57 122
43 58 43
43 59 5
43 60 75
43 61 137
43 62 184
43 63 16
43 64 90
43 65 164
43 66 63
43 67 100
43 68 87
43 69 93
43 70 147
43 71 139
43 72 169
43 73 87
43 74 178
43 75 118
43 76 174
43 77 193
43 78 72
43 79 91
43 80 37
43 81 70
43 82 41
43 83 112
43 84 8
43 85 120
43 86 44
43 87 63
43 88 179
43 89 156
43 90 131
43 91 169
43 92 109
43 93 96
43 94 60
43 95 83
43 96 47
43 97 139
43 98 92
43 99 79
44 45 119
44 46 91
44 47 113
44 48 188
44 49 147
44 50 69
44 51 190
44 52 31
44 53 108
44 54 85
44 55 135
44 56 1
44 57 137
44 58 19
44 59 28
44 60 152
44 61 57
44 62 42
44 63 106
44 64 146
44 65 93
44 66 135
44 67 60
44 68 41
44 69 171
44 70 174
44 71 146
44 72 190
44 73 86
44 74 0
44 75 67
44 76 199
44 77 56
44 78 90
44 79 74
44 80 157
44 81 152
44 82 200
44 83 94
44 84 0
44 85 102
44 86 161
44 87 58
44 88 168
44 89 148
44 90 100
44 91 109
44 92 58
44 93 14
44 94 133
44 95 63
44 96 164
44 97 73
44 98 6
44 99 75
45 46 20
45 47 83
45 48 53
45 49 106
45 50 179
45 51 10
45 52 196
45 53 23
45 54 113
45 55 67
45 56 167
45 57 124
45 58 141
45 59 50
45 60 140
45 61 48
45 62 186
45 63 120
45 64 17
45 65 112
45 66 149
45 67 43
45 68 47
45 69 33
45 70 177
45 71 60
45 72 105
45 73 183
45 74 136
45 75 131
45 76 55
45 77 75
45 78 149
45 79 115
45 80 139
45 81 182
45 82 160
45 83 134
45 84 118
45 85 139
45 86 47
45 87 162
45 88 76
45 89 184
45 90 62
45 91 145
45 92 46
45 93 106
45 94 56
45 95 45
45 96 163
45 97 48
45 98 182
45 99 19
46 47 94
46 48 143
46 49 106
46 50 162
46 51 4
46 52 135
46 53 57
46 54 64
46 55 136
46 56 6
46 57 79
46 58 39
46 59 123
46 60 57
46 61 172
46 62 195
46 63 101
46 64 187
46 65 128
46 66 9
46 67 38
46 68 161
46 69 74
46 70 68
46 71 176
46 72 72
46 73 66
46 74 174
46 75 12
46 76 14
46 77 165
46 78 96
46 79 143
46 80 192
46 81 78
46 82 144
46 83 185
46 84 149
46 85 176
46 86 11
46 87 146
46 88 142
46 89 8
46 90 56
46 91 85
46 92 198
46 93 76
46 94 173
46 95 7
46 96 118
46 97 143
46 98 7
46 99 178
47 48 23
47 49 89
47 50 163
47 51 140
47 52 30
47 53 193
47 54 61
47 55 177
47 56 25
47 57 175
47 58 110
47 59 97
47 60 78
47 61 1
47 62 192
47 63 28
47 64 40
47 65 146
47 66 22
47 67 134
47 68 46
47 69 81
47 70 110
47 71 185
47 72 175
47 73 93
47 74 78
47 75 115
47 76 104
47 77 120
47 78 101
47 79 32
47 80 112
47 81 99
47 82 132
47 83 19
47 84 44
47 85 104
47 86 169
47 87 93
47 88 16
47 89 42
47 90 185
47 91 66
47 92 60
47 93 67
47 94 73
47 95 132
47 96 97
47 97 38
47 98 88
47 99 143
48 49 194
48 50 200
48 51 35
48 52 146
48 53 71
48 54 13
48 55 29
48 56 23
48 57 66
48 58 34
48 59 65
48 60 40
48 61 22
48 62 9
48 63 138
48 64 8
48 65 111
48 66 125
48 67 150
48 68 194
48 69 69
48 70 15
48 71 91
48 72 91
48 73 132
48 74 80
48 75 86
48 76 70
48 77 81
48 78 5
48 79 142
48 80 18
48 81 68
48 82 68
48 83 131
48 84 46
48 85 42
48 86 171
48 87 136
48 88 169
48 89 89
48 90 135
48 91 108
48 92 45
48 93 189
48 94 67
48 95 132
48 96 144
48 97 85
48 98 9
48 99 73
49 50 157
49 51 3
49 52 78
49 53 170
49 54 76
49 55 170
49 56 0
49 57 89
49 58 7
49 59 80
49 60 79
49 61 72
49 62 9
49 63 163
49 64 161
49 65 132
49 66 15
49 67 111
49 68 194
49 69 102
49 70 150
49 71 89
49 72 182
49 73 123
49 74 3
49 75 185
49 76 133
49 77 131
49 78 63
49 79 21
49 80 68
49 81 3
49 82 123
49 83 109
49 84 191
49 85 170
49 86 160
49 87 186
49 88 59
49 89 12
49 90 149
49 91 143
49 92 107
49 93 74
49 94 26
49 95 44
49 96 22
49 97 86
49 98 50
49 99 67
50 51 194
50 52 17
50 53 120
50 54 184
50 55 78
50 56 112
50 57 77
50 58 55
50 59 158
50 60 192
50 61 93
50 62 199
50 63 67
50 64 86
50 65 199
50 66 192
50 67 44
50 68 33
50 69 174
50 70 68
50 71 192
50 72 193
50 73 55
50 74 44
50 75 142
50 76 199
50 77 165
50 78 126
50 79 106
50 80 117
50 81 43
50 82 178
50 83 18
50 84 91
50 85 40
50 86 160
50 87 16
50 88 141
50 89 190
50 90 184
50 91 40
50 92 126
50 93 136
50 94 140
50 95 149
50 96 47
50 97 14
50 98 10
50 99 195
51 52 101
51 53 130
51 54 170
51 55 132
51 56 138
51 57 143
51 58 29
51 59 181
51 60 79
51 61 100
51 62 29
51 63 148
51 64 173
51 65 180
51 66 20
51 67 181
51 68 164
51 69 66
51 70 191
51 71 191
51 72 4
51 73 62
51 74 12
51 75 82
51 76 92
51 77 126
51 78 12
51 79 28
51 80 56
51 81 118
51 82 144
51 83 46
51 84 55
51 85 5
51 86 78
51 87 184
51 88 67
51 89 140
51 90 161
51 91 89
51 92 100
51 93 88
51 94 157
51 95 186
51 96 59
51 97 28
51 98 124
51 99 82
52 53 197
52 54 127
52 55 132
52 56 122
52 57 130
52 58 15
52 59 7
52 60 182
52 61 8
52 62 59
52 63 31
52 64 150
52 65 191
52 66 106
52 67 154
52 68 83
52 69 90
52 70 25
52 71 146
52 72 14
52 73 5
52 74 4
52 75 182
52 76 10
52 77 67
52 78 4
52 79 44
52 80 122
52 81 122
52 82 52
52 83 111
52 84 179
52 85 193
52 86 141
52 87 9
52 88 25
52 89 2
52 90 132
52 91 150
52 92 130
52 93 149
52 94 83
52 95 10
52 96 106
52 97 60
52 98 12
52 99 34
53 54 169
53 55 139
53 56 36
53 57 111
53 58 102
53 59 167
53 60 44
53 61 0
53 62 74
53 63 104
53 64 20
53 65 48
53 66 145
53 67 73
53 68 13
53 69 123
53 70 83
53 71 134
53 72 25
53 73 22
53 74 134
53 75 27
53 76 54
53 77 58
53 78 28
53 79 16
53 80 35
53 81 7
53 82 53
53 83 119
53 84 132
53 85 159
53 86 44
53 87 78
53 88 92
53 89 22
53 90 53
53 91 0
53 92 156
53 93 120
53 94 11
53 95 172
53 96 73
53 97 113
53 98 58
53 99 153
54 55 89
54 56 98
54 57 177
54 58 163
54 59 105
54 60 184
54 61 133
54 62 159
54 63 32
54 64 160
54 65 139
54 66 37
54 67 70
54 68 72
54 69 87
54 70 46
54 71 116
54 72 79
54 73 2
54 74 53
54 75 130
54 76 122
54 77 148
54 78 124
54 79 167
54 80 85
54 81 195
54 82 115
54 83 200
54 84 128
54 85 116
54 86 21
54 87 128
54 88 142
54 89 178
54 90 8
54 91 111
54 92 16
54 93 45
54 94 184
54 95 50
54 96 145
54 97 108
54 98 118
54 99 56
55 56 191
55 57 127
55 58 27
55 59 135
55 60 46
55 61 170
55 62 182
55 63 42
55 64 106
55 65 155
55 66 49
55 67 168
55 68 108
55 69 43
55 70 136
55 71 151
55 72 30
55 73 119
55 74 152
55 75 19
55 76 191
55 77 137
55 78 98
55 79 172
55 80 191
55 81 100
55 82 27
55 83 147
55 84 98
55 85 4
55 86 127
55 87 63
55 88 136
55 89 95
55 90 38
55 91 106
55 92 61
55 93 83
55 94 3
55 95 199
55 96 19
55 97 101
55 98 1
55 99 160
56 57 73
56 58 117
56 59 166
56 60 89
56 61 57
56 62 156
56 63 10
56 64 71
56 65 130
56 66 34
56 67 107
56 68 175
56 69 9
56 70 152
56 71 149
56 72 147
56 73 32
56 74 169
56 75 134
56 76 166
56 77 132
56 78 44
56 79 115
56 80 139
56 81 107
56 82 68
56 83 113
56 84 34
56 85 15
56 86 119
56 87 185
56 88 27
56 89 177
56 90 69
56 91 130
56 92 185
56 93 86
56 94 35
56 95 19
56 96 73
56 97 72
56 98 172
56 99 46
57 58 158
57 59 33
57 60 109
57 61 176
57 62 91
57 63 31
57 64 85
57 65 55
57 66 98
57 67 52
57 68 151
57 69 177
57 70 53
57 71 16
57 72 97
57 73 53
57 74 127
57 75 37
57 76 130
57 77 137
57 78 98
57 79 190
57 80 54
57 81 119
57 82 80
57 83 74
57 84 132
57 85 127
57 86 36
57 87 62
57 88 97
57 89 26
57 90 195
57 91 182
57 92 106
57 93 103
57 94 95
57 95 70
57 96 38
57 97 159
57 98 132
57 99 174
58 59 148
58 60 84
58 61 40
58 62 177
58 63 102
58 64 63
58 65 15
58 66 152
58 67 140
58 68 110
58 69 74
58 70 92
58 71 156
58 72 147
58 73 188
58 74 40
58 75 4
58 76 170
58 77 47
58 78 194
58 79 166
58 80 47
58 81 11
58 82 48
58 83 93
58 84 60
58 85 187
58 86 93
58 87 23
58 88 95
58 89 164
58 90 80
58 91 150
58 92 36
58 93 154
58 94 69
58 95 1
58 96 55
58 97 199
58 98 125
58 99 24
59 60 145
59 61 172
59 62 146
59 63 72
59 64 192
59 65 51
59 66 0
59 67 59
59 68 93
59 69 190
59 70 5
59 71 36
59 72 4
59 73 39
59 74 139
59 75 189
59 76 96
59 77 95
59 78 34
59 79 151
59 80 45
59 81 144
59 82 97
59 83 113
59 84 55
59 85 70
59 86 148
59 87 64
59 88 91
59 89 14
59 90 100
59 91 121
59 92 68
59 93 94
59 94 190
59 95 59
59 96 194
59 97 136
59 98 90
59 99 189
60 61 105
60 62 87
60 63 199
60 64 176
60 65 31
60 66 195
60 67 110
60 68 8
60 69 47
60 70 120
60 71 184
60 72 54
60 73 75
60 74 82
60 75 57
60 76 38
60 77 128
60 78 25
60 79 162
60 80 138
60 81 43
60 82 178
60 83 13
60 84 59
60 85 137
60 86 168
60 87 53
60 88 134
60 89 8
60 90 141
60 91 193
60 92 28
60 93 97
60 94 180
60 95 158
60 96 162
60 97 3
60 98 183
60 99 200
61 62 8
61 63 130
61 64 38
61 65 93
61 66 51
61 67 48
61 68 34
61 69 152
61 70 169
61 71 121
61 72 139
61 73 35
61 74 34
61 75 1
61 76 155
61 77 33
61 78 56
61 79 43
61 80 11
61 81 113
61 82 109
61 83 169
61 84 52
61 85 34
61 86 141
61 87 140
61 88 149
61 89 184
61 90 183
61 91 107
61 92 129
61 93 3
61 94 12
61 95 144
61 96 119
61 97 115
61 98 1
61 99 15
62 63 147
62 64 180
62 65 60
62 66 25
62 67 125
62 68 177
62 69 85
62 70 2
62 71 38
62 72 66
62 73 193
62 74 9
62 75 28
62 76 196
62 77 194
62 78 50
62 79 134
62 80 51
62 81 139
62 82 168
62 83 13
62 84 62
62 85 197
62 86 22
62 87 127
62 88 47
62 89 177
62 90 31
62 91 7
62 92 174
62 93 18
62 94 172
62 95 194
62 96 180
62 97 167
62 98 165
62 99 185
63 64 196
63 65 71
63 66 138
63 67 85
63 68 23
63 69 141
63 70 32
63 71 33
63 72 32
63 73 22
63 74 56
63 75 173
63 76 3
63 77 11
63 78 152
63 79 124
63 80 14
63 81 121
63 82 118
63 83 31
63 84 111
63 85 65
63 86 53
63 87 176
63 88 80
63 89 179
63 90 32
63 91 137
63 92 125
63 93 170
63 94 162
63 95 114
63 96 198
63 97 138
63 98 57
63 99 76
64 65 129
64 66 0
64 67 79
64 68 139
64 69 35
64 70 174
64 71 102
64 72 200
64 73 3
64 74 89
64 75 141
64 76 96
64 77 17
64 78 6
64 79 79
64 80 11
64 81 109
64 82 167
64 83 43
64 84 133
64 85 62
64 86 142
64 87 110
64 88 109
64 89 103
64 90 100
64 91 38
64 92 0
64 93 111
64 94 124
64 95 9
64 96 194
64 97 92
64 98 137
64 99 46
65 66 132
65 67 103
65 68 56
65 69 159
65 70 172
65 71 118
65 72 157
65 73 131
65 74 5
65 75 48
65 76 72
65 77 1
65 78 11
65 79 86
65 80 185
65 81 68
65 82 184
65 83 160
65 84 170
65 85 157
65 86 184
65 87 62
65 88 188
65 89 31
65 90 151
65 91 185
65 92 89
65 93 109
65 94 8
65 95 151
65 96 85
65 97 86
65 98 192
65 99 174
66 67 148
66 68 41
66 69 111
66 70 173
66 71 0
66 72 90
66 73 159
66 74 11
66 75 26
66 76 104
66 77 169
66 78 178
66 79 158
66 80 47
66 81 172
66 82 122
66 83 15
66 84 139
66 85 7
66 86 150
66 87 24
66 88 71
66 89 14
66 90 193
66 91 67
66 92 163
66 93 181
66 94 155
66 95 181
66 96 45
66 97 50
66 98 191
66 99 102
67 68 20
67 69 59
67 70 104
67 71 48
67 72 50
67 73 99
67 74 40
67 75 9
67 76 27
67 77 154
67 78 128
67 79 169
67 80 94
67 81 49
67 82 108
67 83 114
67 84 53
67 85 155
67 86 118
67 87 40
67 88 147
67 89 25
67 90 50
67 91 154
67 92 6
67 93 144
67 94 51
67 95 30
67 96 101
67 97 80
67 98 152
67 99 66
68 69 89
68 70 191
68 71 197
68 72 20
68 73 170
68 74 75
68 75 62
68 76 55
68 77 60
68 78 172
68 79 114
68 80 19
68 81 128
68 82 22
68 83 109
68 84 39
68 85 86
68 86 111
68 87 68
68 88 162
68 89 70
68 90 119
68 91 0
68 92 98
68 93 11
68 94 32
68 95 138
68 96 176
68 97 55
68 98 12
68 99 187
69 70 80
69 71 161
69 72 134
69 73 78
69 74 99
69 75 189
69 76 146
69 77 56
69 78 99
69 79 15
69 80 140
69 81 34
69 82 1
69 83 81
69 84 103
69 85 61
69 86 200
69 87 122
69 88 47
69 89 195
69 90 0
69 91 185
69 92 194
69 93 12
69 94 23
69 95 111
69 96 76
69 97 49
69 98 72
69 99 95
70 71 130
70 72 17
70 73 109
70 74 36
70 75 147
70 76 131
70 77 132
70 78 110
70 79 8
70 80 100
70 81 168
70 82 144
70 83 114
70 84 91
70 85 33
70 86 78
70 87 56
70 88 118
70 89 110
70 90 170
70 91 12
70 92 29
70 93 67
70 94 67
70 95 46
70 96 139
70 97 140
70 98 52
70 99 71
71 72 89
71 73 81
71 74 10
71 75 69
71 76 192
71 77 80
71 78 2
71 79 72
71 80 65
71 81 173
71 82 9
71 83 113
71 84 20
71 85 126
71 86 41
71 87 168
71 88 193
71 89 27
71 90 158
71 91 9
71 92 90
71 93 2
71 94 63
71 95 11
71 96 40
71 97 180
71 98 15
71 99 162
72 73 86
72 74 94
72 75 104
72 76 74
72 77 36
72 78 184
72 79 115
72 80 124
72 81 167
72 82 173
72 83 2
72 84 108
72 85 112
72 86 193
72 87 73
72 88 12
72 89 151
72 90 91
72 91 105
72 92 69
72 93 77
72 94 110
72 95 78
72 96 37
72 97 42
72 98 124
72 99 37
73 74 87
73 75 195
73 76 72
73 77 88
73 78 60
73 79 99
73 80 197
73 81 143
73 82 173
73 83 183
73 84 156
73 85 173
73 86 127
73 87 130
73 88 175
73 89 43
73 90 182
73 91 129
73 92 193
73 93 144
73 94 133
73 95 6
73 96 1
73 97 200
73 98 158
73 99 185
74 75 4
74 76 121
74 77 13
74 78 90
74 79 12
74 80 98
74 81 174
74 82 99
74 83 7
74 84 92
74 85 165
74 86 185
74 87 112
74 88 128
74 89 113
74 90 71
74 91 115
74 92 28
74 93 110
74 94 72
74 95 61
74 96 17
74 97 59
74 98 50
74 99 4
75 76 73
75 77 88
75 78 120
75 79 21
75 80 199
75 81 13
75 82 167
75 83 31
75 84 125
75 85 198
75 86 134
75 87 77
75 88 65
75 89 53
75 90 43
75 91 102
75 92 114
75 93 146
75 94 52
75 95 67
75 96 164
75 97 19
75 98 188
75 99 148
76 77 39
76 78 68
76 79 22
76 80 103
76 81 69
76 82 42
76 83 36
76 84 96
76 85 164
76 86 183
76 87 138
76 88 164
76 89 24
76 90 85
76 91 56
76 92 126
76 93 169
76 94 148
76 95 192
76 96 182
76 97 68
76 98 148
76 99 89
77 78 32
77 79 127
77 80 198
77 81 98
77 82 35
77 83 128
77 84 185
77 85 104
77 86 150
77 87 24
77 88 63
77 89 13
77 90 169
77 91 29
77 92 29
77 93 119
77 94 154
77 95 120
77 96 61
77 97 186
77 98 63
77 99 108
78 79 77
78 80 159
78 81 80
78 82 161
78 83 109
78 84 163
78 85 171
78 86 182
78 87 119
78 88 12
78 89 72
78 90 138
78 91 40
78 92 122
78 93 129
78 94 190
78 95 30
78 96 98
78 97 56
78 98 158
78 99 165
79 80 1
79 81 88
79 82 125
79 83 102
79 84 65
79 85 83
79 86 29
79 87 77
79 88 19
79 89 153
79 90 39
79 91 152
79 92 50
79 93 38
79 94 196
79 95 10
79 96 186
79 97 32
79 98 65
79 99 40
80 81 40
80 82 132
80 83 46
80 84 96
80 85 49
80 86 24
80 87 14
80 88 112
80 89 11
80 90 57
80 91 47
80 92 57
80 93 37
80 94 124
80 95 79
80 96 167
80 97 121
80 98 10
80 99 119
81 82 68
81 83 27
81 84 184
81 85 54
81 86 77
81 87 81
81 88 98
81 89 38
81 90 59
81 91 124
81 92 145
81 93 187
81 94 18
81 95 57
81 96 10
81 97 76
81 98 63
81 99 146
82 83 159
82 84 155
82 85 14
82 86 146
82 87 155
82 88 48
82 89 118
82 90 49
82 91 38
82 92 7
82 93 187
82 94 72
82 95 44
82 96 153
82 97 145
82 98 98
82 99 103
83 84 145
83 85 117
83 86 159
83 87 123
83 88 159
83 89 199
83 90 135
83 91 92
83 92 35
83 93 118
83 94 36
83 95 30
83 96 130
83 97 189
83 98 135
83 99 29
84 85 174
84 86 69
84 87 115
84 88 6
84 89 112
84 90 53
84 91 127
84 92 171
84 93 7
84 94 121
84 95 117
84 96 129
84 97 187
84 98 191
84 99 151
85 86 116
85 87 11
85 88 39
85 89 52
85 90 147
85 91 60
85 92 9
85 93 134
85 94 109
85 95 88
85 96 167
85 97 147
85 98 174
85 99 98
86 87 51
86 88 68
86 89 184
86 90 11
86 91 54
86 92 140
86 93 109
86 94 7
86 95 89
86 96 119
86 97 116
86 98 196
86 99 108
