100 4884
0 1 169
0 2 78
0 3 179
0 4 179
0 5 180
0 6 18
0 7 16
0 8 27
0 9 80
0 10 170
0 11 139
0 12 159
0 13 163
0 14 101
0 15 150
0 16 115
0 17 3
0 18 119
0 19 134
0 20 193
0 21 38
0 22 119
0 23 60
0 24 33
0 25 154
0 26 19
0 27 100
0 28 144
0 29 16
0 30 166
0 31 72
0 32 89
0 33 180
0 34 164
0 35 108
0 36 23
0 37 175
0 38 190
0 39 44
0 40 47
0 41 188
0 42 156
0 43 135
0 44 77
0 45 114
0 46 48
0 47 193
0 48 103
0 49 140
0 50 132
0 51 134
0 52 194
0 53 110
0 54 125
0 55 17
0 56 44
0 57 83
0 58 85
0 59 179
0 60 143
0 61 60
0 62 106
0 63 67
0 64 127
0 65 47
0 66 135
0 67 33
0 68 92
0 69 69
0 70 14
0 71 137
0 72 72
0 73 101
0 74 36
0 75 42
0 76 185
0 77 145
0 78 175
0 79 66
0 80 92
0 81 110
0 82 172
0 83 42
0 84 78
0 85 174
0 86 139
0 87 199
0 88 6
0 89 176
0 90 13
0 91 70
0 92 15
0 93 35
0 94 99
0 95 141
0 96 134
0 97 197
0 98 44
0 99 49
1 2 73
1 3 199
1 4 95
1 5 147
1 6 144
1 7 198
1 8 142
1 9 162
1 10 15
1 11 55
1 12 60
1 13 143
1 14 93
1 15 156
1 16 183
1 17 44
1 18 42
1 19 64
1 20 35
1 21 182
1 22 7
1 23 81
1 24 108
1 25 143
1 26 52
1 27 9
1 28 171
1 29 22
1 30 95
1 31 123
1 32 106
1 33 65
1 34 48
1 35 34
1 36 123
1 37 61
1 38 107
1 39 31
1 40 66
1 41 26
1 42 45
1 43 79
1 44 145
1 45 49
1 46 134
1 47 172
1 48 6
1 49 189
1 50 28
1 51 128
1 52 7
1 53 47
1 54 53
1 55 102
1 56 130
1 57 173
1 58 131
1 59 128
1 60 130
1 61 105
1 62 109
1 63 173
1 64 25
1 65 193
1 66 137
1 67 79
1 68 109
1 69 37
1 70 181
1 71 159
1 72 150
1 73 87
1 74 186
1 75 135
1 76 109
1 77 190
1 78 123
1 79 184
1 80 77
1 81 109
1 82 70
1 83 151
1 84 88
1 85 40
1 86 186
1 87 50
1 88 21
1 89 50
1 90 167
1 91 112
1 92 110
1 93 28
1 94 142
1 95 143
1 96 77
1 97 114
1 98 188
1 99 200
2 3 153
2 4 112
2 5 118
2 6 10
2 7 39
2 8 106
2 9 95
2 10 145
2 11 146
2 12 27
2 13 37
2 14 199
2 15 197
2 16 157
2 17 131
2 18 166
2 19 0
2 20 109
2 21 25
2 22 138
2 23 84
2 24 58
2 25 75
2 26 30
2 27 9
2 28 144
2 29 116
2 30 180
2 31 63
2 32 54
2 33 96
2 34 5
2 35 79
2 36 195
2 37 64
2 38 198
2 39 173
2 40 181
2 41 188
2 42 172
2 43 142
2 44 9
2 45 17
2 46 194
2 47 100
2 48 95
2 49 95
2 50 193
2 51 23
2 52 194
2 53 63
2 54 80
2 55 80
2 56 23
2 57 95
2 58 115
2 59 189
2 60 83
2 61 112
2 62 47
2 63 77
2 64 31
2 65 135
2 66 100
2 67 113
2 68 19
2 69 169
2 70 53
2 71 58
2 72 56
2 73 71
2 74 188
2 75 99
2 76 34
2 77 18
2 78 143
2 79 190
2 80 115
2 81 100
2 82 126
2 83 62
2 84 47
2 85 193
2 86 180
2 87 170
2 88 39
2 89 172
2 90 176
2 91 14
2 92 86
2 93 138
2 94 139
2 95 103
2 96 8
2 97 181
2 98 129
2 99 196
3 4 4
3 5 138
3 6 150
3 7 133
3 8 152
3 9 118
3 10 0
3 11 1
3 12 7
3 13 180
3 14 36
3 15 60
3 16 182
3 17 152
3 18 30
3 19 48
3 20 40
3 21 64
3 22 122
3 23 181
3 24 113
3 25 172
3 26 20
3 27 185
3 28 4
3 29 17
3 30 105
3 31 50
3 32 65
3 33 171
3 34 184
3 35 38
3 36 31
3 37 78
3 38 28
3 39 159
3 40 127
3 41 68
3 42 185
3 43 97
3 44 48
3 45 73
3 46 0
3 47 13
3 48 64
3 49 140
3 50 157
3 51 158
3 52 187
3 53 16
3 54 126
3 55 38
3 56 197
3 57 15
3 58 72
3 59 22
3 60 120
3 61 94
3 62 199
3 63 96
3 64 70
3 65 177
3 66 55
3 67 103
3 68 113
3 69 137
3 70 65
3 71 120
3 72 189
3 73 53
3 74 4
3 75 75
3 76 3
3 77 162
3 78 7
3 79 85
3 80 178
3 81 48
3 82 83
3 83 200
3 84 142
3 85 104
3 86 0
3 87 132
3 88 70
3 89 13
3 90 79
3 91 35
3 92 137
3 93 166
3 94 117
3 95 128
3 96 129
3 97 1
3 98 54
3 99 166
4 5 196
4 6 188
4 7 196
4 8 179
4 9 53
4 10 16
4 11 189
4 12 3
4 13 64
4 14 105
4 15 27
4 16 65
4 17 49
4 18 185
4 19 43
4 20 107
4 21 52
4 22 49
4 23 189
4 24 79
4 25 90
4 26 195
4 27 171
4 28 129
4 29 77
4 30 84
4 31 0
4 32 49
4 33 112
4 34 144
4 35 128
4 36 114
4 37 70
4 38 52
4 39 19
4 40 119
4 41 58
4 42 91
4 43 174
4 44 7
4 45 161
4 46 168
4 47 9
4 48 17
4 49 162
4 50 94
4 51 33
4 52 70
4 53 20
4 54 78
4 55 180
4 56 179
4 57 132
4 58 197
4 59 62
4 60 107
4 61 148
4 62 31
4 63 188
4 64 46
4 65 12
4 66 34
4 67 42
4 68 3
4 69 194
4 70 97
4 71 132
4 72 102
4 73 61
4 74 190
4 75 174
4 76 88
4 77 103
4 78 25
4 79 177
4 80 65
4 81 188
4 82 34
4 83 135
4 84 153
4 85 108
4 86 45
4 87 67
4 88 77
4 89 92
4 90 194
4 91 147
4 92 119
4 93 5
4 94 141
4 95 38
4 96 13
4 97 111
4 98 21
4 99 138
5 6 88
5 7 43
5 8 139
5 9 41
5 10 192
5 11 144
5 12 99
5 13 50
5 14 111
5 15 60
5 16 59
5 17 149
5 18 104
5 19 86
5 20 111
5 21 69
5 22 146
5 23 64
5 24 136
5 25 39
5 26 7
5 27 62
5 28 82
5 29 107
5 30 55
5 31 200
5 32 16
5 33 67
5 34 52
5 35 140
5 36 198
5 37 148
5 38 189
5 39 132
5 40 90
5 41 138
5 42 123
5 43 196
5 44 29
5 45 50
5 46 22
5 47 20
5 48 66
5 49 63
5 50 130
5 51 27
5 52 33
5 53 45
5 54 58
5 55 94
5 56 162
5 57 93
5 58 34
5 59 81
5 60 51
5 61 39
5 62 169
5 63 44
5 64 7
5 65 127
5 66 158
5 67 78
5 68 47
5 69 136
5 70 170
5 71 20
5 72 148
5 73 10
5 74 7
5 75 130
5 76 103
5 77 61
5 78 132
5 79 73
5 80 8
5 81 161
5 82 115
5 83 123
5 84 179
5 85 19
5 86 100
5 87 142
5 88 140
5 89 176
5 90 27
5 91 51
5 92 17
5 93 102
5 94 53
5 95 60
5 96 82
5 97 126
5 98 164
5 99 119
6 7 10
6 8 99
6 9 166
6 10 9
6 11 158
6 12 165
6 13 96
6 14 189
6 15 126
6 16 139
6 17 82
6 18 140
6 19 54
6 20 127
6 21 191
6 22 104
6 23 89
6 24 21
6 25 67
6 26 145
6 27 115
6 28 22
6 29 57
6 30 16
6 31 185
6 32 58
6 33 84
6 34 74
6 35 189
6 36 184
6 37 120
6 38 194
6 39 26
6 40 129
6 41 39
6 42 48
6 43 114
6 44 199
6 45 43
6 46 195
6 47 142
6 48 91
6 49 33
6 50 61
6 51 37
6 52 128
6 53 149
6 54 126
6 55 138
6 56 186
6 57 195
6 58 169
6 59 32
6 60 173
6 61 31
6 62 27
6 63 182
6 64 156
6 65 119
6 66 186
6 67 80
6 68 157
6 69 25
6 70 28
6 71 97
6 72 176
6 73 15
6 74 56
6 75 132
6 76 62
6 77 21
6 78 193
6 79 9
6 80 189
6 81 157
6 82 1
6 83 169
6 84 12
6 85 94
6 86 130
6 87 72
6 88 118
6 89 149
6 90 57
6 91 3
6 92 137
6 93 40
6 94 64
6 95 169
6 96 24
6 97 5
6 98 42
6 99 71
7 8 12
7 9 54
7 10 113
7 11 144
7 12 125
7 13 63
7 14 27
7 15 34
7 16 144
7 17 175
7 18 52
7 19 126
7 20 33
7 21 139
7 22 149
7 23 156
7 24 119
7 25 139
7 26 98
7 27 5
7 28 27
7 29 144
7 30 121
7 31 5
7 32 79
7 33 175
7 34 74
7 35 112
7 36 137
7 37 23
7 38 178
7 39 72
7 40 89
7 41 33
7 42 164
7 43 101
7 44 187
7 45 94
7 46 116
7 47 193
7 48 25
7 49 117
7 50 18
7 51 112
7 52 15
7 53 130
7 54 136
7 55 132
7 56 134
7 57 197
7 58 38
7 59 159
7 60 9
7 61 131
7 62 78
7 63 172
7 64 189
7 65 57
7 66 66
7 67 1
7 68 32
7 69 134
7 70 166
7 71 89
7 72 126
7 73 195
7 74 164
7 75 45
7 76 178
7 77 134
7 78 113
7 79 179
7 80 7
7 81 186
7 82 51
7 83 29
7 84 36
7 85 150
7 86 77
7 87 192
7 88 170
7 89 157
7 90 63
7 91 3
7 92 47
7 93 10
7 94 196
7 95 189
7 96 22
7 97 125
7 98 74
7 99 134
8 9 137
8 10 45
8 11 32
8 12 168
8 13 161
8 14 180
8 15 78
8 16 78
8 17 77
8 18 168
8 19 129
8 20 34
8 21 139
8 22 121
8 23 148
8 24 87
8 25 95
8 26 92
8 27 132
8 28 75
8 29 184
8 30 73
8 31 125
8 32 77
8 33 47
8 34 140
8 35 88
8 36 127
8 37 61
8 38 171
8 39 49
8 40 103
8 41 21
8 42 105
8 43 116
8 44 135
8 45 70
8 46 55
8 47 83
8 48 74
8 49 187
8 50 163
8 51 154
8 52 13
8 53 36
8 54 192
8 55 13
8 56 127
8 57 100
8 58 71
8 59 127
8 60 57
8 61 158
8 62 175
8 63 55
8 64 95
8 65 111
8 66 94
8 67 13
8 68 78
8 69 33
8 70 179
8 71 122
8 72 171
8 73 1
8 74 193
8 75 23
8 76 103
8 77 15
8 78 149
8 79 177
8 80 14
8 81 22
8 82 9
8 83 159
8 84 126
8 85 8
8 86 172
8 87 14
8 88 53
8 89 146
8 90 113
8 91 175
8 92 145
8 93 68
8 94 133
8 95 78
8 96 63
8 97 193
8 98 33
8 99 41
9 10 100
9 11 6
9 12 86
9 13 94
9 14 15
9 15 26
9 16 101
9 17 43
9 18 0
9 19 119
9 20 196
9 21 184
9 22 72
9 23 37
9 24 70
9 25 152
9 26 172
9 27 21
9 28 185
9 29 116
9 30 154
9 31 164
9 32 25
9 33 158
9 34 185
9 35 20
9 36 6
9 37 173
9 38 22
9 39 2
9 40 103
9 41 8
9 42 86
9 43 75
9 44 102
9 45 28
9 46 90
9 47 29
9 48 19
9 49 120
9 50 92
9 51 9
9 52 4
9 53 54
9 54 21
9 55 126
9 56 178
9 57 85
9 58 129
9 59 50
9 60 107
9 61 5
9 62 119
9 63 9
9 64 172
9 65 60
9 66 140
9 67 38
9 68 5
9 69 21
9 70 129
9 71 152
9 72 94
9 73 200
9 74 1
9 75 168
9 76 77
9 77 92
9 78 12
9 79 59
9 80 84
9 81 130
9 82 161
9 83 98
9 84 21
9 85 51
9 86 78
9 87 49
9 88 179
9 89 164
9 90 33
9 91 35
9 92 180
9 93 39
9 94 12
9 95 40
9 96 182
9 97 173
9 98 132
9 99 14
10 11 161
10 12 179
10 13 146
10 14 170
10 15 130
10 16 149
10 17 187
10 18 103
10 19 135
10 20 4
10 21 130
10 22 39
10 23 87
10 24 34
10 25 108
10 26 82
10 27 71
10 28 113
10 29 172
10 30 40
10 31 92
10 32 66
10 33 180
10 34 165
10 35 195
10 36 25
10 37 19
10 38 16
10 39 118
10 40 129
10 41 77
10 42 83
10 43 200
10 44 195
10 45 59
10 46 127
10 47 48
10 48 94
10 49 184
10 50 181
10 51 77
10 52 65
10 53 188
10 54 24
10 55 0
10 56 137
10 57 105
10 58 69
10 59 0
10 60 24
10 61 160
10 62 89
10 63 141
10 64 111
10 65 129
10 66 181
10 67 61
10 68 119
10 69 30
10 70 145
10 71 106
10 72 32
10 73 78
10 74 124
10 75 94
10 76 165
10 77 4
10 78 17
10 79 11
10 80 143
10 81 52
10 82 52
10 83 136
10 84 49
10 85 70
10 86 40
10 87 134
10 88 121
10 89 156
10 90 196
10 91 181
10 92 179
10 93 29
10 94 59
10 95 80
10 96 97
10 97 26
10 98 94
10 99 150
11 12 27
11 13 33
11 14 200
11 15 186
11 16 32
11 17 69
11 18 189
11 19 45
11 20 91
11 21 162
11 22 6
11 23 172
11 24 195
11 25 135
11 26 85
11 27 136
11 28 145
11 29 74
11 30 29
11 31 45
11 32 15
11 33 157
11 34 69
11 35 82
11 36 192
11 37 169
11 38 121
11 39 176
11 40 74
11 41 195
11 42 24
11 43 185
11 44 60
11 45 82
11 46 4
11 47 167
11 48 129
11 49 2
11 50 190
11 51 148
11 52 108
11 53 111
11 54 2
11 55 1
11 56 83
11 57 54
11 58 79
11 59 98
11 60 120
11 61 155
11 62 135
11 63 198
11 64 95
11 65 114
11 66 176
11 67 135
11 68 117
11 69 1
11 70 145
11 71 170
11 72 151
11 73 6
11 74 141
11 75 47
11 76 92
11 77 63
11 78 166
11 79 98
11 80 155
11 81 126
11 82 60
11 83 130
11 84 170
11 85 14
11 86 178
11 87 23
11 88 148
11 89 160
11 90 68
11 91 92
11 92 96
11 93 138
11 94 37
11 95 88
11 96 65
11 97 3
11 98 27
11 99 128
12 13 130
12 14 117
12 15 168
12 16 97
12 17 144
12 18 56
12 19 185
12 20 153
12 21 118
12 22 88
12 23 94
12 24 163
12 25 131
12 26 74
12 27 47
12 28 152
12 29 150
12 30 103
12 31 84
12 32 32
12 33 44
12 34 67
12 35 162
12 36 103
12 37 136
12 38 140
12 39 62
12 40 185
12 41 28
12 42 30
12 43 107
12 44 71
12 45 17
12 46 66
12 47 46
12 48 19
12 49 36
12 50 12
12 51 167
12 52 63
12 53 127
12 54 49
12 55 182
12 56 115
12 57 94
12 58 44
12 59 59
12 60 18
12 61 76
12 62 18
12 63 147
12 64 198
12 65 196
12 66 88
12 67 146
12 68 153
12 69 7
12 70 142
12 71 141
12 72 198
12 73 141
12 74 96
12 75 170
12 76 110
12 77 190
12 78 52
12 79 173
12 80 156
12 81 111
12 82 92
12 83 34
12 84 81
12 85 81
12 86 62
12 87 128
12 88 179
12 89 39
12 90 114
12 91 185
12 92 176
12 93 120
12 94 135
12 95 197
12 96 44
12 97 152
12 98 96
12 99 150
13 14 135
13 15 29
13 16 82
13 17 153
13 18 139
13 19 130
13 20 127
13 21 99
13 22 112
13 23 181
13 24 170
13 25 170
13 26 137
13 27 140
13 28 197
13 29 8
13 30 99
13 31 40
13 32 193
13 33 35
13 34 92
13 35 100
13 36 60
13 37 23
13 38 45
13 39 123
13 40 54
13 41 195
13 42 199
13 43 83
13 44 42
13 45 37
13 46 74
13 47 198
13 48 101
13 49 101
13 50 37
13 51 65
13 52 56
13 53 53
13 54 166
13 55 18
13 56 55
13 57 176
13 58 114
13 59 140
13 60 145
13 61 87
13 62 192
13 63 176
13 64 104
13 65 30
13 66 186
13 67 22
13 68 13
13 69 123
13 70 24
13 71 72
13 72 84
13 73 14
13 74 0
13 75 167
13 76 100
13 77 124
13 78 171
13 79 56
13 80 181
13 81 185
13 82 21
13 83 15
13 84 97
13 85 136
13 86 170
13 87 59
13 88 104
13 89 97
13 90 10
13 91 94
13 92 166
13 93 129
13 94 116
13 95 199
13 96 107
13 97 122
13 98 61
13 99 51
14 15 187
14 16 15
14 17 87
14 18 119
14 19 188
14 20 98
14 21 103
14 22 118
14 23 17
14 24 138
14 25 47
14 26 136
14 27 108
14 28 168
14 29 13
14 30 129
14 31 71
14 32 196
14 33 94
14 34 123
14 35 150
14 36 189
14 37 97
14 38 21
14 39 53
14 40 127
14 41 97
14 42 143
14 43 141
14 44 71
14 45 108
14 46 35
14 47 105
14 48 40
14 49 15
14 50 131
14 51 147
14 52 117
14 53 1
14 54 166
14 55 155
14 56 133
14 57 22
14 58 136
14 59 89
14 60 40
14 61 192
14 62 115
14 63 85
14 64 187
14 65 20
14 66 16
14 67 148
14 68 52
14 69 19
14 70 172
14 71 153
14 72 58
14 73 48
14 74 86
14 75 53
14 76 38
14 77 92
14 78 74
14 79 161
14 80 7
14 81 144
14 82 128
14 83 31
14 84 94
14 85 68
14 86 198
14 87 27
14 88 10
14 89 188
14 90 31
14 91 141
14 92 3
14 93 183
14 94 154
14 95 78
14 96 31
14 97 167
14 98 48
14 99 168
15 16 162
15 17 44
15 18 112
15 19 22
15 20 86
15 21 51
15 22 49
15 23 33
15 24 15
15 25 23
15 26 71
15 27 39
15 28 30
15 29 0
15 30 46
15 31 24
15 32 98
15 33 73
15 34 41
15 35 148
15 36 133
15 37 14
15 38 178
15 39 159
15 40 150
15 41 26
15 42 130
15 43 47
15 44 17
15 45 68
15 46 19
15 47 168
15 48 176
15 49 93
15 50 54
15 51 87
15 52 146
15 53 16
15 54 77
15 55 119
15 56 186
15 57 30
15 58 166
15 59 64
15 60 168
15 61 175
15 62 166
15 63 142
15 64 65
15 65 14
15 66 144
15 67 29
15 68 138
15 69 43
15 70 128
15 71 94
15 72 132
15 73 179
15 74 174
15 75 87
15 76 37
15 77 73
15 78 186
15 79 159
15 80 163
15 81 154
15 82 87
15 83 130
15 84 38
15 85 5
15 86 160
15 87 4
15 88 46
15 89 77
15 90 153
15 91 78
15 92 13
15 93 182
15 94 59
15 95 2
15 96 155
15 97 33
15 98 155
15 99 69
16 17 102
16 18 102
16 19 138
16 20 83
16 21 198
16 22 72
16 23 99
16 24 14
16 25 63
16 26 10
16 27 77
16 28 129
16 29 199
16 30 153
16 31 121
16 32 46
16 33 161
16 34 40
16 35 57
16 36 67
16 37 123
16 38 194
16 39 97
16 40 95
16 41 197
16 42 1
16 43 167
16 44 24
16 45 15
16 46 39
16 47 13
16 48 80
16 49 118
16 50 100
16 51 54
16 52 108
16 53 135
16 54 107
16 55 13
16 56 36
16 57 101
16 58 95
16 59 192
16 60 170
16 61 179
16 62 39
16 63 146
16 64 138
16 65 190
16 66 128
16 67 163
16 68 42
16 69 115
16 70 140
16 71 198
16 72 74
16 73 169
16 74 7
16 75 180
16 76 88
16 77 101
16 78 78
16 79 80
16 80 109
16 81 65
16 82 166
16 83 181
16 84 34
16 85 37
16 86 60
16 87 162
16 88 145
16 89 23
16 90 60
16 91 138
16 92 9
16 93 197
16 94 163
16 95 132
16 96 133
16 97 147
16 98 163
16 99 123
17 18 26
17 19 143
17 20 102
17 21 181
17 22 54
17 23 68
17 24 49
17 25 81
17 26 46
17 27 82
17 28 115
17 29 156
17 30 122
17 31 13
17 32 111
17 33 53
17 34 192
17 35 113
17 36 110
17 37 194
17 38 77
17 39 134
17 40 79
17 41 190
17 42 167
17 43 73
17 44 155
17 45 174
17 46 5
17 47 135
17 48 120
17 49 50
17 50 114
17 51 41
17 52 186
17 53 99
17 54 5
17 55 4
17 56 108
17 57 172
17 58 169
17 59 50
17 60 147
17 61 66
17 62 27
17 63 23
17 64 169
17 65 166
17 66 180
17 67 200
17 68 133
17 69 101
17 70 0
17 71 148
17 72 42
17 73 92
17 74 152
17 75 6
17 76 110
17 77 152
17 78 113
17 79 46
17 80 61
17 81 141
17 82 51
17 83 12
17 84 15
17 85 176
17 86 103
17 87 97
17 88 65
17 89 63
17 90 185
17 91 68
17 92 66
17 93 189
17 94 3
17 95 58
17 96 151
17 97 3
17 98 90
17 99 58
18 19 40
18 20 80
18 21 105
18 22 175
18 23 75
18 24 98
18 25 67
18 26 14
18 27 0
18 28 185
18 29 191
18 30 82
18 31 195
18 32 78
18 33 166
18 34 190
18 35 15
18 36 4
18 37 111
18 38 107
18 39 30
18 40 126
18 41 78
18 42 65
18 43 101
18 44 111
18 45 59
18 46 171
18 47 89
18 48 179
18 49 187
18 50 97
18 51 87
18 52 154
18 53 18
18 54 65
18 55 70
18 56 81
18 57 147
18 58 94
18 59 96
18 60 130
18 61 5
18 62 92
18 63 103
18 64 168
18 65 53
18 66 12
18 67 12
18 68 140
18 69 34
18 70 198
18 71 57
18 72 152
18 73 139
18 74 188
18 75 52
18 76 11
18 77 119
18 78 123
18 79 110
18 80 103
18 81 130
18 82 179
18 83 156
18 84 93
18 85 73
18 86 63
18 87 63
18 88 98
18 89 192
18 90 95
18 91 25
18 92 6
18 93 130
18 94 174
18 95 159
18 96 182
18 97 81
18 98 9
18 99 39
19 20 45
19 21 71
19 22 31
19 23 9
19 24 33
19 25 62
19 26 153
19 27 5
19 28 182
19 29 132
19 30 104
19 31 115
19 32 139
19 33 164
19 34 121
19 35 152
19 36 160
19 37 112
19 38 15
19 39 194
19 40 134
19 41 121
19 42 72
19 43 32
19 44 48
19 45 153
19 46 104
19 47 189
19 48 65
19 49 131
19 50 95
19 51 75
19 52 125
19 53 160
19 54 123
19 55 147
19 56 95
19 57 37
19 58 0
19 59 135
19 60 62
19 61 36
19 62 81
19 63 157
19 64 106
19 65 198
19 66 51
19 67 50
19 68 169
19 69 23
19 70 187
19 71 50
19 72 64
19 73 49
19 74 46
19 75 10
19 76 135
19 77 185
19 78 137
19 79 140
19 80 10
19 81 144
19 82 72
19 83 115
19 84 157
19 85 132
19 86 167
19 87 176
19 88 16
19 89 163
19 90 124
19 91 105
19 92 198
19 93 102
19 94 192
19 95 170
19 96 105
19 97 174
19 98 139
19 99 182
20 21 167
20 22 165
20 23 70
20 24 168
20 25 47
20 26 8
20 27 68
20 28 103
20 29 78
20 30 136
20 31 54
20 32 104
20 33 3
20 34 136
20 35 197
20 36 62
20 37 145
20 38 82
20 39 119
20 40 120
20 41 73
20 42 4
20 43 148
20 44 83
20 45 43
20 46 88
20 47 14
20 48 34
20 49 162
20 50 45
20 51 36
20 52 42
20 53 96
20 54 12
20 55 87
20 56 0
20 57 52
20 58 47
20 59 170
20 60 176
20 61 155
20 62 45
20 63 91
20 64 187
20 65 113
20 66 177
20 67 50
20 68 183
20 69 61
20 70 98
20 71 12
20 72 146
20 73 87
20 74 100
20 75 4
20 76 26
20 77 131
20 78 76
20 79 113
20 80 75
20 81 96
20 82 168
20 83 42
20 84 68
20 85 82
20 86 66
20 87 19
20 88 67
20 89 34
20 90 136
20 91 80
20 92 133
20 93 188
20 94 90
20 95 145
20 96 47
20 97 176
20 98 192
20 99 128
21 22 100
21 23 136
21 24 173
21 25 154
21 26 5
21 27 139
21 28 3
21 29 105
21 30 48
21 31 3
21 32 87
21 33 55
21 34 57
21 35 14
21 36 136
21 37 154
21 38 154
21 39 110
21 40 85
21 41 163
21 42 28
21 43 7
21 44 137
21 45 93
21 46 183
21 47 37
21 48 78
21 49 159
21 50 149
21 51 12
21 52 102
21 53 34
21 54 170
21 55 147
21 56 29
21 57 164
21 58 149
21 59 79
21 60 109
21 61 77
21 62 93
21 63 17
21 64 49
21 65 10
21 66 164
21 67 166
21 68 151
21 69 43
21 70 121
21 71 190
21 72 62
21 73 173
21 74 60
21 75 39
21 76 41
21 77 139
21 78 128
21 79 4
21 80 75
21 81 136
21 82 186
21 83 113
21 84 129
21 85 70
21 86 97
21 87 125
21 88 44
21 89 72
21 90 199
21 91 88
21 92 2
21 93 118
21 94 139
21 95 179
21 96 186
21 97 143
21 98 47
21 99 131
22 23 156
22 24 146
22 25 21
22 26 65
22 27 80
22 28 49
22 29 147
22 30 197
22 31 8
22 32 65
22 33 147
22 34 66
22 35 55
22 36 182
22 37 0
22 38 169
22 39 84
22 40 162
22 41 62
22 42 172
22 43 18
22 44 21
22 45 118
22 46 161
22 47 112
22 48 17
22 49 41
22 50 139
22 51 37
22 52 164
22 53 2
22 54 157
22 55 8
22 56 16
22 57 1
22 58 78
22 59 74
22 60 153
22 61 156
22 62 70
22 63 110
22 64 112
22 65 105
22 66 173
22 67 200
22 68 72
22 69 188
22 70 9
22 71 153
22 72 3
22 73 48
22 74 39
22 75 98
22 76 186
22 77 193
22 78 64
22 79 75
22 80 36
22 81 27
22 82 176
22 83 132
22 84 70
22 85 76
22 86 35
22 87 87
22 88 113
22 89 43
22 90 191
22 91 29
22 92 36
22 93 1
22 94 200
22 95 35
22 96 125
22 97 135
22 98 136
22 99 144
23 24 80
23 25 2
23 26 102
23 27 38
23 28 169
23 29 14
23 30 76
23 31 192
23 32 188
23 33 97
23 34 152
23 35 13
23 36 115
23 37 171
23 38 26
23 39 174
23 40 131
23 41 67
23 42 139
23 43 38
23 44 47
23 45 82
23 46 38
23 47 66
23 48 6
23 49 170
23 50 2
23 51 173
23 52 62
23 53 77
23 54 39
23 55 76
23 56 141
23 57 144
23 58 197
23 59 38
23 60 174
23 61 114
23 62 83
23 63 148
23 64 122
23 65 170
23 66 29
23 67 136
23 68 37
23 69 164
23 70 18
23 71 119
23 72 4
23 73 123
23 74 174
23 75 63
23 76 1
23 77 175
23 78 161
23 79 65
23 80 184
23 81 86
23 82 45
23 83 43
23 84 66
23 85 96
23 86 199
23 87 198
23 88 158
23 89 8
23 90 72
23 91 66
23 92 134
23 93 54
23 94 100
23 95 38
23 96 2
23 97 78
23 98 63
23 99 91
24 25 194
24 26 126
24 27 56
24 28 5
24 29 200
24 30 178
24 31 76
24 32 41
24 33 16
24 34 97
24 35 56
24 36 114
24 37 123
24 38 82
24 39 154
24 40 74
24 41 1
24 42 191
24 43 146
24 44 133
24 45 169
24 46 102
24 47 172
24 48 162
24 49 132
24 50 84
24 51 173
24 52 47
24 53 199
24 54 53
24 55 5
24 56 55
24 57 106
24 58 176
24 59 72
24 60 160
24 61 187
24 62 48
24 63 186
24 64 189
24 65 48
24 66 26
24 67 132
24 68 49
24 69 53
24 70 65
24 71 61
24 72 42
24 73 57
24 74 160
24 75 94
24 76 194
24 77 162
24 78 163
24 79 82
24 80 99
24 81 187
24 82 47
24 83 103
24 84 16
24 85 123
24 86 186
24 87 108
24 88 113
24 89 194
24 90 27
24 91 144
24 92 20
24 93 176
24 94 175
24 95 101
24 96 95
24 97 135
24 98 124
24 99 73
25 26 135
25 27 57
25 28 79
25 29 46
25 30 60
25 31 77
25 32 147
25 33 27
25 34 121
25 35 38
25 36 134
25 37 78
25 38 196
25 39 40
25 40 128
25 41 108
25 42 113
25 43 94
25 44 10
25 45 88
25 46 178
25 47 159
25 48 157
25 49 60
25 50 199
25 51 151
25 52 1
25 53 26
25 54 95
25 55 30
25 56 46
25 57 150
25 58 2
25 59 189
25 60 37
25 61 168
25 62 119
25 63 66
25 64 100
25 65 67
25 66 21
25 67 114
25 68 25
25 69 94
25 70 125
25 71 22
25 72 85
25 73 126
25 74 181
25 75 83
25 76 58
25 77 127
25 78 2
25 79 100
25 80 31
25 81 177
25 82 127
25 83 178
25 84 196
25 85 175
25 86 149
25 87 81
25 88 187
25 89 114
25 90 199
25 91 33
25 92 183
25 93 5
25 94 142
25 95 37
25 96 100
25 97 120
25 98 126
25 99 136
26 27 7
26 28 110
26 29 174
26 30 131
26 31 89
26 32 163
26 33 38
26 34 115
26 35 186
26 36 31
26 37 84
26 38 0
26 39 56
26 40 36
26 41 73
26 42 62
26 43 129
26 44 197
26 45 193
26 46 0
26 47 130
26 48 63
26 49 156
26 50 142
26 51 94
26 52 64
26 53 35
26 54 24
26 55 128
26 56 53
26 57 55
26 58 142
26 59 3
26 60 112
26 61 167
26 62 198
26 63 104
26 64 136
26 65 42
26 66 101
26 67 25
26 68 178
26 69 50
26 70 143
26 71 115
26 72 166
26 73 149
26 74 101
26 75 163
26 76 117
26 77 51
26 78 68
26 79 187
26 80 68
26 81 37
26 82 133
26 83 37
26 84 24
26 85 146
26 86 142
26 87 16
26 88 126
26 89 69
26 90 90
26 91 169
26 92 27
26 93 113
26 94 128
26 95 120
26 96 74
26 97 200
26 98 5
26 99 90
27 28 53
27 29 129
27 30 157
27 31 2
27 32 101
27 33 20
27 34 96
27 35 176
27 36 37
27 37 93
27 38 62
27 39 152
27 40 152
27 41 92
27 42 5
27 43 43
27 44 77
27 45 78
27 46 156
27 47 189
27 48 193
27 49 179
27 50 192
27 51 133
27 52 84
27 53 42
27 54 9
27 55 53
27 56 40
27 57 3
27 58 199
27 59 132
27 60 40
27 61 80
27 62 117
27 63 185
27 64 91
27 65 156
27 66 35
27 67 111
27 68 74
27 69 116
27 70 68
27 71 54
27 72 151
27 73 111
27 74 35
27 75 92
27 76 44
27 77 55
27 78 70
27 79 139
27 80 176
27 81 92
27 82 12
27 83 154
27 84 128
27 85 157
27 86 159
27 87 113
27 88 126
27 89 124
27 90 119
27 91 0
27 92 7
27 93 147
27 94 2
27 95 76
27 96 195
27 97 29
27 98 181
27 99 11
28 29 154
28 30 8
28 31 139
28 32 192
28 33 198
28 34 169
28 35 78
28 36 72
28 37 167
28 38 67
28 39 7
28 40 189
28 41 123
28 42 147
28 43 163
28 44 6
28 45 131
28 46 60
28 47 108
28 48 114
28 49 96
28 50 89
28 51 132
28 52 78
28 53 100
28 54 169
28 55 197
28 56 18
28 57 53
28 58 3
28 59 39
28 60 89
28 61 171
28 62 25
28 63 83
28 64 91
28 65 20
28 66 52
28 67 40
28 68 150
28 69 143
28 70 125
28 71 82
28 72 167
28 73 135
28 74 161
28 75 64
28 76 96
28 77 63
28 78 169
28 79 87
28 80 75
28 81 56
28 82 114
28 83 4
28 84 147
28 85 26
28 86 70
28 87 113
28 88 111
28 89 46
28 90 145
28 91 194
28 92 16
28 93 112
28 94 54
28 95 184
28 96 51
28 97 198
28 98 10
28 99 199
29 30 32
29 31 154
29 32 186
29 33 97
29 34 106
29 35 198
29 36 78
29 37 93
29 38 171
29 39 98
29 40 195
29 41 52
29 42 140
29 43 192
29 44 115
29 45 172
29 46 46
29 47 160
29 48 134
29 49 187
29 50 32
29 51 155
29 52 159
29 53 170
29 54 121
29 55 129
29 56 125
29 57 21
29 58 196
29 59 83
29 60 171
29 61 196
29 62 35
29 63 12
29 64 118
29 65 39
29 66 26
29 67 10
29 68 73
29 69 55
29 70 69
29 71 197
29 72 18
29 73 111
29 74 157
29 75 200
29 76 176
29 77 139
29 78 29
29 79 9
29 80 185
29 81 61
29 82 149
29 83 166
29 84 96
29 85 139
29 86 8
29 87 112
29 88 188
29 89 19
29 90 25
29 91 83
29 92 101
29 93 107
29 94 66
29 95 139
29 96 195
29 97 89
29 98 116
29 99 1
30 31 146
30 32 92
30 33 106
30 34 178
30 35 74
30 36 87
30 37 193
30 38 128
30 39 119
30 40 144
30 41 48
30 42 77
30 43 2
30 44 198
30 45 192
30 46 103
30 47 61
30 48 39
30 49 109
30 50 102
30 51 11
30 52 31
30 53 106
30 54 29
30 55 27
30 56 149
30 57 126
30 58 196
30 59 162
30 60 36
30 61 171
30 62 14
30 63 43
30 64 145
30 65 91
30 66 94
30 67 115
30 68 53
30 69 8
30 70 188
30 71 5
30 72 125
30 73 158
30 74 177
30 75 66
30 76 170
30 77 57
30 78 74
30 79 165
30 80 45
30 81 170
30 82 90
30 83 174
30 84 109
30 85 142
30 86 135
30 87 116
30 88 136
30 89 117
30 90 73
30 91 104
30 92 192
30 93 94
30 94 169
30 95 79
30 96 71
30 97 95
30 98 138
30 99 28
31 32 62
31 33 98
31 34 139
31 35 108
31 36 144
31 37 25
31 38 166
31 39 176
31 40 34
31 41 195
31 42 18
31 43 39
31 44 21
31 45 178
31 46 195
31 47 40
31 48 36
31 49 79
31 50 99
31 51 16
31 52 72
31 53 198
31 54 99
31 55 7
31 56 105
31 57 186
31 58 103
31 59 99
31 60 101
31 61 77
31 62 100
31 63 76
31 64 54
31 65 129
31 66 79
31 67 152
31 68 93
31 69 113
31 70 45
31 71 62
31 72 88
31 73 190
31 74 111
31 75 124
31 76 16
31 77 138
31 78 169
31 79 198
31 80 67
31 81 87
31 82 28
31 83 56
31 84 106
31 85 152
31 86 186
31 87 108
31 88 35
31 89 0
31 90 101
31 91 93
31 92 104
31 93 54
31 94 94
31 95 34
31 96 194
31 97 0
31 98 152
31 99 7
32 33 63
32 34 149
32 35 81
32 36 53
32 37 170
32 38 40
32 39 6
32 40 198
32 41 49
32 42 176
32 43 52
32 44 178
32 45 150
32 46 167
32 47 173
32 48 164
32 49 177
32 50 27
32 51 2
32 52 180
32 53 2
32 54 148
32 55 13
32 56 170
32 57 81
32 58 77
32 59 47
32 60 101
32 61 24
32 62 174
32 63 19
32 64 77
32 65 14
32 66 162
32 67 81
32 68 37
32 69 48
32 70 143
32 71 40
32 72 97
32 73 78
32 74 192
32 75 132
32 76 175
32 77 12
32 78 149
32 79 160
32 80 177
32 81 85
32 82 132
32 83 45
32 84 86
32 85 6
32 86 101
32 87 54
32 88 5
32 89 175
32 90 179
32 91 78
32 92 20
32 93 175
32 94 65
32 95 127
32 96 170
32 97 32
32 98 117
32 99 124
33 34 73
33 35 92
33 36 63
33 37 5
33 38 2
33 39 178
33 40 115
33 41 73
33 42 194
33 43 187
33 44 79
33 45 73
33 46 64
33 47 30
33 48 179
33 49 117
33 50 15
33 51 137
33 52 28
33 53 121
33 54 56
33 55 141
33 56 6
33 57 187
33 58 116
33 59 118
33 60 84
33 61 28
33 62 58
33 63 111
33 64 200
33 65 158
33 66 170
33 67 145
33 68 90
33 69 72
33 70 139
33 71 119
33 72 154
33 73 91
33 74 12
33 75 192
33 76 4
33 77 116
33 78 87
33 79 159
33 80 30
33 81 59
33 82 49
33 83 13
33 84 123
33 85 193
33 86 67
33 87 92
33 88 81
33 89 57
33 90 39
33 91 195
33 92 197
33 93 129
33 94 140
33 95 194
33 96 72
33 97 160
33 98 186
33 99 52
34 35 60
34 36 28
34 37 152
34 38 162
34 39 95
34 40 134
34 41 124
34 42 58
34 43 167
34 44 24
34 45 41
34 46 115
34 47 73
34 48 124
34 49 108
34 50 122
34 51 102
34 52 171
34 53 5
34 54 109
34 55 75
34 56 163
34 57 60
34 58 134
34 59 199
34 60 91
34 61 145
34 62 44
34 63 56
34 64 72
34 65 10
34 66 199
34 67 168
34 68 132
34 69 169
34 70 159
34 71 90
34 72 162
34 73 69
34 74 157
34 75 58
34 76 174
34 77 45
34 78 2
34 79 49
34 80 97
34 81 146
34 82 126
34 83 95
34 84 3
34 85 149
34 86 175
34 87 52
34 88 58
34 89 44
34 90 111
34 91 24
34 92 90
34 93 144
34 94 51
34 95 130
34 96 7
34 97 96
34 98 199
34 99 200
35 36 3
35 37 1
35 38 78
35 39 44
35 40 165
35 41 2
35 42 163
35 43 128
35 44 140
35 45 36
35 46 145
35 47 64
35 48 100
35 49 96
35 50 105
35 51 41
35 52 88
35 53 41
35 54 81
35 55 181
35 56 23
35 57 130
35 58 135
35 59 179
35 60 131
35 61 72
35 62 75
35 63 62
35 64 109
35 65 89
35 66 181
35 67 26
35 68 197
35 69 180
35 70 169
35 71 57
35 72 150
35 73 146
35 74 43
35 75 107
35 76 127
35 77 101
35 78 13
35 79 76
35 80 120
35 81 170
35 82 110
35 83 51
35 84 105
35 85 87
35 86 154
35 87 109
35 88 133
35 89 44
35 90 122
35 91 187
35 92 197
35 93 158
35 94 14
35 95 68
35 96 183
35 97 30
35 98 151
35 99 72
36 37 102
36 38 175
36 39 169
36 40 94
36 41 44
36 42 30
36 43 174
36 44 76
36 45 124
36 46 88
36 47 65
36 48 156
36 49 67
36 50 95
36 51 37
36 52 88
36 53 57
36 54 174
36 55 162
36 56 149
36 57 3
36 58 11
36 59 183
36 60 197
36 61 8
36 62 63
36 63 18
36 64 62
36 65 26
36 66 116
36 67 45
36 68 55
36 69 119
36 70 198
36 71 132
36 72 179
36 73 122
36 74 52
36 75 54
36 76 116
36 77 113
36 78 148
36 79 173
36 80 121
36 81 139
36 82 151
36 83 166
36 84 32
36 85 88
36 86 179
36 87 176
36 88 54
36 89 143
36 90 28
36 91 127
36 92 127
36 93 52
36 94 53
36 95 27
36 96 39
36 97 151
36 98 68
36 99 138
37 38 90
37 39 76
37 40 48
37 41 48
37 42 56
37 43 44
37 44 104
37 45 43
37 46 6
37 47 143
37 48 191
37 49 134
37 50 4
37 51 129
37 52 136
37 53 117
37 54 0
37 55 36
37 56 11
37 57 122
37 58 194
37 59 170
37 60 19
37 61 131
37 62 108
37 63 55
37 64 165
37 65 97
37 66 43
37 67 57
37 68 165
37 69 145
37 70 73
37 71 60
37 72 27
37 73 111
37 74 54
37 75 91
37 76 144
37 77 144
37 78 147
37 79 45
37 80 162
37 81 60
37 82 154
37 83 58
37 84 136
37 85 122
37 86 90
37 87 60
37 88 182
37 89 193
37 90 60
37 91 69
37 92 87
37 93 193
37 94 122
37 95 85
37 96 134
37 97 28
37 98 137
37 99 4
38 39 171
38 40 119
38 41 184
38 42 30
38 43 198
38 44 0
38 45 97
38 46 176
38 47 46
38 48 153
38 49 69
38 50 132
38 51 17
38 52 196
38 53 69
38 54 173
38 55 0
38 56 183
38 57 89
38 58 104
38 59 116
38 60 56
38 61 35
38 62 129
38 63 11
38 64 94
38 65 46
38 66 54
38 67 165
38 68 32
38 69 39
38 70 145
38 71 18
38 72 126
38 73 145
38 74 0
38 75 152
38 76 24
38 77 119
38 78 9
38 79 194
38 80 70
38 81 30
38 82 154
38 83 61
38 84 170
38 85 18
38 86 194
38 87 155
38 88 75
38 89 8
38 90 168
38 91 31
38 92 43
38 93 183
38 94 192
38 95 110
38 96 74
38 97 79
38 98 81
38 99 25
39 40 47
39 41 177
39 42 168
39 43 145
39 44 190
39 45 173
39 46 56
39 47 183
39 48 169
39 49 170
39 50 22
39 51 160
39 52 92
39 53 29
39 54 18
39 55 128
39 56 14
39 57 70
39 58 58
39 59 159
39 60 137
39 61 77
39 62 200
39 63 34
39 64 64
39 65 99
39 66 188
39 67 43
39 68 91
39 69 146
39 70 23
39 71 143
39 72 166
39 73 198
39 74 56
39 75 151
39 76 149
39 77 139
39 78 76
39 79 114
39 80 53
39 81 151
39 82 142
39 83 118
39 84 24
39 85 160
39 86 34
39 87 31
39 88 105
39 89 199
39 90 33
39 91 83
39 92 26
39 93 73
39 94 155
39 95 120
39 96 15
39 97 119
39 98 137
39 99 85
40 41 107
40 42 174
40 43 160
40 44 175
40 45 128
40 46 114
40 47 151
40 48 62
40 49 23
40 50 165
40 51 53
40 52 199
40 53 83
40 54 97
40 55 75
40 56 36
40 57 84
40 58 87
40 59 29
40 60 167
40 61 80
40 62 29
40 63 10
40 64 36
40 65 146
40 66 81
40 67 168
40 68 40
40 69 100
40 70 47
40 71 40
40 72 122
40 73 0
40 74 175
40 75 138
40 76 67
40 77 200
40 78 67
40 79 166
40 80 177
40 81 108
40 82 41
40 83 90
40 84 146
40 85 57
40 86 91
40 87 147
40 88 119
40 89 89
40 90 155
40 91 99
40 92 16
40 93 141
40 94 110
40 95 91
40 96 96
40 97 28
40 98 75
40 99 173
41 42 73
41 43 139
41 44 104
41 45 138
41 46 119
41 47 133
41 48 122
41 49 182
41 50 3
41 51 53
41 52 117
41 53 150
41 54 78
41 55 30
41 56 30
41 57 187
41 58 44
41 59 126
41 60 116
41 61 3
41 62 116
41 63 184
41 64 187
41 65 26
41 66 132
41 67 104
41 68 178
41 69 34
41 70 100
41 71 188
41 72 103
41 73 107
41 74 32
41 75 97
41 76 187
41 77 186
41 78 37
41 79 61
41 80 95
41 81 124
41 82 12
41 83 4
41 84 164
41 85 18
41 86 57
41 87 74
41 88 158
41 89 76
41 90 70
41 91 72
41 92 46
41 93 195
41 94 35
41 95 163
41 96 63
41 97 179
41 98 89
41 99 164
42 43 161
42 44 140
42 45 153
42 46 34
42 47 60
42 48 152
42 49 195
42 50 0
42 51 121
42 52 134
42 53 97
42 54 100
42 55 118
42 56 4
42 57 168
42 58 163
42 59 197
42 60 166
42 61 122
42 62 40
42 63 57
42 64 142
42 65 0
42 66 120
42 67 80
42 68 140
42 69 113
42 70 89
42 71 152
42 72 39
42 73 161
42 74 105
42 75 103
42 76 104
42 77 61
42 78 150
42 79 122
42 80 25
42 81 64
42 82 101
42 83 127
42 84 129
42 85 140
42 86 163
42 87 49
42 88 120
42 89 83
42 90 187
42 91 57
42 92 96
42 93 166
42 94 141
42 95 53
42 96 152
42 97 27
42 98 72
42 99 122
43 44 199
43 45 117
43 46 32
43 47 114
43 48 172
43 49 104
43 50 62
43 51 83
43 52 46
43 53 89
43 54 27
43 55 56
43 56 152
43 57 183
43 58 45
43 59 93
43 60 87
43 61 21
43 62 198
43 63 111
43 64 164
43 65 148
43 66 20
43 67 124
43 68 29
43 69 192
43 70 49
43 71 163
43 72 60
43 73 57
43 74 125
43 75 61
43 76 9
43 77 195
43 78 163
43 79 41
43 80 61
43 81 12
43 82 185
43 83 89
43 84 72
43 85 139
43 86 109
43 87 174
43 88 45
43 89 56
43 90 57
43 91 170
43 92 113
43 93 194
43 94 75
43 95 105
43 96 43
43 97 71
43 98 39
43 99 199
44 45 59
44 46 48
44 47 27
44 48 45
44 49 169
44 50 109
44 51 99
44 52 130
44 53 138
44 54 1
44 55 163
44 56 5
44 57 4
44 58 46
44 59 16
44 60 121
44 61 135
44 62 48
44 63 58
44 64 94
44 65 147
44 66 123
44 67 66
44 68 162
44 69 129
44 70 11
44 71 109
44 72 135
44 73 17
44 74 62
44 75 120
44 76 26
44 77 32
44 78 77
44 79 158
44 80 59
44 81 62
44 82 3
44 83 108
44 84 6
44 85 128
44 86 32
44 87 132
44 88 179
44 89 174
44 90 73
44 91 140
44 92 79
44 93 12
44 94 163
44 95 146
44 96 194
44 97 118
44 98 93
44 99 121
45 46 114
45 47 134
45 48 126
45 49 80
45 50 105
45 51 66
45 52 105
45 53 78
45 54 121
45 55 141
45 56 172
45 57 42
45 58 6
45 59 147
45 60 104
45 61 156
45 62 38
45 63 2
45 64 81
45 65 48
45 66 134
45 67 173
45 68 181
45 69 195
45 70 181
45 71 33
45 72 97
45 73 178
45 74 166
45 75 49
45 76 80
45 77 130
45 78 162
45 79 100
45 80 19
45 81 47
45 82 84
45 83 89
45 84 4
45 85 144
45 86 112
45 87 192
45 88 46
45 89 54
45 90 98
45 91 100
45 92 140
45 93 24
45 94 104
45 95 157
45 96 76
45 97 181
45 98 24
45 99 128
46 47 14
46 48 70
46 49 123
46 50 110
46 51 121
46 52 174
46 53 21
46 54 115
46 55 67
46 56 99
46 57 105
46 58 42
46 59 65
46 60 198
46 61 159
46 62 23
46 63 12
46 64 55
46 65 137
46 66 179
46 67 32
46 68 62
46 69 68
46 70 66
46 71 125
46 72 13
46 73 33
46 74 50
46 75 124
46 76 126
46 77 2
46 78 19
46 79 11
46 80 25
46 81 163
46 82 119
46 83 32
46 84 26
46 85 80
46 86 129
46 87 117
46 88 125
46 89 25
46 90 44
46 91 109
46 92 102
46 93 83
46 94 37
46 95 81
46 96 133
46 97 113
46 98 168
46 99 182
47 48 90
47 49 30
47 50 157
47 51 26
47 52 190
47 53 117
47 54 18
47 55 50
47 56 138
47 57 180
47 58 115
47 59 56
47 60 132
47 61 97
47 62 194
47 63 96
47 64 63
47 65 43
47 66 194
47 67 7
47 68 34
47 69 131
47 70 70
47 71 137
47 72 7
47 73 67
47 74 87
47 75 175
47 76 152
47 77 151
47 78 47
47 79 22
47 80 56
47 81 78
47 82 101
47 83 99
47 84 135
47 85 101
47 86 80
47 87 124
47 88 2
47 89 75
47 90 137
47 91 134
47 92 79
47 93 98
47 94 34
47 95 85
47 96 42
47 97 160
47 98 12
47 99 178
48 49 50
48 50 28
48 51 92
48 52 35
48 53 48
48 54 59
48 55 39
48 56 71
48 57 54
48 58 197
48 59 66
48 60 30
48 61 109
48 62 112
48 63 40
48 64 182
48 65 148
48 66 43
48 67 183
48 68 34
48 69 174
48 70 93
48 71 164
48 72 161
48 73 0
48 74 113
48 75 150
48 76 180
48 77 136
48 78 3
48 79 62
48 80 170
48 81 166
48 82 84
48 83 138
48 84 105
48 85 33
48 86 135
48 87 53
48 88 3
48 89 170
48 90 90
48 91 163
48 92 181
48 93 50
48 94 6
48 95 46
48 96 1
48 97 11
48 98 26
48 99 3
49 50 4
49 51 77
49 52 172
49 53 72
49 54 64
49 55 56
49 56 81
49 57 24
49 58 156
49 59 178
49 60 153
49 61 113
49 62 159
49 63 34
49 64 157
49 65 175
49 66 95
49 67 21
49 68 23
49 69 31
49 70 173
49 71 43
49 72 160
49 73 85
49 74 109
49 75 74
49 76 25
49 77 169
49 78 25
49 79 111
49 80 59
49 81 133
49 82 190
49 83 14
49 84 121
49 85 168
49 86 112
49 87 5
49 88 16
49 89 184
49 90 66
49 91 183
49 92 10
49 93 8
49 94 7
49 95 104
49 96 24
49 97 159
49 98 136
49 99 102
50 51 156
50 52 124
50 53 121
50 54 136
50 55 175
50 56 182
50 57 159
50 58 122
50 59 85
50 60 10
50 61 61
50 62 139
50 63 51
50 64 118
50 65 20
50 66 160
50 67 119
50 68 142
50 69 44
50 70 187
50 71 98
50 72 134
50 73 18
50 74 13
50 75 186
50 76 156
50 77 167
50 78 9
50 79 61
50 80 34
50 81 102
50 82 155
50 83 45
50 84 188
50 85 1
50 86 172
50 87 143
50 88 115
50 89 169
50 90 96
50 91 47
50 92 82
50 93 46
50 94 157
50 95 71
50 96 86
50 97 79
50 98 155
50 99 102
51 52 146
51 53 11
51 54 183
51 55 45
51 56 196
51 57 58
51 58 0
51 59 173
51 60 41
51 61 109
51 62 61
51 63 59
51 64 119
51 65 82
51 66 185
51 67 94
51 68 159
51 69 85
51 70 19
51 71 176
51 72 163
51 73 91
51 74 117
51 75 181
51 76 78
51 77 199
51 78 88
51 79 111
51 80 200
51 81 151
51 82 4
51 83 63
51 84 61
51 85 55
51 86 69
51 87 174
51 88 69
51 89 52
51 90 78
51 91 160
51 92 190
51 93 173
51 94 131
51 95 65
51 96 63
51 97 80
51 98 184
51 99 27
52 53 161
52 54 200
52 55 141
52 56 76
52 57 34
52 58 35
52 59 17
52 60 55
52 61 178
52 62 120
52 63 196
52 64 73
52 65 20
52 66 79
52 67 166
52 68 87
52 69 109
52 70 123
52 71 188
52 72 198
52 73 181
52 74 167
52 75 64
52 76 188
52 77 117
52 78 149
52 79 82
52 80 145
52 81 87
52 82 179
52 83 52
52 84 185
52 85 77
52 86 65
52 87 66
52 88 17
52 89 21
52 90 6
52 91 146
52 92 86
52 93 1
52 94 26
52 95 38
52 96 96
52 97 181
52 98 48
52 99 20
53 54 75
53 55 153
53 56 179
53 57 49
53 58 166
53 59 142
53 60 200
53 61 194
53 62 174
53 63 27
53 64 54
53 65 180
53 66 91
53 67 97
53 68 81
53 69 122
53 70 19
53 71 94
53 72 116
53 73 22
53 74 125
53 75 140
53 76 84
53 77 123
53 78 123
53 79 46
53 80 142
53 81 183
53 82 112
53 83 117
53 84 75
53 85 84
53 86 177
53 87 169
53 88 113
53 89 109
53 90 197
53 91 166
53 92 32
53 93 100
53 94 29
53 95 141
53 96 20
53 97 181
53 98 67
53 99 132
54 55 111
54 56 108
54 57 24
54 58 42
54 59 3
54 60 163
54 61 73
54 62 158
54 63 56
54 64 154
54 65 10
54 66 60
54 67 90
54 68 188
54 69 33
54 70 100
54 71 123
54 72 101
54 73 65
54 74 74
54 75 197
54 76 29
54 77 5
54 78 165
54 79 78
54 80 128
54 81 121
54 82 40
54 83 167
54 84 34
54 85 126
54 86 103
54 87 88
54 88 132
54 89 23
54 90 144
54 91 134
54 92 21
54 93 86
54 94 174
54 95 36
54 96 92
54 97 108
54 98 113
54 99 68
55 56 53
55 57 76
55 58 107
55 59 89
55 60 46
55 61 77
55 62 22
55 63 45
55 64 39
55 65 61
55 66 80
55 67 0
55 68 163
55 69 9
55 70 47
55 71 146
55 72 177
55 73 146
55 74 27
55 75 138
55 76 187
55 77 9
55 78 107
55 79 51
55 80 121
55 81 115
55 82 85
55 83 102
55 84 115
55 85 90
55 86 157
55 87 73
55 88 76
55 89 145
55 90 46
55 91 120
55 92 17
55 93 31
55 94 32
55 95 124
55 96 18
55 97 116
55 98 131
55 99 131
56 57 81
56 58 73
56 59 176
56 60 34
56 61 180
56 62 198
56 63 84
56 64 34
56 65 20
56 66 178
56 67 144
56 68 173
56 69 83
56 70 145
56 71 22
56 72 183
56 73 195
56 74 175
56 75 132
56 76 13
56 77 151
56 78 70
56 79 18
56 80 54
56 81 88
56 82 108
56 83 199
56 84 46
56 85 126
56 86 82
56 87 64
56 88 122
56 89 121
56 90 142
56 91 90
56 92 35
56 93 170
56 94 120
56 95 125
56 96 91
56 97 193
56 98 21
56 99 81
57 58 41
57 59 84
57 60 108
57 61 175
57 62 87
57 63 59
57 64 25
57 65 44
57 66 43
57 67 14
57 68 92
57 69 125
57 70 63
57 71 91
57 72 106
57 73 140
57 74 81
57 75 69
57 76 120
57 77 3
57 78 171
57 79 60
57 80 58
57 81 42
57 82 79
57 83 18
57 84 159
57 85 159
57 86 187
57 87 59
57 88 159
57 89 80
57 90 191
57 91 139
57 92 118
57 93 193
57 94 82
57 95 91
57 96 177
57 97 106
57 98 173
57 99 77
58 59 174
58 60 158
58 61 91
58 62 5
58 63 127
58 64 168
58 65 117
58 66 87
58 67 25
58 68 165
58 69 121
58 70 30
58 71 142
58 72 10
58 73 19
58 74 167
58 75 105
58 76 10
58 77 190
58 78 95
58 79 141
58 80 112
58 81 58
58 82 149
58 83 31
58 84 12
58 85 15
58 86 0
58 87 97
58 88 141
58 89 52
58 90 110
58 91 64
58 92 173
58 93 4
58 94 109
58 95 49
58 96 12
58 97 79
58 98 56
58 99 10
59 60 133
59 61 74
59 62 154
59 63 166
59 64 5
59 65 105
59 66 76
59 67 131
59 68 43
59 69 143
59 70 178
59 71 147
59 72 116
59 73 39
59 74 171
59 75 30
59 76 89
59 77 104
59 78 108
59 79 71
59 80 93
59 81 40
59 82 11
59 83 173
59 84 60
59 85 86
59 86 0
59 87 142
59 88 195
59 89 161
59 90 132
59 91 90
59 92 101
59 93 122
59 94 12
59 95 108
59 96 30
59 97 113
59 98 152
59 99 99
60 61 73
60 62 23
60 63 78
60 64 161
60 65 186
60 66 188
60 67 103
60 68 163
60 69 105
60 70 107
60 71 172
60 72 11
60 73 154
60 74 129
60 75 191
60 76 53
60 77 137
60 78 120
60 79 104
60 80 153
60 81 58
60 82 189
60 83 147
60 84 115
60 85 56
60 86 31
60 87 167
60 88 183
60 89 104
60 90 96
60 91 64
60 92 184
60 93 173
60 94 101
60 95 116
60 96 174
60 97 161
60 98 177
60 99 32
61 62 63
61 63 19
61 64 46
61 65 132
61 66 125
61 67 139
61 68 123
61 69 156
61 70 125
61 71 135
61 72 81
61 73 55
61 74 30
61 75 30
61 76 45
61 77 150
61 78 176
61 79 106
61 80 58
61 81 52
61 82 132
61 83 66
61 84 147
61 85 44
61 86 5
61 87 80
61 88 164
61 89 55
61 90 25
61 91 120
61 92 174
61 93 158
61 94 153
61 95 138
61 96 79
61 97 182
61 98 67
61 99 85
62 63 105
62 64 48
62 65 107
62 66 195
62 67 140
62 68 103
62 69 26
62 70 88
62 71 25
62 72 41
62 73 174
62 74 181
62 75 169
62 76 153
62 77 17
62 78 98
62 79 150
62 80 166
62 81 166
62 82 69
62 83 0
62 84 112
62 85 107
62 86 109
62 87 97
62 88 18
62 89 164
62 90 115
62 91 153
62 92 161
62 93 109
62 94 169
62 95 112
62 96 145
62 97 83
62 98 106
62 99 79
63 64 199
63 65 152
63 66 1
63 67 149
63 68 127
63 69 36
63 70 4
63 71 134
63 72 64
63 73 152
63 74 86
63 75 41
63 76 129
63 77 91
63 78 189
63 79 174
63 80 117
63 81 108
63 82 10
63 83 61
63 84 21
63 85 69
63 86 139
63 87 93
63 88 155
63 89 84
63 90 137
63 91 164
63 92 81
63 93 156
63 94 120
63 95 163
63 96 19
63 97 173
63 98 129
63 99 57
64 65 85
64 66 145
64 67 128
64 68 43
64 69 96
64 70 65
64 71 28
64 72 33
64 73 89
64 74 31
64 75 82
64 76 58
64 77 75
64 78 108
64 79 15
64 80 166
64 81 142
64 82 150
64 83 98
64 84 93
64 85 200
64 86 9
64 87 13
64 88 108
64 89 101
64 90 47
64 91 18
64 92 89
64 93 111
64 94 122
64 95 153
64 96 40
64 97 31
64 98 68
64 99 133
65 66 194
65 67 12
65 68 51
65 69 170
65 70 144
65 71 21
65 72 21
65 73 178
65 74 163
65 75 77
65 76 171
65 77 157
65 78 43
65 79 96
65 80 134
65 81 127
65 82 177
65 83 68
65 84 98
65 85 5
65 86 126
65 87 69
65 88 13
65 89 119
65 90 3
65 91 71
65 92 188
65 93 13
65 94 196
65 95 6
65 96 148
65 97 13
65 98 16
65 99 84
66 67 154
66 68 184
66 69 161
66 70 72
66 71 154
66 72 152
66 73 20
66 74 46
66 75 27
66 76 38
66 77 32
66 78 93
66 79 200
66 80 108
66 81 40
66 82 91
66 83 66
66 84 75
66 85 19
66 86 158
66 87 125
66 88 166
66 89 134
66 90 199
66 91 37
66 92 164
66 93 167
66 94 148
66 95 19
66 96 102
66 97 23
66 98 155
66 99 127
67 68 194
67 69 95
67 70 139
67 71 196
67 72 137
67 73 117
67 74 189
67 75 161
67 76 134
67 77 163
67 78 15
67 79 104
67 80 144
67 81 152
67 82 5
67 83 31
67 84 15
67 85 126
67 86 89
67 87 189
67 88 103
67 89 82
67 90 113
67 91 21
67 92 117
67 93 80
67 94 133
67 95 184
67 96 45
67 97 10
67 98 65
67 99 61
68 69 154
68 70 157
68 71 68
68 72 156
68 73 139
68 74 47
68 75 170
68 76 189
68 77 59
68 78 110
68 79 116
68 80 92
68 81 41
68 82 197
68 83 40
68 84 63
68 85 166
68 86 136
68 87 192
68 88 59
68 89 96
68 90 56
68 91 180
68 92 89
68 93 183
68 94 97
68 95 41
68 96 182
68 97 91
68 98 172
68 99 93
69 70 25
69 71 103
69 72 61
69 73 175
69 74 170
69 75 144
69 76 108
69 77 105
69 78 128
69 79 3
69 80 195
69 81 113
69 82 146
69 83 169
69 84 39
69 85 175
69 86 90
69 87 93
69 88 173
69 89 76
69 90 162
69 91 103
69 92 5
69 93 182
69 94 60
69 95 160
69 96 125
69 97 21
69 98 79
69 99 185
70 71 121
70 72 4
70 73 90
70 74 81
70 75 79
70 76 10
70 77 168
70 78 28
70 79 24
70 80 191
70 81 195
70 82 130
70 83 165
70 84 59
70 85 130
70 86 166
70 87 104
70 88 141
70 89 130
70 90 68
70 91 193
70 92 15
70 93 15
70 94 153
70 95 73
70 96 49
70 97 162
70 98 193
70 99 167
71 72 131
71 73 2
71 74 141
71 75 55
71 76 174
71 77 8
71 78 79
71 79 117
71 80 87
71 81 176
71 82 189
71 83 72
71 84 86
71 85 16
71 86 73
71 87 21
71 88 96
71 89 75
71 90 154
71 91 138
71 92 107
71 93 7
71 94 37
71 95 69
71 96 58
71 97 122
71 98 103
71 99 86
72 73 170
72 74 186
72 75 199
72 76 176
72 77 102
72 78 100
72 79 58
72 80 85
72 81 137
72 82 23
72 83 180
72 84 131
72 85 163
72 86 82
72 87 156
72 88 72
72 89 187
72 90 98
72 91 112
72 92 110
72 93 98
72 94 65
72 95 76
72 96 198
72 97 117
72 98 101
72 99 81
73 74 111
73 75 103
73 76 66
73 77 13
73 78 9
73 79 8
73 80 50
73 81 147
73 82 168
73 83 163
73 84 7
73 85 152
73 86 84
73 87 27
73 88 139
73 89 193
73 90 16
73 91 1
73 92 38
73 93 149
73 94 17
73 95 8
73 96 174
73 97 142
73 98 129
73 99 190
74 75 25
74 76 57
74 77 30
74 78 165
74 79 130
74 80 63
74 81 75
74 82 82
74 83 20
74 84 14
74 85 9
74 86 109
74 87 199
74 88 180
74 89 154
74 90 156
74 91 115
74 92 31
74 93 142
74 94 27
74 95 132
74 96 81
74 97 57
74 98 37
74 99 103
75 76 178
75 77 17
75 78 13
75 79 141
75 80 195
75 81 84
75 82 179
75 83 194
75 84 179
75 85 2
75 86 39
75 87 9
75 88 52
75 89 39
75 90 23
75 91 140
75 92 75
75 93 189
75 94 155
75 95 199
75 96 120
75 97 95
75 98 121
75 99 22
76 77 83
76 78 166
76 79 19
76 80 197
76 81 48
76 82 187
76 83 190
76 84 113
76 85 119
76 86 30
76 87 120
76 88 173
76 89 55
76 90 146
76 91 97
76 92 94
76 93 186
76 94 22
76 95 11
76 96 128
76 97 8
76 98 3
76 99 148
77 78 39
77 79 87
77 80 183
77 81 21
77 82 114
77 83 28
77 84 38
77 85 137
77 86 80
77 87 60
77 88 18
77 89 113
77 90 25
77 91 127
77 92 25
77 93 130
77 94 34
77 95 186
77 96 167
77 97 53
77 98 23
77 99 139
78 79 81
78 80 182
78 81 172
78 82 62
78 83 69
78 84 70
78 85 42
78 86 54
78 87 26
78 88 195
78 89 48
78 90 177
78 91 116
78 92 112
78 93 144
78 94 154
78 95 12
78 96 24
78 97 72
78 98 96
78 99 70
79 80 165
79 81 150
79 82 30
79 83 56
79 84 97
79 85 137
79 86 153
79 87 31
79 88 141
79 89 179
79 90 185
79 91 71
79 92 97
79 93 123
79 94 53
79 95 107
79 96 195
79 97 119
79 98 88
79 99 61
80 81 187
80 82 90
80 83 5
80 84 17
80 85 153
80 86 53
80 87 12
80 88 95
80 89 199
80 90 199
80 91 71
80 92 167
80 93 56
80 94 169
80 95 98
80 96 92
80 97 183
80 98 68
80 99 96
81 82 161
81 83 162
81 84 111
81 85 182
81 86 139
81 87 160
81 88 65
81 89 158
81 90 143
81 91 59
81 92 109
81 93 0
81 94 36
81 95 34
81 96 173
81 97 73
81 98 197
81 99 9
82 83 187
82 84 176
82 85 88
82 86 74
82 87 125
82 88 181
82 89 89
82 90 71
82 91 155
82 92 99
82 93 39
82 94 41
82 95 65
82 96 169
82 97 71
82 98 165
82 99 67
83 84 50
83 85 183
83 86 196
83 87 187
83 88 174
83 89 51
83 90 26
83 91 155
83 92 143
83 93 86
83 94 19
83 95 101
83 96 4
83 97 92
83 98 25
83 99 25
84 85 157
84 86 12
84 87 68
84 88 80
84 89 52
84 90 33
84 91 198
84 92 84
84 93 49
84 94 36
84 95 84
84 96 133
84 97 43
84 98 172
84 99 119
85 86 179
85 87 101
85 88 23
85 89 113
85 90 149
85 91 34
85 92 99
85 93 146
85 94 167
85 95 19
85 96 139
85 97 100
85 98 100
85 99 198
86 87 176
86 88 86
86 89 50
86 90 8
86 91 151
86 92 138
86 93 71
86 94 154
86 95 109
86 96 56
86 97 94
86 98 197
86 99 46
87 88 165
87 89 28
87 90 22
87 91 138
87 92 113
87 93 99
87 94 167
87 95 46
87 96 5
87 97 18
87 98 189
87 99 174
