100 4130
0 1 57
0 2 40
0 3 5
0 4 138
0 5 115
0 6 130
0 7 199
0 8 7
0 9 127
0 10 61
0 11 32
0 12 119
0 13 9
0 14 190
0 15 0
0 16 168
0 17 165
0 18 128
0 19 178
0 20 164
0 21 108
0 22 106
0 23 3
0 24 116
0 25 172
0 26 62
0 27 156
0 28 0
0 29 133
0 30 94
0 31 55
0 32 29
0 33 7
0 34 13
0 35 193
0 36 160
0 37 16
0 38 64
0 39 49
0 40 70
0 41 77
0 42 88
0 43 62
0 44 140
0 45 120
0 46 102
0 47 76
0 48 96
0 49 79
0 50 155
0 51 112
0 52 168
0 53 136
0 54 83
0 55 125
0 56 17
0 57 2
0 58 160
0 59 170
0 60 87
0 61 171
0 62 45
0 63 141
0 64 85
0 65 122
0 66 152
0 67 115
0 68 9
0 69 71
0 70 26
0 71 145
0 72 130
0 73 76
0 74 129
0 75 40
0 76 112
0 77 84
0 78 1
0 79 37
0 80 193
0 81 124
0 82 130
0 83 46
0 84 10
0 85 70
0 86 174
0 87 64
0 88 57
0 89 100
0 90 192
0 91 141
0 92 71
0 93 49
0 94 89
0 95 48
0 96 6
0 97 61
0 98 29
0 99 150
1 2 117
1 3 70
1 4 33
1 5 52
1 6 68
1 7 100
1 8 42
1 9 26
1 10 57
1 11 189
1 12 91
1 13 62
1 14 83
1 15 156
1 16 169
1 17 78
1 18 78
1 19 174
1 20 149
1 21 73
1 22 108
1 23 32
1 24 65
1 25 147
1 26 13
1 27 106
1 28 16
1 29 129
1 30 16
1 31 185
1 32 27
1 33 134
1 34 53
1 35 55
1 36 92
1 37 18
1 38 54
1 39 181
1 40 8
1 41 75
1 42 135
1 43 115
1 44 164
1 45 104
1 46 31
1 47 31
1 48 155
1 49 177
1 50 109
1 51 52
1 52 6
1 53 185
1 54 3
1 55 9
1 56 83
1 57 16
1 58 99
1 59 177
1 60 15
1 61 169
1 62 17
1 63 174
1 64 4
1 65 11
1 66 57
1 67 155
1 68 27
1 69 164
1 70 24
1 71 48
1 72 25
1 73 43
1 74 162
1 75 41
1 76 177
1 77 84
1 78 44
1 79 150
1 80 34
1 81 11
1 82 149
1 83 16
1 84 6
1 85 127
1 86 46
1 87 127
1 88 109
1 89 45
1 90 85
1 91 147
1 92 107
1 93 112
1 94 198
1 95 62
1 96 133
1 97 188
1 98 154
1 99 107
2 3 155
2 4 58
2 5 52
2 6 129
2 7 193
2 8 144
2 9 93
2 10 190
2 11 29
2 12 132
2 13 43
2 14 39
2 15 131
2 16 64
2 17 54
2 18 123
2 19 76
2 20 83
2 21 87
2 22 124
2 23 51
2 24 183
2 25 138
2 26 39
2 27 95
2 28 17
2 29 136
2 30 11
2 31 184
2 32 62
2 33 14
2 34 23
2 35 73
2 36 32
2 37 178
2 38 92
2 39 154
2 40 21
2 41 24
2 42 82
2 43 190
2 44 24
2 45 159
2 46 129
2 47 181
2 48 65
2 49 110
2 50 136
2 51 40
2 52 126
2 53 178
2 54 85
2 55 165
2 56 94
2 57 108
2 58 95
2 59 185
2 60 90
2 61 153
2 62 15
2 63 145
2 64 161
2 65 107
2 66 15
2 67 11
2 68 113
2 69 198
2 70 88
2 71 31
2 72 174
2 73 151
2 74 21
2 75 176
2 76 9
2 77 198
2 78 109
2 79 163
2 80 114
2 81 121
2 82 187
2 83 44
2 84 81
2 85 109
2 86 108
2 87 97
2 88 44
2 89 79
2 90 29
2 91 6
2 92 91
2 93 83
2 94 131
2 95 52
2 96 39
2 97 4
2 98 85
2 99 57
3 4 67
3 5 116
3 6 16
3 7 125
3 8 125
3 9 0
3 10 134
3 11 45
3 12 72
3 13 44
3 14 133
3 15 188
3 16 117
3 17 4
3 18 29
3 19 165
3 20 160
3 21 121
3 22 170
3 23 62
3 24 41
3 25 25
3 26 153
3 27 109
3 28 154
3 29 85
3 30 56
3 31 144
3 32 105
3 33 172
3 34 50
3 35 180
3 36 14
3 37 160
3 38 99
3 39 63
3 40 20
3 41 161
3 42 119
3 43 85
3 44 146
3 45 115
3 46 25
3 47 135
3 48 181
3 49 14
3 50 93
3 51 7
3 52 57
3 53 124
3 54 157
3 55 165
3 56 193
3 57 128
3 58 78
3 59 199
3 60 173
3 61 76
3 62 22
3 63 181
3 64 1
3 65 39
3 66 46
3 67 192
3 68 7
3 69 157
3 70 192
3 71 199
3 72 181
3 73 163
3 74 163
3 75 101
3 76 10
3 77 149
3 78 160
3 79 159
3 80 73
3 81 68
3 82 139
3 83 154
3 84 190
3 85 164
3 86 20
3 87 128
3 88 23
3 89 98
3 90 4
3 91 170
3 92 174
3 93 156
3 94 129
3 95 55
3 96 161
3 97 2
3 98 111
3 99 37
4 5 135
4 6 21
4 7 141
4 8 137
4 9 192
4 10 174
4 11 155
4 12 163
4 13 167
4 14 94
4 15 172
4 16 173
4 17 108
4 18 196
4 19 33
4 20 103
4 21 55
4 22 178
4 23 151
4 24 62
4 25 167
4 26 157
4 27 46
4 28 48
4 29 110
4 30 2
4 31 166
4 32 53
4 33 82
4 34 153
4 35 2
4 36 106
4 37 68
4 38 90
4 39 109
4 40 140
4 41 56
4 42 145
4 43 52
4 44 66
4 45 174
4 46 192
4 47 112
4 48 98
4 49 105
4 50 157
4 51 20
4 52 181
4 53 50
4 54 171
4 55 27
4 56 33
4 57 85
4 58 167
4 59 93
4 60 64
4 61 72
4 62 119
4 63 48
4 64 83
4 65 168
4 66 167
4 67 99
4 68 137
4 69 54
4 70 137
4 71 115
4 72 97
4 73 114
4 74 115
4 75 20
4 76 186
4 77 42
4 78 10
4 79 96
4 80 111
4 81 156
4 82 61
4 83 37
4 84 16
4 85 164
4 86 99
4 87 103
4 88 30
4 89 144
4 90 38
4 91 20
4 92 42
4 93 59
4 94 76
4 95 86
4 96 151
4 97 114
4 98 135
4 99 51
5 6 122
5 7 10
5 8 122
5 9 12
5 10 95
5 11 38
5 12 27
5 13 188
5 14 74
5 15 90
5 16 68
5 17 20
5 18 11
5 19 12
5 20 76
5 21 159
5 22 196
5 23 106
5 24 130
5 25 196
5 26 171
5 27 139
5 28 77
5 29 106
5 30 195
5 31 8
5 32 66
5 33 128
5 34 106
5 35 174
5 36 115
5 37 92
5 38 21
5 39 6
5 40 87
5 41 125
5 42 164
5 43 166
5 44 81
5 45 170
5 46 48
5 47 14
5 48 188
5 49 80
5 50 41
5 51 94
5 52 126
5 53 168
5 54 103
5 55 8
5 56 110
5 57 8
5 58 166
5 59 99
5 60 164
5 61 73
5 62 76
5 63 106
5 64 160
5 65 179
5 66 84
5 67 162
5 68 78
5 69 188
5 70 98
5 71 173
5 72 148
5 73 123
5 74 3
5 75 98
5 76 122
5 77 90
5 78 123
5 79 27
5 80 45
5 81 18
5 82 159
5 83 46
5 84 75
5 85 28
5 86 75
5 87 75
5 88 173
5 89 96
5 90 140
5 91 39
5 92 144
5 93 17
5 94 146
5 95 108
5 96 116
5 97 74
5 98 57
5 99 167
6 7 8
6 8 182
6 9 87
6 10 86
6 11 47
6 12 143
6 13 179
6 14 68
6 15 60
6 16 62
6 17 187
6 18 161
6 19 48
6 20 145
6 21 136
6 22 33
6 23 78
6 24 82
6 25 132
6 26 47
6 27 131
6 28 178
6 29 1
6 30 127
6 31 73
6 32 139
6 33 186
6 34 4
6 35 46
6 36 180
6 37 161
6 38 113
6 39 55
6 40 102
6 41 181
6 42 68
6 43 165
6 44 55
6 45 69
6 46 85
6 47 151
6 48 88
6 49 129
6 50 139
6 51 166
6 52 152
6 53 195
6 54 116
6 55 21
6 56 94
6 57 200
6 58 64
6 59 144
6 60 20
6 61 42
6 62 99
6 63 199
6 64 140
6 65 1
6 66 139
6 67 168
6 68 120
6 69 121
6 70 81
6 71 189
6 72 188
6 73 38
6 74 140
6 75 85
6 76 41
6 77 102
6 78 24
6 79 164
6 80 53
6 81 196
6 82 56
6 83 77
6 84 91
6 85 78
6 86 196
6 87 33
6 88 142
6 89 80
6 90 92
6 91 98
6 92 93
6 93 196
6 94 60
6 95 17
6 96 114
6 97 173
6 98 41
6 99 86
7 8 92
7 9 152
7 10 86
7 11 4
7 12 132
7 13 51
7 14 145
7 15 143
7 16 41
7 17 55
7 18 87
7 19 100
7 20 71
7 21 59
7 22 116
7 23 86
7 24 83
7 25 187
7 26 108
7 27 163
7 28 181
7 29 31
7 30 166
7 31 98
7 32 55
7 33 75
7 34 25
7 35 92
7 36 71
7 37 182
7 38 152
7 39 37
7 40 107
7 41 141
7 42 1
7 43 100
7 44 91
7 45 129
7 46 191
7 47 164
7 48 83
7 49 158
7 50 153
7 51 85
7 52 148
7 53 84
7 54 26
7 55 73
7 56 92
7 57 17
7 58 146
7 59 161
7 60 110
7 61 12
7 62 60
7 63 62
7 64 175
7 65 179
7 66 23
7 67 86
7 68 159
7 69 56
7 70 61
7 71 158
7 72 186
7 73 131
7 74 78
7 75 22
7 76 31
7 77 51
7 78 10
7 79 83
7 80 150
7 81 93
7 82 125
7 83 68
7 84 47
7 85 4
7 86 61
7 87 87
7 88 152
7 89 149
7 90 149
7 91 5
7 92 146
7 93 66
7 94 12
7 95 25
7 96 102
7 97 40
7 98 82
7 99 197
8 9 144
8 10 8
8 11 116
8 12 26
8 13 200
8 14 68
8 15 145
8 16 8
8 17 172
8 18 74
8 19 192
8 20 11
8 21 79
8 22 141
8 23 47
8 24 153
8 25 168
8 26 124
8 27 137
8 28 186
8 29 1
8 30 35
8 31 176
8 32 25
8 33 155
8 34 198
8 35 147
8 36 124
8 37 2
8 38 4
8 39 142
8 40 77
8 41 13
8 42 71
8 43 74
8 44 78
8 45 198
8 46 102
8 47 0
8 48 36
8 49 154
8 50 166
8 51 154
8 52 160
8 53 62
8 54 168
8 55 34
8 56 89
8 57 143
8 58 55
8 59 57
8 60 51
8 61 86
8 62 128
8 63 165
8 64 12
8 65 180
8 66 112
8 67 181
8 68 160
8 69 11
8 70 12
8 71 107
8 72 92
8 73 180
8 74 14
8 75 167
8 76 10
8 77 75
8 78 29
8 79 189
8 80 189
8 81 95
8 82 42
8 83 180
8 84 88
8 85 144
8 86 46
8 87 39
8 88 112
8 89 177
8 90 151
8 91 49
8 92 33
8 93 110
8 94 48
8 95 158
8 96 138
8 97 88
8 98 1
8 99 9
9 10 4
9 11 9
9 12 22
9 13 103
9 14 14
9 15 64
9 16 183
9 17 179
9 18 124
9 19 98
9 20 22
9 21 37
9 22 10
9 23 71
9 24 56
9 25 71
9 26 111
9 27 1
9 28 170
9 29 2
9 30 102
9 31 120
9 32 179
9 33 77
9 34 95
9 35 148
9 36 30
9 37 142
9 38 22
9 39 137
9 40 132
9 41 15
9 42 66
9 43 190
9 44 118
9 45 61
9 46 37
9 47 85
9 48 76
9 49 73
9 50 19
9 51 113
9 52 170
9 53 51
9 54 46
9 55 79
9 56 135
9 57 123
9 58 159
9 59 48
9 60 4
9 61 97
9 62 69
9 63 147
9 64 132
9 65 128
9 66 81
9 67 54
9 68 83
9 69 60
9 70 81
9 71 112
9 72 84
9 73 29
9 74 47
9 75 54
9 76 78
9 77 33
9 78 163
9 79 120
9 80 54
9 81 50
9 82 3
9 83 57
9 84 155
9 85 148
9 86 88
9 87 26
9 88 73
9 89 147
9 90 60
9 91 38
9 92 7
9 93 137
9 94 145
9 95 39
9 96 165
9 97 193
9 98 9
9 99 92
10 11 7
10 12 25
10 13 165
10 14 4
10 15 109
10 16 198
10 17 143
10 18 196
10 19 77
10 20 130
10 21 114
10 22 89
10 23 129
10 24 41
10 25 114
10 26 75
10 27 134
10 28 91
10 29 41
10 30 85
10 31 37
10 32 157
10 33 189
10 34 143
10 35 64
10 36 190
10 37 100
10 38 103
10 39 36
10 40 24
10 41 195
10 42 52
10 43 134
10 44 44
10 45 108
10 46 118
10 47 90
10 48 137
10 49 64
10 50 31
10 51 39
10 52 62
10 53 75
10 54 23
10 55 174
10 56 160
10 57 194
10 58 190
10 59 146
10 60 57
10 61 167
10 62 183
10 63 55
10 64 81
10 65 179
10 66 51
10 67 134
10 68 80
10 69 34
10 70 0
10 71 174
10 72 142
10 73 138
10 74 127
10 75 37
10 76 115
10 77 180
10 78 73
10 79 61
10 80 31
10 81 167
10 82 190
10 83 59
10 84 127
10 85 130
10 86 118
10 87 52
10 88 179
10 89 156
10 90 159
10 91 49
10 92 194
10 93 151
10 94 148
10 95 159
10 96 165
10 97 93
10 98 102
10 99 32
11 12 27
11 13 168
11 14 36
11 15 1
11 16 23
11 17 27
11 18 186
11 19 197
11 20 150
11 21 196
11 22 156
11 23 186
11 24 63
11 25 178
11 26 132
11 27 132
11 28 10
11 29 24
11 30 11
11 31 4
11 32 8
11 33 52
11 34 182
11 35 14
11 36 6
11 37 29
11 38 0
11 39 90
11 40 158
11 41 129
11 42 9
11 43 149
11 44 41
11 45 117
11 46 69
11 47 117
11 48 69
11 49 62
11 50 193
11 51 157
11 52 3
11 53 132
11 54 38
11 55 103
11 56 35
11 57 46
11 58 86
11 59 16
11 60 193
11 61 106
11 62 171
11 63 175
11 64 34
11 65 123
11 66 67
11 67 157
11 68 124
11 69 153
11 70 1
11 71 2
11 72 0
11 73 47
11 74 35
11 75 47
11 76 143
11 77 106
11 78 189
11 79 128
11 80 7
11 81 186
11 82 132
11 83 29
11 84 23
11 85 124
11 86 198
11 87 26
11 88 112
11 89 8
11 90 31
11 91 66
11 92 105
11 93 47
11 94 118
11 95 44
11 96 200
11 97 132
11 98 170
11 99 93
12 13 79
12 14 47
12 15 86
12 16 182
12 17 0
12 18 175
12 19 181
12 20 168
12 21 173
12 22 110
12 23 199
12 24 173
12 25 108
12 26 36
12 27 112
12 28 116
12 29 185
12 30 177
12 31 144
12 32 191
12 33 138
12 34 132
12 35 113
12 36 113
12 37 45
12 38 134
12 39 163
12 40 197
12 41 26
12 42 115
12 43 123
12 44 94
12 45 85
12 46 135
12 47 85
12 48 113
12 49 104
12 50 136
12 51 183
12 52 157
12 53 157
12 54 157
12 55 104
12 56 47
12 57 125
12 58 119
12 59 34
12 60 147
12 61 159
12 62 117
12 63 130
12 64 183
12 65 106
12 66 167
12 67 150
12 68 58
12 69 159
12 70 73
12 71 185
12 72 147
12 73 92
12 74 71
12 75 75
12 76 147
12 77 21
12 78 59
12 79 137
12 80 53
12 81 7
12 82 45
12 83 97
12 84 99
12 85 121
12 86 85
12 87 50
12 88 34
12 89 11
12 90 184
12 91 24
12 92 62
12 93 161
12 94 13
12 95 178
12 96 140
12 97 76
12 98 32
12 99 99
13 14 152
13 15 136
13 16 148
13 17 150
13 18 4
13 19 171
13 20 19
13 21 140
13 22 166
13 23 119
13 24 45
13 25 31
13 26 100
13 27 92
13 28 11
13 29 165
13 30 93
13 31 73
13 32 104
13 33 122
13 34 150
13 35 41
13 36 74
13 37 193
13 38 20
13 39 18
13 40 192
13 41 182
13 42 89
13 43 82
13 44 67
13 45 168
13 46 144
13 47 63
13 48 145
13 49 2
13 50 20
13 51 174
13 52 72
13 53 182
13 54 106
13 55 46
13 56 164
13 57 78
13 58 150
13 59 28
13 60 133
13 61 119
13 62 104
13 63 57
13 64 170
13 65 130
13 66 112
13 67 66
13 68 111
13 69 110
13 70 136
13 71 100
13 72 111
13 73 49
13 74 56
13 75 68
13 76 102
13 77 78
13 78 55
13 79 180
13 80 73
13 81 108
13 82 161
13 83 155
13 84 198
13 85 44
13 86 121
13 87 82
13 88 189
13 89 72
13 90 150
13 91 112
13 92 146
13 93 110
13 94 61
13 95 127
13 96 116
13 97 83
13 98 1
13 99 186
14 15 20
14 16 45
14 17 42
14 18 82
14 19 16
14 20 83
14 21 89
14 22 185
14 23 52
14 24 86
14 25 141
14 26 169
14 27 188
14 28 171
14 29 93
14 30 42
14 31 77
14 32 113
14 33 146
14 34 110
14 35 121
14 36 192
14 37 119
14 38 98
14 39 156
14 40 80
14 41 7
14 42 183
14 43 46
14 44 69
14 45 89
14 46 148
14 47 159
14 48 9
14 49 183
14 50 68
14 51 139
14 52 83
14 53 96
14 54 182
14 55 170
14 56 8
14 57 92
14 58 31
14 59 54
14 60 144
14 61 186
14 62 180
14 63 195
14 64 172
14 65 31
14 66 128
14 67 159
14 68 117
14 69 123
14 70 17
14 71 159
14 72 139
14 73 83
14 74 60
14 75 16
14 76 37
14 77 118
14 78 108
14 79 29
14 80 169
14 81 54
14 82 84
14 83 112
14 84 114
14 85 102
14 86 73
14 87 88
14 88 86
14 89 110
14 90 72
14 91 8
14 92 192
14 93 89
14 94 22
14 95 147
14 96 149
14 97 87
14 98 9
14 99 97
15 16 185
15 17 49
15 18 62
15 19 142
15 20 126
15 21 133
15 22 197
15 23 86
15 24 90
15 25 58
15 26 69
15 27 115
15 28 147
15 29 97
15 30 199
15 31 131
15 32 105
15 33 110
15 34 7
15 35 34
15 36 76
15 37 177
15 38 80
15 39 51
15 40 199
15 41 13
15 42 71
15 43 145
15 44 37
15 45 57
15 46 165
15 47 44
15 48 55
15 49 151
15 50 104
15 51 35
15 52 78
15 53 33
15 54 95
15 55 101
15 56 136
15 57 116
15 58 26
15 59 44
15 60 77
15 61 14
15 62 86
15 63 64
15 64 186
15 65 61
15 66 140
15 67 99
15 68 134
15 69 174
15 70 150
15 71 30
15 72 126
15 73 92
15 74 183
15 75 158
15 76 57
15 77 60
15 78 146
15 79 71
15 80 81
15 81 121
15 82 7
15 83 159
15 84 90
15 85 124
15 86 69
15 87 130
15 88 109
15 89 142
15 90 176
15 91 165
15 92 42
15 93 185
15 94 82
15 95 50
15 96 164
15 97 42
15 98 143
15 99 137
16 17 140
16 18 144
16 19 3
16 20 5
16 21 149
16 22 40
16 23 41
16 24 72
16 25 72
16 26 126
16 27 61
16 28 163
16 29 44
16 30 12
16 31 96
16 32 160
16 33 173
16 34 59
16 35 77
16 36 27
16 37 65
16 38 57
16 39 178
16 40 110
16 41 135
16 42 63
16 43 126
16 44 56
16 45 27
16 46 145
16 47 161
16 48 102
16 49 178
16 50 132
16 51 147
16 52 66
16 53 175
16 54 160
16 55 114
16 56 122
16 57 155
16 58 66
16 59 3
16 60 89
16 61 23
16 62 58
16 63 27
16 64 44
16 65 149
16 66 37
16 67 85
16 68 75
16 69 82
16 70 60
16 71 168
16 72 107
16 73 19
16 74 187
16 75 156
16 76 96
16 77 2
16 78 140
16 79 111
16 80 95
16 81 182
16 82 10
16 83 57
16 84 140
16 85 168
16 86 40
16 87 26
16 88 64
16 89 30
16 90 18
16 91 178
16 92 35
16 93 134
16 94 90
16 95 15
16 96 163
16 97 115
16 98 156
16 99 181
17 18 118
17 19 139
17 20 108
17 21 88
17 22 177
17 23 74
17 24 174
17 25 117
17 26 108
17 27 95
17 28 82
17 29 50
17 30 163
17 31 165
17 32 75
17 33 6
17 34 174
17 35 185
17 36 58
17 37 157
17 38 82
17 39 54
17 40 170
17 41 144
17 42 110
17 43 148
17 44 158
17 45 197
17 46 154
17 47 123
17 48 119
17 49 101
17 50 150
17 51 160
17 52 72
17 53 59
17 54 25
17 55 52
17 56 48
17 57 85
17 58 130
17 59 128
17 60 78
17 61 100
17 62 95
17 63 53
17 64 163
17 65 103
17 66 135
17 67 95
17 68 171
17 69 194
17 70 119
17 71 125
17 72 181
17 73 32
17 74 107
17 75 123
17 76 93
17 77 84
17 78 114
17 79 149
17 80 7
17 81 42
17 82 38
17 83 72
17 84 71
17 85 123
17 86 173
17 87 135
17 88 130
17 89 152
17 90 200
17 91 56
17 92 90
17 93 185
17 94 94
17 95 199
17 96 118
17 97 21
17 98 125
17 99 167
18 19 143
18 20 108
18 21 144
18 22 104
18 23 76
18 24 86
18 25 21
18 26 33
18 27 131
18 28 82
18 29 6
18 30 152
18 31 1
18 32 149
18 33 189
18 34 113
18 35 42
18 36 195
18 37 96
18 38 148
18 39 35
18 40 36
18 41 191
18 42 2
18 43 186
18 44 135
18 45 31
18 46 85
18 47 33
18 48 118
18 49 141
18 50 3
18 51 124
18 52 67
18 53 175
18 54 43
18 55 160
18 56 15
18 57 100
18 58 1
18 59 165
18 60 171
18 61 28
18 62 137
18 63 41
18 64 40
18 65 5
18 66 93
18 67 76
18 68 50
18 69 175
18 70 24
18 71 56
18 72 21
18 73 36
18 74 195
18 75 164
18 76 126
18 77 122
18 78 183
18 79 200
18 80 46
18 81 168
18 82 15
18 83 2
18 84 117
18 85 4
18 86 63
18 87 107
18 88 29
18 89 182
18 90 125
18 91 20
18 92 58
18 93 50
18 94 24
18 95 4
18 96 170
18 97 10
18 98 15
18 99 64
19 20 139
19 21 159
19 22 30
19 23 40
19 24 178
19 25 138
19 26 36
19 27 17
19 28 160
19 29 178
19 30 149
19 31 7
19 32 122
19 33 4
19 34 160
19 35 15
19 36 13
19 37 137
19 38 75
19 39 96
19 40 166
19 41 61
19 42 38
19 43 97
19 44 199
19 45 85
19 46 44
19 47 126
19 48 69
19 49 129
19 50 74
19 51 34
19 52 90
19 53 197
19 54 84
19 55 162
19 56 76
19 57 174
19 58 79
19 59 81
19 60 139
19 61 155
19 62 104
19 63 157
19 64 44
19 65 26
19 66 74
19 67 160
19 68 123
19 69 121
19 70 122
19 71 50
19 72 197
19 73 102
19 74 182
19 75 122
19 76 66
19 77 77
19 78 136
19 79 51
19 80 43
19 81 120
19 82 123
19 83 48
19 84 181
19 85 81
19 86 107
19 87 129
19 88 85
19 89 169
19 90 127
19 91 138
19 92 66
19 93 53
19 94 172
19 95 200
19 96 54
19 97 176
19 98 130
19 99 165
20 21 28
20 22 1
20 23 182
20 24 40
20 25 90
20 26 147
20 27 12
20 28 96
20 29 174
20 30 97
20 31 124
20 32 21
20 33 118
20 34 94
20 35 116
20 36 119
20 37 10
20 38 26
20 39 154
20 40 183
20 41 176
20 42 115
20 43 170
20 44 162
20 45 146
20 46 19
20 47 132
20 48 9
20 49 137
20 50 162
20 51 172
20 52 149
20 53 16
20 54 35
20 55 135
20 56 72
20 57 92
20 58 191
20 59 193
20 60 152
20 61 91
20 62 153
20 63 158
20 64 113
20 65 69
20 66 9
20 67 35
20 68 40
20 69 141
20 70 188
20 71 58
20 72 145
20 73 106
20 74 115
20 75 37
20 76 179
20 77 160
20 78 37
20 79 67
20 80 166
20 81 111
20 82 178
20 83 167
20 84 187
20 85 70
20 86 80
20 87 197
20 88 19
20 89 50
20 90 128
20 91 195
20 92 149
20 93 134
20 94 15
20 95 79
20 96 159
20 97 191
20 98 200
20 99 136
21 22 184
21 23 106
21 24 75
21 25 30
21 26 81
21 27 107
21 28 97
21 29 60
21 30 164
21 31 191
21 32 101
21 33 115
21 34 126
21 35 157
21 36 79
21 37 196
21 38 109
21 39 38
21 40 59
21 41 172
21 42 128
21 43 82
21 44 125
21 45 194
21 46 24
21 47 176
21 48 185
21 49 178
21 50 176
21 51 152
21 52 71
21 53 145
21 54 105
21 55 5
21 56 69
21 57 81
21 58 66
21 59 102
21 60 184
21 61 23
21 62 38
21 63 106
21 64 179
21 65 134
21 66 112
21 67 112
21 68 25
21 69 105
21 70 54
21 71 70
21 72 63
21 73 65
21 74 117
21 75 185
21 76 94
21 77 27
21 78 82
21 79 183
21 80 14
21 81 171
21 82 66
21 83 40
21 84 43
21 85 42
21 86 108
21 87 114
21 88 199
21 89 39
21 90 9
21 91 103
21 92 57
21 93 181
21 94 136
21 95 0
21 96 58
21 97 6
21 98 126
21 99 17
22 23 91
22 24 74
22 25 141
22 26 197
22 27 111
22 28 29
22 29 65
22 30 10
22 31 51
22 32 158
22 33 117
22 34 106
22 35 14
22 36 53
22 37 84
22 38 156
22 39 110
22 40 25
22 41 47
22 42 133
22 43 47
22 44 63
22 45 87
22 46 200
22 47 143
22 48 63
22 49 162
22 50 74
22 51 128
22 52 152
22 53 139
22 54 37
22 55 81
22 56 33
22 57 63
22 58 64
22 59 55
22 60 155
22 61 3
22 62 197
22 63 41
22 64 65
22 65 73
22 66 60
22 67 59
22 68 97
22 69 117
22 70 189
22 71 19
22 72 102
22 73 86
22 74 40
22 75 124
22 76 169
22 77 21
22 78 43
22 79 134
22 80 128
22 81 13
22 82 30
22 83 128
22 84 191
22 85 60
22 86 54
22 87 186
22 88 98
22 89 178
22 90 131
22 91 68
22 92 153
22 93 65
22 94 78
22 95 21
22 96 24
22 97 8
22 98 145
22 99 4
23 24 114
23 25 182
23 26 82
23 27 85
23 28 39
23 29 181
23 30 192
23 31 125
23 32 34
23 33 45
23 34 17
23 35 41
23 36 49
23 37 164
23 38 73
23 39 71
23 40 173
23 41 145
23 42 165
23 43 122
23 44 42
23 45 146
23 46 172
23 47 191
23 48 37
23 49 14
23 50 199
23 51 137
23 52 43
23 53 27
23 54 95
23 55 80
23 56 23
23 57 105
23 58 80
23 59 126
23 60 62
23 61 43
23 62 115
23 63 199
23 64 15
23 65 95
23 66 110
23 67 24
23 68 71
23 69 44
23 70 49
23 71 80
23 72 36
23 73 73
23 74 37
23 75 11
23 76 181
23 77 130
23 78 6
23 79 177
23 80 58
23 81 61
23 82 97
23 83 12
23 84 108
23 85 43
23 86 111
23 87 87
23 88 86
23 89 178
23 90 24
23 91 162
23 92 46
23 93 104
23 94 186
23 95 1
23 96 57
23 97 11
23 98 180
23 99 184
24 25 198
24 26 80
24 27 180
24 28 99
24 29 55
24 30 195
24 31 69
24 32 65
24 33 35
24 34 77
24 35 109
24 36 112
24 37 33
24 38 88
24 39 9
24 40 113
24 41 91
24 42 152
24 43 130
24 44 62
24 45 85
24 46 69
24 47 65
24 48 183
24 49 144
24 50 4
24 51 156
24 52 88
24 53 80
24 54 31
24 55 168
24 56 54
24 57 121
24 58 169
24 59 125
24 60 109
24 61 69
24 62 73
24 63 192
24 64 64
24 65 62
24 66 120
24 67 20
24 68 187
24 69 161
24 70 61
24 71 160
24 72 115
24 73 155
24 74 26
24 75 141
24 76 20
24 77 18
24 78 177
24 79 11
24 80 98
24 81 76
24 82 26
24 83 163
24 84 115
24 85 17
24 86 167
24 87 51
24 88 54
24 89 62
24 90 2
24 91 67
24 92 66
24 93 53
24 94 199
24 95 143
24 96 24
24 97 169
24 98 92
24 99 177
25 26 120
25 27 193
25 28 191
25 29 111
25 30 196
25 31 6
25 32 134
25 33 59
25 34 172
25 35 174
25 36 149
25 37 140
25 38 113
25 39 79
25 40 1
25 41 83
25 42 82
25 43 65
25 44 176
25 45 76
25 46 165
25 47 93
25 48 155
25 49 31
25 50 144
25 51 66
25 52 144
25 53 167
25 54 139
25 55 135
25 56 93
25 57 35
25 58 145
25 59 178
25 60 186
25 61 51
25 62 44
25 63 21
25 64 79
25 65 127
25 66 27
25 67 2
25 68 89
25 69 126
25 70 101
25 71 3
25 72 95
25 73 70
25 74 164
25 75 50
25 76 135
25 77 58
25 78 43
25 79 184
25 80 86
25 81 115
25 82 129
25 83 195
25 84 8
25 85 176
25 86 112
25 87 8
25 88 10
25 89 195
25 90 61
25 91 67
25 92 98
25 93 3
25 94 51
25 95 65
25 96 89
25 97 133
25 98 161
25 99 82
26 27 11
26 28 23
26 29 118
26 30 93
26 31 36
26 32 197
26 33 96
26 34 118
26 35 26
26 36 9
26 37 109
26 38 98
26 39 42
26 40 50
26 41 151
26 42 13
26 43 92
26 44 14
26 45 17
26 46 132
26 47 69
26 48 74
26 49 179
26 50 138
26 51 142
26 52 132
26 53 29
26 54 13
26 55 57
26 56 126
26 57 128
26 58 130
26 59 15
26 60 172
26 61 81
26 62 130
26 63 173
26 64 55
26 65 186
26 66 133
26 67 0
26 68 103
26 69 72
26 70 1
26 71 97
26 72 193
26 73 134
26 74 15
26 75 153
26 76 163
26 77 59
26 78 10
26 79 124
26 80 27
26 81 78
26 82 48
26 83 111
26 84 55
26 85 192
26 86 13
26 87 139
26 88 156
26 89 145
26 90 173
26 91 53
26 92 74
26 93 16
26 94 193
26 95 151
26 96 11
26 97 104
26 98 101
26 99 147
27 28 197
27 29 52
27 30 171
27 31 147
27 32 23
27 33 21
27 34 84
27 35 25
27 36 123
27 37 177
27 38 191
27 39 113
27 40 65
27 41 26
27 42 146
27 43 16
27 44 158
27 45 123
27 46 103
27 47 99
27 48 6
27 49 191
27 50 158
27 51 168
27 52 79
27 53 162
27 54 72
27 55 3
27 56 38
27 57 83
27 58 31
27 59 75
27 60 151
27 61 59
27 62 71
27 63 109
27 64 136
27 65 130
27 66 74
27 67 98
27 68 98
27 69 97
27 70 117
27 71 199
27 72 128
27 73 73
27 74 79
27 75 77
27 76 122
27 77 19
27 78 182
27 79 33
27 80 118
27 81 16
27 82 32
27 83 35
27 84 114
27 85 103
27 86 167
27 87 23
27 88 10
27 89 167
27 90 113
27 91 197
27 92 168
27 93 126
27 94 57
27 95 132
27 96 138
27 97 66
27 98 81
27 99 156
28 29 56
28 30 31
28 31 12
28 32 20
28 33 115
28 34 37
28 35 104
28 36 100
28 37 124
28 38 170
28 39 54
28 40 67
28 41 163
28 42 125
28 43 41
28 44 168
28 45 47
28 46 169
28 47 88
28 48 158
28 49 27
28 50 30
28 51 57
28 52 105
28 53 87
28 54 147
28 55 21
28 56 180
28 57 60
28 58 131
28 59 171
28 60 160
28 61 141
28 62 72
28 63 173
28 64 17
28 65 122
28 66 109
28 67 29
28 68 74
28 69 142
28 70 73
28 71 156
28 72 194
28 73 35
28 74 72
28 75 120
28 76 44
28 77 154
28 78 165
28 79 115
28 80 54
28 81 3
28 82 13
28 83 125
28 84 199
28 85 90
28 86 181
28 87 88
28 88 115
28 89 96
28 90 13
28 91 116
28 92 38
28 93 81
28 94 178
28 95 18
28 96 158
28 97 157
28 98 117
28 99 172
29 30 190
29 31 67
29 32 135
29 33 148
29 34 57
29 35 158
29 36 43
29 37 32
29 38 19
29 39 197
29 40 121
29 41 37
29 42 52
29 43 107
29 44 53
29 45 167
29 46 3
29 47 4
29 48 191
29 49 133
29 50 186
29 51 53
29 52 175
29 53 77
29 54 50
29 55 61
29 56 181
29 57 86
29 58 131
29 59 148
29 60 197
29 61 11
29 62 113
29 63 10
29 64 144
29 65 193
29 66 39
29 67 166
29 68 148
29 69 7
29 70 184
29 71 138
29 72 140
29 73 19
29 74 185
29 75 147
29 76 61
29 77 69
29 78 164
29 79 41
29 80 76
29 81 91
29 82 11
29 83 157
29 84 23
29 85 55
29 86 184
29 87 81
29 88 28
29 89 33
29 90 156
29 91 25
29 92 142
29 93 86
29 94 17
29 95 143
29 96 161
29 97 49
29 98 73
29 99 41
30 31 180
30 32 135
30 33 128
30 34 127
30 35 22
30 36 199
30 37 90
30 38 108
30 39 13
30 40 199
30 41 191
30 42 146
30 43 148
30 44 79
30 45 188
30 46 112
30 47 53
30 48 2
30 49 153
30 50 4
30 51 59
30 52 57
30 53 122
30 54 137
30 55 103
30 56 31
30 57 42
30 58 83
30 59 124
30 60 30
30 61 135
30 62 84
30 63 150
30 64 101
30 65 15
30 66 48
30 67 163
30 68 62
30 69 85
30 70 76
30 71 94
30 72 137
30 73 156
30 74 114
30 75 38
30 76 108
30 77 111
30 78 135
30 79 72
30 80 79
30 81 10
30 82 137
30 83 4
30 84 169
30 85 84
30 86 87
30 87 65
30 88 144
30 89 115
30 90 151
30 91 163
30 92 181
30 93 61
30 94 20
30 95 190
30 96 21
30 97 18
30 98 92
30 99 104
31 32 117
31 33 148
31 34 142
31 35 179
31 36 42
31 37 94
31 38 55
31 39 101
31 40 135
31 41 3
31 42 56
31 43 144
31 44 106
31 45 36
31 46 45
31 47 42
31 48 179
31 49 41
31 50 113
31 51 141
31 52 137
31 53 199
31 54 85
31 55 124
31 56 75
31 57 52
31 58 1
31 59 24
31 60 181
31 61 41
31 62 156
31 63 52
31 64 38
31 65 120
31 66 13
31 67 79
31 68 53
31 69 179
31 70 17
31 71 37
31 72 186
31 73 160
31 74 103
31 75 165
31 76 140
31 77 19
31 78 65
31 79 51
31 80 187
31 81 113
31 82 152
31 83 185
31 84 110
31 85 3
31 86 29
31 87 188
31 88 84
31 89 176
31 90 113
31 91 146
31 92 185
31 93 72
31 94 12
31 95 185
31 96 137
31 97 114
31 98 103
31 99 160
32 33 148
32 34 96
32 35 8
32 36 114
32 37 167
32 38 126
32 39 91
32 40 173
32 41 10
32 42 20
32 43 82
32 44 50
32 45 23
32 46 133
32 47 187
32 48 2
32 49 152
32 50 113
32 51 116
32 52 12
32 53 137
32 54 149
32 55 118
32 56 42
32 57 118
32 58 112
32 59 173
32 60 156
32 61 138
32 62 109
32 63 17
32 64 156
32 65 180
32 66 32
32 67 178
32 68 144
32 69 26
32 70 199
32 71 138
32 72 108
32 73 200
32 74 54
32 75 101
32 76 149
32 77 110
32 78 37
32 79 68
32 80 198
32 81 172
32 82 183
32 83 137
32 84 138
32 85 96
32 86 58
32 87 89
32 88 111
32 89 175
32 90 60
32 91 82
32 92 90
32 93 30
32 94 31
32 95 113
32 96 108
32 97 145
32 98 175
32 99 189
33 34 33
33 35 49
33 36 98
33 37 2
33 38 187
33 39 43
33 40 134
33 41 43
33 42 24
33 43 137
33 44 164
33 45 140
33 46 108
33 47 53
33 48 104
33 49 156
33 50 22
33 51 116
33 52 172
33 53 64
33 54 170
33 55 115
33 56 5
33 57 74
33 58 16
33 59 15
33 60 65
33 61 181
33 62 152
33 63 28
33 64 58
33 65 121
33 66 160
33 67 72
33 68 16
33 69 152
33 70 88
33 71 110
33 72 153
33 73 112
33 74 19
33 75 72
33 76 84
33 77 178
33 78 167
33 79 95
33 80 183
33 81 132
33 82 85
33 83 194
33 84 70
33 85 36
33 86 161
33 87 69
33 88 71
33 89 168
33 90 69
33 91 175
33 92 1
33 93 133
33 94 146
33 95 35
33 96 186
33 97 188
33 98 100
33 99 188
34 35 11
34 36 24
34 37 195
34 38 75
34 39 0
34 40 19
34 41 21
34 42 54
34 43 90
34 44 43
34 45 84
34 46 21
34 47 148
34 48 133
34 49 114
34 50 115
34 51 120
34 52 129
34 53 130
34 54 127
34 55 177
34 56 170
34 57 115
34 58 65
34 59 7
34 60 9
34 61 22
34 62 190
34 63 14
34 64 68
34 65 62
34 66 141
34 67 171
34 68 16
34 69 182
34 70 72
34 71 62
34 72 182
34 73 56
34 74 30
34 75 187
34 76 162
34 77 152
34 78 17
34 79 176
34 80 119
34 81 125
34 82 30
34 83 120
34 84 88
34 85 105
34 86 190
34 87 25
34 88 72
34 89 78
34 90 38
34 91 143
34 92 144
34 93 113
34 94 37
34 95 91
34 96 158
34 97 7
34 98 129
34 99 48
35 36 62
35 37 38
35 38 38
35 39 6
35 40 30
35 41 160
35 42 138
35 43 11
35 44 114
35 45 181
35 46 10
35 47 154
35 48 122
35 49 84
35 50 121
35 51 5
35 52 180
35 53 188
35 54 82
35 55 63
35 56 184
35 57 94
35 58 143
35 59 37
35 60 162
35 61 8
35 62 141
35 63 101
35 64 82
35 65 184
35 66 75
35 67 78
35 68 145
35 69 187
35 70 91
35 71 71
35 72 36
35 73 29
35 74 10
35 75 4
35 76 61
35 77 121
35 78 118
35 79 107
35 80 147
35 81 159
35 82 12
35 83 23
35 84 97
35 85 158
35 86 156
35 87 116
35 88 43
35 89 84
35 90 138
35 91 191
35 92 97
35 93 45
35 94 88
35 95 19
35 96 6
35 97 83
35 98 35
35 99 96
36 37 97
36 38 31
36 39 185
36 40 121
36 41 10
36 42 109
36 43 113
36 44 79
36 45 47
36 46 22
36 47 166
36 48 164
36 49 198
36 50 62
36 51 48
36 52 3
36 53 151
36 54 9
36 55 121
36 56 102
36 57 151
36 58 6
36 59 16
36 60 71
36 61 191
36 62 4
36 63 53
36 64 106
36 65 33
36 66 198
36 67 106
36 68 190
36 69 19
36 70 29
36 71 44
36 72 67
36 73 109
36 74 114
36 75 107
36 76 40
36 77 19
36 78 55
36 79 107
36 80 98
36 81 104
36 82 192
36 83 143
36 84 193
36 85 147
36 86 36
36 87 74
36 88 144
36 89 39
36 90 39
36 91 42
36 92 105
36 93 38
36 94 173
36 95 83
36 96 128
36 97 2
36 98 118
36 99 164
37 38 35
37 39 20
37 40 169
37 41 129
37 42 146
37 43 140
37 44 76
37 45 38
37 46 23
37 47 16
37 48 133
37 49 194
37 50 110
37 51 164
37 52 170
37 53 161
37 54 114
37 55 163
37 56 197
37 57 180
37 58 139
37 59 37
37 60 148
37 61 190
37 62 96
37 63 140
37 64 13
37 65 136
37 66 33
37 67 120
37 68 85
37 69 64
37 70 115
37 71 49
37 72 47
37 73 176
37 74 23
37 75 124
37 76 152
37 77 142
37 78 114
37 79 12
37 80 120
37 81 143
37 82 116
37 83 55
37 84 62
37 85 118
37 86 187
37 87 69
37 88 77
37 89 99
37 90 108
37 91 149
37 92 100
37 93 4
37 94 64
37 95 85
37 96 35
37 97 14
37 98 178
37 99 63
38 39 144
38 40 82
38 41 197
38 42 73
38 43 99
38 44 138
38 45 13
38 46 159
38 47 137
38 48 110
38 49 167
38 50 136
38 51 81
38 52 50
38 53 32
38 54 63
38 55 44
38 56 69
38 57 88
38 58 166
38 59 184
38 60 177
38 61 168
38 62 40
38 63 50
38 64 142
38 65 188
38 66 165
38 67 99
38 68 16
38 69 60
38 70 49
38 71 129
38 72 21
38 73 131
38 74 48
38 75 80
38 76 123
38 77 78
38 78 27
38 79 22
38 80 21
38 81 91
38 82 1
38 83 191
38 84 0
38 85 18
38 86 134
38 87 3
38 88 101
38 89 40
38 90 107
38 91 135
38 92 149
38 93 158
38 94 116
38 95 40
38 96 156
38 97 60
38 98 101
38 99 134
39 40 150
39 41 193
39 42 22
39 43 73
39 44 84
39 45 168
39 46 106
39 47 41
39 48 63
39 49 169
39 50 104
39 51 160
39 52 71
39 53 64
39 54 186
39 55 188
39 56 182
39 57 120
39 58 186
39 59 9
39 60 8
39 61 136
39 62 34
39 63 88
39 64 145
39 65 55
39 66 83
39 67 97
39 68 153
39 69 164
39 70 118
39 71 58
39 72 181
39 73 93
39 74 69
39 75 117
39 76 95
39 77 192
39 78 9
39 79 118
39 80 110
39 81 200
39 82 148
39 83 168
39 84 55
39 85 107
39 86 108
39 87 182
39 88 161
39 89 34
39 90 82
39 91 7
39 92 11
39 93 131
39 94 199
39 95 175
39 96 93
39 97 41
39 98 161
39 99 38
40 41 85
40 42 115
40 43 26
40 44 186
40 45 193
40 46 159
40 47 165
40 48 120
40 49 168
40 50 193
40 51 139
40 52 33
40 53 121
40 54 183
40 55 14
40 56 8
40 57 95
40 58 188
40 59 80
40 60 123
40 61 61
40 62 101
40 63 133
40 64 81
40 65 117
40 66 3
40 67 146
40 68 117
40 69 13
40 70 126
40 71 3
40 72 126
40 73 141
40 74 166
40 75 16
40 76 176
40 77 138
40 78 87
40 79 63
40 80 96
40 81 71
40 82 172
40 83 67
40 84 46
40 85 26
40 86 2
40 87 146
40 88 111
40 89 134
40 90 185
40 91 199
40 92 165
40 93 176
40 94 84
40 95 90
40 96 179
40 97 105
40 98 148
40 99 97
41 42 120
41 43 155
41 44 112
41 45 51
41 46 127
41 47 146
41 48 159
41 49 3
41 50 4
41 51 106
41 52 170
41 53 103
41 54 120
41 55 3
41 56 12
41 57 31
41 58 79
41 59 152
41 60 200
41 61 99
41 62 125
41 63 119
41 64 115
41 65 151
41 66 124
41 67 183
41 68 65
41 69 100
41 70 197
41 71 74
41 72 121
41 73 98
41 74 191
41 75 131
41 76 109
41 77 148
41 78 178
41 79 131
41 80 40
41 81 71
41 82 75
41 83 156
41 84 135
41 85 103
41 86 155
41 87 142
41 88 165
41 89 81
41 90 107
41 91 85
41 92 123
41 93 76
41 94 118
41 95 152
41 96 180
41 97 46
41 98 63
41 99 142
42 43 168
42 44 159
42 45 40
42 46 88
42 47 124
42 48 106
42 49 183
42 50 16
42 51 62
42 52 73
42 53 124
42 54 94
42 55 200
42 56 24
42 57 37
42 58 99
42 59 8
42 60 18
42 61 49
42 62 53
42 63 99
42 64 135
42 65 194
42 66 49
42 67 79
42 68 152
42 69 97
42 70 2
42 71 34
42 72 110
42 73 21
42 74 142
42 75 149
42 76 112
42 77 153
42 78 187
42 79 37
42 80 158
42 81 117
42 82 47
42 83 86
42 84 56
42 85 65
42 86 79
42 87 67
42 88 102
42 89 68
42 90 173
42 91 1
42 92 46
42 93 90
42 94 68
42 95 150
42 96 51
42 97 199
42 98 69
42 99 11
43 44 102
43 45 82
43 46 135
43 47 28
43 48 81
43 49 124
43 50 127
43 51 8
43 52 27
43 53 23
43 54 147
43 55 40
43 56 150
43 57 52
43 58 49
43 59 199
43 60 2
43 61 137
43 62 167
43 63 193
43 64 154
43 65 111
43 66 120
43 67 73
43 68 31
43 69 24
43 70 130
43 71 102
43 72 71
43 73 151
43 74 30
43 75 108
43 76 192
43 77 185
43 78 36
43 79 1
43 80 118
43 81 15
43 82 97
43 83 112
43 84 178
43 85 24
43 86 60
43 87 102
43 88 184
43 89 133
43 90 133
43 91 78
43 92 188
43 93 150
43 94 93
43 95 134
43 96 66
43 97 115
43 98 88
43 99 167
44 45 187
44 46 133
44 47 154
44 48 91
44 49 122
44 50 62
44 51 119
44 52 166
44 53 161
44 54 145
44 55 142
44 56 80
44 57 76
44 58 127
44 59 156
44 60 132
44 61 60
44 62 5
44 63 116
44 64 75
44 65 48
44 66 74
44 67 39
44 68 117
44 69 45
44 70 131
44 71 199
44 72 108
44 73 56
44 74 108
44 75 81
44 76 175
44 77 108
44 78 84
44 79 110
44 80 7
44 81 163
44 82 79
44 83 98
44 84 101
44 85 157
44 86 36
44 87 130
44 88 56
44 89 102
44 90 87
44 91 199
44 92 80
44 93 188
44 94 93
44 95 89
44 96 105
44 97 19
44 98 115
44 99 103
45 46 39
45 47 84
45 48 124
45 49 190
45 50 66
45 51 25
45 52 21
45 53 6
45 54 8
45 55 80
45 56 164
45 57 30
45 58 42
45 59 76
45 60 69
45 61 27
45 62 33
45 63 36
45 64 1
45 65 77
45 66 173
45 67 200
45 68 93
45 69 38
45 70 82
45 71 0
45 72 158
45 73 157
45 74 30
45 75 81
45 76 75
45 77 34
45 78 63
45 79 32
45 80 82
45 81 22
45 82 176
45 83 19
45 84 26
45 85 150
45 86 20
45 87 20
45 88 53
45 89 27
45 90 42
45 91 73
45 92 181
45 93 65
45 94 95
45 95 67
45 96 80
45 97 124
45 98 5
45 99 38
46 47 12
46 48 8
46 49 179
46 50 32
46 51 141
46 52 39
46 53 33
46 54 16
46 55 98
46 56 190
46 57 127
46 58 91
46 59 9
46 60 102
46 61 164
46 62 80
46 63 58
46 64 119
46 65 119
46 66 16
46 67 23
46 68 192
46 69 109
46 70 76
46 71 17
46 72 67
46 73 140
46 74 147
46 75 44
46 76 64
46 77 179
46 78 59
46 79 155
46 80 114
46 81 187
46 82 111
46 83 47
46 84 166
46 85 156
46 86 2
46 87 79
46 88 136
46 89 107
46 90 166
46 91 62
46 92 73
46 93 24
46 94 176
46 95 77
46 96 120
46 97 196
46 98 35
46 99 62
47 48 108
47 49 47
47 50 169
47 51 1
47 52 137
47 53 124
47 54 5
47 55 43
47 56 3
47 57 191
47 58 155
47 59 118
47 60 97
47 61 31
47 62 136
47 63 33
47 64 163
47 65 33
47 66 34
47 67 148
47 68 50
47 69 3
47 70 90
47 71 86
47 72 199
47 73 119
47 74 37
47 75 125
47 76 178
47 77 178
47 78 101
47 79 136
47 80 184
47 81 143
47 82 200
47 83 159
47 84 99
47 85 103
47 86 169
47 87 25
47 88 60
47 89 96
47 90 0
47 91 41
47 92 90
47 93 162
47 94 158
47 95 10
47 96 108
47 97 132
47 98 53
47 99 80
48 49 0
48 50 1
48 51 102
48 52 140
48 53 146
48 54 125
48 55 75
48 56 101
48 57 28
48 58 143
48 59 188
48 60 153
48 61 38
48 62 120
48 63 7
48 64 72
48 65 95
48 66 155
48 67 183
48 68 162
48 69 137
48 70 70
48 71 168
48 72 97
48 73 88
48 74 15
48 75 143
48 76 94
48 77 193
48 78 148
48 79 193
48 80 16
48 81 191
48 82 26
48 83 3
48 84 98
48 85 143
48 86 13
48 87 156
48 88 24
48 89 115
48 90 98
48 91 181
48 92 45
48 93 103
48 94 11
48 95 146
48 96 117
48 97 157
48 98 186
48 99 133
49 50 154
49 51 191
49 52 141
49 53 49
49 54 51
49 55 72
49 56 156
49 57 192
49 58 12
49 59 48
49 60 142
49 61 114
49 62 169
49 63 189
49 64 90
49 65 10
49 66 182
49 67 157
49 68 36
49 69 4
49 70 60
49 71 133
49 72 68
49 73 73
49 74 165
49 75 165
49 76 102
49 77 151
49 78 172
49 79 10
49 80 122
49 81 166
49 82 59
49 83 101
49 84 82
49 85 153
49 86 143
49 87 54
49 88 121
49 89 64
49 90 138
49 91 95
49 92 4
49 93 44
49 94 165
49 95 188
49 96 7
49 97 180
49 98 200
49 99 105
50 51 132
50 52 117
50 53 29
50 54 81
50 55 39
50 56 53
50 57 0
50 58 132
50 59 130
50 60 53
50 61 74
50 62 98
50 63 83
50 64 153
50 65 91
50 66 91
50 67 12
50 68 120
50 69 11
50 70 46
50 71 149
50 72 190
50 73 200
50 74 156
50 75 187
50 76 105
50 77 46
50 78 155
50 79 128
50 80 113
50 81 141
50 82 198
50 83 43
50 84 115
50 85 122
50 86 123
50 87 4
50 88 128
50 89 69
50 90 103
50 91 18
50 92 30
50 93 153
50 94 54
50 95 192
50 96 69
50 97 55
50 98 35
50 99 20
51 52 76
51 53 131
51 54 112
51 55 176
51 56 121
51 57 106
51 58 110
51 59 6
51 60 85
51 61 125
51 62 87
51 63 151
51 64 191
51 65 49
51 66 98
51 67 16
51 68 165
51 69 176
51 70 35
51 71 32
51 72 174
51 73 111
51 74 191
51 75 94
51 76 63
51 77 113
51 78 157
51 79 161
51 80 194
51 81 8
51 82 67
51 83 135
51 84 171
51 85 111
51 86 119
51 87 173
51 88 47
51 89 198
51 90 157
51 91 199
51 92 1
51 93 25
51 94 88
51 95 159
51 96 173
51 97 185
51 98 180
51 99 133
52 53 123
52 54 143
52 55 170
52 56 126
52 57 20
52 58 126
52 59 45
52 60 121
52 61 65
52 62 118
52 63 140
52 64 13
52 65 88
52 66 182
52 67 103
52 68 168
52 69 131
52 70 68
52 71 160
52 72 65
52 73 9
52 74 135
52 75 146
52 76 66
52 77 17
52 78 165
52 79 138
52 80 18
52 81 32
52 82 191
52 83 0
52 84 129
52 85 164
52 86 165
52 87 170
52 88 182
52 89 52
52 90 130
52 91 101
52 92 88
52 93 154
52 94 40
52 95 91
52 96 17
52 97 134
52 98 117
52 99 5
53 54 89
53 55 81
53 56 42
53 57 64
53 58 124
53 59 189
53 60 103
53 61 106
53 62 37
53 63 164
53 64 107
53 65 34
53 66 88
53 67 167
53 68 139
53 69 168
53 70 118
53 71 47
53 72 53
53 73 139
53 74 101
53 75 157
53 76 19
53 77 165
53 78 15
53 79 185
53 80 137
53 81 185
53 82 191
53 83 158
53 84 168
53 85 154
53 86 122
53 87 137
53 88 18
53 89 162
53 90 104
53 91 150
53 92 177
53 93 158
53 94 155
53 95 46
53 96 22
53 97 176
53 98 32
53 99 122
54 55 49
54 56 167
54 57 27
54 58 101
54 59 156
54 60 164
54 61 40
54 62 27
54 63 26
54 64 92
54 65 60
54 66 115
54 67 101
54 68 68
54 69 6
54 70 39
54 71 17
54 72 87
54 73 139
54 74 46
54 75 59
54 76 159
54 77 94
54 78 117
54 79 134
54 80 196
54 81 117
54 82 51
54 83 88
54 84 131
54 85 69
54 86 116
54 87 127
54 88 17
54 89 31
54 90 45
54 91 50
54 92 145
54 93 86
54 94 0
54 95 178
54 96 148
54 97 12
54 98 74
54 99 32
55 56 169
55 57 124
55 58 160
55 59 183
55 60 83
55 61 47
55 62 45
55 63 31
55 64 131
55 65 185
55 66 100
55 67 193
55 68 28
55 69 65
55 70 200
55 71 44
55 72 13
55 73 61
55 74 138
55 75 158
55 76 151
55 77 162
55 78 123
55 79 82
55 80 144
55 81 21
55 82 133
55 83 27
55 84 106
55 85 98
55 86 36
55 87 144
55 88 157
55 89 72
55 90 188
55 91 46
55 92 135
55 93 128
55 94 13
55 95 168
55 96 31
55 97 49
55 98 48
55 99 59
56 57 67
56 58 171
56 59 42
56 60 14
56 61 61
56 62 8
56 63 47
56 64 146
56 65 128
56 66 41
56 67 9
56 68 58
56 69 100
56 70 154
56 71 164
56 72 141
56 73 181
56 74 169
56 75 187
56 76 16
56 77 113
56 78 87
56 79 149
56 80 142
56 81 27
56 82 138
56 83 150
56 84 187
56 85 70
56 86 57
56 87 84
56 88 81
56 89 161
56 90 143
56 91 192
56 92 2
56 93 173
56 94 24
56 95 132
56 96 126
56 97 114
56 98 41
56 99 116
57 58 105
57 59 143
57 60 176
57 61 192
57 62 72
57 63 0
57 64 100
57 65 21
57 66 155
57 67 95
57 68 185
57 69 50
57 70 22
57 71 84
57 72 84
57 73 164
57 74 137
57 75 126
57 76 70
57 77 34
57 78 151
57 79 134
57 80 185
57 81 57
57 82 10
57 83 166
57 84 40
57 85 28
57 86 120
57 87 136
57 88 97
57 89 127
57 90 56
57 91 53
57 92 62
57 93 76
57 94 34
57 95 44
57 96 52
57 97 84
57 98 161
57 99 160
58 59 10
58 60 125
58 61 78
58 62 200
58 63 13
58 64 83
58 65 30
58 66 104
58 67 151
58 68 114
58 69 195
58 70 142
58 71 30
58 72 30
58 73 133
58 74 1
58 75 24
58 76 14
58 77 195
58 78 56
58 79 91
58 80 149
58 81 25
58 82 125
58 83 88
58 84 154
58 85 197
58 86 29
58 87 59
58 88 107
58 89 35
58 90 50
58 91 124
58 92 36
58 93 158
58 94 112
58 95 140
58 96 90
58 97 159
58 98 86
58 99 131
