100 4422
0 1 39
0 2 176
0 3 162
0 4 138
0 5 72
0 6 173
0 7 142
0 8 125
0 9 2
0 10 196
0 11 75
0 12 185
0 13 4
0 14 63
0 15 192
0 16 17
0 17 191
0 18 96
0 19 148
0 20 162
0 21 31
0 22 172
0 23 49
0 24 98
0 25 40
0 26 171
0 27 172
0 28 165
0 29 114
0 30 85
0 31 34
0 32 108
0 33 141
0 34 76
0 35 56
0 36 121
0 37 50
0 38 125
0 39 87
0 40 10
0 41 39
0 42 175
0 43 60
0 44 182
0 45 105
0 46 184
0 47 47
0 48 103
0 49 38
0 50 144
0 51 178
0 52 84
0 53 122
0 54 74
0 55 134
0 56 35
0 57 133
0 58 119
0 59 72
0 60 126
0 61 156
0 62 104
0 63 135
0 64 82
0 65 95
0 66 110
0 67 135
0 68 122
0 69 20
0 70 133
0 71 94
0 72 53
0 73 0
0 74 171
0 75 180
0 76 123
0 77 9
0 78 175
0 79 173
0 80 111
0 81 96
0 82 56
0 83 173
0 84 163
0 85 143
0 86 38
0 87 15
0 88 77
0 89 121
0 90 2
0 91 66
0 92 148
0 93 60
0 94 24
0 95 65
0 96 181
0 97 138
0 98 84
0 99 100
1 2 87
1 3 64
1 4 47
1 5 34
1 6 107
1 7 158
1 8 30
1 9 7
1 10 91
1 11 181
1 12 112
1 13 133
1 14 187
1 15 84
1 16 14
1 17 133
1 18 1
1 19 159
1 20 28
1 21 1
1 22 110
1 23 91
1 24 112
1 25 105
1 26 165
1 27 70
1 28 1
1 29 50
1 30 136
1 31 132
1 32 79
1 33 112
1 34 96
1 35 162
1 36 148
1 37 186
1 38 23
1 39 55
1 40 163
1 41 81
1 42 125
1 43 46
1 44 52
1 45 139
1 46 158
1 47 72
1 48 126
1 49 58
1 50 71
1 51 152
1 52 26
1 53 133
1 54 1
1 55 66
1 56 115
1 57 107
1 58 130
1 59 194
1 60 71
1 61 154
1 62 163
1 63 23
1 64 39
1 65 156
1 66 45
1 67 58
1 68 151
1 69 70
1 70 13
1 71 2
1 72 197
1 73 0
1 74 132
1 75 82
1 76 102
1 77 28
1 78 47
1 79 126
1 80 125
1 81 63
1 82 130
1 83 141
1 84 105
1 85 139
1 86 96
1 87 102
1 88 187
1 89 122
1 90 71
1 91 191
1 92 12
1 93 194
1 94 84
1 95 50
1 96 193
1 97 170
1 98 162
1 99 191
2 3 55
2 4 61
2 5 176
2 6 60
2 7 102
2 8 127
2 9 200
2 10 190
2 11 39
2 12 157
2 13 34
2 14 87
2 15 148
2 16 172
2 17 161
2 18 127
2 19 152
2 20 46
2 21 109
2 22 10
2 23 148
2 24 193
2 25 197
2 26 196
2 27 0
2 28 75
2 29 3
2 30 38
2 31 110
2 32 168
2 33 71
2 34 106
2 35 55
2 36 147
2 37 55
2 38 135
2 39 47
2 40 187
2 41 166
2 42 115
2 43 62
2 44 13
2 45 52
2 46 0
2 47 96
2 48 78
2 49 89
2 50 179
2 51 145
2 52 82
2 53 200
2 54 114
2 55 36
2 56 131
2 57 121
2 58 69
2 59 126
2 60 38
2 61 26
2 62 192
2 63 64
2 64 6
2 65 164
2 66 94
2 67 20
2 68 102
2 69 150
2 70 16
2 71 65
2 72 37
2 73 181
2 74 192
2 75 69
2 76 101
2 77 141
2 78 101
2 79 22
2 80 182
2 81 16
2 82 150
2 83 178
2 84 196
2 85 161
2 86 61
2 87 123
2 88 63
2 89 50
2 90 50
2 91 4
2 92 122
2 93 49
2 94 176
2 95 112
2 96 70
2 97 85
2 98 154
2 99 140
3 4 157
3 5 11
3 6 138
3 7 51
3 8 139
3 9 140
3 10 3
3 11 74
3 12 67
3 13 58
3 14 95
3 15 138
3 16 153
3 17 172
3 18 165
3 19 123
3 20 24
3 21 91
3 22 144
3 23 47
3 24 73
3 25 10
3 26 136
3 27 111
3 28 184
3 29 30
3 30 177
3 31 35
3 32 145
3 33 190
3 34 89
3 35 178
3 36 59
3 37 16
3 38 89
3 39 149
3 40 181
3 41 42
3 42 62
3 43 193
3 44 0
3 45 8
3 46 154
3 47 78
3 48 128
3 49 167
3 50 4
3 51 111
3 52 131
3 53 75
3 54 35
3 55 190
3 56 44
3 57 102
3 58 119
3 59 74
3 60 152
3 61 98
3 62 62
3 63 32
3 64 18
3 65 129
3 66 156
3 67 142
3 68 13
3 69 77
3 70 156
3 71 197
3 72 133
3 73 151
3 74 104
3 75 135
3 76 101
3 77 49
3 78 4
3 79 150
3 80 71
3 81 62
3 82 96
3 83 31
3 84 178
3 85 17
3 86 80
3 87 27
3 88 58
3 89 8
3 90 179
3 91 169
3 92 149
3 93 166
3 94 165
3 95 62
3 96 76
3 97 199
3 98 181
3 99 146
4 5 137
4 6 35
4 7 106
4 8 2
4 9 113
4 10 188
4 11 63
4 12 198
4 13 132
4 14 171
4 15 86
4 16 125
4 17 14
4 18 159
4 19 6
4 20 181
4 21 75
4 22 80
4 23 182
4 24 199
4 25 69
4 26 8
4 27 75
4 28 32
4 29 200
4 30 182
4 31 77
4 32 11
4 33 108
4 34 34
4 35 132
4 36 69
4 37 177
4 38 86
4 39 149
4 40 113
4 41 158
4 42 81
4 43 155
4 44 178
4 45 133
4 46 13
4 47 162
4 48 125
4 49 147
4 50 152
4 51 153
4 52 59
4 53 177
4 54 148
4 55 183
4 56 112
4 57 118
4 58 57
4 59 199
4 60 137
4 61 113
4 62 135
4 63 26
4 64 170
4 65 110
4 66 133
4 67 12
4 68 188
4 69 50
4 70 188
4 71 52
4 72 129
4 73 137
4 74 152
4 75 175
4 76 44
4 77 174
4 78 187
4 79 176
4 80 118
4 81 173
4 82 56
4 83 49
4 84 0
4 85 25
4 86 54
4 87 128
4 88 168
4 89 190
4 90 102
4 91 151
4 92 62
4 93 129
4 94 146
4 95 98
4 96 53
4 97 58
4 98 68
4 99 135
5 6 14
5 7 184
5 8 80
5 9 67
5 10 39
5 11 183
5 12 46
5 13 28
5 14 29
5 15 167
5 16 196
5 17 32
5 18 186
5 19 62
5 20 104
5 21 151
5 22 39
5 23 179
5 24 24
5 25 21
5 26 57
5 27 111
5 28 11
5 29 199
5 30 74
5 31 125
5 32 95
5 33 41
5 34 168
5 35 25
5 36 186
5 37 59
5 38 165
5 39 192
5 40 14
5 41 65
5 42 71
5 43 37
5 44 45
5 45 35
5 46 25
5 47 101
5 48 169
5 49 17
5 50 172
5 51 68
5 52 158
5 53 114
5 54 74
5 55 36
5 56 137
5 57 67
5 58 154
5 59 4
5 60 16
5 61 149
5 62 82
5 63 15
5 64 144
5 65 66
5 66 91
5 67 105
5 68 64
5 69 49
5 70 55
5 71 99
5 72 177
5 73 50
5 74 138
5 75 12
5 76 57
5 77 172
5 78 178
5 79 138
5 80 55
5 81 33
5 82 122
5 83 125
5 84 30
5 85 137
5 86 157
5 87 198
5 88 106
5 89 25
5 90 164
5 91 59
5 92 69
5 93 52
5 94 190
5 95 195
5 96 4
5 97 8
5 98 181
5 99 4
6 7 113
6 8 56
6 9 154
6 10 173
6 11 184
6 12 91
6 13 136
6 14 53
6 15 16
6 16 169
6 17 182
6 18 130
6 19 11
6 20 79
6 21 171
6 22 178
6 23 73
6 24 56
6 25 90
6 26 133
6 27 174
6 28 139
6 29 95
6 30 136
6 31 198
6 32 64
6 33 91
6 34 1
6 35 198
6 36 99
6 37 12
6 38 45
6 39 16
6 40 155
6 41 135
6 42 156
6 43 119
6 44 187
6 45 164
6 46 50
6 47 59
6 48 92
6 49 119
6 50 164
6 51 184
6 52 32
6 53 81
6 54 157
6 55 134
6 56 126
6 57 86
6 58 30
6 59 50
6 60 99
6 61 115
6 62 43
6 63 162
6 64 77
6 65 25
6 66 170
6 67 90
6 68 158
6 69 139
6 70 177
6 71 191
6 72 148
6 73 103
6 74 196
6 75 18
6 76 71
6 77 166
6 78 131
6 79 48
6 80 70
6 81 110
6 82 151
6 83 27
6 84 50
6 85 52
6 86 23
6 87 168
6 88 21
6 89 93
6 90 83
6 91 192
6 92 164
6 93 116
6 94 80
6 95 88
6 96 112
6 97 146
6 98 117
6 99 80
7 8 183
7 9 21
7 10 72
7 11 71
7 12 182
7 13 63
7 14 183
7 15 98
7 16 55
7 17 127
7 18 115
7 19 112
7 20 84
7 21 42
7 22 122
7 23 92
7 24 133
7 25 130
7 26 166
7 27 60
7 28 146
7 29 52
7 30 143
7 31 6
7 32 26
7 33 58
7 34 93
7 35 67
7 36 21
7 37 38
7 38 155
7 39 0
7 40 52
7 41 119
7 42 100
7 43 134
7 44 42
7 45 47
7 46 33
7 47 67
7 48 84
7 49 113
7 50 127
7 51 143
7 52 87
7 53 63
7 54 102
7 55 113
7 56 90
7 57 200
7 58 102
7 59 138
7 60 2
7 61 152
7 62 196
7 63 100
7 64 27
7 65 175
7 66 146
7 67 93
7 68 173
7 69 91
7 70 0
7 71 93
7 72 48
7 73 122
7 74 103
7 75 11
7 76 5
7 77 15
7 78 16
7 79 189
7 80 117
7 81 28
7 82 160
7 83 119
7 84 150
7 85 176
7 86 124
7 87 50
7 88 34
7 89 24
7 90 56
7 91 196
7 92 93
7 93 179
7 94 167
7 95 110
7 96 200
7 97 184
7 98 41
7 99 8
8 9 52
8 10 89
8 11 96
8 12 139
8 13 192
8 14 134
8 15 99
8 16 20
8 17 133
8 18 188
8 19 57
8 20 154
8 21 29
8 22 158
8 23 165
8 24 118
8 25 72
8 26 96
8 27 23
8 28 172
8 29 137
8 30 165
8 31 149
8 32 188
8 33 69
8 34 182
8 35 149
8 36 77
8 37 37
8 38 77
8 39 106
8 40 135
8 41 159
8 42 25
8 43 127
8 44 154
8 45 170
8 46 46
8 47 68
8 48 82
8 49 93
8 50 25
8 51 180
8 52 99
8 53 150
8 54 76
8 55 163
8 56 198
8 57 100
8 58 111
8 59 121
8 60 123
8 61 130
8 62 20
8 63 175
8 64 164
8 65 140
8 66 95
8 67 15
8 68 177
8 69 164
8 70 60
8 71 111
8 72 165
8 73 86
8 74 184
8 75 120
8 76 61
8 77 180
8 78 156
8 79 172
8 80 53
8 81 111
8 82 138
8 83 35
8 84 35
8 85 39
8 86 193
8 87 194
8 88 61
8 89 198
8 90 57
8 91 81
8 92 40
8 93 124
8 94 129
8 95 95
8 96 35
8 97 151
8 98 13
8 99 37
9 10 179
9 11 147
9 12 132
9 13 156
9 14 168
9 15 198
9 16 58
9 17 170
9 18 84
9 19 101
9 20 23
9 21 87
9 22 142
9 23 45
9 24 41
9 25 190
9 26 93
9 27 194
9 28 99
9 29 71
9 30 25
9 31 151
9 32 172
9 33 45
9 34 149
9 35 81
9 36 92
9 37 113
9 38 66
9 39 28
9 40 76
9 41 104
9 42 27
9 43 103
9 44 58
9 45 18
9 46 145
9 47 38
9 48 41
9 49 102
9 50 174
9 51 39
9 52 144
9 53 9
9 54 132
9 55 175
9 56 119
9 57 147
9 58 195
9 59 56
9 60 184
9 61 34
9 62 128
9 63 59
9 64 191
9 65 2
9 66 186
9 67 187
9 68 136
9 69 161
9 70 60
9 71 33
9 72 94
9 73 184
9 74 165
9 75 93
9 76 70
9 77 172
9 78 195
9 79 93
9 80 78
9 81 107
9 82 115
9 83 9
9 84 130
9 85 154
9 86 180
9 87 79
9 88 114
9 89 43
9 90 1
9 91 52
9 92 72
9 93 87
9 94 66
9 95 11
9 96 199
9 97 184
9 98 67
9 99 188
10 11 90
10 12 187
10 13 192
10 14 26
10 15 60
10 16 143
10 17 136
10 18 49
10 19 170
10 20 168
10 21 25
10 22 56
10 23 85
10 24 195
10 25 186
10 26 162
10 27 168
10 28 45
10 29 58
10 30 164
10 31 100
10 32 87
10 33 118
10 34 145
10 35 181
10 36 69
10 37 52
10 38 104
10 39 60
10 40 173
10 41 60
10 42 198
10 43 90
10 44 85
10 45 34
10 46 192
10 47 7
10 48 145
10 49 35
10 50 34
10 51 117
10 52 30
10 53 22
10 54 95
10 55 137
10 56 168
10 57 200
10 58 187
10 59 77
10 60 135
10 61 108
10 62 108
10 63 96
10 64 143
10 65 192
10 66 194
10 67 189
10 68 197
10 69 193
10 70 164
10 71 128
10 72 8
10 73 50
10 74 51
10 75 77
10 76 146
10 77 12
10 78 166
10 79 106
10 80 118
10 81 155
10 82 130
10 83 26
10 84 112
10 85 192
10 86 155
10 87 103
10 88 121
10 89 122
10 90 138
10 91 179
10 92 103
10 93 166
10 94 189
10 95 95
10 96 185
10 97 80
10 98 5
10 99 98
11 12 157
11 13 190
11 14 137
11 15 194
11 16 19
11 17 120
11 18 69
11 19 111
11 20 139
11 21 101
11 22 200
11 23 65
11 24 110
11 25 173
11 26 166
11 27 117
11 28 29
11 29 99
11 30 32
11 31 116
11 32 195
11 33 163
11 34 128
11 35 182
11 36 29
11 37 62
11 38 183
11 39 145
11 40 27
11 41 147
11 42 32
11 43 123
11 44 15
11 45 80
11 46 101
11 47 194
11 48 113
11 49 83
11 50 98
11 51 104
11 52 55
11 53 121
11 54 194
11 55 124
11 56 100
11 57 119
11 58 23
11 59 32
11 60 74
11 61 112
11 62 61
11 63 74
11 64 19
11 65 75
11 66 90
11 67 145
11 68 124
11 69 195
11 70 144
11 71 166
11 72 121
11 73 118
11 74 26
11 75 155
11 76 72
11 77 197
11 78 112
11 79 54
11 80 181
11 81 67
11 82 141
11 83 192
11 84 165
11 85 194
11 86 16
11 87 141
11 88 46
11 89 134
11 90 199
11 91 49
11 92 119
11 93 60
11 94 9
11 95 170
11 96 97
11 97 38
11 98 191
11 99 14
12 13 148
12 14 141
12 15 104
12 16 6
12 17 198
12 18 116
12 19 137
12 20 159
12 21 34
12 22 56
12 23 85
12 24 133
12 25 81
12 26 76
12 27 176
12 28 56
12 29 69
12 30 26
12 31 42
12 32 150
12 33 156
12 34 7
12 35 195
12 36 105
12 37 9
12 38 137
12 39 62
12 40 41
12 41 144
12 42 117
12 43 28
12 44 18
12 45 6
12 46 21
12 47 146
12 48 67
12 49 130
12 50 31
12 51 7
12 52 104
12 53 72
12 54 179
12 55 185
12 56 5
12 57 200
12 58 160
12 59 172
12 60 25
12 61 15
12 62 95
12 63 96
12 64 12
12 65 182
12 66 80
12 67 151
12 68 87
12 69 123
12 70 167
12 71 166
12 72 27
12 73 130
12 74 105
12 75 166
12 76 71
12 77 63
12 78 171
12 79 72
12 80 92
12 81 102
12 82 137
12 83 7
12 84 14
12 85 0
12 86 7
12 87 4
12 88 59
12 89 145
12 90 130
12 91 32
12 92 72
12 93 121
12 94 52
12 95 97
12 96 15
12 97 76
12 98 50
12 99 184
13 14 32
13 15 32
13 16 108
13 17 167
13 18 38
13 19 184
13 20 5
13 21 138
13 22 166
13 23 67
13 24 134
13 25 103
13 26 156
13 27 147
13 28 44
13 29 35
13 30 74
13 31 6
13 32 82
13 33 19
13 34 23
13 35 104
13 36 169
13 37 99
13 38 188
13 39 137
13 40 75
13 41 179
13 42 161
13 43 27
13 44 95
13 45 131
13 46 134
13 47 120
13 48 115
13 49 130
13 50 142
13 51 187
13 52 143
13 53 95
13 54 35
13 55 106
13 56 111
13 57 138
13 58 9
13 59 118
13 60 64
13 61 107
13 62 21
13 63 181
13 64 75
13 65 30
13 66 190
13 67 48
13 68 121
13 69 181
13 70 186
13 71 147
13 72 39
13 73 181
13 74 66
13 75 188
13 76 72
13 77 9
13 78 148
13 79 104
13 80 68
13 81 158
13 82 11
13 83 24
13 84 149
13 85 138
13 86 21
13 87 60
13 88 135
13 89 185
13 90 58
13 91 72
13 92 61
13 93 5
13 94 23
13 95 18
13 96 45
13 97 111
13 98 91
13 99 83
14 15 60
14 16 150
14 17 31
14 18 140
14 19 166
14 20 53
14 21 5
14 22 17
14 23 48
14 24 175
14 25 110
14 26 150
14 27 115
14 28 81
14 29 128
14 30 58
14 31 196
14 32 94
14 33 3
14 34 130
14 35 112
14 36 139
14 37 195
14 38 98
14 39 156
14 40 50
14 41 73
14 42 157
14 43 176
14 44 79
14 45 127
14 46 14
14 47 94
14 48 37
14 49 86
14 50 150
14 51 53
14 52 12
14 53 41
14 54 198
14 55 103
14 56 195
14 57 106
14 58 150
14 59 73
14 60 48
14 61 163
14 62 13
14 63 39
14 64 165
14 65 121
14 66 86
14 67 0
14 68 13
14 69 158
14 70 83
14 71 143
14 72 84
14 73 173
14 74 149
14 75 35
14 76 145
14 77 88
14 78 139
14 79 82
14 80 48
14 81 88
14 82 122
14 83 140
14 84 14
14 85 153
14 86 45
14 87 160
14 88 131
14 89 47
14 90 48
14 91 46
14 92 108
14 93 109
14 94 20
14 95 165
14 96 21
14 97 94
14 98 133
14 99 186
15 16 64
15 17 85
15 18 105
15 19 3
15 20 182
15 21 102
15 22 126
15 23 41
15 24 173
15 25 25
15 26 64
15 27 9
15 28 19
15 29 103
15 30 10
15 31 36
15 32 76
15 33 160
15 34 81
15 35 11
15 36 170
15 37 116
15 38 46
15 39 160
15 40 198
15 41 126
15 42 100
15 43 173
15 44 85
15 45 82
15 46 149
15 47 196
15 48 171
15 49 22
15 50 115
15 51 100
15 52 27
15 53 174
15 54 163
15 55 144
15 56 54
15 57 83
15 58 183
15 59 135
15 60 155
15 61 32
15 62 75
15 63 181
15 64 130
15 65 174
15 66 73
15 67 132
15 68 18
15 69 151
15 70 54
15 71 114
15 72 48
15 73 26
15 74 7
15 75 130
15 76 188
15 77 173
15 78 71
15 79 119
15 80 2
15 81 65
15 82 99
15 83 132
15 84 37
15 85 187
15 86 45
15 87 165
15 88 191
15 89 29
15 90 109
15 91 150
15 92 31
15 93 79
15 94 134
15 95 193
15 96 69
15 97 144
15 98 85
15 99 151
16 17 9
16 18 162
16 19 102
16 20 0
16 21 37
16 22 190
16 23 83
16 24 108
16 25 7
16 26 114
16 27 112
16 28 123
16 29 181
16 30 93
16 31 101
16 32 95
16 33 180
16 34 71
16 35 2
16 36 91
16 37 142
16 38 114
16 39 74
16 40 127
16 41 176
16 42 25
16 43 163
16 44 136
16 45 63
16 46 173
16 47 55
16 48 123
16 49 187
16 50 107
16 51 82
16 52 170
16 53 18
16 54 156
16 55 159
16 56 76
16 57 46
16 58 171
16 59 197
16 60 7
16 61 112
16 62 76
16 63 100
16 64 99
16 65 192
16 66 8
16 67 126
16 68 64
16 69 196
16 70 199
16 71 175
16 72 5
16 73 123
16 74 2
16 75 86
16 76 196
16 77 193
16 78 127
16 79 5
16 80 141
16 81 167
16 82 97
16 83 151
16 84 95
16 85 78
16 86 89
16 87 22
16 88 56
16 89 8
16 90 131
16 91 110
16 92 97
16 93 94
16 94 191
16 95 200
16 96 51
16 97 187
16 98 80
16 99 134
17 18 93
17 19 33
17 20 121
17 21 91
17 22 93
17 23 166
17 24 74
17 25 185
17 26 135
17 27 48
17 28 124
17 29 45
17 30 118
17 31 22
17 32 28
17 33 149
17 34 135
17 35 118
17 36 21
17 37 79
17 38 133
17 39 198
17 40 155
17 41 186
17 42 112
17 43 188
17 44 62
17 45 153
17 46 174
17 47 54
17 48 178
17 49 100
17 50 70
17 51 75
17 52 124
17 53 102
17 54 128
17 55 112
17 56 134
17 57 32
17 58 10
17 59 133
17 60 162
17 61 23
17 62 172
17 63 129
17 64 101
17 65 4
17 66 155
17 67 155
17 68 100
17 69 58
17 70 178
17 71 96
17 72 180
17 73 46
17 74 39
17 75 170
17 76 162
17 77 158
17 78 123
17 79 116
17 80 75
17 81 39
17 82 194
17 83 21
17 84 89
17 85 149
17 86 193
17 87 180
17 88 167
17 89 81
17 90 67
17 91 91
17 92 23
17 93 92
17 94 148
17 95 44
17 96 135
17 97 141
17 98 17
17 99 19
18 19 100
18 20 152
18 21 42
18 22 93
18 23 7
18 24 11
18 25 24
18 26 167
18 27 151
18 28 4
18 29 111
18 30 101
18 31 194
18 32 197
18 33 142
18 34 44
18 35 54
18 36 112
18 37 78
18 38 115
18 39 2
18 40 102
18 41 75
18 42 137
18 43 73
18 44 133
18 45 147
18 46 136
18 47 141
18 48 180
18 49 168
18 50 37
18 51 54
18 52 132
18 53 95
18 54 74
18 55 143
18 56 183
18 57 159
18 58 156
18 59 78
18 60 21
18 61 62
18 62 112
18 63 121
18 64 48
18 65 159
18 66 59
18 67 3
18 68 171
18 69 44
18 70 84
18 71 85
18 72 40
18 73 124
18 74 197
18 75 136
18 76 176
18 77 141
18 78 42
18 79 68
18 80 189
18 81 102
18 82 190
18 83 51
18 84 85
18 85 126
18 86 150
18 87 33
18 88 76
18 89 108
18 90 191
18 91 164
18 92 20
18 93 31
18 94 77
18 95 22
18 96 183
18 97 157
18 98 113
18 99 36
19 20 183
19 21 8
19 22 35
19 23 40
19 24 35
19 25 148
19 26 158
19 27 119
19 28 190
19 29 49
19 30 189
19 31 194
19 32 133
19 33 51
19 34 149
19 35 124
19 36 41
19 37 76
19 38 90
19 39 4
19 40 88
19 41 76
19 42 148
19 43 66
19 44 4
19 45 94
19 46 177
19 47 149
19 48 12
19 49 36
19 50 82
19 51 4
19 52 171
19 53 176
19 54 88
19 55 171
19 56 158
19 57 156
19 58 167
19 59 5
19 60 32
19 61 5
19 62 184
19 63 137
19 64 194
19 65 151
19 66 80
19 67 99
19 68 65
19 69 187
19 70 121
19 71 158
19 72 125
19 73 81
19 74 50
19 75 4
19 76 96
19 77 19
19 78 104
19 79 45
19 80 162
19 81 195
19 82 173
19 83 48
19 84 9
19 85 67
19 86 108
19 87 50
19 88 59
19 89 82
19 90 141
19 91 13
19 92 169
19 93 155
19 94 175
19 95 168
19 96 22
19 97 103
19 98 144
19 99 121
20 21 3
20 22 7
20 23 112
20 24 7
20 25 130
20 26 180
20 27 75
20 28 141
20 29 43
20 30 120
20 31 50
20 32 63
20 33 54
20 34 190
20 35 58
20 36 195
20 37 135
20 38 186
20 39 194
20 40 136
20 41 25
20 42 71
20 43 65
20 44 154
20 45 97
20 46 42
20 47 115
20 48 59
20 49 61
20 50 167
20 51 107
20 52 125
20 53 57
20 54 45
20 55 36
20 56 42
20 57 75
20 58 31
20 59 82
20 60 188
20 61 144
20 62 121
20 63 164
20 64 132
20 65 68
20 66 117
20 67 112
20 68 170
20 69 148
20 70 182
20 71 192
20 72 72
20 73 58
20 74 14
20 75 104
20 76 1
20 77 159
20 78 53
20 79 13
20 80 54
20 81 120
20 82 188
20 83 51
20 84 74
20 85 109
20 86 190
20 87 51
20 88 48
20 89 57
20 90 75
20 91 3
20 92 191
20 93 139
20 94 133
20 95 21
20 96 1
20 97 101
20 98 171
20 99 151
21 22 101
21 23 180
21 24 168
21 25 77
21 26 196
21 27 103
21 28 136
21 29 72
21 30 128
21 31 73
21 32 106
21 33 30
21 34 166
21 35 83
21 36 101
21 37 65
21 38 149
21 39 58
21 40 149
21 41 97
21 42 114
21 43 149
21 44 108
21 45 160
21 46 54
21 47 152
21 48 19
21 49 132
21 50 98
21 51 128
21 52 53
21 53 79
21 54 139
21 55 115
21 56 110
21 57 123
21 58 158
21 59 147
21 60 52
21 61 4
21 62 13
21 63 174
21 64 36
21 65 119
21 66 69
21 67 190
21 68 56
21 69 146
21 70 127
21 71 120
21 72 148
21 73 165
21 74 4
21 75 151
21 76 68
21 77 138
21 78 137
21 79 130
21 80 182
21 81 124
21 82 179
21 83 59
21 84 32
21 85 31
21 86 132
21 87 7
21 88 177
21 89 160
21 90 117
21 91 98
21 92 112
21 93 156
21 94 144
21 95 15
21 96 25
21 97 28
21 98 192
21 99 74
22 23 4
22 24 34
22 25 42
22 26 116
22 27 104
22 28 146
22 29 155
22 30 71
22 31 73
22 32 187
22 33 100
22 34 22
22 35 9
22 36 30
22 37 199
22 38 151
22 39 117
22 40 174
22 41 173
22 42 106
22 43 95
22 44 89
22 45 4
22 46 49
22 47 16
22 48 176
22 49 56
22 50 190
22 51 89
22 52 10
22 53 83
22 54 98
22 55 76
22 56 15
22 57 33
22 58 102
22 59 57
22 60 77
22 61 179
22 62 55
22 63 155
22 64 151
22 65 7
22 66 35
22 67 132
22 68 188
22 69 9
22 70 64
22 71 186
22 72 45
22 73 161
22 74 92
22 75 97
22 76 140
22 77 69
22 78 4
22 79 104
22 80 31
22 81 21
22 82 68
22 83 143
22 84 67
22 85 45
22 86 141
22 87 186
22 88 10
22 89 97
22 90 160
22 91 139
22 92 121
22 93 189
22 94 159
22 95 197
22 96 95
22 97 120
22 98 60
22 99 180
23 24 24
23 25 88
23 26 38
23 27 90
23 28 105
23 29 80
23 30 46
23 31 178
23 32 81
23 33 178
23 34 165
23 35 29
23 36 18
23 37 156
23 38 87
23 39 53
23 40 36
23 41 27
23 42 1
23 43 121
23 44 4
23 45 147
23 46 121
23 47 179
23 48 112
23 49 192
23 50 166
23 51 114
23 52 66
23 53 92
23 54 182
23 55 87
23 56 11
23 57 50
23 58 65
23 59 108
23 60 137
23 61 76
23 62 137
23 63 198
23 64 67
23 65 97
23 66 67
23 67 116
23 68 29
23 69 86
23 70 199
23 71 61
23 72 182
23 73 39
23 74 78
23 75 198
23 76 162
23 77 50
23 78 48
23 79 63
23 80 169
23 81 88
23 82 105
23 83 52
23 84 85
23 85 9
23 86 145
23 87 68
23 88 6
23 89 18
23 90 65
23 91 200
23 92 102
23 93 139
23 94 164
23 95 0
23 96 56
23 97 119
23 98 93
23 99 148
24 25 106
24 26 41
24 27 48
24 28 200
24 29 74
24 30 108
24 31 50
24 32 173
24 33 113
24 34 162
24 35 43
24 36 194
24 37 108
24 38 90
24 39 170
24 40 27
24 41 36
24 42 191
24 43 101
24 44 123
24 45 156
24 46 110
24 47 152
24 48 190
24 49 108
24 50 25
24 51 75
24 52 46
24 53 73
24 54 60
24 55 173
24 56 175
24 57 181
24 58 199
24 59 2
24 60 7
24 61 159
24 62 142
24 63 110
24 64 12
24 65 8
24 66 44
24 67 147
24 68 186
24 69 146
24 70 84
24 71 127
24 72 97
24 73 70
24 74 126
24 75 192
24 76 141
24 77 134
24 78 138
24 79 72
24 80 60
24 81 123
24 82 98
24 83 124
24 84 159
24 85 169
24 86 36
24 87 5
24 88 191
24 89 45
24 90 58
24 91 54
24 92 183
24 93 90
24 94 146
24 95 184
24 96 6
24 97 12
24 98 196
24 99 146
25 26 139
25 27 150
25 28 134
25 29 79
25 30 157
25 31 154
25 32 198
25 33 80
25 34 86
25 35 135
25 36 195
25 37 110
25 38 188
25 39 128
25 40 146
25 41 198
25 42 8
25 43 158
25 44 199
25 45 151
25 46 132
25 47 60
25 48 200
25 49 164
25 50 25
25 51 195
25 52 110
25 53 133
25 54 142
25 55 56
25 56 62
25 57 5
25 58 29
25 59 108
25 60 140
25 61 91
25 62 200
25 63 136
25 64 66
25 65 69
25 66 118
25 67 28
25 68 194
25 69 62
25 70 27
25 71 26
25 72 179
25 73 124
25 74 41
25 75 132
25 76 36
25 77 154
25 78 120
25 79 10
25 80 61
25 81 32
25 82 19
25 83 162
25 84 179
25 85 135
25 86 30
25 87 75
25 88 178
25 89 194
25 90 97
25 91 147
25 92 131
25 93 15
25 94 59
25 95 54
25 96 188
25 97 110
25 98 59
25 99 20
26 27 93
26 28 38
26 29 58
26 30 125
26 31 50
26 32 189
26 33 20
26 34 94
26 35 127
26 36 190
26 37 21
26 38 91
26 39 35
26 40 197
26 41 104
26 42 152
26 43 107
26 44 67
26 45 67
26 46 101
26 47 111
26 48 174
26 49 28
26 50 155
26 51 198
26 52 96
26 53 156
26 54 31
26 55 184
26 56 114
26 57 39
26 58 86
26 59 188
26 60 52
26 61 38
26 62 146
26 63 10
26 64 36
26 65 34
26 66 194
26 67 133
26 68 77
26 69 159
26 70 119
26 71 34
26 72 125
26 73 49
26 74 20
26 75 199
26 76 63
26 77 35
26 78 40
26 79 80
26 80 180
26 81 198
26 82 114
26 83 70
26 84 183
26 85 12
26 86 80
26 87 167
26 88 100
26 89 170
26 90 147
26 91 142
26 92 11
26 93 101
26 94 31
26 95 38
26 96 195
26 97 39
26 98 47
26 99 81
27 28 145
27 29 84
27 30 85
27 31 193
27 32 98
27 33 63
27 34 34
27 35 90
27 36 23
27 37 123
27 38 127
27 39 163
27 40 98
27 41 129
27 42 180
27 43 23
27 44 1
27 45 101
27 46 95
27 47 26
27 48 131
27 49 85
27 50 124
27 51 37
27 52 177
27 53 105
27 54 90
27 55 96
27 56 40
27 57 116
27 58 114
27 59 170
27 60 142
27 61 43
27 62 0
27 63 7
27 64 83
27 65 142
27 66 143
27 67 52
27 68 79
27 69 77
27 70 195
27 71 23
27 72 184
27 73 143
27 74 55
27 75 9
27 76 151
27 77 66
27 78 161
27 79 69
27 80 151
27 81 67
27 82 108
27 83 95
27 84 175
27 85 7
27 86 186
27 87 60
27 88 136
27 89 3
27 90 107
27 91 93
27 92 141
27 93 42
27 94 74
27 95 109
27 96 92
27 97 32
27 98 176
27 99 99
28 29 193
28 30 164
28 31 174
28 32 144
28 33 197
28 34 26
28 35 116
28 36 13
28 37 167
28 38 175
28 39 174
28 40 174
28 41 140
28 42 102
28 43 2
28 44 98
28 45 96
28 46 116
28 47 159
28 48 198
28 49 108
28 50 180
28 51 107
28 52 49
28 53 178
28 54 198
28 55 136
28 56 104
28 57 119
28 58 75
28 59 173
28 60 164
28 61 152
28 62 165
28 63 63
28 64 101
28 65 155
28 66 0
28 67 112
28 68 142
28 69 52
28 70 153
28 71 89
28 72 200
28 73 187
28 74 165
28 75 92
28 76 175
28 77 190
28 78 11
28 79 163
28 80 92
28 81 25
28 82 163
28 83 138
28 84 64
28 85 61
28 86 87
28 87 14
28 88 57
28 89 67
28 90 137
28 91 162
28 92 106
28 93 196
28 94 28
28 95 96
28 96 93
28 97 102
28 98 41
28 99 193
29 30 192
29 31 104
29 32 119
29 33 158
29 34 42
29 35 182
29 36 61
29 37 171
29 38 131
29 39 101
29 40 3
29 41 59
29 42 112
29 43 57
29 44 0
29 45 124
29 46 3
29 47 169
29 48 76
29 49 107
29 50 5
29 51 124
29 52 128
29 53 17
29 54 142
29 55 177
29 56 92
29 57 196
29 58 102
29 59 34
29 60 155
29 61 166
29 62 99
29 63 58
29 64 20
29 65 25
29 66 34
29 67 171
29 68 70
29 69 25
29 70 187
29 71 104
29 72 160
29 73 14
29 74 198
29 75 143
29 76 21
29 77 104
29 78 111
29 79 49
29 80 55
29 81 91
29 82 127
29 83 35
29 84 77
29 85 127
29 86 146
29 87 48
29 88 107
29 89 125
29 90 49
29 91 17
29 92 36
29 93 99
29 94 166
29 95 99
29 96 62
29 97 31
29 98 24
29 99 70
30 31 196
30 32 184
30 33 8
30 34 69
30 35 27
30 36 146
30 37 194
30 38 199
30 39 189
30 40 127
30 41 100
30 42 8
30 43 166
30 44 16
30 45 56
30 46 51
30 47 8
30 48 94
30 49 68
30 50 125
30 51 29
30 52 177
30 53 31
30 54 1
30 55 127
30 56 184
30 57 137
30 58 57
30 59 113
30 60 78
30 61 35
30 62 2
30 63 147
30 64 7
30 65 80
30 66 31
30 67 112
30 68 17
30 69 186
30 70 159
30 71 176
30 72 29
30 73 167
30 74 129
30 75 179
30 76 109
30 77 87
30 78 84
30 79 55
30 80 62
30 81 91
30 82 29
30 83 149
30 84 54
30 85 43
30 86 100
30 87 189
30 88 61
30 89 118
30 90 105
30 91 174
30 92 138
30 93 82
30 94 163
30 95 164
30 96 78
30 97 22
30 98 45
30 99 34
31 32 142
31 33 105
31 34 106
31 35 74
31 36 114
31 37 151
31 38 145
31 39 99
31 40 173
31 41 186
31 42 13
31 43 91
31 44 182
31 45 116
31 46 149
31 47 104
31 48 150
31 49 41
31 50 49
31 51 127
31 52 2
31 53 23
31 54 32
31 55 23
31 56 135
31 57 157
31 58 197
31 59 99
31 60 154
31 61 7
31 62 34
31 63 38
31 64 159
31 65 71
31 66 173
31 67 128
31 68 31
31 69 139
31 70 72
31 71 41
31 72 19
31 73 53
31 74 178
31 75 45
31 76 177
31 77 38
31 78 13
31 79 76
31 80 153
31 81 166
31 82 157
31 83 177
31 84 105
31 85 169
31 86 69
31 87 70
31 88 166
31 89 14
31 90 104
31 91 137
31 92 51
31 93 161
31 94 37
31 95 51
31 96 101
31 97 152
31 98 169
31 99 28
32 33 84
32 34 122
32 35 116
32 36 148
32 37 11
32 38 166
32 39 61
32 40 7
32 41 187
32 42 132
32 43 55
32 44 127
32 45 179
32 46 22
32 47 140
32 48 21
32 49 180
32 50 130
32 51 184
32 52 112
32 53 175
32 54 77
32 55 51
32 56 5
32 57 152
32 58 181
32 59 16
32 60 36
32 61 93
32 62 132
32 63 32
32 64 190
32 65 140
32 66 74
32 67 166
32 68 162
32 69 88
32 70 35
32 71 115
32 72 48
32 73 74
32 74 61
32 75 98
32 76 78
32 77 128
32 78 39
32 79 132
32 80 85
32 81 78
32 82 28
32 83 113
32 84 110
32 85 12
32 86 69
32 87 121
32 88 197
32 89 106
32 90 181
32 91 29
32 92 2
32 93 28
32 94 27
32 95 114
32 96 171
32 97 73
32 98 28
32 99 91
33 34 133
33 35 157
33 36 85
33 37 100
33 38 129
33 39 119
33 40 25
33 41 107
33 42 50
33 43 90
33 44 38
33 45 114
33 46 59
33 47 52
33 48 12
33 49 64
33 50 36
33 51 65
33 52 192
33 53 36
33 54 124
33 55 46
33 56 68
33 57 15
33 58 97
33 59 50
33 60 36
33 61 117
33 62 109
33 63 148
33 64 56
33 65 172
33 66 177
33 67 74
33 68 167
33 69 99
33 70 147
33 71 28
33 72 104
33 73 164
33 74 93
33 75 19
33 76 34
33 77 48
33 78 4
33 79 22
33 80 64
33 81 176
33 82 184
33 83 117
33 84 37
33 85 177
33 86 180
33 87 39
33 88 93
33 89 20
33 90 46
33 91 61
33 92 136
33 93 178
33 94 172
33 95 193
33 96 190
33 97 158
33 98 56
33 99 88
34 35 29
34 36 18
34 37 64
34 38 165
34 39 67
34 40 39
34 41 13
34 42 130
34 43 129
34 44 70
34 45 175
34 46 198
34 47 98
34 48 130
34 49 133
34 50 119
34 51 54
34 52 113
34 53 1
34 54 183
34 55 49
34 56 108
34 57 119
34 58 17
34 59 167
34 60 63
34 61 148
34 62 190
34 63 126
34 64 87
34 65 104
34 66 98
34 67 102
34 68 153
34 69 106
34 70 195
34 71 99
34 72 68
34 73 177
34 74 106
34 75 177
34 76 147
34 77 58
34 78 108
34 79 187
34 80 6
34 81 121
34 82 83
34 83 55
34 84 68
34 85 43
34 86 146
34 87 118
34 88 128
34 89 150
34 90 32
34 91 13
34 92 145
34 93 93
34 94 107
34 95 126
34 96 67
34 97 73
34 98 103
34 99 126
35 36 88
35 37 83
35 38 47
35 39 20
35 40 96
35 41 52
35 42 116
35 43 117
35 44 149
35 45 45
35 46 90
35 47 7
35 48 67
35 49 67
35 50 142
35 51 18
35 52 52
35 53 142
35 54 129
35 55 72
35 56 128
35 57 45
35 58 189
35 59 164
35 60 109
35 61 153
35 62 69
35 63 197
35 64 135
35 65 115
35 66 93
35 67 108
35 68 20
35 69 92
35 70 43
35 71 35
35 72 168
35 73 113
35 74 47
35 75 19
35 76 200
35 77 42
35 78 66
35 79 97
35 80 30
35 81 162
35 82 163
35 83 84
35 84 71
35 85 45
35 86 65
35 87 108
35 88 6
35 89 158
35 90 194
35 91 105
35 92 115
35 93 188
35 94 137
35 95 180
35 96 149
35 97 197
35 98 144
35 99 125
36 37 113
36 38 81
36 39 83
36 40 9
36 41 27
36 42 56
36 43 102
36 44 15
36 45 108
36 46 200
36 47 193
36 48 6
36 49 58
36 50 111
36 51 197
36 52 157
36 53 60
36 54 51
36 55 58
36 56 196
36 57 10
36 58 138
36 59 50
36 60 120
36 61 69
36 62 192
36 63 189
36 64 73
36 65 120
36 66 113
36 67 60
36 68 62
36 69 192
36 70 25
36 71 44
36 72 86
36 73 88
36 74 165
36 75 65
36 76 17
36 77 6
36 78 124
36 79 196
36 80 138
36 81 80
36 82 187
36 83 129
36 84 23
36 85 30
36 86 63
36 87 96
36 88 77
36 89 6
36 90 116
36 91 14
36 92 93
36 93 6
36 94 142
36 95 199
36 96 182
36 97 192
36 98 147
36 99 137
37 38 183
37 39 188
37 40 111
37 41 126
37 42 30
37 43 116
37 44 199
37 45 191
37 46 17
37 47 23
37 48 104
37 49 158
37 50 168
37 51 46
37 52 160
37 53 168
37 54 54
37 55 84
37 56 106
37 57 176
37 58 178
37 59 150
37 60 48
37 61 6
37 62 138
37 63 120
37 64 115
37 65 75
37 66 142
37 67 130
37 68 29
37 69 149
37 70 41
37 71 51
37 72 95
37 73 86
37 74 86
37 75 130
37 76 182
37 77 165
37 78 16
37 79 186
37 80 2
37 81 20
37 82 166
37 83 32
37 84 114
37 85 166
37 86 95
37 87 154
37 88 179
37 89 56
37 90 152
37 91 139
37 92 187
37 93 168
37 94 25
37 95 133
37 96 172
37 97 131
37 98 151
37 99 16
38 39 61
38 40 162
38 41 143
38 42 142
38 43 99
38 44 143
38 45 70
38 46 141
38 47 42
38 48 172
38 49 63
38 50 168
38 51 148
38 52 156
38 53 113
38 54 147
38 55 37
38 56 70
38 57 80
38 58 149
38 59 79
38 60 2
38 61 25
38 62 162
38 63 107
38 64 169
38 65 122
38 66 131
38 67 79
38 68 128
38 69 176
38 70 119
38 71 72
38 72 61
38 73 119
38 74 35
38 75 38
38 76 36
38 77 51
38 78 169
38 79 42
38 80 83
38 81 134
38 82 75
38 83 138
38 84 19
38 85 177
38 86 17
38 87 139
38 88 105
38 89 11
38 90 139
38 91 100
38 92 79
38 93 51
38 94 133
38 95 136
38 96 134
38 97 21
38 98 124
38 99 25
39 40 106
39 41 14
39 42 84
39 43 102
39 44 37
39 45 0
39 46 103
39 47 12
39 48 63
39 49 194
39 50 165
39 51 68
39 52 120
39 53 76
39 54 153
39 55 119
39 56 87
39 57 145
39 58 135
39 59 145
39 60 51
39 61 107
39 62 151
39 63 190
39 64 142
39 65 50
39 66 119
39 67 174
39 68 98
39 69 171
39 70 2
39 71 5
39 72 104
39 73 175
39 74 90
39 75 5
39 76 21
39 77 124
39 78 103
39 79 93
39 80 48
39 81 100
39 82 179
39 83 22
39 84 88
39 85 128
39 86 60
39 87 6
39 88 13
39 89 108
39 90 193
39 91 161
39 92 95
39 93 103
39 94 121
39 95 140
39 96 3
39 97 149
39 98 3
39 99 108
40 41 30
40 42 189
40 43 139
40 44 144
40 45 180
40 46 115
40 47 2
40 48 5
40 49 80
40 50 75
40 51 66
40 52 175
40 53 69
40 54 118
40 55 40
40 56 163
40 57 177
40 58 179
40 59 160
40 60 198
40 61 161
40 62 21
40 63 151
40 64 180
40 65 12
40 66 168
40 67 99
40 68 17
40 69 109
40 70 36
40 71 109
40 72 127
40 73 171
40 74 84
40 75 158
40 76 191
40 77 196
40 78 24
40 79 157
40 80 97
40 81 96
40 82 72
40 83 147
40 84 67
40 85 9
40 86 162
40 87 57
40 88 147
40 89 190
40 90 5
40 91 155
40 92 189
40 93 69
40 94 200
40 95 164
40 96 9
40 97 94
40 98 156
40 99 186
41 42 197
41 43 127
41 44 71
41 45 131
41 46 182
41 47 108
41 48 186
41 49 131
41 50 108
41 51 117
41 52 112
41 53 34
41 54 12
41 55 26
41 56 6
41 57 140
41 58 114
41 59 14
41 60 99
41 61 42
41 62 173
41 63 162
41 64 71
41 65 102
41 66 130
41 67 10
41 68 124
41 69 95
41 70 162
41 71 106
41 72 86
41 73 137
41 74 29
41 75 114
41 76 133
41 77 112
41 78 171
41 79 197
41 80 200
41 81 21
41 82 109
41 83 30
41 84 41
41 85 156
41 86 131
41 87 74
41 88 30
41 89 139
41 90 29
41 91 84
41 92 57
41 93 76
41 94 58
41 95 161
41 96 94
41 97 131
41 98 86
41 99 101
42 43 122
42 44 141
42 45 161
42 46 34
42 47 24
42 48 80
42 49 80
42 50 26
42 51 62
42 52 35
42 53 129
42 54 196
42 55 186
42 56 44
42 57 37
42 58 62
42 59 82
42 60 64
42 61 181
42 62 72
42 63 8
42 64 10
42 65 63
42 66 130
42 67 141
42 68 166
42 69 5
42 70 122
42 71 189
42 72 31
42 73 46
42 74 17
42 75 60
42 76 109
42 77 53
42 78 76
42 79 196
42 80 114
42 81 75
42 82 42
42 83 167
42 84 68
42 85 39
42 86 6
42 87 84
42 88 156
42 89 49
42 90 41
42 91 163
42 92 55
42 93 79
42 94 95
42 95 124
42 96 180
42 97 178
42 98 79
42 99 50
43 44 89
43 45 22
43 46 38
43 47 138
43 48 162
43 49 46
43 50 24
43 51 142
43 52 184
43 53 19
43 54 171
43 55 17
43 56 176
43 57 35
43 58 24
43 59 50
43 60 43
43 61 40
43 62 147
43 63 26
43 64 143
43 65 188
43 66 4
43 67 153
43 68 155
43 69 22
43 70 6
43 71 47
43 72 34
43 73 24
43 74 6
43 75 43
43 76 167
43 77 118
43 78 22
43 79 56
43 80 199
43 81 164
43 82 155
43 83 196
43 84 153
43 85 134
43 86 172
43 87 165
43 88 42
43 89 46
43 90 101
43 91 178
43 92 18
43 93 199
43 94 128
43 95 194
43 96 93
43 97 182
43 98 62
43 99 171
44 45 2
44 46 178
44 47 89
44 48 160
44 49 29
44 50 176
44 51 155
44 52 29
44 53 159
44 54 12
44 55 28
44 56 68
44 57 147
44 58 133
44 59 103
44 60 170
44 61 80
44 62 75
44 63 46
44 64 16
44 65 116
44 66 111
44 67 84
44 68 99
44 69 99
44 70 196
44 71 165
44 72 44
44 73 97
44 74 197
44 75 111
44 76 181
44 77 10
44 78 137
44 79 66
44 80 133
44 81 26
44 82 118
44 83 89
44 84 156
44 85 63
44 86 101
44 87 4
44 88 14
44 89 200
44 90 9
44 91 117
44 92 185
44 93 110
44 94 187
44 95 54
44 96 147
44 97 52
44 98 68
44 99 54
45 46 110
45 47 45
45 48 86
45 49 184
45 50 103
45 51 114
45 52 11
45 53 175
45 54 176
45 55 176
45 56 192
45 57 3
45 58 183
45 59 183
45 60 150
45 61 64
45 62 137
45 63 90
45 64 11
45 65 58
45 66 123
45 67 123
45 68 122
45 69 35
45 70 169
45 71 69
45 72 127
45 73 156
45 74 146
45 75 159
45 76 192
45 77 19
45 78 77
45 79 102
45 80 150
45 81 112
45 82 117
45 83 198
45 84 196
45 85 10
45 86 19
45 87 142
45 88 158
45 89 178
45 90 115
45 91 139
45 92 108
45 93 4
45 94 186
45 95 63
45 96 148
45 97 179
45 98 107
45 99 37
46 47 122
46 48 154
46 49 30
46 50 164
46 51 19
46 52 145
46 53 54
46 54 107
46 55 90
46 56 1
46 57 174
46 58 149
46 59 34
46 60 33
46 61 27
46 62 90
46 63 45
46 64 152
46 65 138
46 66 143
46 67 84
46 68 60
46 69 143
46 70 133
46 71 176
46 72 173
46 73 199
46 74 170
46 75 124
46 76 167
46 77 54
46 78 94
46 79 50
46 80 61
46 81 65
46 82 3
46 83 144
46 84 163
46 85 146
46 86 115
46 87 165
46 88 101
46 89 1
46 90 74
46 91 23
46 92 98
46 93 68
46 94 197
46 95 162
46 96 140
46 97 97
46 98 94
46 99 95
47 48 194
47 49 152
47 50 152
47 51 122
47 52 135
47 53 187
47 54 100
47 55 75
47 56 51
47 57 56
47 58 153
47 59 44
47 60 4
47 61 30
47 62 11
47 63 193
47 64 28
47 65 118
47 66 119
47 67 91
47 68 165
47 69 129
47 70 111
47 71 143
47 72 9
47 73 18
47 74 156
47 75 1
47 76 98
47 77 29
47 78 10
47 79 13
47 80 144
47 81 176
47 82 26
47 83 194
47 84 80
47 85 106
47 86 93
47 87 163
47 88 165
47 89 166
47 90 163
47 91 57
47 92 30
47 93 41
47 94 195
47 95 36
47 96 79
47 97 23
47 98 133
47 99 20
48 49 183
48 50 76
48 51 19
48 52 196
48 53 123
48 54 1
48 55 105
48 56 126
48 57 39
48 58 190
48 59 73
48 60 6
48 61 80
48 62 130
48 63 25
48 64 131
48 65 30
48 66 138
48 67 164
48 68 153
48 69 168
48 70 68
48 71 78
48 72 133
48 73 165
48 74 154
48 75 57
48 76 131
48 77 51
48 78 136
48 79 65
48 80 183
48 81 164
48 82 193
48 83 157
48 84 38
48 85 140
48 86 24
48 87 37
48 88 64
48 89 123
48 90 125
48 91 44
48 92 175
48 93 160
48 94 186
48 95 56
48 96 71
48 97 93
48 98 125
48 99 163
49 50 143
49 51 95
49 52 163
49 53 10
49 54 53
49 55 19
49 56 107
49 57 76
49 58 51
49 59 58
49 60 152
49 61 175
49 62 3
49 63 176
49 64 147
49 65 53
49 66 22
49 67 122
49 68 115
49 69 66
49 70 104
49 71 141
49 72 1
49 73 49
49 74 144
49 75 186
49 76 58
49 77 171
49 78 33
49 79 127
49 80 82
49 81 24
49 82 131
49 83 85
49 84 122
49 85 200
49 86 189
49 87 121
49 88 151
49 89 162
49 90 7
49 91 131
49 92 176
49 93 45
49 94 176
49 95 63
49 96 156
49 97 91
49 98 176
49 99 77
50 51 146
50 52 66
50 53 176
50 54 133
50 55 196
50 56 32
50 57 157
50 58 60
50 59 73
50 60 172
50 61 22
50 62 191
50 63 149
50 64 177
50 65 193
50 66 155
50 67 113
50 68 114
50 69 98
50 70 88
50 71 176
50 72 102
50 73 63
50 74 177
50 75 92
50 76 23
50 77 1
50 78 106
50 79 1
50 80 98
50 81 32
50 82 146
50 83 80
50 84 156
50 85 62
50 86 26
50 87 28
50 88 80
50 89 119
50 90 79
50 91 84
50 92 136
50 93 95
50 94 9
50 95 66
50 96 125
50 97 155
50 98 77
50 99 3
51 52 72
51 53 169
51 54 116
51 55 76
51 56 5
51 57 133
51 58 107
51 59 163
51 60 166
51 61 199
51 62 153
51 63 88
51 64 151
51 65 117
51 66 80
51 67 8
51 68 51
51 69 44
51 70 44
51 71 78
51 72 117
51 73 49
51 74 79
51 75 49
51 76 127
51 77 16
51 78 148
51 79 47
51 80 115
51 81 48
51 82 196
51 83 104
51 84 40
51 85 84
51 86 129
51 87 170
51 88 48
51 89 113
51 90 35
51 91 167
51 92 101
51 93 9
51 94 24
51 95 100
51 96 7
51 97 59
51 98 9
51 99 48
52 53 89
52 54 97
52 55 18
52 56 141
52 57 9
52 58 89
52 59 147
52 60 69
52 61 44
52 62 179
52 63 181
52 64 26
52 65 146
52 66 167
52 67 182
52 68 6
52 69 162
52 70 18
52 71 19
52 72 62
52 73 186
52 74 115
52 75 101
52 76 171
52 77 195
52 78 182
52 79 99
52 80 37
52 81 148
52 82 197
52 83 159
52 84 108
52 85 159
52 86 169
52 87 40
52 88 168
52 89 148
52 90 84
52 91 28
52 92 116
52 93 167
52 94 136
52 95 181
52 96 57
52 97 64
52 98 160
52 99 186
53 54 162
53 55 18
53 56 109
53 57 1
53 58 98
53 59 156
53 60 94
53 61 153
53 62 99
53 63 78
53 64 71
53 65 90
53 66 5
53 67 142
53 68 28
53 69 107
53 70 76
53 71 149
53 72 146
53 73 161
53 74 34
53 75 160
53 76 47
53 77 82
53 78 59
53 79 91
53 80 55
53 81 24
53 82 15
53 83 113
53 84 90
53 85 116
53 86 4
53 87 162
53 88 22
53 89 182
53 90 89
53 91 45
53 92 60
53 93 6
53 94 92
53 95 134
53 96 75
53 97 15
53 98 65
53 99 39
54 55 189
54 56 53
54 57 56
54 58 159
54 59 135
54 60 92
54 61 48
54 62 16
54 63 177
54 64 23
54 65 111
54 66 165
54 67 128
54 68 174
54 69 56
54 70 147
54 71 181
54 72 30
54 73 164
54 74 197
54 75 76
54 76 162
54 77 176
54 78 88
54 79 102
54 80 118
54 81 72
54 82 156
54 83 40
54 84 133
54 85 190
54 86 166
54 87 40
54 88 110
54 89 144
54 90 2
54 91 95
54 92 83
54 93 184
54 94 196
54 95 60
54 96 40
54 97 24
54 98 83
54 99 57
55 56 68
55 57 142
55 58 111
55 59 187
55 60 77
55 61 57
55 62 118
55 63 63
55 64 101
55 65 72
55 66 97
55 67 174
55 68 27
55 69 25
55 70 56
55 71 30
55 72 79
55 73 73
55 74 127
55 75 192
55 76 25
55 77 112
55 78 55
55 79 148
55 80 91
55 81 105
55 82 179
55 83 140
55 84 132
55 85 118
55 86 144
55 87 47
55 88 12
55 89 199
55 90 99
55 91 176
55 92 149
55 93 109
55 94 0
55 95 98
55 96 172
55 97 170
55 98 22
55 99 78
56 57 78
56 58 193
56 59 78
56 60 185
56 61 117
56 62 198
56 63 144
56 64 13
56 65 200
56 66 13
56 67 28
56 68 137
56 69 41
56 70 9
56 71 64
56 72 9
56 73 65
56 74 154
56 75 5
56 76 138
56 77 170
56 78 131
56 79 12
56 80 22
56 81 30
56 82 100
56 83 123
56 84 75
56 85 102
56 86 157
56 87 5
56 88 127
56 89 57
56 90 171
56 91 126
56 92 30
56 93 18
56 94 28
56 95 162
56 96 24
56 97 21
56 98 160
56 99 119
57 58 124
57 59 180
57 60 65
57 61 56
57 62 174
57 63 170
57 64 182
57 65 61
57 66 21
57 67 76
57 68 173
57 69 13
57 70 158
57 71 46
57 72 164
57 73 73
57 74 138
57 75 180
57 76 120
57 77 40
57 78 53
57 79 151
57 80 96
57 81 157
57 82 139
57 83 42
57 84 196
57 85 132
57 86 153
57 87 9
57 88 153
57 89 48
57 90 19
57 91 163
57 92 75
57 93 116
57 94 29
57 95 134
57 96 166
57 97 56
57 98 25
57 99 145
58 59 113
58 60 108
58 61 2
58 62 98
58 63 152
58 64 186
58 65 195
58 66 86
58 67 41
58 68 41
58 69 159
58 70 10
58 71 187
58 72 17
58 73 16
58 74 137
58 75 124
58 76 31
58 77 121
58 78 31
58 79 114
58 80 180
58 81 32
58 82 106
58 83 4
58 84 81
58 85 198
58 86 94
58 87 106
58 88 174
58 89 85
58 90 48
58 91 169
58 92 94
58 93 117
58 94 61
58 95 163
58 96 163
58 97 132
58 98 134
58 99 200
59 60 37
59 61 48
59 62 118
59 63 101
59 64 41
59 65 86
59 66 169
59 67 179
59 68 55
59 69 61
59 70 181
59 71 122
59 72 39
59 73 32
59 74 70
59 75 125
59 76 122
59 77 17
59 78 49
59 79 168
59 80 0
59 81 112
59 82 120
59 83 143
59 84 178
59 85 114
59 86 162
59 87 108
59 88 172
59 89 55
59 90 117
59 91 190
59 92 47
59 93 103
59 94 77
59 95 144
59 96 47
59 97 95
59 98 15
59 99 166
60 61 186
60 62 96
60 63 18
60 64 15
60 65 54
60 66 61
60 67 80
60 68 64
60 69 32
60 70 180
60 71 2
60 72 149
60 73 145
60 74 3
60 75 175
60 76 63
60 77 129
60 78 176
60 79 148
60 80 96
60 81 137
60 82 83
60 83 99
60 84 136
60 85 65
60 86 54
60 87 47
60 88 107
60 89 173
60 90 126
60 91 49
60 92 140
60 93 57
60 94 56
60 95 84
60 96 59
60 97 100
60 98 141
60 99 12
61 62 73
61 63 135
61 64 176
61 65 196
61 66 144
61 67 7
61 68 136
61 69 154
61 70 112
61 71 103
61 72 29
61 73 13
61 74 50
61 75 53
61 76 169
61 77 67
61 78 165
61 79 125
61 80 125
61 81 128
61 82 48
61 83 175
61 84 122
61 85 82
61 86 126
61 87 97
61 88 3
61 89 191
61 90 183
61 91 54
61 92 134
61 93 80
61 94 51
61 95 96
61 96 95
61 97 9
61 98 92
61 99 161
62 63 50
62 64 72
62 65 179
62 66 176
62 67 57
62 68 4
62 69 43
62 70 168
62 71 16
62 72 102
62 73 97
62 74 101
62 75 7
62 76 106
62 77 31
62 78 34
62 79 22
62 80 57
62 81 43
62 82 60
62 83 135
62 84 67
62 85 117
62 86 8
62 87 139
62 88 163
62 89 119
62 90 68
62 91 176
62 92 112
62 93 2
62 94 72
62 95 178
62 96 136
62 97 166
62 98 21
62 99 11
63 64 93
63 65 49
63 66 25
63 67 84
63 68 176
63 69 9
63 70 58
63 71 90
63 72 90
63 73 63
63 74 119
63 75 142
63 76 200
63 77 178
63 78 185
63 79 182
63 80 197
63 81 139
63 82 145
63 83 49
63 84 94
63 85 135
63 86 117
63 87 84
63 88 88
63 89 128
63 90 35
63 91 63
63 92 184
63 93 115
63 94 90
63 95 17
63 96 40
63 97 11
63 98 99
63 99 177
64 65 1
64 66 20
64 67 23
64 68 161
64 69 173
64 70 58
64 71 56
64 72 42
64 73 69
64 74 59
64 75 81
64 76 0
64 77 106
64 78 110
64 79 200
64 80 95
64 81 155
64 82 134
64 83 17
64 84 52
64 85 83
64 86 22
64 87 1
64 88 31
64 89 161
64 90 30
64 91 161
64 92 52
64 93 20
64 94 155
64 95 172
64 96 183
64 97 68
64 98 130
64 99 41
65 66 187
65 67 192
65 68 49
65 69 134
65 70 37
65 71 3
65 72 89
65 73 65
65 74 175
65 75 153
65 76 56
65 77 165
65 78 161
65 79 149
65 80 108
65 81 108
65 82 75
65 83 145
65 84 182
65 85 51
65 86 80
65 87 9
65 88 106
65 89 119
65 90 165
65 91 23
65 92 40
65 93 101
65 94 103
65 95 54
65 96 60
65 97 127
65 98 147
65 99 73
66 67 186
66 68 124
66 69 150
66 70 132
66 71 133
66 72 121
66 73 169
66 74 40
66 75 82
66 76 44
66 77 45
66 78 54
66 79 25
66 80 5
66 81 83
66 82 181
66 83 191
66 84 68
66 85 4
66 86 134
66 87 1
66 88 84
66 89 189
66 90 59
66 91 104
66 92 147
66 93 196
66 94 136
66 95 38
66 96 13
66 97 50
66 98 66
66 99 36
