100 3410
0 1 172
0 2 169
0 3 23
0 4 167
0 5 8
0 6 85
0 7 19
0 8 102
0 9 98
0 10 95
0 11 158
0 12 102
0 13 131
0 14 47
0 15 28
0 16 80
0 17 15
0 18 44
0 19 123
0 20 40
0 21 22
0 22 16
0 23 85
0 24 128
0 25 130
0 26 181
0 27 127
0 28 98
0 29 5
0 30 28
0 31 104
0 32 121
0 33 58
0 34 185
0 35 78
0 36 195
0 37 109
0 38 141
0 39 50
0 40 88
0 41 6
0 42 171
0 43 173
0 44 55
0 45 111
0 46 62
0 47 174
0 48 103
0 49 156
0 50 139
0 51 184
0 52 117
0 53 176
0 54 40
0 55 176
0 56 180
0 57 144
0 58 108
0 59 135
0 60 66
0 61 163
0 62 32
0 63 21
0 64 187
0 65 92
0 66 113
0 67 173
0 68 59
0 69 190
0 70 45
0 71 90
0 72 15
0 73 40
0 74 139
0 75 68
0 76 59
0 77 100
0 78 4
0 79 37
0 80 13
0 81 159
0 82 141
0 83 132
0 84 17
0 85 10
0 86 130
0 87 46
0 88 185
0 89 19
0 90 146
0 91 118
0 92 168
0 93 86
0 94 135
0 95 137
0 96 35
0 97 9
0 98 129
0 99 88
1 2 160
1 3 128
1 4 40
1 5 179
1 6 65
1 7 50
1 8 22
1 9 113
1 10 98
1 11 47
1 12 98
1 13 52
1 14 4
1 15 25
1 16 174
1 17 91
1 18 196
1 19 31
1 20 170
1 21 16
1 22 74
1 23 197
1 24 42
1 25 129
1 26 153
1 27 144
1 28 25
1 29 9
1 30 102
1 31 102
1 32 192
1 33 82
1 34 59
1 35 124
1 36 150
1 37 103
1 38 29
1 39 173
1 40 32
1 41 111
1 42 92
1 43 140
1 44 157
1 45 25
1 46 155
1 47 43
1 48 89
1 49 3
1 50 136
1 51 119
1 52 158
1 53 157
1 54 121
1 55 172
1 56 146
1 57 104
1 58 160
1 59 146
1 60 25
1 61 107
1 62 10
1 63 65
1 64 114
1 65 34
1 66 187
1 67 200
1 68 81
1 69 103
1 70 74
1 71 131
1 72 62
1 73 160
1 74 186
1 75 98
1 76 103
1 77 49
1 78 60
1 79 170
1 80 188
1 81 161
1 82 118
1 83 162
1 84 17
1 85 74
1 86 200
1 87 151
1 88 45
1 89 185
1 90 96
1 91 176
1 92 200
1 93 38
1 94 98
1 95 118
1 96 28
1 97 145
1 98 59
1 99 19
2 3 137
2 4 94
2 5 114
2 6 134
2 7 128
2 8 80
2 9 139
2 10 178
2 11 80
2 12 8
2 13 159
2 14 118
2 15 121
2 16 196
2 17 113
2 18 154
2 19 4
2 20 126
2 21 156
2 22 45
2 23 185
2 24 85
2 25 42
2 26 153
2 27 165
2 28 95
2 29 37
2 30 51
2 31 45
2 32 50
2 33 91
2 34 199
2 35 103
2 36 167
2 37 85
2 38 128
2 39 171
2 40 160
2 41 167
2 42 97
2 43 178
2 44 163
2 45 121
2 46 68
2 47 35
2 48 159
2 49 53
2 50 199
2 51 129
2 52 195
2 53 122
2 54 176
2 55 55
2 56 14
2 57 110
2 58 4
2 59 42
2 60 79
2 61 165
2 62 5
2 63 38
2 64 37
2 65 12
2 66 36
2 67 67
2 68 171
2 69 168
2 70 153
2 71 166
2 72 27
2 73 112
2 74 103
2 75 0
2 76 136
2 77 162
2 78 145
2 79 161
2 80 147
2 81 29
2 82 184
2 83 33
2 84 73
2 85 195
2 86 21
2 87 33
2 88 29
2 89 18
2 90 196
2 91 127
2 92 194
2 93 188
2 94 95
2 95 99
2 96 126
2 97 126
2 98 59
2 99 173
3 4 86
3 5 134
3 6 86
3 7 113
3 8 168
3 9 67
3 10 27
3 11 190
3 12 79
3 13 48
3 14 149
3 15 18
3 16 146
3 17 192
3 18 139
3 19 43
3 20 71
3 21 55
3 22 55
3 23 55
3 24 127
3 25 153
3 26 158
3 27 25
3 28 24
3 29 3
3 30 94
3 31 84
3 32 102
3 33 153
3 34 88
3 35 102
3 36 90
3 37 38
3 38 184
3 39 51
3 40 121
3 41 140
3 42 51
3 43 199
3 44 123
3 45 52
3 46 56
3 47 50
3 48 123
3 49 138
3 50 9
3 51 113
3 52 11
3 53 147
3 54 117
3 55 5
3 56 11
3 57 56
3 58 80
3 59 22
3 60 170
3 61 12
3 62 160
3 63 23
3 64 60
3 65 155
3 66 162
3 67 138
3 68 7
3 69 9
3 70 92
3 71 90
3 72 81
3 73 38
3 74 109
3 75 156
3 76 10
3 77 7
3 78 27
3 79 88
3 80 58
3 81 127
3 82 90
3 83 83
3 84 125
3 85 69
3 86 112
3 87 86
3 88 128
3 89 58
3 90 170
3 91 123
3 92 169
3 93 179
3 94 23
3 95 198
3 96 54
3 97 150
3 98 43
3 99 146
4 5 146
4 6 24
4 7 198
4 8 5
4 9 200
4 10 127
4 11 155
4 12 39
4 13 181
4 14 181
4 15 8
4 16 104
4 17 200
4 18 136
4 19 119
4 20 35
4 21 70
4 22 156
4 23 75
4 24 132
4 25 136
4 26 162
4 27 9
4 28 83
4 29 134
4 30 82
4 31 113
4 32 64
4 33 46
4 34 90
4 35 168
4 36 13
4 37 81
4 38 137
4 39 128
4 40 95
4 41 179
4 42 45
4 43 161
4 44 76
4 45 176
4 46 1
4 47 146
4 48 144
4 49 116
4 50 164
4 51 170
4 52 86
4 53 95
4 54 98
4 55 172
4 56 54
4 57 81
4 58 11
4 59 158
4 60 200
4 61 13
4 62 153
4 63 3
4 64 140
4 65 108
4 66 175
4 67 81
4 68 156
4 69 161
4 70 89
4 71 108
4 72 82
4 73 146
4 74 198
4 75 10
4 76 47
4 77 195
4 78 96
4 79 144
4 80 101
4 81 57
4 82 7
4 83 186
4 84 64
4 85 95
4 86 58
4 87 59
4 88 45
4 89 23
4 90 83
4 91 124
4 92 10
4 93 146
4 94 52
4 95 100
4 96 2
4 97 91
4 98 140
4 99 64
5 6 182
5 7 87
5 8 160
5 9 57
5 10 26
5 11 168
5 12 137
5 13 54
5 14 123
5 15 50
5 16 91
5 17 200
5 18 92
5 19 165
5 20 178
5 21 8
5 22 52
5 23 98
5 24 14
5 25 133
5 26 167
5 27 159
5 28 196
5 29 72
5 30 59
5 31 14
5 32 16
5 33 139
5 34 24
5 35 114
5 36 151
5 37 105
5 38 53
5 39 56
5 40 45
5 41 178
5 42 120
5 43 150
5 44 11
5 45 96
5 46 91
5 47 121
5 48 31
5 49 179
5 50 109
5 51 179
5 52 26
5 53 184
5 54 151
5 55 127
5 56 184
5 57 1
5 58 81
5 59 190
5 60 92
5 61 130
5 62 50
5 63 19
5 64 154
5 65 103
5 66 121
5 67 156
5 68 182
5 69 67
5 70 178
5 71 146
5 72 195
5 73 175
5 74 37
5 75 133
5 76 180
5 77 22
5 78 91
5 79 152
5 80 81
5 81 22
5 82 75
5 83 145
5 84 58
5 85 197
5 86 12
5 87 161
5 88 110
5 89 68
5 90 75
5 91 112
5 92 140
5 93 9
5 94 13
5 95 165
5 96 16
5 97 189
5 98 47
5 99 193
6 7 66
6 8 155
6 9 74
6 10 27
6 11 24
6 12 123
6 13 152
6 14 17
6 15 46
6 16 132
6 17 172
6 18 83
6 19 92
6 20 123
6 21 173
6 22 197
6 23 154
6 24 91
6 25 78
6 26 191
6 27 185
6 28 16
6 29 72
6 30 168
6 31 77
6 32 9
6 33 77
6 34 179
6 35 106
6 36 49
6 37 186
6 38 132
6 39 71
6 40 198
6 41 45
6 42 82
6 43 154
6 44 70
6 45 48
6 46 51
6 47 76
6 48 26
6 49 183
6 50 83
6 51 20
6 52 36
6 53 114
6 54 94
6 55 165
6 56 158
6 57 3
6 58 26
6 59 48
6 60 163
6 61 150
6 62 142
6 63 140
6 64 142
6 65 176
6 66 159
6 67 67
6 68 198
6 69 137
6 70 76
6 71 118
6 72 154
6 73 50
6 74 23
6 75 48
6 76 53
6 77 199
6 78 67
6 79 64
6 80 72
6 81 15
6 82 108
6 83 44
6 84 127
6 85 92
6 86 200
6 87 33
6 88 136
6 89 155
6 90 179
6 91 109
6 92 120
6 93 58
6 94 58
6 95 166
6 96 85
6 97 150
6 98 42
6 99 159
7 8 185
7 9 20
7 10 134
7 11 176
7 12 43
7 13 74
7 14 5
7 15 37
7 16 85
7 17 37
7 18 21
7 19 38
7 20 187
7 21 105
7 22 17
7 23 169
7 24 55
7 25 59
7 26 68
7 27 111
7 28 134
7 29 40
7 30 87
7 31 56
7 32 55
7 33 141
7 34 117
7 35 108
7 36 183
7 37 12
7 38 111
7 39 153
7 40 172
7 41 166
7 42 67
7 43 194
7 44 128
7 45 94
7 46 7
7 47 56
7 48 13
7 49 121
7 50 149
7 51 77
7 52 35
7 53 51
7 54 6
7 55 49
7 56 115
7 57 140
7 58 128
7 59 28
7 60 88
7 61 130
7 62 155
7 63 197
7 64 189
7 65 12
7 66 132
7 67 6
7 68 137
7 69 21
7 70 179
7 71 173
7 72 125
7 73 53
7 74 85
7 75 110
7 76 61
7 77 73
7 78 131
7 79 71
7 80 75
7 81 88
7 82 131
7 83 113
7 84 176
7 85 26
7 86 194
7 87 149
7 88 15
7 89 75
7 90 159
7 91 60
7 92 53
7 93 131
7 94 169
7 95 135
7 96 105
7 97 104
7 98 194
7 99 174
8 9 178
8 10 22
8 11 104
8 12 76
8 13 168
8 14 178
8 15 36
8 16 160
8 17 124
8 18 148
8 19 98
8 20 49
8 21 16
8 22 39
8 23 42
8 24 126
8 25 65
8 26 93
8 27 173
8 28 29
8 29 66
8 30 174
8 31 69
8 32 93
8 33 93
8 34 122
8 35 168
8 36 5
8 37 44
8 38 151
8 39 43
8 40 174
8 41 1
8 42 62
8 43 52
8 44 50
8 45 60
8 46 38
8 47 68
8 48 99
8 49 177
8 50 181
8 51 99
8 52 32
8 53 177
8 54 177
8 55 144
8 56 93
8 57 149
8 58 43
8 59 181
8 60 9
8 61 28
8 62 141
8 63 181
8 64 125
8 65 114
8 66 184
8 67 53
8 68 189
8 69 116
8 70 158
8 71 25
8 72 5
8 73 185
8 74 187
8 75 36
8 76 106
8 77 54
8 78 192
8 79 160
8 80 67
8 81 103
8 82 61
8 83 88
8 84 0
8 85 176
8 86 120
8 87 63
8 88 70
8 89 95
8 90 72
8 91 72
8 92 48
8 93 12
8 94 94
8 95 73
8 96 71
8 97 15
8 98 103
8 99 46
9 10 1
9 11 65
9 12 178
9 13 144
9 14 197
9 15 69
9 16 117
9 17 180
9 18 149
9 19 117
9 20 120
9 21 104
9 22 105
9 23 166
9 24 94
9 25 100
9 26 40
9 27 177
9 28 27
9 29 122
9 30 188
9 31 76
9 32 143
9 33 39
9 34 25
9 35 7
9 36 73
9 37 19
9 38 152
9 39 166
9 40 45
9 41 185
9 42 101
9 43 131
9 44 14
9 45 200
9 46 42
9 47 86
9 48 15
9 49 104
9 50 68
9 51 67
9 52 33
9 53 197
9 54 55
9 55 37
9 56 16
9 57 9
9 58 42
9 59 11
9 60 181
9 61 53
9 62 192
9 63 178
9 64 191
9 65 30
9 66 127
9 67 14
9 68 53
9 69 76
9 70 156
9 71 138
9 72 4
9 73 182
9 74 168
9 75 45
9 76 85
9 77 17
9 78 48
9 79 49
9 80 32
9 81 73
9 82 14
9 83 63
9 84 197
9 85 24
9 86 116
9 87 196
9 88 63
9 89 55
9 90 136
9 91 74
9 92 22
9 93 59
9 94 56
9 95 32
9 96 125
9 97 126
9 98 200
9 99 121
10 11 56
10 12 56
10 13 166
10 14 83
10 15 108
10 16 26
10 17 48
10 18 73
10 19 131
10 20 24
10 21 192
10 22 23
10 23 132
10 24 189
10 25 72
10 26 194
10 27 65
10 28 51
10 29 35
10 30 102
10 31 41
10 32 123
10 33 75
10 34 136
10 35 196
10 36 187
10 37 200
10 38 124
10 39 119
10 40 150
10 41 34
10 42 145
10 43 139
10 44 190
10 45 89
10 46 152
10 47 152
10 48 40
10 49 146
10 50 189
10 51 162
10 52 175
10 53 141
10 54 178
10 55 43
10 56 96
10 57 168
10 58 10
10 59 196
10 60 169
10 61 56
10 62 29
10 63 32
10 64 46
10 65 174
10 66 50
10 67 124
10 68 124
10 69 179
10 70 131
10 71 50
10 72 96
10 73 141
10 74 105
10 75 2
10 76 52
10 77 5
10 78 107
10 79 133
10 80 143
10 81 128
10 82 115
10 83 13
10 84 112
10 85 68
10 86 24
10 87 105
10 88 93
10 89 8
10 90 179
10 91 85
10 92 108
10 93 174
10 94 44
10 95 184
10 96 76
10 97 13
10 98 17
10 99 16
11 12 118
11 13 147
11 14 172
11 15 46
11 16 170
11 17 108
11 18 153
11 19 140
11 20 76
11 21 29
11 22 94
11 23 47
11 24 92
11 25 96
11 26 70
11 27 185
11 28 2
11 29 102
11 30 23
11 31 55
11 32 151
11 33 121
11 34 89
11 35 159
11 36 86
11 37 103
11 38 80
11 39 15
11 40 87
11 41 43
11 42 64
11 43 19
11 44 188
11 45 181
11 46 123
11 47 60
11 48 41
11 49 63
11 50 155
11 51 142
11 52 195
11 53 75
11 54 68
11 55 195
11 56 165
11 57 176
11 58 192
11 59 36
11 60 125
11 61 147
11 62 190
11 63 104
11 64 114
11 65 37
11 66 148
11 67 63
11 68 139
11 69 188
11 70 79
11 71 137
11 72 123
11 73 83
11 74 161
11 75 199
11 76 107
11 77 35
11 78 126
11 79 176
11 80 78
11 81 11
11 82 188
11 83 119
11 84 114
11 85 167
11 86 132
11 87 18
11 88 16
11 89 27
11 90 174
11 91 175
11 92 118
11 93 126
11 94 137
11 95 163
11 96 193
11 97 184
11 98 131
11 99 16
12 13 106
12 14 92
12 15 73
12 16 109
12 17 181
12 18 67
12 19 41
12 20 151
12 21 80
12 22 179
12 23 121
12 24 191
12 25 121
12 26 57
12 27 121
12 28 105
12 29 162
12 30 2
12 31 166
12 32 16
12 33 199
12 34 112
12 35 113
12 36 46
12 37 99
12 38 99
12 39 139
12 40 51
12 41 35
12 42 146
12 43 48
12 44 136
12 45 49
12 46 119
12 47 143
12 48 48
12 49 12
12 50 12
12 51 32
12 52 117
12 53 123
12 54 21
12 55 122
12 56 183
12 57 130
12 58 159
12 59 8
12 60 81
12 61 147
12 62 120
12 63 90
12 64 149
12 65 86
12 66 43
12 67 164
12 68 43
12 69 119
12 70 68
12 71 102
12 72 96
12 73 60
12 74 185
12 75 88
12 76 179
12 77 196
12 78 100
12 79 63
12 80 66
12 81 59
12 82 120
12 83 133
12 84 163
12 85 195
12 86 120
12 87 150
12 88 78
12 89 149
12 90 132
12 91 68
12 92 116
12 93 60
12 94 49
12 95 171
12 96 169
12 97 29
12 98 78
12 99 138
13 14 9
13 15 60
13 16 193
13 17 198
13 18 7
13 19 73
13 20 11
13 21 88
13 22 0
13 23 66
13 24 104
13 25 77
13 26 107
13 27 20
13 28 71
13 29 133
13 30 159
13 31 154
13 32 4
13 33 19
13 34 143
13 35 25
13 36 72
13 37 5
13 38 62
13 39 14
13 40 134
13 41 35
13 42 108
13 43 34
13 44 44
13 45 128
13 46 124
13 47 152
13 48 116
13 49 46
13 50 113
13 51 39
13 52 95
13 53 106
13 54 139
13 55 164
13 56 102
13 57 45
13 58 99
13 59 199
13 60 42
13 61 195
13 62 83
13 63 193
13 64 54
13 65 192
13 66 140
13 67 189
13 68 182
13 69 53
13 70 44
13 71 151
13 72 42
13 73 21
13 74 159
13 75 155
13 76 141
13 77 160
13 78 98
13 79 171
13 80 152
13 81 146
13 82 6
13 83 36
13 84 20
13 85 54
13 86 142
13 87 13
13 88 86
13 89 54
13 90 78
13 91 57
13 92 187
13 93 57
13 94 140
13 95 134
13 96 39
13 97 9
13 98 80
13 99 8
14 15 17
14 16 193
14 17 54
14 18 40
14 19 11
14 20 85
14 21 197
14 22 120
14 23 89
14 24 69
14 25 68
14 26 96
14 27 42
14 28 171
14 29 149
14 30 0
14 31 74
14 32 149
14 33 99
14 34 89
14 35 133
14 36 60
14 37 116
14 38 147
14 39 110
14 40 131
14 41 57
14 42 46
14 43 49
14 44 58
14 45 190
14 46 97
14 47 146
14 48 126
14 49 101
14 50 159
14 51 7
14 52 130
14 53 152
14 54 187
14 55 133
14 56 72
14 57 1
14 58 58
14 59 27
14 60 183
14 61 25
14 62 37
14 63 82
14 64 173
14 65 28
14 66 19
14 67 15
14 68 183
14 69 99
14 70 91
14 71 123
14 72 37
14 73 27
14 74 193
14 75 59
14 76 57
14 77 9
14 78 94
14 79 193
14 80 61
14 81 140
14 82 112
14 83 25
14 84 131
14 85 80
14 86 120
14 87 43
14 88 37
14 89 152
14 90 119
14 91 147
14 92 80
14 93 88
14 94 82
14 95 26
14 96 33
14 97 21
14 98 96
14 99 179
15 16 24
15 17 194
15 18 137
15 19 123
15 20 157
15 21 73
15 22 50
15 23 87
15 24 128
15 25 161
15 26 105
15 27 108
15 28 182
15 29 133
15 30 40
15 31 28
15 32 15
15 33 146
15 34 161
15 35 15
15 36 111
15 37 199
15 38 47
15 39 82
15 40 113
15 41 106
15 42 162
15 43 98
15 44 3
15 45 176
15 46 147
15 47 123
15 48 190
15 49 161
15 50 136
15 51 57
15 52 179
15 53 59
15 54 30
15 55 161
15 56 176
15 57 53
15 58 110
15 59 22
15 60 88
15 61 73
15 62 57
15 63 11
15 64 117
15 65 74
15 66 51
15 67 9
15 68 7
15 69 47
15 70 121
15 71 132
15 72 142
15 73 84
15 74 161
15 75 59
15 76 17
15 77 132
15 78 28
15 79 43
15 80 97
15 81 99
15 82 114
15 83 54
15 84 91
15 85 124
15 86 112
15 87 89
15 88 4
15 89 14
15 90 92
15 91 44
15 92 103
15 93 89
15 94 84
15 95 118
15 96 122
15 97 97
15 98 199
15 99 83
16 17 93
16 18 25
16 19 155
16 20 177
16 21 156
16 22 72
16 23 64
16 24 13
16 25 184
16 26 194
16 27 196
16 28 174
16 29 56
16 30 167
16 31 37
16 32 168
16 33 54
16 34 66
16 35 164
16 36 169
16 37 151
16 38 163
16 39 139
16 40 125
16 41 13
16 42 37
16 43 56
16 44 43
16 45 147
16 46 140
16 47 132
16 48 14
16 49 176
16 50 92
16 51 151
16 52 126
16 53 193
16 54 74
16 55 180
16 56 54
16 57 165
16 58 178
16 59 147
16 60 119
16 61 195
16 62 8
16 63 40
16 64 1
16 65 62
16 66 107
16 67 83
16 68 17
16 69 125
16 70 173
16 71 177
16 72 126
16 73 129
16 74 59
16 75 198
16 76 45
16 77 66
16 78 118
16 79 112
16 80 22
16 81 64
16 82 148
16 83 97
16 84 185
16 85 134
16 86 115
16 87 62
16 88 52
16 89 0
16 90 2
16 91 119
16 92 104
16 93 197
16 94 186
16 95 56
16 96 142
16 97 93
16 98 174
16 99 182
17 18 127
17 19 155
17 20 67
17 21 111
17 22 142
17 23 116
17 24 22
17 25 83
17 26 12
17 27 52
17 28 135
17 29 40
17 30 182
17 31 148
17 32 60
17 33 64
17 34 196
17 35 155
17 36 124
17 37 185
17 38 166
17 39 144
17 40 51
17 41 11
17 42 70
17 43 148
17 44 101
17 45 178
17 46 138
17 47 178
17 48 26
17 49 131
17 50 78
17 51 135
17 52 83
17 53 122
17 54 17
17 55 186
17 56 141
17 57 199
17 58 8
17 59 198
17 60 113
17 61 38
17 62 22
17 63 118
17 64 166
17 65 172
17 66 109
17 67 50
17 68 82
17 69 68
17 70 119
17 71 62
17 72 79
17 73 106
17 74 191
17 75 25
17 76 88
17 77 123
17 78 5
17 79 27
17 80 129
17 81 123
17 82 59
17 83 66
17 84 147
17 85 39
17 86 9
17 87 5
17 88 19
17 89 57
17 90 152
17 91 76
17 92 82
17 93 54
17 94 138
17 95 65
17 96 187
17 97 80
17 98 41
17 99 31
18 19 105
18 20 133
18 21 19
18 22 113
18 23 155
18 24 132
18 25 61
18 26 166
18 27 63
18 28 82
18 29 98
18 30 62
18 31 151
18 32 46
18 33 187
18 34 89
18 35 109
18 36 65
18 37 79
18 38 183
18 39 12
18 40 93
18 41 194
18 42 15
18 43 106
18 44 48
18 45 49
18 46 116
18 47 144
18 48 156
18 49 20
18 50 86
18 51 22
18 52 51
18 53 43
18 54 120
18 55 145
18 56 63
18 57 114
18 58 171
18 59 14
18 60 112
18 61 65
18 62 86
18 63 164
18 64 23
18 65 140
18 66 44
18 67 24
18 68 191
18 69 101
18 70 34
18 71 162
18 72 144
18 73 103
18 74 10
18 75 153
18 76 146
18 77 116
18 78 161
18 79 73
18 80 122
18 81 119
18 82 76
18 83 68
18 84 134
18 85 86
18 86 53
18 87 52
18 88 56
18 89 63
18 90 88
18 91 117
18 92 132
18 93 21
18 94 170
18 95 46
18 96 56
18 97 38
18 98 61
18 99 150
19 20 115
19 21 118
19 22 22
19 23 102
19 24 170
19 25 30
19 26 141
19 27 67
19 28 170
19 29 99
19 30 123
19 31 154
19 32 149
19 33 176
19 34 126
19 35 87
19 36 118
19 37 125
19 38 157
19 39 178
19 40 86
19 41 152
19 42 30
19 43 173
19 44 53
19 45 159
19 46 139
19 47 40
19 48 62
19 49 26
19 50 103
19 51 24
19 52 104
19 53 20
19 54 177
19 55 91
19 56 184
19 57 194
19 58 87
19 59 34
19 60 164
19 61 182
19 62 197
19 63 33
19 64 34
19 65 25
19 66 136
19 67 126
19 68 29
19 69 120
19 70 140
19 71 174
19 72 18
19 73 127
19 74 36
19 75 70
19 76 46
19 77 101
19 78 8
19 79 91
19 80 23
19 81 20
19 82 150
19 83 141
19 84 177
19 85 158
19 86 51
19 87 73
19 88 98
19 89 129
19 90 161
19 91 174
19 92 3
19 93 177
19 94 53
19 95 83
19 96 7
19 97 68
19 98 13
19 99 80
20 21 19
20 22 164
20 23 119
20 24 3
20 25 90
20 26 80
20 27 41
20 28 42
20 29 81
20 30 154
20 31 0
20 32 189
20 33 11
20 34 38
20 35 140
20 36 135
20 37 24
20 38 22
20 39 33
20 40 29
20 41 31
20 42 198
20 43 39
20 44 63
20 45 199
20 46 84
20 47 105
20 48 88
20 49 111
20 50 73
20 51 66
20 52 77
20 53 143
20 54 179
20 55 175
20 56 84
20 57 53
20 58 161
20 59 40
20 60 40
20 61 77
20 62 22
20 63 66
20 64 4
20 65 143
20 66 32
20 67 153
20 68 34
20 69 46
20 70 9
20 71 57
20 72 188
20 73 94
20 74 176
20 75 94
20 76 48
20 77 90
20 78 166
20 79 107
20 80 99
20 81 109
20 82 191
20 83 108
20 84 41
20 85 100
20 86 82
20 87 47
20 88 90
20 89 85
20 90 83
20 91 100
20 92 42
20 93 197
20 94 122
20 95 175
20 96 57
20 97 52
20 98 102
20 99 149
21 22 70
21 23 37
21 24 6
21 25 158
21 26 185
21 27 78
21 28 151
21 29 168
21 30 175
21 31 119
21 32 192
21 33 140
21 34 83
21 35 47
21 36 64
21 37 191
21 38 67
21 39 77
21 40 1
21 41 119
21 42 153
21 43 54
21 44 137
21 45 97
21 46 38
21 47 71
21 48 31
21 49 185
21 50 137
21 51 40
21 52 35
21 53 86
21 54 181
21 55 82
21 56 151
21 57 183
21 58 167
21 59 85
21 60 139
21 61 60
21 62 20
21 63 171
21 64 36
21 65 199
21 66 98
21 67 132
21 68 43
21 69 139
21 70 192
21 71 17
21 72 89
21 73 144
21 74 118
21 75 181
21 76 75
21 77 36
21 78 196
21 79 0
21 80 78
21 81 165
21 82 143
21 83 36
21 84 198
21 85 107
21 86 94
21 87 108
21 88 181
21 89 151
21 90 86
21 91 123
21 92 154
21 93 90
21 94 197
21 95 177
21 96 177
21 97 37
21 98 195
21 99 107
22 23 91
22 24 49
22 25 68
22 26 197
22 27 127
22 28 184
22 29 90
22 30 143
22 31 132
22 32 12
22 33 195
22 34 154
22 35 35
22 36 73
22 37 165
22 38 127
22 39 96
22 40 183
22 41 13
22 42 200
22 43 65
22 44 84
22 45 5
22 46 105
22 47 184
22 48 156
22 49 95
22 50 172
22 51 55
22 52 54
22 53 3
22 54 181
22 55 85
22 56 67
22 57 130
22 58 167
22 59 144
22 60 171
22 61 12
22 62 191
22 63 55
22 64 51
22 65 75
22 66 166
22 67 140
22 68 74
22 69 162
22 70 37
22 71 101
22 72 153
22 73 148
22 74 26
22 75 85
22 76 43
22 77 148
22 78 103
22 79 56
22 80 177
22 81 58
22 82 91
22 83 145
22 84 98
22 85 195
22 86 171
22 87 34
22 88 36
22 89 116
22 90 194
22 91 30
22 92 53
22 93 71
22 94 64
22 95 91
22 96 22
22 97 129
22 98 40
22 99 102
23 24 187
23 25 35
23 26 127
23 27 181
23 28 168
23 29 195
23 30 155
23 31 190
23 32 150
23 33 13
23 34 120
23 35 70
23 36 78
23 37 49
23 38 100
23 39 160
23 40 43
23 41 135
23 42 163
23 43 8
23 44 162
23 45 32
23 46 69
23 47 179
23 48 14
23 49 17
23 50 188
23 51 154
23 52 133
23 53 158
23 54 151
23 55 24
23 56 191
23 57 170
23 58 130
23 59 6
23 60 130
23 61 108
23 62 43
23 63 43
23 64 97
23 65 104
23 66 175
23 67 71
23 68 174
23 69 10
23 70 120
23 71 162
23 72 62
23 73 105
23 74 86
23 75 26
23 76 151
23 77 163
23 78 41
23 79 152
23 80 100
23 81 6
23 82 186
23 83 174
23 84 67
23 85 162
23 86 175
23 87 21
23 88 186
23 89 29
23 90 198
23 91 74
23 92 179
23 93 189
23 94 139
23 95 146
23 96 18
23 97 192
23 98 180
23 99 52
24 25 65
24 26 188
24 27 7
24 28 80
24 29 108
24 30 157
24 31 188
24 32 187
24 33 20
24 34 78
24 35 156
24 36 19
24 37 135
24 38 87
24 39 0
24 40 143
24 41 37
24 42 67
24 43 176
24 44 80
24 45 88
24 46 193
24 47 0
24 48 50
24 49 130
24 50 68
24 51 8
24 52 123
24 53 157
24 54 150
24 55 14
24 56 106
24 57 143
24 58 26
24 59 124
24 60 20
24 61 51
24 62 104
24 63 115
24 64 174
24 65 2
24 66 69
24 67 90
24 68 121
24 69 156
24 70 19
24 71 164
24 72 63
24 73 177
24 74 74
24 75 136
24 76 117
24 77 96
24 78 83
24 79 142
24 80 158
24 81 146
24 82 135
24 83 72
24 84 146
24 85 168
24 86 113
24 87 182
24 88 87
24 89 54
24 90 15
24 91 6
24 92 179
24 93 103
24 94 81
24 95 99
24 96 77
24 97 174
24 98 117
24 99 172
25 26 160
25 27 119
25 28 18
25 29 65
25 30 190
25 31 172
25 32 25
25 33 188
25 34 14
25 35 90
25 36 87
25 37 13
25 38 40
25 39 138
25 40 101
25 41 181
25 42 103
25 43 193
25 44 99
25 45 59
25 46 103
25 47 105
25 48 115
25 49 6
25 50 175
25 51 46
25 52 178
25 53 118
25 54 184
25 55 13
25 56 98
25 57 99
25 58 81
25 59 94
25 60 127
25 61 81
25 62 62
25 63 129
25 64 96
25 65 91
25 66 147
25 67 115
25 68 119
25 69 129
25 70 4
25 71 94
25 72 16
25 73 99
25 74 69
25 75 200
25 76 147
25 77 79
25 78 179
25 79 132
25 80 54
25 81 48
25 82 129
25 83 187
25 84 116
25 85 114
25 86 111
25 87 26
25 88 7
25 89 79
25 90 125
25 91 141
25 92 38
25 93 101
25 94 116
25 95 149
25 96 27
25 97 113
25 98 10
25 99 75
26 27 78
26 28 162
26 29 109
26 30 0
26 31 31
26 32 121
26 33 182
26 34 134
26 35 13
26 36 56
26 37 84
26 38 180
26 39 44
26 40 131
26 41 79
26 42 132
26 43 40
26 44 85
26 45 182
26 46 15
26 47 184
26 48 154
26 49 126
26 50 45
26 51 140
26 52 80
26 53 198
26 54 139
26 55 26
26 56 133
26 57 76
26 58 64
26 59 182
26 60 105
26 61 163
26 62 46
26 63 53
26 64 132
26 65 179
26 66 161
26 67 81
26 68 29
26 69 117
26 70 44
26 71 145
26 72 45
26 73 130
26 74 171
26 75 195
26 76 131
26 77 174
26 78 136
26 79 18
26 80 145
26 81 101
26 82 170
26 83 128
26 84 187
26 85 50
26 86 173
26 87 35
26 88 30
26 89 67
26 90 114
26 91 33
26 92 188
26 93 125
26 94 167
26 95 39
26 96 54
26 97 90
26 98 140
26 99 173
27 28 66
27 29 108
27 30 132
27 31 57
27 32 126
27 33 13
27 34 68
27 35 47
27 36 45
27 37 155
27 38 174
27 39 52
27 40 169
27 41 198
27 42 133
27 43 23
27 44 196
27 45 116
27 46 72
27 47 52
27 48 69
27 49 136
27 50 25
27 51 54
27 52 2
27 53 146
27 54 131
27 55 28
27 56 22
27 57 181
27 58 141
27 59 190
27 60 47
27 61 142
27 62 64
27 63 136
27 64 63
27 65 142
27 66 35
27 67 139
27 68 125
27 69 168
27 70 28
27 71 183
27 72 10
27 73 150
27 74 158
27 75 94
27 76 177
27 77 132
27 78 7
27 79 185
27 80 7
27 81 104
27 82 80
27 83 32
27 84 77
27 85 85
27 86 147
27 87 145
27 88 34
27 89 119
27 90 156
27 91 110
27 92 181
27 93 13
27 94 128
27 95 47
27 96 71
27 97 127
27 98 43
27 99 195
28 29 49
28 30 121
28 31 164
28 32 176
28 33 10
28 34 116
28 35 62
28 36 21
28 37 121
28 38 98
28 39 124
28 40 108
28 41 23
28 42 96
28 43 86
28 44 186
28 45 151
28 46 126
28 47 94
28 48 186
28 49 95
28 50 189
28 51 51
28 52 85
28 53 92
28 54 95
28 55 5
28 56 192
28 57 113
28 58 121
28 59 61
28 60 168
28 61 134
28 62 173
28 63 66
28 64 134
28 65 52
28 66 123
28 67 150
28 68 142
28 69 162
28 70 151
28 71 176
28 72 12
28 73 94
28 74 94
28 75 79
28 76 126
28 77 5
28 78 194
28 79 44
28 80 64
28 81 15
28 82 67
28 83 121
28 84 36
28 85 197
28 86 17
28 87 78
28 88 147
28 89 18
28 90 65
28 91 101
28 92 138
28 93 196
28 94 140
28 95 159
28 96 63
28 97 46
28 98 152
28 99 135
29 30 125
29 31 176
29 32 43
29 33 91
29 34 105
29 35 183
29 36 16
29 37 170
29 38 54
29 39 33
29 40 152
29 41 100
29 42 32
29 43 7
29 44 46
29 45 5
29 46 14
29 47 184
29 48 107
29 49 71
29 50 167
29 51 193
29 52 116
29 53 142
29 54 120
29 55 67
29 56 97
29 57 122
29 58 162
29 59 34
29 60 116
29 61 22
29 62 104
29 63 75
29 64 191
29 65 61
29 66 118
29 67 62
29 68 169
29 69 34
29 70 36
29 71 62
29 72 35
29 73 196
29 74 121
29 75 22
29 76 125
29 77 131
29 78 164
29 79 3
29 80 114
29 81 88
29 82 44
29 83 16
29 84 199
29 85 50
29 86 117
29 87 5
29 88 99
29 89 36
29 90 157
29 91 77
29 92 80
29 93 103
29 94 27
29 95 63
29 96 22
29 97 25
29 98 177
29 99 168
30 31 121
30 32 75
30 33 149
30 34 15
30 35 158
30 36 30
30 37 192
30 38 101
30 39 28
30 40 174
30 41 142
30 42 28
30 43 82
30 44 52
30 45 100
30 46 100
30 47 22
30 48 77
30 49 116
30 50 59
30 51 114
30 52 182
30 53 159
30 54 28
30 55 169
30 56 113
30 57 140
30 58 43
30 59 90
30 60 2
30 61 24
30 62 45
30 63 95
30 64 99
30 65 179
30 66 176
30 67 10
30 68 36
30 69 174
30 70 14
30 71 31
30 72 198
30 73 80
30 74 24
30 75 150
30 76 29
30 77 190
30 78 111
30 79 189
30 80 196
30 81 146
30 82 75
30 83 1
30 84 108
30 85 18
30 86 89
30 87 96
30 88 98
30 89 174
30 90 73
30 91 114
30 92 193
30 93 144
30 94 97
30 95 77
30 96 20
30 97 139
30 98 58
30 99 39
31 32 43
31 33 134
31 34 141
31 35 44
31 36 13
31 37 91
31 38 104
31 39 138
31 40 195
31 41 31
31 42 29
31 43 5
31 44 93
31 45 155
31 46 125
31 47 124
31 48 54
31 49 58
31 50 90
31 51 102
31 52 83
31 53 119
31 54 176
31 55 170
31 56 113
31 57 196
31 58 24
31 59 71
31 60 48
31 61 75
31 62 156
31 63 176
31 64 74
31 65 147
31 66 162
31 67 25
31 68 2
31 69 187
31 70 183
31 71 34
31 72 51
31 73 191
31 74 19
31 75 181
31 76 17
31 77 93
31 78 165
31 79 200
31 80 37
31 81 36
31 82 100
31 83 172
31 84 170
31 85 145
31 86 23
31 87 120
31 88 54
31 89 164
31 90 33
31 91 185
31 92 139
31 93 67
31 94 142
31 95 57
31 96 199
31 97 37
31 98 15
31 99 177
32 33 195
32 34 179
32 35 109
32 36 10
32 37 105
32 38 14
32 39 97
32 40 102
32 41 6
32 42 9
32 43 125
32 44 109
32 45 86
32 46 185
32 47 11
32 48 61
32 49 32
32 50 80
32 51 175
32 52 78
32 53 44
32 54 185
32 55 85
32 56 12
32 57 185
32 58 91
32 59 49
32 60 81
32 61 161
32 62 8
32 63 83
32 64 192
32 65 180
32 66 193
32 67 73
32 68 27
32 69 105
32 70 31
32 71 15
32 72 146
32 73 87
32 74 74
32 75 157
32 76 95
32 77 174
32 78 69
32 79 68
32 80 3
32 81 68
32 82 103
32 83 191
32 84 149
32 85 41
32 86 2
32 87 35
32 88 64
32 89 18
32 90 150
32 91 140
32 92 105
32 93 137
32 94 44
32 95 75
32 96 157
32 97 55
32 98 53
32 99 117
33 34 35
33 35 18
33 36 80
33 37 5
33 38 148
33 39 200
33 40 14
33 41 135
33 42 19
33 43 177
33 44 111
33 45 21
33 46 169
33 47 180
33 48 1
33 49 86
33 50 106
33 51 143
33 52 114
33 53 54
33 54 149
33 55 79
33 56 125
33 57 32
33 58 46
33 59 53
33 60 91
33 61 159
33 62 42
33 63 71
33 64 38
33 65 185
33 66 178
33 67 40
33 68 160
33 69 25
33 70 96
33 71 104
33 72 87
33 73 40
33 74 47
33 75 200
33 76 156
33 77 29
33 78 28
33 79 36
33 80 29
33 81 27
33 82 159
33 83 30
33 84 169
33 85 108
33 86 101
33 87 196
33 88 189
33 89 80
33 90 111
33 91 66
33 92 55
33 93 7
33 94 0
33 95 78
33 96 140
33 97 108
33 98 37
33 99 25
34 35 189
34 36 145
34 37 181
34 38 146
34 39 94
34 40 69
34 41 67
34 42 72
34 43 16
34 44 147
34 45 83
34 46 78
34 47 200
34 48 32
34 49 181
34 50 128
34 51 135
34 52 7
34 53 178
34 54 121
34 55 13
34 56 6
34 57 18
34 58 50
34 59 45
34 60 99
34 61 48
34 62 91
34 63 178
34 64 155
34 65 139
34 66 93
34 67 171
34 68 98
34 69 144
34 70 0
34 71 82
34 72 105
34 73 159
34 74 68
34 75 0
34 76 65
34 77 199
34 78 110
34 79 194
34 80 157
34 81 12
34 82 61
34 83 160
34 84 117
34 85 97
34 86 8
34 87 197
34 88 157
34 89 7
34 90 177
34 91 138
34 92 114
34 93 112
34 94 45
34 95 27
34 96 5
34 97 157
34 98 114
34 99 200
35 36 6
35 37 42
35 38 156
35 39 1
35 40 178
35 41 98
35 42 25
35 43 16
35 44 149
35 45 107
35 46 87
35 47 132
35 48 135
35 49 142
35 50 7
35 51 156
35 52 138
35 53 175
35 54 148
35 55 16
35 56 76
35 57 16
35 58 194
35 59 0
35 60 19
35 61 174
35 62 88
35 63 196
35 64 61
35 65 88
35 66 117
35 67 104
35 68 196
35 69 128
35 70 24
35 71 182
35 72 92
35 73 54
35 74 112
35 75 86
35 76 49
35 77 4
35 78 24
35 79 183
35 80 23
35 81 5
35 82 108
35 83 28
35 84 109
35 85 15
35 86 34
35 87 194
35 88 181
35 89 62
35 90 184
35 91 39
35 92 141
35 93 3
35 94 149
35 95 170
35 96 37
35 97 143
35 98 91
35 99 189
36 37 140
36 38 87
36 39 27
36 40 176
36 41 112
36 42 101
36 43 162
36 44 60
36 45 47
36 46 77
36 47 135
36 48 99
36 49 149
36 50 22
36 51 52
36 52 147
36 53 192
36 54 45
36 55 49
36 56 6
36 57 97
36 58 125
36 59 129
36 60 179
36 61 163
36 62 33
36 63 133
36 64 198
36 65 155
36 66 84
36 67 88
36 68 4
36 69 3
36 70 176
36 71 126
36 72 17
36 73 167
36 74 123
36 75 126
36 76 143
36 77 195
36 78 37
36 79 51
36 80 140
36 81 86
36 82 26
36 83 39
36 84 63
36 85 131
36 86 72
36 87 115
36 88 109
36 89 153
36 90 45
36 91 117
36 92 94
36 93 112
36 94 166
36 95 25
36 96 72
36 97 187
36 98 189
36 99 167
37 38 137
37 39 174
37 40 145
37 41 11
37 42 60
37 43 120
37 44 26
37 45 81
37 46 87
37 47 156
37 48 46
37 49 199
37 50 162
37 51 61
37 52 178
37 53 147
37 54 50
37 55 90
37 56 200
37 57 58
37 58 49
37 59 58
37 60 65
37 61 136
37 62 164
37 63 47
37 64 128
37 65 144
37 66 190
37 67 30
37 68 186
37 69 174
37 70 142
37 71 26
37 72 38
37 73 158
37 74 200
37 75 35
37 76 158
37 77 55
37 78 7
37 79 13
37 80 200
37 81 103
37 82 24
37 83 157
37 84 65
37 85 171
37 86 119
37 87 46
37 88 99
37 89 49
37 90 107
37 91 39
37 92 33
37 93 95
37 94 74
37 95 64
37 96 171
37 97 192
37 98 19
37 99 14
38 39 97
38 40 131
38 41 34
38 42 29
38 43 163
38 44 187
38 45 135
38 46 78
38 47 94
38 48 123
38 49 61
38 50 102
38 51 34
38 52 133
38 53 179
38 54 174
38 55 193
38 56 96
38 57 86
38 58 169
38 59 80
38 60 34
38 61 29
38 62 34
38 63 173
38 64 103
38 65 99
38 66 69
38 67 62
38 68 86
38 69 47
38 70 127
38 71 34
38 72 54
38 73 21
38 74 60
38 75 34
38 76 199
38 77 88
38 78 126
38 79 199
38 80 26
38 81 99
38 82 88
38 83 183
38 84 85
38 85 159
38 86 58
38 87 2
38 88 172
38 89 107
38 90 75
38 91 191
38 92 111
38 93 134
38 94 60
38 95 56
38 96 126
38 97 119
38 98 20
38 99 127
39 40 80
39 41 37
39 42 22
39 43 150
39 44 192
39 45 91
39 46 26
39 47 167
39 48 160
39 49 94
39 50 166
39 51 140
39 52 152
39 53 200
39 54 41
39 55 194
39 56 48
39 57 68
39 58 33
39 59 82
39 60 78
39 61 144
39 62 13
39 63 0
39 64 102
39 65 173
39 66 28
39 67 176
39 68 125
39 69 179
39 70 16
39 71 6
39 72 68
39 73 128
39 74 17
39 75 131
39 76 11
39 77 169
39 78 41
39 79 62
39 80 158
39 81 191
39 82 160
39 83 14
39 84 187
39 85 64
39 86 95
39 87 185
39 88 147
39 89 45
39 90 90
39 91 158
39 92 2
39 93 162
39 94 148
39 95 86
39 96 146
39 97 137
39 98 4
39 99 91
40 41 15
40 42 128
40 43 120
40 44 59
40 45 151
40 46 152
40 47 13
40 48 51
40 49 186
40 50 189
40 51 141
40 52 135
40 53 170
40 54 93
40 55 56
40 56 44
40 57 90
40 58 6
40 59 58
40 60 139
40 61 150
40 62 182
40 63 160
40 64 103
40 65 143
40 66 84
40 67 147
40 68 7
40 69 199
40 70 69
40 71 120
40 72 193
40 73 91
40 74 168
40 75 65
40 76 78
40 77 163
40 78 124
40 79 193
40 80 173
40 81 31
40 82 47
40 83 147
40 84 26
40 85 32
40 86 185
40 87 191
40 88 61
40 89 62
40 90 71
40 91 100
40 92 175
40 93 63
40 94 37
40 95 47
40 96 41
40 97 40
40 98 27
40 99 23
41 42 105
41 43 52
41 44 62
41 45 173
41 46 161
41 47 36
41 48 146
41 49 106
41 50 14
41 51 172
41 52 152
41 53 16
41 54 8
41 55 4
41 56 68
41 57 132
41 58 182
41 59 91
41 60 24
41 61 2
41 62 39
41 63 171
41 64 195
41 65 101
41 66 142
41 67 23
41 68 74
41 69 71
41 70 61
41 71 103
41 72 199
41 73 146
41 74 43
41 75 122
41 76 133
41 77 168
41 78 151
41 79 22
41 80 53
41 81 125
41 82 104
41 83 91
41 84 182
41 85 0
41 86 37
41 87 192
41 88 191
41 89 120
41 90 161
41 91 91
41 92 164
41 93 5
41 94 77
41 95 108
41 96 121
41 97 41
41 98 72
41 99 54
42 43 85
42 44 100
42 45 67
42 46 193
42 47 155
42 48 24
42 49 200
42 50 96
42 51 114
42 52 27
42 53 181
42 54 3
42 55 104
42 56 91
42 57 36
42 58 98
42 59 39
42 60 21
42 61 38
42 62 19
42 63 52
42 64 99
42 65 33
42 66 29
42 67 170
42 68 26
42 69 75
42 70 185
42 71 22
42 72 86
42 73 195
42 74 76
42 75 18
42 76 79
42 77 71
42 78 120
42 79 4
42 80 68
42 81 92
42 82 114
42 83 157
42 84 148
42 85 82
42 86 18
42 87 48
42 88 1
42 89 58
42 90 72
42 91 49
42 92 75
42 93 21
42 94 176
42 95 101
42 96 147
42 97 151
42 98 174
42 99 26
43 44 94
43 45 192
43 46 6
43 47 121
43 48 110
43 49 17
43 50 70
43 51 97
43 52 156
43 53 108
43 54 76
43 55 159
43 56 1
43 57 170
43 58 88
43 59 191
43 60 10
43 61 184
43 62 30
43 63 79
43 64 130
43 65 82
43 66 169
43 67 15
43 68 63
43 69 17
43 70 45
43 71 127
43 72 60
43 73 38
43 74 185
43 75 44
43 76 158
43 77 72
43 78 26
43 79 184
43 80 80
43 81 157
43 82 69
43 83 180
43 84 84
43 85 12
43 86 167
43 87 150
43 88 152
43 89 86
43 90 12
43 91 105
43 92 23
43 93 64
43 94 49
43 95 42
43 96 4
43 97 72
43 98 11
43 99 51
