100 3725
0 1 62
0 2 146
0 3 103
0 4 74
0 5 65
0 6 45
0 7 49
0 8 109
0 9 40
0 10 102
0 11 153
0 12 19
0 13 17
0 14 82
0 15 173
0 16 82
0 17 157
0 18 37
0 19 124
0 20 93
0 21 107
0 22 156
0 23 94
0 24 99
0 25 28
0 26 117
0 27 123
0 28 34
0 29 172
0 30 24
0 31 149
0 32 96
0 33 181
0 34 6
0 35 196
0 36 186
0 37 81
0 38 135
0 39 133
0 40 106
0 41 164
0 42 67
0 43 57
0 44 157
0 45 66
0 46 105
0 47 188
0 48 69
0 49 135
0 50 66
0 51 10
0 52 7
0 53 145
0 54 192
0 55 78
0 56 71
0 57 33
0 58 179
0 59 124
0 60 102
0 61 185
0 62 56
0 63 168
0 64 73
0 65 132
0 66 38
0 67 191
0 68 146
0 69 59
0 70 83
0 71 193
0 72 178
0 73 138
0 74 10
0 75 57
0 76 155
0 77 91
0 78 104
0 79 137
0 80 24
0 81 124
0 82 45
0 83 56
0 84 32
0 85 193
0 86 45
0 87 135
0 88 13
0 89 18
0 90 46
0 91 136
0 92 37
0 93 171
0 94 54
0 95 44
0 96 82
0 97 56
0 98 191
0 99 35
1 2 136
1 3 172
1 4 66
1 5 21
1 6 148
1 7 184
1 8 137
1 9 139
1 10 80
1 11 93
1 12 164
1 13 151
1 14 83
1 15 190
1 16 79
1 17 19
1 18 185
1 19 124
1 20 46
1 21 188
1 22 83
1 23 84
1 24 198
1 25 180
1 26 85
1 27 89
1 28 101
1 29 57
1 30 78
1 31 110
1 32 188
1 33 179
1 34 163
1 35 125
1 36 176
1 37 180
1 38 15
1 39 154
1 40 71
1 41 160
1 42 88
1 43 134
1 44 192
1 45 138
1 46 132
1 47 196
1 48 195
1 49 4
1 50 25
1 51 7
1 52 18
1 53 25
1 54 0
1 55 36
1 56 105
1 57 82
1 58 9
1 59 196
1 60 49
1 61 0
1 62 87
1 63 20
1 64 40
1 65 41
1 66 176
1 67 43
1 68 83
1 69 23
1 70 90
1 71 192
1 72 90
1 73 52
1 74 90
1 75 21
1 76 157
1 77 82
1 78 86
1 79 92
1 80 35
1 81 24
1 82 35
1 83 63
1 84 34
1 85 10
1 86 134
1 87 33
1 88 153
1 89 143
1 90 109
1 91 153
1 92 85
1 93 189
1 94 137
1 95 53
1 96 2
1 97 4
1 98 162
1 99 108
2 3 93
2 4 3
2 5 33
2 6 163
2 7 173
2 8 189
2 9 23
2 10 2
2 11 139
2 12 112
2 13 85
2 14 40
2 15 90
2 16 180
2 17 37
2 18 169
2 19 135
2 20 40
2 21 62
2 22 124
2 23 106
2 24 53
2 25 2
2 26 96
2 27 15
2 28 72
2 29 63
2 30 39
2 31 134
2 32 138
2 33 96
2 34 110
2 35 163
2 36 12
2 37 56
2 38 111
2 39 87
2 40 71
2 41 89
2 42 193
2 43 38
2 44 199
2 45 83
2 46 142
2 47 187
2 48 191
2 49 168
2 50 18
2 51 148
2 52 145
2 53 111
2 54 55
2 55 77
2 56 198
2 57 151
2 58 119
2 59 29
2 60 148
2 61 118
2 62 106
2 63 38
2 64 77
2 65 124
2 66 172
2 67 162
2 68 187
2 69 126
2 70 144
2 71 110
2 72 22
2 73 188
2 74 60
2 75 79
2 76 1
2 77 194
2 78 85
2 79 107
2 80 24
2 81 191
2 82 131
2 83 125
2 84 7
2 85 44
2 86 52
2 87 51
2 88 105
2 89 37
2 90 42
2 91 114
2 92 63
2 93 152
2 94 67
2 95 196
2 96 0
2 97 94
2 98 75
2 99 22
3 4 105
3 5 199
3 6 46
3 7 192
3 8 185
3 9 192
3 10 99
3 11 151
3 12 14
3 13 88
3 14 103
3 15 76
3 16 66
3 17 84
3 18 14
3 19 180
3 20 39
3 21 10
3 22 103
3 23 7
3 24 103
3 25 171
3 26 134
3 27 92
3 28 125
3 29 123
3 30 93
3 31 52
3 32 11
3 33 195
3 34 103
3 35 186
3 36 111
3 37 129
3 38 143
3 39 179
3 40 102
3 41 120
3 42 181
3 43 114
3 44 146
3 45 176
3 46 121
3 47 150
3 48 110
3 49 139
3 50 157
3 51 83
3 52 189
3 53 29
3 54 180
3 55 14
3 56 3
3 57 98
3 58 7
3 59 0
3 60 75
3 61 62
3 62 4
3 63 138
3 64 87
3 65 16
3 66 81
3 67 99
3 68 65
3 69 147
3 70 87
3 71 102
3 72 143
3 73 134
3 74 197
3 75 126
3 76 102
3 77 123
3 78 26
3 79 80
3 80 69
3 81 124
3 82 103
3 83 152
3 84 5
3 85 49
3 86 36
3 87 106
3 88 129
3 89 85
3 90 129
3 91 6
3 92 195
3 93 186
3 94 176
3 95 53
3 96 12
3 97 100
3 98 177
3 99 60
4 5 167
4 6 146
4 7 167
4 8 186
4 9 97
4 10 43
4 11 69
4 12 16
4 13 136
4 14 77
4 15 149
4 16 46
4 17 198
4 18 65
4 19 13
4 20 58
4 21 74
4 22 193
4 23 1
4 24 47
4 25 93
4 26 20
4 27 88
4 28 122
4 29 30
4 30 198
4 31 140
4 32 39
4 33 96
4 34 117
4 35 181
4 36 102
4 37 120
4 38 35
4 39 141
4 40 193
4 41 93
4 42 95
4 43 76
4 44 188
4 45 43
4 46 73
4 47 35
4 48 92
4 49 178
4 50 24
4 51 13
4 52 106
4 53 114
4 54 101
4 55 146
4 56 151
4 57 84
4 58 93
4 59 87
4 60 37
4 61 148
4 62 191
4 63 79
4 64 15
4 65 124
4 66 73
4 67 74
4 68 163
4 69 131
4 70 71
4 71 115
4 72 98
4 73 29
4 74 96
4 75 92
4 76 98
4 77 46
4 78 128
4 79 94
4 80 6
4 81 85
4 82 149
4 83 43
4 84 135
4 85 191
4 86 89
4 87 93
4 88 71
4 89 3
4 90 180
4 91 98
4 92 49
4 93 195
4 94 188
4 95 146
4 96 67
4 97 197
4 98 148
4 99 9
5 6 177
5 7 174
5 8 32
5 9 58
5 10 24
5 11 11
5 12 126
5 13 168
5 14 128
5 15 58
5 16 170
5 17 3
5 18 140
5 19 85
5 20 30
5 21 139
5 22 101
5 23 195
5 24 136
5 25 90
5 26 189
5 27 23
5 28 193
5 29 88
5 30 179
5 31 148
5 32 116
5 33 7
5 34 118
5 35 50
5 36 103
5 37 4
5 38 125
5 39 37
5 40 49
5 41 49
5 42 145
5 43 5
5 44 149
5 45 61
5 46 180
5 47 77
5 48 155
5 49 79
5 50 67
5 51 147
5 52 29
5 53 171
5 54 72
5 55 3
5 56 174
5 57 34
5 58 45
5 59 74
5 60 125
5 61 144
5 62 56
5 63 67
5 64 55
5 65 96
5 66 61
5 67 90
5 68 84
5 69 178
5 70 43
5 71 50
5 72 156
5 73 33
5 74 157
5 75 54
5 76 71
5 77 170
5 78 14
5 79 161
5 80 38
5 81 49
5 82 137
5 83 143
5 84 187
5 85 128
5 86 95
5 87 70
5 88 122
5 89 83
5 90 83
5 91 129
5 92 71
5 93 133
5 94 169
5 95 144
5 96 198
5 97 43
5 98 56
5 99 131
6 7 60
6 8 37
6 9 151
6 10 1
6 11 5
6 12 31
6 13 0
6 14 60
6 15 46
6 16 10
6 17 119
6 18 60
6 19 23
6 20 130
6 21 166
6 22 107
6 23 190
6 24 29
6 25 199
6 26 7
6 27 164
6 28 140
6 29 22
6 30 120
6 31 26
6 32 179
6 33 112
6 34 41
6 35 171
6 36 152
6 37 174
6 38 125
6 39 22
6 40 67
6 41 167
6 42 31
6 43 70
6 44 179
6 45 67
6 46 109
6 47 22
6 48 185
6 49 162
6 50 26
6 51 158
6 52 23
6 53 169
6 54 170
6 55 130
6 56 154
6 57 10
6 58 116
6 59 50
6 60 118
6 61 52
6 62 47
6 63 77
6 64 173
6 65 157
6 66 18
6 67 161
6 68 89
6 69 7
6 70 67
6 71 74
6 72 13
6 73 177
6 74 70
6 75 135
6 76 32
6 77 64
6 78 64
6 79 113
6 80 78
6 81 189
6 82 179
6 83 88
6 84 151
6 85 62
6 86 106
6 87 69
6 88 188
6 89 25
6 90 6
6 91 84
6 92 72
6 93 18
6 94 178
6 95 169
6 96 3
6 97 94
6 98 31
6 99 180
7 8 26
7 9 110
7 10 40
7 11 139
7 12 52
7 13 81
7 14 94
7 15 134
7 16 198
7 17 160
7 18 162
7 19 129
7 20 121
7 21 28
7 22 40
7 23 192
7 24 62
7 25 136
7 26 136
7 27 27
7 28 123
7 29 27
7 30 52
7 31 28
7 32 7
7 33 129
7 34 27
7 35 42
7 36 36
7 37 177
7 38 25
7 39 14
7 40 73
7 41 19
7 42 183
7 43 165
7 44 102
7 45 57
7 46 63
7 47 171
7 48 150
7 49 62
7 50 77
7 51 119
7 52 77
7 53 53
7 54 54
7 55 96
7 56 152
7 57 155
7 58 29
7 59 56
7 60 200
7 61 167
7 62 169
7 63 137
7 64 123
7 65 105
7 66 83
7 67 97
7 68 30
7 69 73
7 70 136
7 71 179
7 72 146
7 73 148
7 74 28
7 75 101
7 76 158
7 77 170
7 78 83
7 79 79
7 80 95
7 81 47
7 82 168
7 83 147
7 84 176
7 85 105
7 86 143
7 87 146
7 88 104
7 89 117
7 90 75
7 91 24
7 92 6
7 93 76
7 94 103
7 95 52
7 96 120
7 97 141
7 98 34
7 99 5
8 9 179
8 10 162
8 11 89
8 12 105
8 13 182
8 14 39
8 15 198
8 16 23
8 17 139
8 18 132
8 19 196
8 20 69
8 21 118
8 22 148
8 23 75
8 24 6
8 25 125
8 26 123
8 27 199
8 28 66
8 29 34
8 30 50
8 31 42
8 32 50
8 33 32
8 34 187
8 35 52
8 36 7
8 37 147
8 38 183
8 39 135
8 40 36
8 41 39
8 42 69
8 43 27
8 44 46
8 45 39
8 46 53
8 47 21
8 48 2
8 49 143
8 50 49
8 51 32
8 52 124
8 53 148
8 54 143
8 55 102
8 56 26
8 57 131
8 58 92
8 59 93
8 60 72
8 61 35
8 62 180
8 63 177
8 64 75
8 65 3
8 66 8
8 67 163
8 68 92
8 69 196
8 70 149
8 71 193
8 72 10
8 73 64
8 74 117
8 75 112
8 76 99
8 77 131
8 78 46
8 79 34
8 80 80
8 81 157
8 82 144
8 83 103
8 84 74
8 85 80
8 86 187
8 87 50
8 88 18
8 89 113
8 90 57
8 91 167
8 92 175
8 93 2
8 94 58
8 95 24
8 96 27
8 97 70
8 98 14
8 99 102
9 10 186
9 11 172
9 12 21
9 13 35
9 14 102
9 15 61
9 16 11
9 17 145
9 18 186
9 19 32
9 20 47
9 21 185
9 22 126
9 23 129
9 24 128
9 25 73
9 26 69
9 27 115
9 28 122
9 29 66
9 30 3
9 31 70
9 32 77
9 33 176
9 34 142
9 35 167
9 36 133
9 37 127
9 38 150
9 39 101
9 40 178
9 41 13
9 42 70
9 43 38
9 44 166
9 45 57
9 46 179
9 47 122
9 48 50
9 49 148
9 50 183
9 51 182
9 52 79
9 53 46
9 54 122
9 55 189
9 56 108
9 57 58
9 58 130
9 59 141
9 60 35
9 61 163
9 62 19
9 63 196
9 64 169
9 65 31
9 66 66
9 67 163
9 68 179
9 69 65
9 70 88
9 71 88
9 72 110
9 73 57
9 74 57
9 75 12
9 76 60
9 77 18
9 78 173
9 79 163
9 80 96
9 81 64
9 82 92
9 83 10
9 84 174
9 85 159
9 86 91
9 87 113
9 88 35
9 89 114
9 90 16
9 91 189
9 92 92
9 93 46
9 94 9
9 95 4
9 96 156
9 97 50
9 98 99
9 99 38
10 11 108
10 12 158
10 13 0
10 14 168
10 15 163
10 16 178
10 17 53
10 18 144
10 19 111
10 20 170
10 21 199
10 22 193
10 23 131
10 24 55
10 25 33
10 26 62
10 27 149
10 28 10
10 29 195
10 30 179
10 31 109
10 32 186
10 33 162
10 34 124
10 35 16
10 36 157
10 37 191
10 38 36
10 39 49
10 40 154
10 41 103
10 42 103
10 43 162
10 44 111
10 45 13
10 46 152
10 47 105
10 48 198
10 49 40
10 50 15
10 51 102
10 52 42
10 53 50
10 54 79
10 55 31
10 56 31
10 57 41
10 58 158
10 59 132
10 60 193
10 61 90
10 62 87
10 63 147
10 64 44
10 65 200
10 66 101
10 67 14
10 68 25
10 69 185
10 70 80
10 71 85
10 72 178
10 73 59
10 74 43
10 75 105
10 76 137
10 77 127
10 78 198
10 79 194
10 80 104
10 81 2
10 82 197
10 83 9
10 84 170
10 85 48
10 86 70
10 87 61
10 88 62
10 89 1
10 90 178
10 91 41
10 92 161
10 93 17
10 94 136
10 95 114
10 96 101
10 97 187
10 98 105
10 99 185
11 12 24
11 13 199
11 14 110
11 15 145
11 16 194
11 17 118
11 18 19
11 19 60
11 20 197
11 21 166
11 22 30
11 23 119
11 24 44
11 25 119
11 26 149
11 27 138
11 28 126
11 29 61
11 30 59
11 31 49
11 32 159
11 33 132
11 34 177
11 35 29
11 36 104
11 37 42
11 38 35
11 39 194
11 40 25
11 41 89
11 42 148
11 43 86
11 44 144
11 45 116
11 46 76
11 47 138
11 48 42
11 49 170
11 50 179
11 51 59
11 52 146
11 53 132
11 54 19
11 55 29
11 56 141
11 57 44
11 58 10
11 59 122
11 60 69
11 61 108
11 62 86
11 63 149
11 64 85
11 65 180
11 66 38
11 67 40
11 68 54
11 69 89
11 70 37
11 71 183
11 72 63
11 73 181
11 74 106
11 75 138
11 76 54
11 77 85
11 78 186
11 79 71
11 80 198
11 81 154
11 82 31
11 83 47
11 84 123
11 85 9
11 86 75
11 87 116
11 88 177
11 89 50
11 90 52
11 91 52
11 92 134
11 93 196
11 94 70
11 95 99
11 96 12
11 97 129
11 98 8
11 99 156
12 13 59
12 14 11
12 15 139
12 16 126
12 17 157
12 18 76
12 19 143
12 20 120
12 21 46
12 22 96
12 23 188
12 24 67
12 25 93
12 26 65
12 27 35
12 28 63
12 29 157
12 30 28
12 31 169
12 32 120
12 33 1
12 34 184
12 35 146
12 36 110
12 37 53
12 38 130
12 39 107
12 40 126
12 41 136
12 42 32
12 43 11
12 44 93
12 45 142
12 46 114
12 47 193
12 48 102
12 49 65
12 50 45
12 51 67
12 52 187
12 53 165
12 54 45
12 55 63
12 56 103
12 57 179
12 58 163
12 59 124
12 60 150
12 61 140
12 62 62
12 63 53
12 64 128
12 65 31
12 66 191
12 67 48
12 68 172
12 69 65
12 70 155
12 71 108
12 72 2
12 73 137
12 74 41
12 75 27
12 76 166
12 77 37
12 78 111
12 79 106
12 80 46
12 81 153
12 82 163
12 83 53
12 84 71
12 85 109
12 86 20
12 87 166
12 88 194
12 89 88
12 90 99
12 91 105
12 92 156
12 93 69
12 94 165
12 95 99
12 96 11
12 97 70
12 98 146
12 99 175
13 14 165
13 15 198
13 16 132
13 17 68
13 18 117
13 19 191
13 20 21
13 21 30
13 22 165
13 23 36
13 24 136
13 25 158
13 26 13
13 27 144
13 28 31
13 29 106
13 30 133
13 31 100
13 32 125
13 33 193
13 34 45
13 35 149
13 36 67
13 37 56
13 38 34
13 39 163
13 40 178
13 41 129
13 42 184
13 43 143
13 44 7
13 45 76
13 46 55
13 47 124
13 48 29
13 49 141
13 50 73
13 51 195
13 52 39
13 53 161
13 54 180
13 55 129
13 56 75
13 57 162
13 58 108
13 59 173
13 60 59
13 61 36
13 62 167
13 63 109
13 64 173
13 65 138
13 66 98
13 67 168
13 68 101
13 69 181
13 70 113
13 71 79
13 72 85
13 73 182
13 74 111
13 75 49
13 76 137
13 77 197
13 78 83
13 79 46
13 80 37
13 81 158
13 82 149
13 83 155
13 84 78
13 85 19
13 86 198
13 87 116
13 88 136
13 89 180
13 90 39
13 91 76
13 92 129
13 93 73
13 94 9
13 95 92
13 96 30
13 97 176
13 98 40
13 99 142
14 15 43
14 16 104
14 17 84
14 18 183
14 19 169
14 20 22
14 21 109
14 22 102
14 23 95
14 24 4
14 25 85
14 26 145
14 27 9
14 28 175
14 29 3
14 30 70
14 31 176
14 32 189
14 33 114
14 34 195
14 35 193
14 36 169
14 37 73
14 38 168
14 39 134
14 40 44
14 41 162
14 42 52
14 43 107
14 44 44
14 45 80
14 46 169
14 47 39
14 48 24
14 49 108
14 50 173
14 51 4
14 52 176
14 53 92
14 54 153
14 55 60
14 56 26
14 57 151
14 58 125
14 59 37
14 60 187
14 61 131
14 62 47
14 63 75
14 64 80
14 65 112
14 66 188
14 67 116
14 68 180
14 69 71
14 70 128
14 71 166
14 72 29
14 73 133
14 74 184
14 75 114
14 76 73
14 77 116
14 78 73
14 79 50
14 80 72
14 81 160
14 82 40
14 83 189
14 84 182
14 85 66
14 86 94
14 87 70
14 88 83
14 89 39
14 90 116
14 91 34
14 92 42
14 93 25
14 94 68
14 95 46
14 96 86
14 97 26
14 98 48
14 99 84
15 16 168
15 17 44
15 18 58
15 19 69
15 20 55
15 21 7
15 22 154
15 23 51
15 24 34
15 25 102
15 26 172
15 27 47
15 28 147
15 29 155
15 30 30
15 31 56
15 32 185
15 33 164
15 34 71
15 35 1
15 36 57
15 37 39
15 38 140
15 39 111
15 40 43
15 41 62
15 42 7
15 43 149
15 44 85
15 45 32
15 46 61
15 47 76
15 48 161
15 49 168
15 50 192
15 51 164
15 52 118
15 53 169
15 54 10
15 55 116
15 56 109
15 57 79
15 58 120
15 59 87
15 60 143
15 61 60
15 62 143
15 63 33
15 64 119
15 65 88
15 66 121
15 67 133
15 68 101
15 69 28
15 70 176
15 71 6
15 72 190
15 73 132
15 74 116
15 75 82
15 76 89
15 77 200
15 78 128
15 79 16
15 80 43
15 81 154
15 82 21
15 83 27
15 84 107
15 85 180
15 86 165
15 87 103
15 88 82
15 89 141
15 90 120
15 91 98
15 92 55
15 93 41
15 94 196
15 95 179
15 96 21
15 97 177
15 98 111
15 99 194
16 17 104
16 18 73
16 19 46
16 20 92
16 21 111
16 22 91
16 23 6
16 24 110
16 25 125
16 26 1
16 27 55
16 28 93
16 29 183
16 30 110
16 31 189
16 32 111
16 33 61
16 34 18
16 35 73
16 36 48
16 37 166
16 38 64
16 39 43
16 40 23
16 41 72
16 42 38
16 43 106
16 44 93
16 45 44
16 46 81
16 47 32
16 48 184
16 49 194
16 50 134
16 51 153
16 52 198
16 53 155
16 54 22
16 55 2
16 56 17
16 57 134
16 58 116
16 59 54
16 60 33
16 61 73
16 62 10
16 63 155
16 64 28
16 65 189
16 66 16
16 67 182
16 68 56
16 69 32
16 70 16
16 71 124
16 72 97
16 73 104
16 74 170
16 75 162
16 76 101
16 77 97
16 78 179
16 79 133
16 80 105
16 81 192
16 82 160
16 83 46
16 84 161
16 85 196
16 86 196
16 87 91
16 88 35
16 89 173
16 90 92
16 91 74
16 92 92
16 93 67
16 94 78
16 95 66
16 96 111
16 97 56
16 98 68
16 99 192
17 18 25
17 19 16
17 20 9
17 21 157
17 22 123
17 23 38
17 24 184
17 25 47
17 26 111
17 27 198
17 28 38
17 29 156
17 30 117
17 31 105
17 32 94
17 33 50
17 34 122
17 35 28
17 36 181
17 37 4
17 38 12
17 39 190
17 40 17
17 41 184
17 42 142
17 43 50
17 44 167
17 45 190
17 46 182
17 47 168
17 48 159
17 49 191
17 50 151
17 51 6
17 52 19
17 53 63
17 54 46
17 55 162
17 56 126
17 57 191
17 58 189
17 59 155
17 60 86
17 61 124
17 62 120
17 63 107
17 64 15
17 65 167
17 66 186
17 67 46
17 68 174
17 69 180
17 70 19
17 71 86
17 72 151
17 73 177
17 74 188
17 75 61
17 76 120
17 77 114
17 78 29
17 79 75
17 80 76
17 81 118
17 82 192
17 83 102
17 84 131
17 85 159
17 86 1
17 87 120
17 88 110
17 89 65
17 90 70
17 91 27
17 92 24
17 93 15
17 94 128
17 95 149
17 96 17
17 97 117
17 98 60
17 99 115
18 19 154
18 20 194
18 21 65
18 22 193
18 23 74
18 24 112
18 25 129
18 26 126
18 27 75
18 28 59
18 29 52
18 30 43
18 31 60
18 32 86
18 33 168
18 34 158
18 35 116
18 36 77
18 37 97
18 38 33
18 39 172
18 40 15
18 41 137
18 42 197
18 43 141
18 44 170
18 45 69
18 46 148
18 47 57
18 48 45
18 49 100
18 50 109
18 51 43
18 52 188
18 53 155
18 54 35
18 55 195
18 56 157
18 57 44
18 58 173
18 59 8
18 60 193
18 61 40
18 62 90
18 63 170
18 64 26
18 65 170
18 66 129
18 67 65
18 68 152
18 69 9
18 70 140
18 71 111
18 72 167
18 73 58
18 74 23
18 75 37
18 76 75
18 77 11
18 78 65
18 79 19
18 80 66
18 81 84
18 82 163
18 83 187
18 84 162
18 85 67
18 86 188
18 87 65
18 88 130
18 89 149
18 90 179
18 91 77
18 92 170
18 93 63
18 94 122
18 95 5
18 96 173
18 97 113
18 98 78
18 99 6
19 20 20
19 21 167
19 22 21
19 23 117
19 24 39
19 25 64
19 26 199
19 27 114
19 28 162
19 29 130
19 30 197
19 31 4
19 32 57
19 33 129
19 34 155
19 35 0
19 36 22
19 37 120
19 38 99
19 39 146
19 40 67
19 41 72
19 42 23
19 43 5
19 44 46
19 45 45
19 46 18
19 47 35
19 48 63
19 49 67
19 50 123
19 51 101
19 52 199
19 53 25
19 54 198
19 55 177
19 56 163
19 57 169
19 58 185
19 59 50
19 60 192
19 61 44
19 62 93
19 63 113
19 64 32
19 65 36
19 66 47
19 67 60
19 68 149
19 69 38
19 70 105
19 71 100
19 72 44
19 73 172
19 74 38
19 75 91
19 76 196
19 77 72
19 78 85
19 79 175
19 80 149
19 81 70
19 82 43
19 83 51
19 84 145
19 85 63
19 86 162
19 87 145
19 88 11
19 89 166
19 90 88
19 91 47
19 92 114
19 93 100
19 94 48
19 95 194
19 96 1
19 97 185
19 98 19
19 99 98
20 21 118
20 22 200
20 23 46
20 24 181
20 25 88
20 26 167
20 27 19
20 28 74
20 29 5
20 30 113
20 31 10
20 32 183
20 33 7
20 34 124
20 35 15
20 36 162
20 37 6
20 38 191
20 39 173
20 40 86
20 41 3
20 42 34
20 43 185
20 44 180
20 45 108
20 46 181
20 47 114
20 48 66
20 49 38
20 50 142
20 51 18
20 52 1
20 53 56
20 54 79
20 55 83
20 56 191
20 57 50
20 58 40
20 59 120
20 60 173
20 61 72
20 62 123
20 63 183
20 64 128
20 65 84
20 66 29
20 67 73
20 68 29
20 69 179
20 70 109
20 71 183
20 72 163
20 73 48
20 74 7
20 75 190
20 76 184
20 77 39
20 78 144
20 79 117
20 80 38
20 81 163
20 82 78
20 83 11
20 84 189
20 85 102
20 86 2
20 87 82
20 88 33
20 89 142
20 90 98
20 91 85
20 92 107
20 93 169
20 94 172
20 95 168
20 96 24
20 97 132
20 98 135
20 99 99
21 22 143
21 23 160
21 24 95
21 25 108
21 26 37
21 27 2
21 28 116
21 29 158
21 30 94
21 31 126
21 32 14
21 33 0
21 34 162
21 35 178
21 36 71
21 37 193
21 38 61
21 39 107
21 40 195
21 41 152
21 42 96
21 43 175
21 44 53
21 45 146
21 46 73
21 47 39
21 48 112
21 49 58
21 50 48
21 51 110
21 52 100
21 53 90
21 54 4
21 55 135
21 56 152
21 57 79
21 58 114
21 59 120
21 60 36
21 61 106
21 62 1
21 63 45
21 64 123
21 65 96
21 66 199
21 67 94
21 68 175
21 69 134
21 70 190
21 71 134
21 72 105
21 73 147
21 74 13
21 75 199
21 76 72
21 77 44
21 78 67
21 79 55
21 80 63
21 81 4
21 82 36
21 83 71
21 84 14
21 85 80
21 86 172
21 87 33
21 88 29
21 89 66
21 90 200
21 91 30
21 92 21
21 93 134
21 94 1
21 95 151
21 96 107
21 97 14
21 98 181
21 99 172
22 23 96
22 24 68
22 25 52
22 26 44
22 27 29
22 28 110
22 29 14
22 30 43
22 31 141
22 32 126
22 33 2
22 34 193
22 35 25
22 36 48
22 37 103
22 38 13
22 39 71
22 40 8
22 41 75
22 42 131
22 43 18
22 44 129
22 45 53
22 46 2
22 47 96
22 48 30
22 49 101
22 50 78
22 51 110
22 52 84
22 53 133
22 54 45
22 55 167
22 56 163
22 57 181
22 58 162
22 59 53
22 60 171
22 61 160
22 62 196
22 63 84
22 64 27
22 65 200
22 66 109
22 67 188
22 68 156
22 69 101
22 70 40
22 71 134
22 72 49
22 73 32
22 74 145
22 75 183
22 76 46
22 77 67
22 78 121
22 79 21
22 80 75
22 81 146
22 82 0
22 83 32
22 84 88
22 85 47
22 86 7
22 87 89
22 88 77
22 89 16
22 90 8
22 91 184
22 92 84
22 93 101
22 94 187
22 95 198
22 96 96
22 97 23
22 98 117
22 99 105
23 24 25
23 25 112
23 26 148
23 27 193
23 28 94
23 29 186
23 30 185
23 31 121
23 32 139
23 33 171
23 34 169
23 35 146
23 36 64
23 37 48
23 38 75
23 39 158
23 40 146
23 41 169
23 42 80
23 43 119
23 44 102
23 45 17
23 46 84
23 47 95
23 48 200
23 49 183
23 50 81
23 51 129
23 52 104
23 53 1
23 54 84
23 55 199
23 56 120
23 57 62
23 58 187
23 59 70
23 60 130
23 61 29
23 62 149
23 63 64
23 64 46
23 65 123
23 66 98
23 67 112
23 68 179
23 69 41
23 70 173
23 71 181
23 72 49
23 73 124
23 74 154
23 75 194
23 76 121
23 77 150
23 78 59
23 79 175
23 80 189
23 81 176
23 82 18
23 83 150
23 84 115
23 85 138
23 86 28
23 87 101
23 88 64
23 89 119
23 90 59
23 91 88
23 92 180
23 93 149
23 94 135
23 95 195
23 96 49
23 97 124
23 98 37
23 99 200
24 25 42
24 26 24
24 27 167
24 28 85
24 29 128
24 30 167
24 31 151
24 32 109
24 33 78
24 34 69
24 35 133
24 36 139
24 37 173
24 38 184
24 39 184
24 40 195
24 41 63
24 42 186
24 43 43
24 44 55
24 45 121
24 46 52
24 47 120
24 48 9
24 49 59
24 50 127
24 51 37
24 52 73
24 53 134
24 54 110
24 55 96
24 56 15
24 57 38
24 58 156
24 59 123
24 60 105
24 61 32
24 62 127
24 63 73
24 64 139
24 65 179
24 66 62
24 67 92
24 68 168
24 69 144
24 70 69
24 71 153
24 72 24
24 73 44
24 74 73
24 75 26
24 76 38
24 77 151
24 78 185
24 79 168
24 80 31
24 81 200
24 82 22
24 83 134
24 84 154
24 85 108
24 86 187
24 87 47
24 88 189
24 89 169
24 90 99
24 91 89
24 92 156
24 93 190
24 94 26
24 95 4
24 96 6
24 97 33
24 98 112
24 99 75
25 26 199
25 27 137
25 28 134
25 29 55
25 30 25
25 31 41
25 32 3
25 33 41
25 34 28
25 35 67
25 36 51
25 37 160
25 38 51
25 39 95
25 40 147
25 41 7
25 42 192
25 43 96
25 44 123
25 45 30
25 46 104
25 47 38
25 48 35
25 49 11
25 50 117
25 51 1
25 52 52
25 53 112
25 54 39
25 55 144
25 56 85
25 57 197
25 58 143
25 59 181
25 60 10
25 61 25
25 62 40
25 63 88
25 64 178
25 65 90
25 66 56
25 67 134
25 68 65
25 69 16
25 70 161
25 71 1
25 72 152
25 73 13
25 74 131
25 75 26
25 76 130
25 77 129
25 78 117
25 79 3
25 80 35
25 81 4
25 82 177
25 83 1
25 84 153
25 85 81
25 86 199
25 87 187
25 88 173
25 89 175
25 90 94
25 91 47
25 92 92
25 93 93
25 94 12
25 95 83
25 96 10
25 97 190
25 98 18
25 99 173
26 27 161
26 28 116
26 29 182
26 30 119
26 31 159
26 32 65
26 33 177
26 34 157
26 35 14
26 36 190
26 37 133
26 38 68
26 39 68
26 40 171
26 41 16
26 42 157
26 43 151
26 44 141
26 45 122
26 46 60
26 47 127
26 48 144
26 49 36
26 50 130
26 51 29
26 52 17
26 53 162
26 54 168
26 55 5
26 56 156
26 57 70
26 58 180
26 59 81
26 60 177
26 61 143
26 62 14
26 63 133
26 64 196
26 65 74
26 66 124
26 67 24
26 68 86
26 69 48
26 70 109
26 71 21
26 72 58
26 73 191
26 74 49
26 75 40
26 76 44
26 77 147
26 78 66
26 79 37
26 80 133
26 81 35
26 82 157
26 83 193
26 84 25
26 85 86
26 86 32
26 87 86
26 88 149
26 89 80
26 90 178
26 91 17
26 92 93
26 93 105
26 94 10
26 95 89
26 96 12
26 97 197
26 98 174
26 99 170
27 28 100
27 29 17
27 30 8
27 31 128
27 32 130
27 33 143
27 34 172
27 35 59
27 36 82
27 37 100
27 38 14
27 39 15
27 40 44
27 41 79
27 42 118
27 43 115
27 44 11
27 45 169
27 46 129
27 47 51
27 48 77
27 49 35
27 50 194
27 51 121
27 52 107
27 53 16
27 54 159
27 55 28
27 56 167
27 57 79
27 58 173
27 59 140
27 60 125
27 61 42
27 62 25
27 63 89
27 64 66
27 65 154
27 66 3
27 67 88
27 68 48
27 69 194
27 70 131
27 71 11
27 72 44
27 73 70
27 74 76
27 75 161
27 76 119
27 77 124
27 78 161
27 79 2
27 80 78
27 81 176
27 82 57
27 83 78
27 84 157
27 85 36
27 86 184
27 87 137
27 88 192
27 89 188
27 90 57
27 91 13
27 92 84
27 93 174
27 94 26
27 95 88
27 96 28
27 97 125
27 98 176
27 99 100
28 29 103
28 30 101
28 31 134
28 32 122
28 33 22
28 34 161
28 35 131
28 36 102
28 37 8
28 38 18
28 39 138
28 40 106
28 41 109
28 42 88
28 43 56
28 44 84
28 45 155
28 46 110
28 47 39
28 48 99
28 49 107
28 50 80
28 51 21
28 52 23
28 53 85
28 54 150
28 55 171
28 56 128
28 57 13
28 58 193
28 59 133
28 60 126
28 61 148
28 62 39
28 63 89
28 64 179
28 65 66
28 66 53
28 67 113
28 68 160
28 69 74
28 70 200
28 71 24
28 72 178
28 73 92
28 74 132
28 75 71
28 76 151
28 77 167
28 78 89
28 79 138
28 80 153
28 81 100
28 82 44
28 83 63
28 84 170
28 85 62
28 86 106
28 87 200
28 88 20
28 89 165
28 90 93
28 91 191
28 92 133
28 93 175
28 94 111
28 95 185
28 96 34
28 97 114
28 98 131
28 99 23
29 30 35
29 31 20
29 32 32
29 33 122
29 34 150
29 35 70
29 36 135
29 37 47
29 38 120
29 39 168
29 40 96
29 41 87
29 42 160
29 43 58
29 44 94
29 45 52
29 46 121
29 47 114
29 48 97
29 49 4
29 50 56
29 51 49
29 52 77
29 53 123
29 54 119
29 55 65
29 56 144
29 57 107
29 58 103
29 59 74
29 60 104
29 61 151
29 62 40
29 63 135
29 64 54
29 65 166
29 66 123
29 67 97
29 68 6
29 69 199
29 70 137
29 71 67
29 72 132
29 73 30
29 74 44
29 75 31
29 76 7
29 77 122
29 78 4
29 79 35
29 80 38
29 81 165
29 82 192
29 83 171
29 84 185
29 85 9
29 86 138
29 87 133
29 88 158
29 89 6
29 90 36
29 91 19
29 92 181
29 93 123
29 94 37
29 95 103
29 96 147
29 97 61
29 98 193
29 99 101
30 31 2
30 32 104
30 33 109
30 34 78
30 35 131
30 36 3
30 37 194
30 38 44
30 39 186
30 40 120
30 41 78
30 42 193
30 43 62
30 44 191
30 45 7
30 46 76
30 47 7
30 48 85
30 49 195
30 50 193
30 51 43
30 52 145
30 53 133
30 54 145
30 55 184
30 56 90
30 57 122
30 58 150
30 59 5
30 60 88
30 61 27
30 62 173
30 63 181
30 64 156
30 65 60
30 66 92
30 67 7
30 68 103
30 69 48
30 70 30
30 71 171
30 72 200
30 73 42
30 74 159
30 75 53
30 76 104
30 77 176
30 78 130
30 79 95
30 80 163
30 81 64
30 82 46
30 83 154
30 84 37
30 85 73
30 86 147
30 87 96
30 88 60
30 89 111
30 90 73
30 91 48
30 92 37
30 93 125
30 94 138
30 95 26
30 96 31
30 97 87
30 98 73
30 99 41
31 32 130
31 33 163
31 34 144
31 35 144
31 36 35
31 37 6
31 38 12
31 39 49
31 40 142
31 41 52
31 42 86
31 43 167
31 44 187
31 45 101
31 46 120
31 47 9
31 48 30
31 49 103
31 50 86
31 51 3
31 52 77
31 53 101
31 54 152
31 55 12
31 56 177
31 57 78
31 58 195
31 59 98
31 60 118
31 61 144
31 62 122
31 63 114
31 64 127
31 65 166
31 66 167
31 67 75
31 68 25
31 69 162
31 70 185
31 71 122
31 72 68
31 73 4
31 74 95
31 75 79
31 76 108
31 77 79
31 78 80
31 79 128
31 80 33
31 81 127
31 82 16
31 83 19
31 84 117
31 85 82
31 86 97
31 87 125
31 88 130
31 89 52
31 90 151
31 91 91
31 92 81
31 93 148
31 94 24
31 95 35
31 96 102
31 97 183
31 98 35
31 99 117
32 33 83
32 34 115
32 35 125
32 36 97
32 37 192
32 38 131
32 39 185
32 40 38
32 41 133
32 42 75
32 43 156
32 44 147
32 45 193
32 46 51
32 47 146
32 48 52
32 49 38
32 50 183
32 51 163
32 52 148
32 53 110
32 54 58
32 55 104
32 56 51
32 57 95
32 58 85
32 59 141
32 60 22
32 61 127
32 62 40
32 63 57
32 64 47
32 65 195
32 66 4
32 67 120
32 68 180
32 69 26
32 70 179
32 71 153
32 72 30
32 73 74
32 74 3
32 75 11
32 76 50
32 77 86
32 78 46
32 79 124
32 80 91
32 81 9
32 82 77
32 83 162
32 84 91
32 85 127
32 86 132
32 87 13
32 88 83
32 89 69
32 90 18
32 91 129
32 92 196
32 93 198
32 94 91
32 95 185
32 96 123
32 97 45
32 98 96
32 99 197
33 34 181
33 35 188
33 36 116
33 37 118
33 38 8
33 39 35
33 40 173
33 41 67
33 42 7
33 43 178
33 44 181
33 45 102
33 46 85
33 47 135
33 48 128
33 49 142
33 50 10
33 51 40
33 52 191
33 53 197
33 54 11
33 55 7
33 56 147
33 57 122
33 58 15
33 59 151
33 60 123
33 61 45
33 62 121
33 63 184
33 64 172
33 65 172
33 66 114
33 67 98
33 68 50
33 69 121
33 70 94
33 71 180
33 72 22
33 73 85
33 74 188
33 75 23
33 76 133
33 77 35
33 78 118
33 79 41
33 80 134
33 81 125
33 82 125
33 83 164
33 84 2
33 85 34
33 86 115
33 87 98
33 88 154
33 89 105
33 90 181
33 91 63
33 92 94
33 93 157
33 94 126
33 95 100
33 96 192
33 97 137
33 98 147
33 99 143
34 35 145
34 36 189
34 37 17
34 38 199
34 39 164
34 40 106
34 41 198
34 42 151
34 43 195
34 44 156
34 45 82
34 46 92
34 47 169
34 48 89
34 49 64
34 50 97
34 51 135
34 52 139
34 53 52
34 54 72
34 55 72
34 56 34
34 57 177
34 58 43
34 59 98
34 60 78
34 61 117
34 62 126
34 63 87
34 64 113
34 65 133
34 66 162
34 67 141
34 68 57
34 69 131
34 70 116
34 71 173
34 72 82
34 73 20
34 74 172
34 75 197
34 76 190
34 77 73
34 78 143
34 79 113
34 80 78
34 81 98
34 82 11
34 83 14
34 84 15
34 85 188
34 86 147
34 87 158
34 88 197
34 89 177
34 90 70
34 91 27
34 92 82
34 93 25
34 94 109
34 95 1
34 96 154
34 97 53
34 98 53
34 99 195
35 36 95
35 37 10
35 38 87
35 39 115
35 40 137
35 41 44
35 42 95
35 43 166
35 44 162
35 45 62
35 46 23
35 47 95
35 48 45
35 49 28
35 50 69
35 51 59
35 52 39
35 53 98
35 54 113
35 55 20
35 56 84
35 57 172
35 58 2
35 59 93
35 60 167
35 61 125
35 62 69
35 63 4
35 64 166
35 65 75
35 66 105
35 67 98
35 68 137
35 69 69
35 70 27
35 71 20
35 72 150
35 73 92
35 74 168
35 75 7
35 76 142
35 77 68
35 78 146
35 79 86
35 80 125
35 81 23
35 82 161
35 83 188
35 84 181
35 85 128
35 86 167
35 87 79
35 88 61
35 89 95
35 90 23
35 91 4
35 92 71
35 93 127
35 94 185
35 95 12
35 96 190
35 97 140
35 98 119
35 99 95
36 37 118
36 38 185
36 39 46
36 40 67
36 41 77
36 42 102
36 43 125
36 44 171
36 45 32
36 46 31
36 47 147
36 48 81
36 49 174
36 50 152
36 51 106
36 52 33
36 53 50
36 54 68
36 55 119
36 56 157
36 57 31
36 58 147
36 59 74
36 60 65
36 61 35
36 62 54
36 63 36
36 64 103
36 65 101
36 66 51
36 67 67
36 68 198
36 69 190
36 70 38
36 71 29
36 72 174
36 73 174
36 74 179
36 75 176
36 76 151
36 77 138
36 78 176
36 79 0
36 80 74
36 81 65
36 82 113
36 83 145
36 84 189
36 85 158
36 86 154
36 87 163
36 88 91
36 89 133
36 90 138
36 91 174
36 92 54
36 93 184
36 94 191
36 95 67
36 96 159
36 97 54
36 98 82
36 99 108
37 38 80
37 39 78
37 40 141
37 41 100
37 42 99
37 43 40
37 44 168
37 45 159
37 46 4
37 47 108
37 48 97
37 49 106
37 50 98
37 51 70
37 52 146
37 53 133
37 54 82
37 55 16
37 56 41
37 57 78
37 58 35
37 59 116
37 60 113
37 61 78
37 62 49
37 63 45
37 64 42
37 65 149
37 66 120
37 67 27
37 68 175
37 69 98
37 70 78
37 71 105
37 72 145
37 73 138
37 74 104
37 75 72
37 76 94
37 77 54
37 78 192
37 79 171
37 80 194
37 81 94
37 82 96
37 83 176
37 84 140
37 85 166
37 86 27
37 87 191
37 88 5
37 89 31
37 90 97
37 91 57
37 92 148
37 93 86
37 94 61
37 95 41
37 96 103
37 97 41
37 98 85
37 99 112
38 39 65
38 40 40
38 41 7
38 42 5
38 43 135
38 44 39
38 45 58
38 46 8
38 47 135
38 48 180
38 49 158
38 50 120
38 51 83
38 52 133
38 53 88
38 54 143
38 55 70
38 56 26
38 57 177
38 58 123
38 59 188
38 60 152
38 61 195
38 62 95
38 63 119
38 64 123
38 65 23
38 66 119
38 67 194
38 68 184
38 69 9
38 70 118
38 71 90
38 72 98
38 73 145
38 74 143
38 75 134
38 76 71
38 77 111
38 78 169
38 79 22
38 80 119
38 81 136
38 82 127
38 83 131
38 84 190
38 85 77
38 86 160
38 87 12
38 88 94
38 89 185
38 90 38
38 91 2
38 92 174
38 93 176
38 94 141
38 95 57
38 96 100
38 97 140
38 98 5
38 99 84
39 40 23
39 41 42
39 42 140
39 43 109
39 44 143
39 45 38
39 46 10
39 47 150
39 48 106
39 49 192
39 50 45
39 51 41
39 52 90
39 53 39
39 54 160
39 55 164
39 56 5
39 57 33
39 58 153
39 59 120
39 60 76
39 61 113
39 62 52
39 63 138
39 64 36
39 65 60
39 66 65
39 67 20
39 68 119
39 69 2
39 70 103
39 71 142
39 72 166
39 73 114
39 74 171
39 75 160
39 76 143
39 77 145
39 78 61
39 79 40
39 80 165
39 81 51
39 82 44
39 83 115
39 84 12
39 85 197
39 86 181
39 87 67
39 88 168
39 89 102
39 90 200
39 91 103
39 92 86
39 93 112
39 94 101
39 95 169
39 96 170
39 97 35
39 98 154
39 99 89
40 41 129
40 42 179
40 43 46
40 44 75
40 45 60
40 46 69
40 47 93
40 48 2
40 49 114
40 50 104
40 51 172
40 52 158
40 53 60
40 54 32
40 55 138
40 56 185
40 57 111
40 58 177
40 59 108
40 60 21
40 61 130
40 62 168
40 63 133
40 64 94
40 65 79
40 66 137
40 67 188
40 68 85
40 69 63
40 70 73
40 71 123
40 72 113
40 73 193
40 74 2
40 75 8
40 76 169
40 77 138
40 78 47
40 79 30
40 80 196
40 81 141
40 82 28
40 83 170
40 84 191
40 85 27
40 86 140
40 87 55
40 88 174
40 89 4
40 90 63
40 91 105
40 92 38
40 93 145
40 94 24
40 95 159
40 96 189
40 97 65
40 98 98
40 99 35
41 42 163
41 43 179
41 44 107
41 45 129
41 46 51
41 47 16
41 48 90
41 49 87
41 50 134
41 51 5
41 52 57
41 53 112
41 54 193
41 55 39
41 56 104
41 57 103
41 58 77
41 59 128
41 60 95
41 61 76
41 62 143
41 63 67
41 64 50
41 65 188
41 66 155
41 67 177
41 68 151
41 69 119
41 70 150
41 71 102
41 72 176
41 73 158
41 74 111
41 75 14
41 76 100
41 77 21
41 78 120
41 79 72
41 80 104
41 81 155
41 82 42
41 83 119
41 84 65
41 85 18
41 86 43
41 87 89
41 88 57
41 89 129
41 90 166
41 91 180
41 92 63
41 93 195
41 94 117
41 95 158
41 96 43
41 97 150
41 98 163
41 99 75
42 43 147
42 44 53
42 45 131
42 46 173
42 47 153
42 48 156
42 49 38
42 50 82
42 51 104
42 52 169
42 53 3
42 54 61
42 55 196
42 56 63
42 57 119
42 58 158
42 59 5
42 60 141
42 61 103
42 62 22
42 63 198
42 64 5
42 65 78
42 66 83
42 67 27
42 68 193
42 69 200
42 70 187
42 71 107
42 72 62
42 73 26
42 74 148
42 75 161
42 76 56
42 77 45
42 78 48
42 79 19
42 80 58
42 81 154
42 82 89
42 83 69
42 84 81
42 85 5
42 86 55
42 87 119
42 88 81
42 89 186
42 90 168
42 91 187
42 92 46
42 93 162
42 94 60
42 95 96
42 96 183
42 97 119
42 98 149
42 99 193
43 44 147
43 45 153
43 46 91
43 47 17
43 48 198
43 49 187
43 50 146
43 51 159
43 52 17
43 53 200
43 54 119
43 55 18
43 56 121
43 57 136
43 58 159
43 59 182
43 60 73
43 61 49
43 62 16
43 63 66
43 64 109
43 65 84
43 66 196
43 67 129
43 68 67
43 69 46
43 70 190
43 71 61
43 72 147
43 73 196
43 74 76
43 75 29
43 76 44
43 77 73
43 78 11
43 79 35
43 80 14
43 81 5
43 82 21
43 83 88
43 84 167
43 85 84
43 86 186
43 87 96
43 88 35
43 89 84
43 90 45
43 91 49
43 92 89
43 93 108
43 94 123
43 95 128
43 96 109
43 97 194
43 98 121
43 99 8
44 45 85
44 46 104
44 47 74
44 48 153
44 49 33
44 50 140
44 51 0
44 52 153
44 53 114
44 54 38
44 55 117
44 56 164
44 57 42
44 58 174
44 59 189
44 60 158
44 61 18
44 62 190
44 63 53
44 64 174
44 65 115
44 66 131
44 67 90
44 68 14
44 69 97
44 70 51
44 71 111
44 72 116
44 73 181
44 74 156
44 75 20
44 76 100
44 77 47
44 78 64
44 79 22
44 80 185
44 81 67
44 82 104
44 83 151
44 84 179
44 85 99
44 86 17
44 87 50
44 88 199
44 89 186
44 90 5
44 91 163
44 92 167
44 93 153
44 94 121
44 95 56
44 96 181
44 97 138
44 98 59
44 99 181
45 46 29
45 47 64
45 48 64
45 49 192
45 50 155
45 51 49
45 52 166
45 53 89
45 54 63
45 55 29
45 56 114
45 57 160
45 58 48
45 59 176
45 60 83
45 61 61
45 62 133
45 63 60
45 64 65
45 65 195
45 66 38
45 67 5
45 68 188
45 69 1
45 70 135
45 71 136
45 72 19
45 73 152
45 74 94
45 75 104
45 76 34
45 77 155
45 78 147
45 79 125
45 80 157
45 81 74
45 82 90
45 83 8
45 84 70
45 85 132
45 86 13
45 87 121
45 88 188
45 89 173
45 90 175
45 91 35
45 92 165
45 93 134
45 94 18
45 95 55
45 96 48
45 97 79
45 98 6
45 99 128
46 47 36
46 48 69
46 49 13
46 50 184
46 51 158
46 52 125
46 53 73
46 54 110
46 55 76
46 56 166
46 57 102
46 58 42
46 59 99
46 60 41
46 61 107
46 62 125
46 63 76
46 64 48
46 65 21
46 66 92
46 67 54
46 68 5
46 69 113
46 70 175
46 71 180
46 72 60
46 73 112
46 74 102
46 75 36
46 76 73
46 77 88
46 78 149
46 79 152
46 80 145
46 81 91
46 82 156
46 83 21
46 84 73
46 85 133
46 86 37
46 87 78
46 88 163
46 89 6
46 90 186
46 91 100
46 92 180
46 93 126
46 94 168
46 95 173
46 96 144
46 97 16
46 98 178
46 99 116
47 48 98
47 49 123
47 50 131
47 51 112
47 52 163
47 53 181
47 54 43
47 55 184
47 56 87
47 57 155
47 58 120
47 59 114
47 60 168
47 61 156
47 62 20
47 63 149
47 64 24
47 65 81
47 66 137
47 67 27
47 68 89
47 69 105
47 70 109
47 71 19
47 72 89
47 73 140
47 74 78
47 75 78
47 76 117
47 77 54
47 78 92
47 79 35
47 80 110
47 81 67
47 82 70
47 83 103
47 84 157
47 85 98
47 86 31
47 87 118
47 88 166
47 89 161
47 90 148
47 91 87
47 92 14
47 93 127
47 94 174
47 95 195
47 96 53
47 97 46
47 98 1
47 99 33
48 49 193
48 50 31
48 51 129
48 52 162
48 53 96
48 54 200
48 55 135
48 56 152
48 57 91
48 58 15
48 59 164
48 60 187
48 61 166
48 62 142
48 63 40
48 64 73
48 65 52
48 66 120
48 67 78
48 68 34
48 69 60
48 70 31
48 71 186
48 72 62
48 73 88
48 74 28
48 75 196
48 76 149
48 77 6
48 78 71
48 79 115
48 80 30
48 81 54
48 82 105
48 83 165
48 84 169
48 85 23
48 86 75
48 87 38
48 88 16
48 89 134
48 90 37
48 91 18
48 92 124
48 93 182
48 94 101
48 95 194
48 96 153
48 97 139
48 98 176
48 99 77
49 50 178
49 51 52
49 52 79
49 53 26
49 54 165
49 55 144
49 56 49
49 57 98
49 58 29
49 59 116
49 60 87
49 61 142
49 62 103
49 63 48
49 64 54
49 65 4
49 66 116
49 67 113
49 68 19
49 69 121
49 70 190
49 71 24
49 72 42
49 73 5
49 74 48
49 75 33
49 76 178
49 77 20
49 78 40
49 79 31
49 80 115
49 81 45
49 82 161
49 83 176
49 84 129
49 85 81
49 86 80
49 87 66
49 88 63
49 89 112
49 90 29
49 91 149
49 92 139
49 93 58
49 94 66
49 95 195
49 96 88
49 97 178
49 98 194
49 99 97
