100 4905
0 1 126
0 2 50
0 3 152
0 4 111
0 5 151
0 6 178
0 7 169
0 8 25
0 9 133
0 10 99
0 11 109
0 12 55
0 13 27
0 14 193
0 15 44
0 16 123
0 17 38
0 18 23
0 19 143
0 20 24
0 21 150
0 22 198
0 23 46
0 24 197
0 25 194
0 26 40
0 27 28
0 28 134
0 29 132
0 30 10
0 31 194
0 32 80
0 33 19
0 34 150
0 35 172
0 36 155
0 37 115
0 38 86
0 39 72
0 40 196
0 41 101
0 42 161
0 43 118
0 44 68
0 45 95
0 46 86
0 47 40
0 48 161
0 49 77
0 50 134
0 51 72
0 52 58
0 53 73
0 54 141
0 55 186
0 56 198
0 57 170
0 58 12
0 59 144
0 60 124
0 61 32
0 62 190
0 63 171
0 64 85
0 65 170
0 66 98
0 67 183
0 68 22
0 69 38
0 70 126
0 71 120
0 72 64
0 73 88
0 74 134
0 75 100
0 76 178
0 77 200
0 78 162
0 79 137
0 80 48
0 81 53
0 82 158
0 83 44
0 84 130
0 85 13
0 86 33
0 87 103
0 88 117
0 89 122
0 90 35
0 91 59
0 92 137
0 93 109
0 94 166
0 95 57
0 96 186
0 97 12
0 98 182
0 99 181
1 2 60
1 3 192
1 4 154
1 5 64
1 6 32
1 7 143
1 8 165
1 9 123
1 10 172
1 11 158
1 12 167
1 13 22
1 14 165
1 15 91
1 16 146
1 17 164
1 18 58
1 19 117
1 20 63
1 21 195
1 22 182
1 23 198
1 24 164
1 25 111
1 26 67
1 27 90
1 28 91
1 29 97
1 30 87
1 31 99
1 32 61
1 33 192
1 34 136
1 35 112
1 36 53
1 37 96
1 38 94
1 39 175
1 40 4
1 41 34
1 42 113
1 43 115
1 44 190
1 45 182
1 46 131
1 47 168
1 48 98
1 49 127
1 50 144
1 51 17
1 52 55
1 53 129
1 54 28
1 55 154
1 56 161
1 57 93
1 58 129
1 59 79
1 60 193
1 61 164
1 62 149
1 63 178
1 64 166
1 65 193
1 66 153
1 67 90
1 68 84
1 69 196
1 70 137
1 71 87
1 72 32
1 73 149
1 74 71
1 75 109
1 76 161
1 77 3
1 78 21
1 79 187
1 80 145
1 81 94
1 82 78
1 83 123
1 84 128
1 85 141
1 86 146
1 87 109
1 88 149
1 89 147
1 90 174
1 91 0
1 92 147
1 93 166
1 94 0
1 95 35
1 96 79
1 97 193
1 98 80
1 99 128
2 3 185
2 4 122
2 5 31
2 6 167
2 7 101
2 8 89
2 9 114
2 10 192
2 11 44
2 12 122
2 13 80
2 14 192
2 15 109
2 16 66
2 17 26
2 18 26
2 19 136
2 20 31
2 21 131
2 22 164
2 23 179
2 24 187
2 25 35
2 26 94
2 27 110
2 28 180
2 29 93
2 30 69
2 31 115
2 32 161
2 33 154
2 34 186
2 35 97
2 36 115
2 37 106
2 38 182
2 39 35
2 40 66
2 41 66
2 42 51
2 43 184
2 44 48
2 45 16
2 46 146
2 47 122
2 48 115
2 49 157
2 50 134
2 51 87
2 52 180
2 53 108
2 54 108
2 55 155
2 56 66
2 57 64
2 58 132
2 59 97
2 60 61
2 61 33
2 62 15
2 63 183
2 64 192
2 65 195
2 66 30
2 67 154
2 68 91
2 69 164
2 70 59
2 71 145
2 72 81
2 73 162
2 74 37
2 75 173
2 76 172
2 77 143
2 78 83
2 79 10
2 80 36
2 81 70
2 82 82
2 83 20
2 84 104
2 85 45
2 86 197
2 87 1
2 88 154
2 89 200
2 90 174
2 91 80
2 92 1
2 93 118
2 94 93
2 95 188
2 96 186
2 97 150
2 98 7
2 99 102
3 4 45
3 5 154
3 6 87
3 7 3
3 8 148
3 9 119
3 10 157
3 11 57
3 12 64
3 13 23
3 14 90
3 15 200
3 16 126
3 17 38
3 18 124
3 19 151
3 20 22
3 21 175
3 22 185
3 23 106
3 24 105
3 25 42
3 26 160
3 27 74
3 28 125
3 29 4
3 30 191
3 31 197
3 32 93
3 33 69
3 34 6
3 35 131
3 36 52
3 37 103
3 38 42
3 39 41
3 40 189
3 41 23
3 42 184
3 43 28
3 44 125
3 45 142
3 46 120
3 47 30
3 48 39
3 49 62
3 50 75
3 51 200
3 52 177
3 53 17
3 54 187
3 55 51
3 56 125
3 57 75
3 58 17
3 59 83
3 60 187
3 61 23
3 62 42
3 63 160
3 64 115
3 65 167
3 66 52
3 67 128
3 68 101
3 69 55
3 70 141
3 71 73
3 72 194
3 73 167
3 74 11
3 75 106
3 76 134
3 77 59
3 78 47
3 79 13
3 80 22
3 81 162
3 82 182
3 83 105
3 84 194
3 85 85
3 86 195
3 87 172
3 88 112
3 89 72
3 90 28
3 91 128
3 92 189
3 93 200
3 94 87
3 95 165
3 96 32
3 97 8
3 98 148
3 99 12
4 5 156
4 6 175
4 7 151
4 8 22
4 9 67
4 10 145
4 11 37
4 12 196
4 13 27
4 14 54
4 15 74
4 16 1
4 17 161
4 18 71
4 19 37
4 20 173
4 21 110
4 22 26
4 23 164
4 24 18
4 25 127
4 26 134
4 27 41
4 28 61
4 29 106
4 30 176
4 31 182
4 32 139
4 33 65
4 34 139
4 35 121
4 36 91
4 37 49
4 38 35
4 39 197
4 40 67
4 41 40
4 42 153
4 43 23
4 44 124
4 45 136
4 46 93
4 47 98
4 48 192
4 49 87
4 50 103
4 51 85
4 52 151
4 53 95
4 54 70
4 55 180
4 56 100
4 57 194
4 58 57
4 59 30
4 60 190
4 61 62
4 62 10
4 63 112
4 64 52
4 65 177
4 66 167
4 67 116
4 68 114
4 69 130
4 70 4
4 71 141
4 72 85
4 73 156
4 74 147
4 75 49
4 76 192
4 77 15
4 78 41
4 79 20
4 80 123
4 81 175
4 82 181
4 83 157
4 84 156
4 85 172
4 86 50
4 87 177
4 88 18
4 89 196
4 90 176
4 91 111
4 92 49
4 93 27
4 94 129
4 95 79
4 96 178
4 97 86
4 98 159
4 99 48
5 6 83
5 7 82
5 8 11
5 9 98
5 10 103
5 11 81
5 12 83
5 13 163
5 14 135
5 15 107
5 16 153
5 17 188
5 18 18
5 19 8
5 20 131
5 21 187
5 22 20
5 23 192
5 24 102
5 25 161
5 26 164
5 27 121
5 28 200
5 29 58
5 30 48
5 31 63
5 32 157
5 33 146
5 34 148
5 35 136
5 36 74
5 37 154
5 38 0
5 39 153
5 40 155
5 41 10
5 42 22
5 43 8
5 44 148
5 45 85
5 46 76
5 47 95
5 48 172
5 49 84
5 50 51
5 51 43
5 52 81
5 53 137
5 54 190
5 55 189
5 56 168
5 57 195
5 58 45
5 59 183
5 60 182
5 61 58
5 62 3
5 63 38
5 64 95
5 65 131
5 66 3
5 67 151
5 68 172
5 69 195
5 70 65
5 71 153
5 72 144
5 73 101
5 74 43
5 75 42
5 76 147
5 77 26
5 78 29
5 79 1
5 80 126
5 81 153
5 82 149
5 83 153
5 84 88
5 85 190
5 86 113
5 87 16
5 88 36
5 89 72
5 90 152
5 91 174
5 92 22
5 93 188
5 94 55
5 95 89
5 96 141
5 97 88
5 98 200
5 99 66
6 7 41
6 8 182
6 9 21
6 10 171
6 11 106
6 12 191
6 13 149
6 14 179
6 15 88
6 16 84
6 17 103
6 18 32
6 19 40
6 20 23
6 21 1
6 22 198
6 23 199
6 24 172
6 25 161
6 26 87
6 27 48
6 28 35
6 29 171
6 30 179
6 31 113
6 32 14
6 33 71
6 34 61
6 35 111
6 36 61
6 37 23
6 38 137
6 39 135
6 40 41
6 41 94
6 42 150
6 43 196
6 44 5
6 45 101
6 46 52
6 47 159
6 48 90
6 49 168
6 50 8
6 51 23
6 52 82
6 53 114
6 54 54
6 55 117
6 56 171
6 57 43
6 58 1
6 59 61
6 60 200
6 61 38
6 62 140
6 63 16
6 64 104
6 65 171
6 66 59
6 67 2
6 68 43
6 69 99
6 70 168
6 71 22
6 72 34
6 73 40
6 74 15
6 75 178
6 76 64
6 77 88
6 78 52
6 79 147
6 80 95
6 81 192
6 82 122
6 83 3
6 84 70
6 85 140
6 86 73
6 87 165
6 88 139
6 89 160
6 90 106
6 91 74
6 92 119
6 93 137
6 94 179
6 95 169
6 96 93
6 97 183
6 98 29
6 99 109
7 8 50
7 9 45
7 10 166
7 11 154
7 12 112
7 13 71
7 14 150
7 15 172
7 16 38
7 17 15
7 18 135
7 19 19
7 20 33
7 21 30
7 22 44
7 23 168
7 24 9
7 25 133
7 26 70
7 27 23
7 28 61
7 29 44
7 30 113
7 31 116
7 32 177
7 33 0
7 34 178
7 35 61
7 36 134
7 37 115
7 38 101
7 39 183
7 40 70
7 41 68
7 42 92
7 43 101
7 44 198
7 45 71
7 46 151
7 47 41
7 48 110
7 49 33
7 50 13
7 51 25
7 52 45
7 53 69
7 54 34
7 55 7
7 56 153
7 57 130
7 58 168
7 59 126
7 60 70
7 61 168
7 62 6
7 63 112
7 64 91
7 65 2
7 66 28
7 67 177
7 68 155
7 69 88
7 70 36
7 71 3
7 72 32
7 73 38
7 74 52
7 75 40
7 76 19
7 77 59
7 78 82
7 79 83
7 80 124
7 81 21
7 82 126
7 83 121
7 84 130
7 85 55
7 86 163
7 87 131
7 88 41
7 89 22
7 90 4
7 91 112
7 92 128
7 93 176
7 94 144
7 95 27
7 96 176
7 97 166
7 98 158
7 99 5
8 9 121
8 10 38
8 11 155
8 12 163
8 13 91
8 14 132
8 15 46
8 16 180
8 17 121
8 18 177
8 19 183
8 20 199
8 21 11
8 22 58
8 23 173
8 24 110
8 25 129
8 26 148
8 27 87
8 28 16
8 29 80
8 30 98
8 31 155
8 32 110
8 33 40
8 34 96
8 35 102
8 36 159
8 37 112
8 38 23
8 39 53
8 40 65
8 41 187
8 42 188
8 43 65
8 44 4
8 45 11
8 46 108
8 47 119
8 48 42
8 49 73
8 50 25
8 51 148
8 52 22
8 53 195
8 54 9
8 55 2
8 56 24
8 57 165
8 58 154
8 59 189
8 60 23
8 61 104
8 62 140
8 63 157
8 64 130
8 65 51
8 66 166
8 67 17
8 68 50
8 69 150
8 70 98
8 71 44
8 72 96
8 73 65
8 74 107
8 75 132
8 76 67
8 77 146
8 78 174
8 79 41
8 80 161
8 81 149
8 82 170
8 83 160
8 84 159
8 85 175
8 86 174
8 87 14
8 88 1
8 89 189
8 90 129
8 91 186
8 92 149
8 93 187
8 94 162
8 95 162
8 96 77
8 97 113
8 98 154
8 99 160
9 10 155
9 11 185
9 12 38
9 13 165
9 14 60
9 15 18
9 16 68
9 17 182
9 18 22
9 19 188
9 20 154
9 21 163
9 22 108
9 23 59
9 24 162
9 25 159
9 26 139
9 27 138
9 28 28
9 29 127
9 30 171
9 31 30
9 32 115
9 33 76
9 34 96
9 35 140
9 36 188
9 37 106
9 38 93
9 39 198
9 40 104
9 41 166
9 42 50
9 43 76
9 44 193
9 45 144
9 46 23
9 47 164
9 48 120
9 49 126
9 50 95
9 51 64
9 52 5
9 53 86
9 54 6
9 55 44
9 56 26
9 57 174
9 58 137
9 59 54
9 60 74
9 61 109
9 62 82
9 63 179
9 64 162
9 65 110
9 66 157
9 67 2
9 68 73
9 69 165
9 70 108
9 71 94
9 72 53
9 73 143
9 74 131
9 75 81
9 76 12
9 77 7
9 78 1
9 79 99
9 80 133
9 81 102
9 82 24
9 83 111
9 84 143
9 85 23
9 86 191
9 87 102
9 88 72
9 89 146
9 90 119
9 91 55
9 92 141
9 93 129
9 94 9
9 95 137
9 96 39
9 97 49
9 98 122
9 99 56
10 11 52
10 12 36
10 13 124
10 14 191
10 15 41
10 16 132
10 17 93
10 18 113
10 19 184
10 20 191
10 21 111
10 22 155
10 23 71
10 24 76
10 25 32
10 26 81
10 27 65
10 28 133
10 29 105
10 30 66
10 31 94
10 32 176
10 33 180
10 34 28
10 35 135
10 36 100
10 37 147
10 38 16
10 39 199
10 40 130
10 41 47
10 42 199
10 43 30
10 44 82
10 45 195
10 46 28
10 47 176
10 48 129
10 49 120
10 50 128
10 51 27
10 52 80
10 53 39
10 54 95
10 55 171
10 56 170
10 57 130
10 58 115
10 59 172
10 60 19
10 61 28
10 62 46
10 63 170
10 64 79
10 65 95
10 66 24
10 67 187
10 68 200
10 69 17
10 70 101
10 71 198
10 72 199
10 73 83
10 74 37
10 75 115
10 76 65
10 77 111
10 78 143
10 79 7
10 80 106
10 81 36
10 82 30
10 83 88
10 84 29
10 85 113
10 86 34
10 87 137
10 88 20
10 89 175
10 90 35
10 91 32
10 92 190
10 93 189
10 94 139
10 95 134
10 96 148
10 97 95
10 98 127
10 99 181
11 12 43
11 13 79
11 14 195
11 15 104
11 16 175
11 17 27
11 18 160
11 19 162
11 20 165
11 21 104
11 22 94
11 23 177
11 24 48
11 25 100
11 26 60
11 27 37
11 28 23
11 29 170
11 30 35
11 31 67
11 32 167
11 33 16
11 34 84
11 35 39
11 36 95
11 37 170
11 38 79
11 39 137
11 40 172
11 41 155
11 42 142
11 43 194
11 44 33
11 45 197
11 46 151
11 47 183
11 48 191
11 49 22
11 50 13
11 51 62
11 52 80
11 53 158
11 54 125
11 55 175
11 56 192
11 57 144
11 58 52
11 59 105
11 60 172
11 61 198
11 62 70
11 63 133
11 64 145
11 65 198
11 66 101
11 67 195
11 68 113
11 69 106
11 70 165
11 71 102
11 72 40
11 73 54
11 74 93
11 75 32
11 76 28
11 77 147
11 78 79
11 79 97
11 80 19
11 81 110
11 82 176
11 83 183
11 84 22
11 85 19
11 86 90
11 87 49
11 88 35
11 89 100
11 90 19
11 91 75
11 92 73
11 93 63
11 94 28
11 95 37
11 96 35
11 97 200
11 98 195
11 99 15
12 13 40
12 14 119
12 15 53
12 16 125
12 17 160
12 18 184
12 19 70
12 20 16
12 21 43
12 22 90
12 23 120
12 24 115
12 25 110
12 26 63
12 27 197
12 28 189
12 29 52
12 30 84
12 31 45
12 32 53
12 33 145
12 34 25
12 35 92
12 36 113
12 37 103
12 38 58
12 39 190
12 40 57
12 41 141
12 42 51
12 43 128
12 44 120
12 45 7
12 46 172
12 47 175
12 48 136
12 49 88
12 50 126
12 51 34
12 52 125
12 53 112
12 54 3
12 55 86
12 56 104
12 57 132
12 58 146
12 59 123
12 60 169
12 61 52
12 62 177
12 63 118
12 64 192
12 65 196
12 66 159
12 67 116
12 68 133
12 69 4
12 70 13
12 71 96
12 72 97
12 73 13
12 74 37
12 75 27
12 76 39
12 77 60
12 78 88
12 79 20
12 80 106
12 81 137
12 82 163
12 83 192
12 84 92
12 85 55
12 86 144
12 87 165
12 88 107
12 89 143
12 90 36
12 91 82
12 92 200
12 93 20
12 94 22
12 95 79
12 96 178
12 97 104
12 98 70
12 99 148
13 14 139
13 15 169
13 16 66
13 17 184
13 18 184
13 19 114
13 20 187
13 21 133
13 22 161
13 23 64
13 24 67
13 25 156
13 26 33
13 27 135
13 28 101
13 29 190
13 30 139
13 31 61
13 32 67
13 33 101
13 34 88
13 35 99
13 36 40
13 37 88
13 38 69
13 39 181
13 40 163
13 41 116
13 42 42
13 43 54
13 44 87
13 45 126
13 46 19
13 47 147
13 48 137
13 49 186
13 50 186
13 51 45
13 52 122
13 53 93
13 54 172
13 55 193
13 56 47
13 57 163
13 58 187
13 59 186
13 60 21
13 61 171
13 62 36
13 63 7
13 64 137
13 65 150
13 66 159
13 67 153
13 68 128
13 69 85
13 70 105
13 71 105
13 72 155
13 73 29
13 74 66
13 75 45
13 76 140
13 77 33
13 78 28
13 79 59
13 80 154
13 81 62
13 82 90
13 83 154
13 84 21
13 85 193
13 86 112
13 87 112
13 88 8
13 89 150
13 90 180
13 91 71
13 92 87
13 93 3
13 94 161
13 95 144
13 96 91
13 97 21
13 98 31
13 99 50
14 15 124
14 16 11
14 17 79
14 18 84
14 19 180
14 20 130
14 21 49
14 22 166
14 23 138
14 24 13
14 25 174
14 26 181
14 27 193
14 28 101
14 29 162
14 30 122
14 31 101
14 32 50
14 33 35
14 34 176
14 35 145
14 36 128
14 37 125
14 38 4
14 39 78
14 40 41
14 41 155
14 42 20
14 43 89
14 44 5
14 45 53
14 46 164
14 47 190
14 48 104
14 49 155
14 50 99
14 51 82
14 52 75
14 53 37
14 54 173
14 55 114
14 56 70
14 57 192
14 58 17
14 59 87
14 60 31
14 61 8
14 62 4
14 63 183
14 64 84
14 65 65
14 66 191
14 67 63
14 68 44
14 69 189
14 70 159
14 71 78
14 72 97
14 73 113
14 74 128
14 75 181
14 76 48
14 77 95
14 78 110
14 79 176
14 80 133
14 81 10
14 82 89
14 83 68
14 84 81
14 85 40
14 86 141
14 87 23
14 88 98
14 89 112
14 90 147
14 91 113
14 92 186
14 93 32
14 94 114
14 95 46
14 96 3
14 97 173
14 98 34
14 99 16
15 16 75
15 17 76
15 18 147
15 19 10
15 20 126
15 21 67
15 22 45
15 23 114
15 24 187
15 25 194
15 26 175
15 27 162
15 28 174
15 29 132
15 30 87
15 31 192
15 32 161
15 33 199
15 34 151
15 35 133
15 36 74
15 37 64
15 38 84
15 39 38
15 40 21
15 41 173
15 42 143
15 43 56
15 44 76
15 45 115
15 46 63
15 47 168
15 48 169
15 49 15
15 50 107
15 51 149
15 52 154
15 53 90
15 54 10
15 55 156
15 56 10
15 57 196
15 58 155
15 59 117
15 60 127
15 61 188
15 62 77
15 63 33
15 64 107
15 65 181
15 66 190
15 67 166
15 68 76
15 69 38
15 70 141
15 71 57
15 72 135
15 73 63
15 74 98
15 75 68
15 76 66
15 77 100
15 78 194
15 79 20
15 80 198
15 81 11
15 82 133
15 83 40
15 84 185
15 85 182
15 86 53
15 87 64
15 88 121
15 89 27
15 90 150
15 91 70
15 92 132
15 93 164
15 94 199
15 95 194
15 96 15
15 97 53
15 98 5
15 99 94
16 17 76
16 18 7
16 19 104
16 20 4
16 21 165
16 22 94
16 23 136
16 24 20
16 25 63
16 26 96
16 27 120
16 28 72
16 29 96
16 30 46
16 31 77
16 32 43
16 33 189
16 34 63
16 35 180
16 36 16
16 37 7
16 38 11
16 39 198
16 40 22
16 41 128
16 42 15
16 43 168
16 44 95
16 45 93
16 46 142
16 47 21
16 48 52
16 49 38
16 50 46
16 51 54
16 52 24
16 53 61
16 54 166
16 55 87
16 56 198
16 57 192
16 58 171
16 59 128
16 60 152
16 61 15
16 62 197
16 63 189
16 64 179
16 65 143
16 66 56
16 67 33
16 68 148
16 69 73
16 70 160
16 71 3
16 72 18
16 73 83
16 74 160
16 75 131
16 76 103
16 77 143
16 78 168
16 79 48
16 80 62
16 81 128
16 82 23
16 83 140
16 84 7
16 85 66
16 86 79
16 87 131
16 88 179
16 89 29
16 90 120
16 91 193
16 92 150
16 93 34
16 94 103
16 95 33
16 96 47
16 97 45
16 98 141
16 99 91
17 18 78
17 19 16
17 20 186
17 21 121
17 22 2
17 23 98
17 24 64
17 25 148
17 26 23
17 27 58
17 28 171
17 29 140
17 30 143
17 31 57
17 32 21
17 33 19
17 34 142
17 35 170
17 36 164
17 37 104
17 38 25
17 39 159
17 40 80
17 41 108
17 42 154
17 43 184
17 44 136
17 45 81
17 46 53
17 47 80
17 48 168
17 49 99
17 50 99
17 51 107
17 52 47
17 53 33
17 54 165
17 55 11
17 56 90
17 57 132
17 58 131
17 59 193
17 60 23
17 61 83
17 62 97
17 63 149
17 64 126
17 65 170
17 66 192
17 67 44
17 68 0
17 69 9
17 70 70
17 71 48
17 72 123
17 73 112
17 74 168
17 75 163
17 76 193
17 77 73
17 78 132
17 79 122
17 80 119
17 81 82
17 82 120
17 83 24
17 84 8
17 85 125
17 86 41
17 87 152
17 88 82
17 89 12
17 90 174
17 91 125
17 92 9
17 93 61
17 94 93
17 95 191
17 96 31
17 97 162
17 98 151
17 99 155
18 19 108
18 20 73
18 21 54
18 22 17
18 23 147
18 24 147
18 25 73
18 26 199
18 27 59
18 28 136
18 29 189
18 30 26
18 31 57
18 32 121
18 33 117
18 34 7
18 35 18
18 36 11
18 37 71
18 38 163
18 39 24
18 40 105
18 41 123
18 42 147
18 43 6
18 44 100
18 45 95
18 46 166
18 47 188
18 48 1
18 49 58
18 50 35
18 51 134
18 52 38
18 53 8
18 54 37
18 55 18
18 56 196
18 57 39
18 58 136
18 59 115
18 60 130
18 61 53
18 62 126
18 63 73
18 64 108
18 65 142
18 66 67
18 67 81
18 68 112
18 69 160
18 70 26
18 71 30
18 72 107
18 73 145
18 74 27
18 75 139
18 76 171
18 77 190
18 78 133
18 79 114
18 80 30
18 81 150
18 82 125
18 83 95
18 84 146
18 85 152
18 86 115
18 87 31
18 88 64
18 89 109
18 90 44
18 91 108
18 92 44
18 93 25
18 94 148
18 95 7
18 96 65
18 97 178
18 98 107
18 99 91
19 20 133
19 21 97
19 22 42
19 23 64
19 24 17
19 25 198
19 26 38
19 27 85
19 28 60
19 29 35
19 30 122
19 31 138
19 32 47
19 33 42
19 34 76
19 35 170
19 36 159
19 37 37
19 38 119
19 39 188
19 40 115
19 41 143
19 42 139
19 43 67
19 44 193
19 45 158
19 46 132
19 47 77
19 48 121
19 49 71
19 50 101
19 51 173
19 52 7
19 53 198
19 54 4
19 55 131
19 56 138
19 57 84
19 58 31
19 59 159
19 60 113
19 61 150
19 62 17
19 63 70
19 64 139
19 65 195
19 66 181
19 67 136
19 68 18
19 69 133
19 70 135
19 71 32
19 72 56
19 73 24
19 74 21
19 75 153
19 76 136
19 77 188
19 78 132
19 79 145
19 80 102
19 81 146
19 82 169
19 83 186
19 84 24
19 85 42
19 86 2
19 87 199
19 88 62
19 89 8
19 90 15
19 91 73
19 92 183
19 93 37
19 94 43
19 95 152
19 96 87
19 97 175
19 98 117
19 99 188
20 21 36
20 22 182
20 23 53
20 24 91
20 25 158
20 26 177
20 27 182
20 28 66
20 29 80
20 30 38
20 31 171
20 32 57
20 33 101
20 34 80
20 35 200
20 36 12
20 37 92
20 38 197
20 39 13
20 40 181
20 41 169
20 42 69
20 43 13
20 44 165
20 45 160
20 46 65
20 47 155
20 48 4
20 49 128
20 50 180
20 51 15
20 52 191
20 53 54
20 54 78
20 55 188
20 56 176
20 57 116
20 58 129
20 59 78
20 60 108
20 61 118
20 62 22
20 63 37
20 64 70
20 65 175
20 66 141
20 67 200
20 68 137
20 69 171
20 70 154
20 71 66
20 72 200
20 73 63
20 74 34
20 75 150
20 76 148
20 77 143
20 78 141
20 79 144
20 80 142
20 81 14
20 82 40
20 83 143
20 84 138
20 85 171
20 86 93
20 87 193
20 88 119
20 89 51
20 90 88
20 91 146
20 92 36
20 93 29
20 94 118
20 95 69
20 96 52
20 97 107
20 98 131
20 99 55
21 22 189
21 23 164
21 24 167
21 25 24
21 26 179
21 27 151
21 28 39
21 29 45
21 30 102
21 31 164
21 32 171
21 33 158
21 34 127
21 35 132
21 36 199
21 37 137
21 38 15
21 39 158
21 40 176
21 41 125
21 42 4
21 43 162
21 44 21
21 45 65
21 46 7
21 47 61
21 48 59
21 49 103
21 50 114
21 51 1
21 52 167
21 53 18
21 54 17
21 55 16
21 56 198
21 57 93
21 58 95
21 59 130
21 60 161
21 61 70
21 62 49
21 63 37
21 64 79
21 65 65
21 66 110
21 67 107
21 68 20
21 69 28
21 70 40
21 71 62
21 72 128
21 73 122
21 74 109
21 75 88
21 76 51
21 77 12
21 78 191
21 79 1
21 80 83
21 81 177
21 82 117
21 83 75
21 84 106
21 85 191
21 86 29
21 87 107
21 88 109
21 89 90
21 90 73
21 91 107
21 92 41
21 93 154
21 94 73
21 95 91
21 96 31
21 97 31
21 98 56
21 99 119
22 23 16
22 24 7
22 25 165
22 26 120
22 27 163
22 28 36
22 29 8
22 30 188
22 31 87
22 32 129
22 33 60
22 34 153
22 35 188
22 36 19
22 37 106
22 38 2
22 39 130
22 40 171
22 41 48
22 42 77
22 43 94
22 44 84
22 45 181
22 46 158
22 47 53
22 48 127
22 49 145
22 50 84
22 51 66
22 52 174
22 53 33
22 54 133
22 55 82
22 56 133
22 57 103
22 58 19
22 59 61
22 60 180
22 61 48
22 62 30
22 63 80
22 64 116
22 65 122
22 66 56
22 67 143
22 68 11
22 69 122
22 70 175
22 71 146
22 72 74
22 73 102
22 74 133
22 75 190
22 76 195
22 77 34
22 78 142
22 79 45
22 80 194
22 81 104
22 82 162
22 83 85
22 84 141
22 85 165
22 86 34
22 87 198
22 88 70
22 89 151
22 90 72
22 91 148
22 92 135
22 93 120
22 94 92
22 95 163
22 96 154
22 97 146
22 98 144
22 99 85
23 24 165
23 25 79
23 26 23
23 27 184
23 28 194
23 29 188
23 30 100
23 31 157
23 32 141
23 33 14
23 34 12
23 35 71
23 36 124
23 37 74
23 38 101
23 39 80
23 40 95
23 41 67
23 42 22
23 43 43
23 44 152
23 45 98
23 46 77
23 47 55
23 48 121
23 49 168
23 50 6
23 51 180
23 52 22
23 53 14
23 54 26
23 55 67
23 56 21
23 57 7
23 58 147
23 59 111
23 60 128
23 61 16
23 62 145
23 63 75
23 64 154
23 65 178
23 66 105
23 67 74
23 68 17
23 69 19
23 70 32
23 71 17
23 72 161
23 73 175
23 74 160
23 75 83
23 76 98
23 77 20
23 78 86
23 79 146
23 80 122
23 81 118
23 82 56
23 83 108
23 84 133
23 85 19
23 86 27
23 87 39
23 88 77
23 89 137
23 90 14
23 91 90
23 92 30
23 93 78
23 94 169
23 95 145
23 96 9
23 97 28
23 98 70
23 99 159
24 25 81
24 26 174
24 27 48
24 28 69
24 29 49
24 30 195
24 31 154
24 32 48
24 33 5
24 34 181
24 35 58
24 36 158
24 37 127
24 38 72
24 39 131
24 40 171
24 41 134
24 42 86
24 43 54
24 44 139
24 45 23
24 46 119
24 47 111
24 48 145
24 49 127
24 50 61
24 51 39
24 52 154
24 53 4
24 54 140
24 55 134
24 56 30
24 57 133
24 58 62
24 59 115
24 60 22
24 61 86
24 62 34
24 63 136
24 64 40
24 65 121
24 66 37
24 67 138
24 68 16
24 69 39
24 70 116
24 71 27
24 72 164
24 73 168
24 74 185
24 75 18
24 76 28
24 77 10
24 78 89
24 79 44
24 80 170
24 81 191
24 82 67
24 83 163
24 84 5
24 85 21
24 86 58
24 87 155
24 88 81
24 89 24
24 90 77
24 91 89
24 92 11
24 93 122
24 94 110
24 95 72
24 96 91
24 97 41
24 98 105
24 99 176
25 26 60
25 27 112
25 28 92
25 29 40
25 30 38
25 31 37
25 32 101
25 33 25
25 34 194
25 35 45
25 36 141
25 37 153
25 38 3
25 39 100
25 40 71
25 41 154
25 42 131
25 43 100
25 44 90
25 45 20
25 46 22
25 47 6
25 48 88
25 49 48
25 50 175
25 51 88
25 52 36
25 53 78
25 54 17
25 55 173
25 56 107
25 57 121
25 58 48
25 59 191
25 60 73
25 61 82
25 62 104
25 63 143
25 64 150
25 65 106
25 66 124
25 67 139
25 68 60
25 69 89
25 70 123
25 71 79
25 72 71
25 73 127
25 74 119
25 75 30
25 76 84
25 77 121
25 78 10
25 79 28
25 80 114
25 81 13
25 82 143
25 83 131
25 84 191
25 85 112
25 86 81
25 87 49
25 88 125
25 89 56
25 90 90
25 91 14
25 92 159
25 93 87
25 94 122
25 95 38
25 96 9
25 97 26
25 98 188
25 99 195
26 27 151
26 28 176
26 29 98
26 30 12
26 31 189
26 32 37
26 33 91
26 34 1
26 35 6
26 36 200
26 37 84
26 38 91
26 39 48
26 40 84
26 41 85
26 42 137
26 43 135
26 44 76
26 45 22
26 46 91
26 47 59
26 48 72
26 49 44
26 50 197
26 51 142
26 52 6
26 53 114
26 54 199
26 55 11
26 56 86
26 57 160
26 58 198
26 59 20
26 60 198
26 61 20
26 62 104
26 63 88
26 64 95
26 65 130
26 66 81
26 67 148
26 68 140
26 69 165
26 70 143
26 71 90
26 72 111
26 73 119
26 74 153
26 75 136
26 76 102
26 77 194
26 78 133
26 79 18
26 80 75
26 81 135
26 82 104
26 83 36
26 84 130
26 85 7
26 86 16
26 87 14
26 88 37
26 89 53
26 90 94
26 91 18
26 92 59
26 93 139
26 94 165
26 95 162
26 96 17
26 97 20
26 98 163
26 99 175
27 28 135
27 29 8
27 30 96
27 31 158
27 32 193
27 33 187
27 34 198
27 35 63
27 36 157
27 37 9
27 38 39
27 39 105
27 40 91
27 41 156
27 42 15
27 43 86
27 44 84
27 45 62
27 46 23
27 47 112
27 48 70
27 49 36
27 50 157
27 51 99
27 52 41
27 53 118
27 54 14
27 55 53
27 56 13
27 57 2
27 58 49
27 59 92
27 60 1
27 61 176
27 62 159
27 63 92
27 64 77
27 65 169
27 66 102
27 67 58
27 68 69
27 69 94
27 70 157
27 71 21
27 72 8
27 73 28
27 74 162
27 75 70
27 76 173
27 77 27
27 78 49
27 79 151
27 80 39
27 81 6
27 82 195
27 83 54
27 84 45
27 85 75
27 86 172
27 87 87
27 88 42
27 89 184
27 90 0
27 91 195
27 92 155
27 93 82
27 94 111
27 95 148
27 96 96
27 97 6
27 98 38
27 99 179
28 29 170
28 30 94
28 31 173
28 32 28
28 33 60
28 34 88
28 35 88
28 36 186
28 37 198
28 38 198
28 39 141
28 40 124
28 41 51
28 42 25
28 43 16
28 44 49
28 45 84
28 46 42
28 47 55
28 48 82
28 49 161
28 50 90
28 51 96
28 52 8
28 53 200
28 54 45
28 55 98
28 56 66
28 57 68
28 58 77
28 59 72
28 60 114
28 61 123
28 62 160
28 63 154
28 64 120
28 65 0
28 66 140
28 67 114
28 68 190
28 69 35
28 70 42
28 71 130
28 72 121
28 73 97
28 74 78
28 75 45
28 76 38
28 77 196
28 78 152
28 79 112
28 80 66
28 81 171
28 82 140
28 83 89
28 84 79
28 85 99
28 86 177
28 87 56
28 88 5
28 89 149
28 90 47
28 91 27
28 92 0
28 93 45
28 94 192
28 95 121
28 96 150
28 97 51
28 98 65
28 99 132
29 30 4
29 31 197
29 32 78
29 33 11
29 34 186
29 35 120
29 36 94
29 37 59
29 38 61
29 39 20
29 40 100
29 41 1
29 42 41
29 43 17
29 44 173
29 45 102
29 46 89
29 47 184
29 48 86
29 49 178
29 50 119
29 51 119
29 52 164
29 53 120
29 54 154
29 55 11
29 56 174
29 57 166
29 58 26
29 59 18
29 60 185
29 61 32
29 62 77
29 63 107
29 64 128
29 65 86
29 66 87
29 67 115
29 68 196
29 69 114
29 70 101
29 71 116
29 72 21
29 73 54
29 74 37
29 75 191
29 76 187
29 77 186
29 78 112
29 79 34
29 80 14
29 81 39
29 82 92
29 83 114
29 84 80
29 85 195
29 86 168
29 87 57
29 88 88
29 89 161
29 90 190
29 91 190
29 92 26
29 93 99
29 94 197
29 95 173
29 96 90
29 97 11
29 98 159
29 99 35
30 31 84
30 32 71
30 33 104
30 34 62
30 35 56
30 36 59
30 37 140
30 38 102
30 39 165
30 40 102
30 41 111
30 42 105
30 43 133
30 44 73
30 45 173
30 46 164
30 47 119
30 48 103
30 49 149
30 50 27
30 51 89
30 52 135
30 53 197
30 54 45
30 55 155
30 56 27
30 57 184
30 58 161
30 59 114
30 60 180
30 61 75
30 62 97
30 63 111
30 64 181
30 65 133
30 66 122
30 67 38
30 68 177
30 69 158
30 70 52
30 71 36
30 72 178
30 73 67
30 74 16
30 75 128
30 76 152
30 77 149
30 78 108
30 79 31
30 80 18
30 81 160
30 82 83
30 83 15
30 84 189
30 85 173
30 86 173
30 87 112
30 88 29
30 89 100
30 90 151
30 91 53
30 92 113
30 93 62
30 94 33
30 95 152
30 96 126
30 97 51
30 98 56
30 99 114
31 32 150
31 33 46
31 34 61
31 35 117
31 36 179
31 37 8
31 38 49
31 39 121
31 40 29
31 41 70
31 42 114
31 43 117
31 44 12
31 45 125
31 46 103
31 47 174
31 48 121
31 49 156
31 50 81
31 51 70
31 52 151
31 53 85
31 54 59
31 55 155
31 56 187
31 57 116
31 58 138
31 59 158
31 60 189
31 61 132
31 62 145
31 63 172
31 64 180
31 65 1
31 66 92
31 67 200
31 68 106
31 69 146
31 70 123
31 71 171
31 72 112
31 73 188
31 74 12
31 75 117
31 76 86
31 77 84
31 78 109
31 79 131
31 80 97
31 81 42
31 82 2
31 83 72
31 84 40
31 85 34
31 86 172
31 87 125
31 88 150
31 89 26
31 90 17
31 91 39
31 92 171
31 93 56
31 94 47
31 95 22
31 96 5
31 97 138
31 98 62
31 99 63
32 33 63
32 34 115
32 35 1
32 36 128
32 37 125
32 38 32
32 39 24
32 40 112
32 41 139
32 42 30
32 43 154
32 44 110
32 45 88
32 46 45
32 47 39
32 48 35
32 49 17
32 50 39
32 51 30
32 52 74
32 53 52
32 54 49
32 55 126
32 56 28
32 57 29
32 58 88
32 59 86
32 60 24
32 61 3
32 62 72
32 63 94
32 64 36
32 65 166
32 66 38
32 67 183
32 68 135
32 69 69
32 70 110
32 71 191
32 72 198
32 73 50
32 74 1
32 75 1
32 76 48
32 77 175
32 78 67
32 79 68
32 80 167
32 81 162
32 82 198
32 83 138
32 84 15
32 85 154
32 86 129
32 87 50
32 88 103
32 89 14
32 90 111
32 91 24
32 92 73
32 93 139
32 94 75
32 95 147
32 96 1
32 97 27
32 98 124
32 99 122
33 34 1
33 35 18
33 36 42
33 37 70
33 38 133
33 39 24
33 40 26
33 41 149
33 42 144
33 43 55
33 44 145
33 45 138
33 46 123
33 47 164
33 48 12
33 49 68
33 50 7
33 51 162
33 52 19
33 53 191
33 54 174
33 55 130
33 56 135
33 57 148
33 58 111
33 59 29
33 60 77
33 61 160
33 62 21
33 63 186
33 64 45
33 65 199
33 66 65
33 67 13
33 68 137
33 69 86
33 70 80
33 71 162
33 72 31
33 73 15
33 74 194
33 75 31
33 76 101
33 77 94
33 78 8
33 79 176
33 80 59
33 81 55
33 82 154
33 83 97
33 84 153
33 85 187
33 86 194
33 87 107
33 88 135
33 89 37
33 90 135
33 91 190
33 92 45
33 93 157
33 94 19
33 95 74
33 96 77
33 97 75
33 98 156
33 99 9
34 35 64
34 36 151
34 37 144
34 38 167
34 39 37
34 40 195
34 41 121
34 42 155
34 43 189
34 44 182
34 45 87
34 46 17
34 47 91
34 48 196
34 49 1
34 50 2
34 51 48
34 52 42
34 53 31
34 54 96
34 55 106
34 56 196
34 57 127
34 58 100
34 59 12
34 60 74
34 61 120
34 62 117
34 63 125
34 64 140
34 65 54
34 66 87
34 67 182
34 68 15
34 69 108
34 70 114
34 71 191
34 72 59
34 73 8
34 74 88
34 75 47
34 76 140
34 77 9
34 78 2
34 79 32
34 80 152
34 81 8
34 82 62
34 83 50
34 84 84
34 85 121
34 86 31
34 87 47
34 88 13
34 89 74
34 90 118
34 91 181
34 92 43
34 93 31
34 94 2
34 95 100
34 96 49
34 97 180
34 98 72
34 99 47
35 36 157
35 37 3
35 38 138
35 39 161
35 40 141
35 41 146
35 42 118
35 43 39
35 44 159
35 45 26
35 46 15
35 47 14
35 48 198
35 49 107
35 50 137
35 51 10
35 52 111
35 53 95
35 54 8
35 55 181
35 56 78
35 57 94
35 58 9
35 59 104
35 60 128
35 61 67
35 62 149
35 63 77
35 64 55
35 65 50
35 66 99
35 67 115
35 68 46
35 69 51
35 70 55
35 71 152
35 72 144
35 73 194
35 74 103
35 75 84
35 76 39
35 77 65
35 78 173
35 79 125
35 80 116
35 81 18
35 82 154
35 83 26
35 84 186
35 85 98
35 86 97
35 87 116
35 88 34
35 89 15
35 90 182
35 91 25
35 92 40
35 93 112
35 94 31
35 95 84
35 96 17
35 97 57
35 98 120
35 99 114
36 37 70
36 38 170
36 39 46
36 40 139
36 41 62
36 42 75
36 43 50
36 44 127
36 45 160
36 46 83
36 47 54
36 48 43
36 49 178
36 50 32
36 51 71
36 52 151
36 53 145
36 54 7
36 55 25
36 56 20
36 57 142
36 58 172
36 59 95
36 60 35
36 61 105
36 62 77
36 63 51
36 64 18
36 65 37
36 66 154
36 67 66
36 68 121
36 69 117
36 70 14
36 71 39
36 72 30
36 73 34
36 74 66
36 75 103
36 76 45
36 77 142
36 78 38
36 79 51
36 80 114
36 81 180
36 82 171
36 83 180
36 84 3
36 85 6
36 86 165
36 87 171
36 88 179
36 89 155
36 90 31
36 91 17
36 92 143
36 93 110
36 94 78
36 95 60
36 96 14
36 97 194
36 98 107
36 99 170
37 38 97
37 39 35
37 40 181
37 41 109
37 42 147
37 43 193
37 44 136
37 45 36
37 46 117
37 47 75
37 48 56
37 49 76
37 50 66
37 51 69
37 52 11
37 53 183
37 54 182
37 55 154
37 56 62
37 57 50
37 58 191
37 59 113
37 60 85
37 61 194
37 62 146
37 63 40
37 64 64
37 65 27
37 66 95
37 67 67
37 68 18
37 69 114
37 70 127
37 71 137
37 72 78
37 73 181
37 74 1
37 75 120
37 76 171
37 77 123
37 78 79
37 79 188
37 80 14
37 81 181
37 82 44
37 83 127
37 84 5
37 85 155
37 86 45
37 87 151
37 88 166
37 89 62
37 90 166
37 91 78
37 92 91
37 93 136
37 94 189
37 95 87
37 96 144
37 97 2
37 98 1
37 99 80
38 39 45
38 40 23
38 41 164
38 42 42
38 43 104
38 44 155
38 45 59
38 46 71
38 47 197
38 48 68
38 49 198
38 50 73
38 51 155
38 52 194
38 53 65
38 54 6
38 55 158
38 56 158
38 57 94
38 58 38
38 59 88
38 60 93
38 61 180
38 62 26
38 63 41
38 64 108
38 65 93
38 66 17
38 67 35
38 68 59
38 69 168
38 70 38
38 71 54
38 72 157
38 73 141
38 74 160
38 75 65
38 76 90
38 77 81
38 78 49
38 79 160
38 80 91
38 81 154
38 82 165
38 83 129
38 84 85
38 85 127
38 86 37
38 87 82
38 88 186
38 89 34
38 90 71
38 91 91
38 92 135
38 93 162
38 94 75
38 95 76
38 96 125
38 97 30
38 98 159
38 99 1
39 40 20
39 41 38
39 42 157
39 43 118
39 44 92
39 45 46
39 46 132
39 47 32
39 48 58
39 49 81
39 50 176
39 51 96
39 52 35
39 53 131
39 54 162
39 55 21
39 56 194
39 57 195
39 58 157
39 59 35
39 60 67
39 61 20
39 62 68
39 63 181
39 64 8
39 65 132
39 66 59
39 67 139
39 68 143
39 69 102
39 70 97
39 71 194
39 72 100
39 73 103
39 74 76
39 75 73
39 76 80
39 77 24
39 78 168
39 79 101
39 80 141
39 81 89
39 82 18
39 83 104
39 84 131
39 85 57
39 86 3
39 87 56
39 88 16
39 89 63
39 90 165
39 91 25
39 92 196
39 93 97
39 94 149
39 95 25
39 96 58
39 97 121
39 98 44
39 99 91
40 41 188
40 42 2
40 43 35
40 44 22
40 45 151
40 46 187
40 47 137
40 48 178
40 49 128
40 50 58
40 51 104
40 52 48
40 53 43
40 54 175
40 55 122
40 56 64
40 57 189
40 58 115
40 59 28
40 60 95
40 61 172
40 62 44
40 63 166
40 64 50
40 65 103
40 66 54
40 67 153
40 68 6
40 69 149
40 70 111
40 71 101
40 72 183
40 73 92
40 74 55
40 75 141
40 76 60
40 77 192
40 78 0
40 79 31
40 80 72
40 81 57
40 82 199
40 83 163
40 84 80
40 85 20
40 86 176
40 87 26
40 88 200
40 89 12
40 90 35
40 91 3
40 92 74
40 93 156
40 94 198
40 95 34
40 96 93
40 97 197
40 98 9
40 99 45
41 42 161
41 43 148
41 44 7
41 45 134
41 46 34
41 47 77
41 48 128
41 49 119
41 50 123
41 51 23
41 52 160
41 53 34
41 54 6
41 55 184
41 56 141
41 57 106
41 58 196
41 59 37
41 60 119
41 61 192
41 62 59
41 63 9
41 64 103
41 65 85
41 66 80
41 67 101
41 68 135
41 69 39
41 70 40
41 71 25
41 72 2
41 73 148
41 74 23
41 75 34
41 76 174
41 77 23
41 78 60
41 79 131
41 80 70
41 81 28
41 82 17
41 83 68
41 84 60
41 85 174
41 86 193
41 87 170
41 88 57
41 89 21
41 90 119
41 91 8
41 92 194
41 93 137
41 94 11
41 95 61
41 96 164
41 97 36
41 98 69
41 99 47
42 43 35
42 44 113
42 45 61
42 46 162
42 47 116
42 48 68
42 49 65
42 50 40
42 51 175
42 52 4
42 53 40
42 54 154
42 55 100
42 56 65
42 57 61
42 58 56
42 59 83
42 60 29
42 61 150
42 62 156
42 63 129
42 64 177
42 65 14
42 66 106
42 67 3
42 68 149
42 69 174
42 70 151
42 71 52
42 72 42
42 73 116
42 74 166
42 75 123
42 76 20
42 77 188
42 78 193
42 79 195
42 80 31
42 81 79
42 82 117
42 83 19
42 84 129
42 85 59
42 86 1
42 87 104
42 88 40
42 89 82
42 90 135
42 91 158
42 92 6
42 93 139
42 94 164
42 95 72
42 96 62
42 97 76
42 98 159
42 99 166
43 44 185
43 45 47
43 46 123
43 47 156
43 48 108
43 49 81
43 50 114
43 51 107
43 52 186
43 53 65
43 54 183
43 55 79
43 56 192
43 57 60
43 58 157
43 59 181
43 60 94
43 61 7
43 62 15
43 63 65
43 64 171
43 65 80
43 66 119
43 67 33
43 68 82
43 69 135
43 70 192
43 71 58
43 72 99
43 73 24
43 74 68
43 75 17
43 76 178
43 77 155
43 78 167
43 79 27
43 80 15
43 81 27
43 82 23
43 83 15
43 84 39
43 85 138
43 86 152
43 87 150
43 88 24
43 89 154
43 90 24
43 91 34
43 92 52
43 93 176
43 94 182
43 95 197
43 96 63
43 97 17
43 98 114
43 99 168
44 45 94
44 46 68
44 47 156
44 48 78
44 49 173
44 50 149
44 51 184
44 52 184
44 53 4
44 54 181
44 55 154
44 56 111
44 57 175
44 58 190
44 59 107
44 60 5
44 61 170
44 62 19
44 63 200
44 64 83
44 65 102
44 66 100
44 67 26
44 68 50
44 69 135
44 70 76
44 71 125
44 72 138
44 73 28
44 74 34
44 75 92
44 76 142
44 77 44
44 78 36
44 79 199
44 80 182
44 81 144
44 82 4
44 83 71
44 84 49
44 85 136
44 86 169
44 87 151
44 88 191
44 89 69
44 90 123
44 91 130
44 92 155
44 93 41
44 94 19
44 95 5
44 96 112
44 97 49
44 98 192
44 99 147
45 46 113
45 47 44
45 48 57
45 49 164
45 50 104
45 51 195
45 52 128
45 53 74
45 54 7
45 55 107
45 56 167
45 57 172
45 58 103
45 59 75
45 60 13
45 61 146
45 62 1
45 63 144
45 64 155
45 65 185
45 66 77
45 67 123
45 68 79
45 69 76
45 70 148
45 71 176
45 72 118
45 73 135
45 74 23
45 75 28
45 76 110
45 77 17
45 78 50
45 79 136
45 80 65
45 81 47
45 82 47
45 83 174
45 84 157
45 85 51
45 86 58
45 87 115
45 88 128
45 89 97
45 90 152
45 91 23
45 92 75
45 93 54
45 94 45
45 95 110
45 96 176
45 97 36
45 98 190
45 99 60
46 47 137
46 48 15
46 49 103
46 50 57
46 51 161
46 52 98
46 53 163
46 54 18
46 55 44
46 56 88
46 57 169
46 58 38
46 59 150
46 60 146
46 61 36
46 62 119
46 63 178
46 64 125
46 65 80
46 66 64
46 67 60
46 68 113
46 69 50
46 70 40
46 71 38
46 72 181
46 73 178
46 74 97
46 75 23
46 76 97
46 77 182
46 78 34
46 79 113
46 80 108
46 81 40
46 82 21
46 83 111
46 84 182
46 85 186
46 86 70
46 87 74
46 88 70
46 89 187
46 90 138
46 91 82
46 92 138
46 93 177
46 94 169
46 95 133
46 96 109
46 97 184
46 98 166
46 99 90
47 48 162
47 49 81
47 50 7
47 51 192
47 52 72
47 53 193
47 54 97
47 55 190
47 56 68
47 57 77
47 58 30
47 59 129
47 60 114
47 61 81
47 62 159
47 63 5
47 64 69
47 65 146
47 66 61
47 67 155
47 68 154
47 69 72
47 70 125
47 71 23
47 72 138
47 73 133
47 74 181
47 75 47
47 76 84
47 77 9
47 78 2
47 79 127
47 80 186
47 81 99
47 82 43
47 83 32
47 84 159
47 85 3
47 86 126
47 87 178
47 88 169
47 89 116
47 90 135
47 91 26
47 92 53
47 93 185
47 94 133
47 95 89
47 96 191
47 97 160
47 98 49
47 99 9
48 49 123
48 50 141
48 51 141
48 52 7
48 53 3
48 54 31
48 55 48
48 56 195
48 57 108
48 58 179
48 59 40
48 60 163
48 61 152
48 62 17
48 63 100
48 64 163
48 65 119
48 66 64
48 67 114
48 68 21
48 69 170
48 70 12
48 71 32
48 72 114
48 73 42
48 74 144
48 75 61
48 76 119
48 77 70
48 78 117
48 79 105
48 80 129
48 81 98
48 82 44
48 83 48
48 84 109
48 85 88
48 86 136
48 87 37
48 88 41
48 89 25
48 90 78
48 91 109
48 92 193
48 93 114
48 94 66
48 95 67
48 96 132
48 97 38
48 98 121
48 99 188
49 50 131
49 51 64
49 52 176
49 53 56
49 54 180
49 55 54
49 56 90
49 57 200
49 58 37
49 59 147
49 60 128
49 61 48
49 62 50
49 63 110
49 64 144
49 65 23
49 66 73
49 67 59
49 68 168
49 69 105
49 70 119
49 71 141
49 72 30
49 73 166
49 74 125
49 75 56
49 76 125
49 77 118
49 78 171
49 79 10
49 80 49
49 81 22
49 82 112
49 83 26
49 84 67
49 85 120
49 86 176
49 87 3
49 88 109
49 89 163
49 90 96
49 91 143
49 92 128
49 93 106
49 94 190
49 95 35
49 96 144
49 97 86
49 98 86
49 99 77
50 51 43
50 52 22
50 53 118
50 54 32
50 55 79
50 56 46
50 57 152
50 58 155
50 59 28
50 60 127
50 61 59
50 62 151
50 63 172
50 64 94
50 65 85
50 66 139
50 67 65
50 68 22
50 69 53
50 70 125
50 71 33
50 72 43
50 73 79
50 74 148
50 75 156
50 76 129
50 77 166
50 78 36
50 79 14
50 80 135
50 81 66
50 82 33
50 83 108
50 84 48
50 85 25
50 86 129
50 87 19
50 88 108
50 89 147
50 90 12
50 91 66
50 92 74
50 93 28
50 94 188
50 95 14
50 96 56
50 97 57
50 98 123
50 99 34
51 52 26
51 53 117
51 54 79
51 55 115
51 56 67
51 57 173
51 58 108
51 59 199
51 60 183
51 61 102
51 62 120
51 63 169
51 64 168
51 65 185
51 66 131
51 67 106
51 68 110
51 69 199
51 70 92
51 71 117
51 72 162
51 73 19
51 74 63
51 75 57
51 76 74
51 77 69
51 78 96
51 79 48
51 80 76
51 81 37
51 82 99
51 83 146
51 84 42
51 85 115
51 86 20
51 87 129
51 88 114
51 89 130
51 90 114
51 91 185
51 92 10
51 93 52
51 94 56
51 95 110
51 96 109
51 97 29
51 98 92
51 99 97
52 53 21
52 54 178
52 55 138
52 56 45
52 57 165
52 58 43
52 59 169
52 60 53
52 61 38
52 62 106
52 63 101
52 64 39
52 65 77
52 66 140
52 67 198
52 68 37
52 69 18
52 70 38
52 71 147
52 72 109
52 73 107
52 74 56
52 75 92
52 76 53
52 77 97
52 78 187
52 79 126
52 80 179
52 81 128
52 82 180
52 83 115
52 84 3
52 85 139
52 86 38
52 87 38
52 88 79
52 89 51
52 90 188
52 91 22
52 92 64
52 93 123
52 94 67
52 95 148
52 96 84
52 97 105
52 98 59
52 99 156
53 54 62
53 55 195
53 56 50
53 57 37
53 58 77
53 59 79
53 60 145
53 61 147
53 62 96
53 63 124
53 64 19
53 65 1
53 66 14
53 67 145
53 68 183
53 69 178
53 70 38
53 71 182
53 72 101
53 73 9
53 74 180
53 75 165
53 76 15
53 77 136
53 78 125
53 79 77
53 80 63
53 81 81
53 82 1
53 83 183
53 84 18
53 85 86
53 86 99
53 87 37
53 88 161
53 89 134
53 90 81
53 91 25
53 92 72
53 93 103
53 94 146
53 95 150
53 96 99
53 97 51
53 98 60
53 99 105
54 55 151
54 56 177
54 57 119
54 58 62
54 59 30
54 60 152
54 61 84
54 62 120
54 63 89
54 64 160
54 65 63
54 66 140
54 67 24
54 68 51
54 69 89
54 70 154
54 71 36
54 72 123
54 73 170
54 74 120
54 75 10
54 76 150
54 77 124
54 78 22
54 79 75
54 80 126
54 81 101
54 82 189
54 83 104
54 84 54
54 85 168
54 86 89
54 87 194
54 88 181
54 89 21
54 90 193
54 91 144
54 92 193
54 93 124
54 94 119
54 95 128
54 96 55
54 97 85
54 98 20
54 99 194
55 56 55
55 57 29
55 58 97
55 59 102
55 60 37
55 61 147
55 62 100
55 63 71
55 64 10
55 65 140
55 66 189
55 67 32
55 68 102
55 69 25
55 70 147
55 71 144
55 72 34
55 73 13
55 74 80
55 75 49
55 76 181
55 77 148
55 78 17
55 79 142
55 80 115
55 81 134
55 82 29
55 83 42
55 84 54
55 85 175
55 86 168
55 87 117
55 88 129
55 89 45
55 90 29
55 91 8
55 92 123
55 93 79
55 94 55
55 95 24
55 96 35
55 97 62
55 98 120
55 99 4
56 57 92
56 58 8
56 59 141
56 60 61
56 61 153
56 62 0
56 63 48
56 64 193
56 65 197
56 66 107
56 67 88
56 68 110
56 69 198
56 70 191
56 71 199
56 72 131
56 73 54
56 74 157
56 75 79
56 76 24
56 77 7
56 78 190
56 79 189
56 80 50
56 81 4
56 82 113
56 83 94
56 84 67
56 85 107
56 86 95
56 87 80
56 88 36
56 89 192
56 90 8
56 91 77
56 92 44
56 93 150
56 94 184
56 95 54
56 96 21
56 97 50
56 98 187
56 99 37
57 58 126
57 59 144
57 60 182
57 61 54
57 62 63
57 63 140
57 64 38
57 65 43
57 66 9
57 67 10
57 68 180
57 69 124
57 70 198
57 71 67
57 72 110
57 73 5
57 74 51
57 75 13
57 76 182
57 77 91
57 78 155
57 79 162
57 80 190
57 81 24
57 82 15
57 83 14
57 84 165
57 85 9
57 86 167
57 87 41
57 88 39
57 89 183
57 90 54
57 91 143
57 92 195
57 93 94
57 94 183
57 95 77
57 96 38
57 97 131
57 98 91
57 99 31
58 59 189
58 60 182
58 61 188
58 62 114
58 63 146
58 64 120
58 65 131
58 66 110
58 67 136
58 68 189
58 69 71
58 70 78
58 71 78
58 72 9
58 73 115
58 74 117
58 75 96
58 76 4
58 77 77
58 78 21
58 79 122
58 80 173
58 81 121
58 82 178
58 83 121
58 84 148
58 85 183
58 86 88
58 87 98
58 88 182
58 89 34
58 90 93
58 91 135
58 92 74
58 93 43
58 94 28
58 95 85
58 96 140
58 97 43
58 98 150
58 99 57
59 60 37
59 61 89
59 62 178
59 63 182
59 64 195
59 65 69
59 66 172
59 67 32
59 68 100
59 69 158
59 70 16
59 71 35
59 72 198
59 73 145
59 74 131
59 75 118
59 76 84
59 77 148
59 78 93
59 79 28
59 80 25
59 81 90
59 82 99
59 83 136
59 84 168
59 85 73
59 86 178
59 87 143
59 88 190
59 89 78
59 90 30
59 91 18
59 92 110
59 93 88
59 94 79
59 95 53
59 96 43
59 97 153
59 98 4
59 99 65
60 61 75
60 62 30
60 63 88
60 64 66
60 65 200
60 66 125
60 67 192
60 68 8
60 69 87
60 70 172
60 71 192
60 72 54
60 73 46
60 74 52
60 75 18
60 76 191
60 77 140
60 78 90
60 79 200
60 80 102
60 81 15
60 82 140
60 83 200
60 84 183
60 85 173
60 86 109
60 87 195
60 88 31
60 89 116
60 90 197
60 91 41
60 92 177
60 93 64
60 94 81
60 95 2
60 96 13
60 97 2
60 98 39
60 99 97
61 62 186
61 63 193
61 64 40
61 65 65
61 66 91
61 67 60
61 68 151
61 69 154
61 70 138
61 71 35
61 72 48
61 73 55
61 74 5
61 75 113
61 76 163
61 77 32
61 78 15
61 79 3
61 80 193
61 81 98
61 82 3
61 83 116
61 84 187
61 85 57
61 86 197
61 87 162
61 88 139
61 89 152
61 90 17
61 91 138
61 92 77
61 93 37
61 94 188
61 95 21
61 96 146
61 97 170
61 98 34
61 99 34
62 63 96
62 64 86
62 65 26
62 66 94
62 67 90
62 68 39
62 69 49
62 70 74
62 71 4
62 72 9
62 73 92
62 74 76
62 75 2
62 76 28
62 77 51
62 78 188
62 79 37
62 80 89
62 81 197
62 82 64
62 83 136
62 84 87
62 85 38
62 86 111
62 87 69
62 88 184
62 89 19
62 90 33
62 91 138
62 92 149
62 93 34
62 94 102
62 95 72
62 96 43
62 97 174
62 98 110
62 99 103
63 64 191
63 65 17
63 66 81
63 67 142
63 68 128
63 69 65
63 70 67
63 71 32
63 72 102
63 73 19
63 74 115
63 75 197
63 76 84
63 77 104
63 78 183
63 79 173
63 80 12
63 81 141
63 82 158
63 83 71
63 84 24
63 85 19
63 86 200
63 87 184
63 88 86
63 89 148
63 90 47
63 91 145
63 92 184
63 93 114
63 94 125
63 95 96
63 96 192
63 97 188
63 98 187
63 99 187
64 65 165
64 66 170
64 67 57
64 68 128
64 69 142
64 70 126
64 71 66
64 72 73
64 73 127
64 74 21
64 75 41
64 76 100
64 77 61
64 78 45
64 79 131
64 80 156
64 81 138
64 82 115
64 83 92
64 84 98
64 85 93
64 86 119
64 87 100
64 88 20
64 89 29
64 90 60
64 91 87
64 92 167
64 93 32
64 94 1
64 95 83
64 96 137
64 97 39
64 98 148
64 99 150
65 66 144
65 67 176
65 68 135
65 69 194
65 70 98
65 71 79
65 72 81
65 73 156
65 74 87
65 75 60
65 76 196
65 77 177
65 78 67
65 79 49
65 80 117
65 81 112
65 82 161
65 83 58
65 84 84
65 85 84
65 86 74
65 87 64
65 88 35
65 89 73
65 90 150
65 91 188
65 92 37
65 93 95
65 94 6
65 95 58
65 96 88
65 97 176
65 98 123
65 99 108
66 67 112
66 68 48
66 69 117
66 70 86
66 71 65
66 72 94
66 73 161
66 74 165
66 75 29
66 76 138
66 77 46
66 78 106
66 79 191
66 80 25
66 81 106
66 82 149
66 83 185
66 84 5
66 85 179
66 86 91
66 87 112
66 88 187
66 89 101
66 90 18
66 91 66
66 92 101
66 93 44
66 94 10
66 95 66
66 96 138
66 97 103
66 98 165
66 99 133
67 68 197
67 69 62
67 70 90
67 71 2
67 72 6
67 73 131
67 74 98
67 75 166
67 76 120
67 77 29
67 78 101
67 79 69
67 80 21
67 81 40
67 82 109
67 83 129
67 84 92
67 85 18
67 86 68
67 87 173
67 88 61
67 89 31
67 90 94
67 91 116
67 92 61
67 93 39
67 94 29
67 95 133
67 96 5
67 97 61
67 98 101
67 99 185
68 69 175
68 70 172
68 71 44
68 72 104
68 73 187
68 74 126
68 75 138
68 76 109
68 77 28
68 78 1
68 79 15
68 80 66
68 81 37
68 82 171
68 83 67
68 84 61
68 85 159
68 86 90
68 87 74
68 88 121
68 89 193
68 90 92
68 91 154
68 92 73
68 93 124
68 94 34
68 95 36
68 96 195
68 97 4
68 98 176
68 99 154
69 70 164
69 71 199
69 72 39
69 73 87
69 74 188
69 75 112
69 76 21
69 77 164
69 78 84
69 79 107
69 80 164
69 81 24
69 82 186
69 83 160
69 84 20
69 85 47
69 86 193
69 87 199
69 88 136
69 89 45
69 90 158
69 91 177
69 92 28
69 93 154
69 94 187
69 95 27
69 96 179
69 97 41
69 98 123
69 99 80
70 71 130
70 72 109
70 73 62
70 74 158
70 75 49
70 76 128
70 77 165
70 78 145
70 79 47
70 80 180
70 81 138
70 82 11
70 83 114
70 84 109
70 85 123
70 86 131
70 87 1
70 88 168
70 89 52
70 90 185
70 91 92
70 92 51
70 93 176
70 94 114
70 95 37
70 96 36
70 97 152
70 98 188
70 99 56
71 72 15
71 73 87
71 74 42
71 75 154
71 76 161
71 77 194
71 78 155
71 79 128
71 80 137
71 81 37
71 82 89
71 83 189
71 84 126
71 85 71
71 86 39
71 87 21
71 88 109
71 89 3
71 90 68
71 91 39
71 92 24
71 93 29
71 94 177
71 95 45
71 96 65
71 97 7
71 98 188
71 99 15
72 73 81
72 74 196
72 75 190
72 76 152
72 77 103
72 78 196
72 79 143
72 80 92
72 81 98
72 82 31
72 83 114
72 84 193
72 85 11
72 86 108
72 87 179
72 88 139
72 89 19
72 90 159
72 91 177
72 92 122
72 93 168
72 94 182
72 95 135
72 96 3
72 97 105
72 98 13
72 99 145
73 74 190
73 75 84
73 76 74
73 77 139
73 78 101
73 79 105
73 80 197
73 81 69
73 82 97
73 83 124
73 84 23
73 85 86
73 86 67
73 87 102
73 88 174
73 89 44
73 90 104
73 91 142
73 92 0
73 93 71
73 94 98
73 95 155
73 96 69
73 97 59
73 98 94
73 99 20
74 75 13
74 76 50
74 77 152
74 78 134
74 79 108
74 80 181
74 81 28
74 82 185
74 83 36
74 84 135
74 85 78
74 86 181
74 87 158
74 88 28
74 89 63
74 90 137
74 91 186
74 92 104
74 93 7
74 94 181
74 95 12
74 96 142
74 97 8
74 98 143
74 99 100
75 76 38
75 77 45
75 78 79
75 79 67
75 80 81
75 81 9
75 82 134
75 83 22
75 84 141
75 85 158
75 86 52
75 87 23
75 88 144
75 89 47
75 90 27
75 91 103
75 92 6
75 93 144
75 94 179
75 95 109
75 96 182
75 97 60
75 98 43
75 99 106
76 77 1
76 78 12
76 79 181
76 80 65
76 81 118
76 82 144
76 83 50
76 84 111
76 85 23
76 86 9
76 87 188
76 88 17
76 89 172
76 90 185
76 91 186
76 92 16
76 93 85
76 94 35
76 95 196
76 96 81
76 97 150
76 98 125
76 99 69
77 78 169
77 79 28
77 80 195
77 81 53
77 82 183
77 83 119
77 84 13
77 85 160
77 86 37
77 87 82
77 88 57
77 89 26
77 90 93
77 91 7
77 92 108
77 93 175
77 94 14
77 95 46
77 96 133
77 97 36
77 98 15
77 99 67
78 79 71
78 80 77
78 81 118
78 82 5
78 83 117
78 84 50
78 85 6
78 86 70
78 87 21
78 88 117
78 89 77
78 90 65
78 91 20
78 92 144
78 93 131
78 94 87
78 95 175
78 96 107
78 97 35
78 98 163
78 99 142
79 80 159
79 81 69
79 82 131
79 83 76
79 84 130
79 85 67
79 86 46
79 87 26
79 88 11
79 89 5
79 90 96
79 91 19
79 92 53
79 93 105
79 94 133
79 95 67
79 96 111
79 97 199
79 98 146
79 99 65
80 81 87
80 82 90
80 83 157
80 84 147
80 85 55
80 86 51
80 87 106
80 88 108
80 89 144
80 90 78
80 91 129
80 92 34
80 93 2
80 94 194
80 95 64
80 96 110
80 97 144
80 98 90
80 99 182
81 82 21
81 83 18
81 84 173
81 85 28
81 86 1
81 87 186
81 88 152
81 89 6
81 90 143
81 91 87
81 92 4
81 93 122
81 94 150
81 95 111
81 96 84
81 97 85
81 98 105
81 99 124
82 83 156
82 84 152
82 85 51
82 86 200
82 87 28
82 88 159
82 89 185
82 90 3
82 91 158
82 92 24
82 93 102
82 94 98
82 95 57
82 96 9
82 97 95
82 98 135
82 99 102
83 84 82
83 85 97
83 86 133
83 87 88
83 88 193
83 89 92
83 90 179
83 91 133
83 92 19
83 93 15
83 94 16
83 95 45
83 96 108
83 97 97
83 98 180
83 99 70
84 85 124
84 86 155
84 87 45
84 88 155
84 89 12
84 90 107
84 91 179
84 92 117
84 93 34
84 94 39
84 95 93
84 96 16
84 97 169
84 98 191
84 99 162
85 86 29
85 87 45
85 88 62
85 89 193
85 90 21
85 91 81
85 92 108
85 93 144
85 94 112
85 95 186
85 96 63
85 97 119
85 98 161
85 99 153
86 87 62
86 88 26
86 89 149
86 90 67
86 91 179
86 92 193
86 93 195
86 94 14
86 95 181
86 96 107
86 97 9
86 98 132
86 99 77
87 88 69
87 89 99
87 90 55
87 91 120
87 92 171
87 93 147
87 94 157
87 95 160
87 96 161
87 97 43
87 98 48
87 99 113
88 89 142
88 90 178
88 91 36
88 92 18
88 93 171
88 94 92
88 95 81
88 96 119
88 97 148
88 98 79
88 99 72
89 90 18
89 91 190
89 92 144
89 93 21
89 94 83
89 95 102
89 96 86
89 97 97
89 98 98
89 99 167
