100 4814
0 1 57
0 2 0
0 3 165
0 4 74
0 5 59
0 6 180
0 7 65
0 8 183
0 9 78
0 10 139
0 11 157
0 12 125
0 13 163
0 14 79
0 15 135
0 16 97
0 17 34
0 18 98
0 19 194
0 20 10
0 21 138
0 22 56
0 23 46
0 24 62
0 25 65
0 26 15
0 27 197
0 28 43
0 29 35
0 30 154
0 31 74
0 32 44
0 33 13
0 34 29
0 35 102
0 36 98
0 37 47
0 38 193
0 39 0
0 40 104
0 41 43
0 42 170
0 43 162
0 44 50
0 45 138
0 46 175
0 47 11
0 48 162
0 49 143
0 50 115
0 51 104
0 52 168
0 53 108
0 54 138
0 55 190
0 56 66
0 57 178
0 58 87
0 59 130
0 60 83
0 61 34
0 62 6
0 63 121
0 64 184
0 65 174
0 66 50
0 67 144
0 68 150
0 69 100
0 70 153
0 71 197
0 72 18
0 73 117
0 74 130
0 75 123
0 76 174
0 77 61
0 78 65
0 79 103
0 80 161
0 81 74
0 82 91
0 83 89
0 84 108
0 85 133
0 86 151
0 87 159
0 88 177
0 89 118
0 90 69
0 91 116
0 92 143
0 93 145
0 94 83
0 95 1
0 96 25
0 97 94
0 98 140
0 99 95
1 2 152
1 3 185
1 4 110
1 5 117
1 6 58
1 7 189
1 8 156
1 9 148
1 10 61
1 11 158
1 12 115
1 13 19
1 14 135
1 15 174
1 16 107
1 17 46
1 18 131
1 19 76
1 20 179
1 21 73
1 22 49
1 23 135
1 24 145
1 25 110
1 26 98
1 27 100
1 28 189
1 29 106
1 30 123
1 31 14
1 32 122
1 33 105
1 34 63
1 35 32
1 36 158
1 37 177
1 38 18
1 39 148
1 40 182
1 41 145
1 42 98
1 43 156
1 44 128
1 45 18
1 46 120
1 47 163
1 48 148
1 49 43
1 50 146
1 51 176
1 52 175
1 53 37
1 54 163
1 55 68
1 56 98
1 57 186
1 58 31
1 59 165
1 60 101
1 61 41
1 62 117
1 63 174
1 64 180
1 65 30
1 66 13
1 67 98
1 68 161
1 69 146
1 70 6
1 71 55
1 72 177
1 73 21
1 74 116
1 75 43
1 76 51
1 77 150
1 78 197
1 79 113
1 80 50
1 81 145
1 82 37
1 83 125
1 84 10
1 85 124
1 86 167
1 87 81
1 88 114
1 89 200
1 90 84
1 91 80
1 92 161
1 93 167
1 94 18
1 95 88
1 96 121
1 97 189
1 98 60
1 99 131
2 3 122
2 4 25
2 5 159
2 6 182
2 7 171
2 8 159
2 9 39
2 10 143
2 11 115
2 12 4
2 13 28
2 14 5
2 15 93
2 16 72
2 17 100
2 18 122
2 19 97
2 20 169
2 21 47
2 22 157
2 23 165
2 24 145
2 25 93
2 26 44
2 27 87
2 28 21
2 29 12
2 30 25
2 31 137
2 32 58
2 33 54
2 34 151
2 35 139
2 36 90
2 37 37
2 38 19
2 39 189
2 40 103
2 41 70
2 42 196
2 43 194
2 44 180
2 45 0
2 46 106
2 47 130
2 48 93
2 49 164
2 50 142
2 51 28
2 52 18
2 53 75
2 54 195
2 55 182
2 56 175
2 57 149
2 58 78
2 59 70
2 60 45
2 61 77
2 62 158
2 63 176
2 64 0
2 65 194
2 66 113
2 67 19
2 68 63
2 69 182
2 70 33
2 71 9
2 72 138
2 73 197
2 74 29
2 75 131
2 76 99
2 77 134
2 78 124
2 79 131
2 80 35
2 81 172
2 82 81
2 83 165
2 84 4
2 85 104
2 86 5
2 87 8
2 88 198
2 89 68
2 90 133
2 91 148
2 92 53
2 93 47
2 94 62
2 95 170
2 96 14
2 97 126
2 98 38
2 99 92
3 4 163
3 5 9
3 6 59
3 7 130
3 8 28
3 9 54
3 10 69
3 11 114
3 12 195
3 13 22
3 14 30
3 15 83
3 16 135
3 17 160
3 18 82
3 19 43
3 20 115
3 21 200
3 22 47
3 23 187
3 24 5
3 25 97
3 26 105
3 27 3
3 28 186
3 29 133
3 30 98
3 31 140
3 32 106
3 33 98
3 34 117
3 35 108
3 36 134
3 37 36
3 38 69
3 39 176
3 40 169
3 41 44
3 42 36
3 43 69
3 44 118
3 45 112
3 46 172
3 47 17
3 48 182
3 49 166
3 50 132
3 51 122
3 52 2
3 53 151
3 54 183
3 55 37
3 56 22
3 57 61
3 58 131
3 59 13
3 60 88
3 61 176
3 62 111
3 63 192
3 64 75
3 65 185
3 66 47
3 67 24
3 68 58
3 69 51
3 70 66
3 71 140
3 72 145
3 73 17
3 74 0
3 75 127
3 76 73
3 77 62
3 78 151
3 79 21
3 80 155
3 81 197
3 82 14
3 83 124
3 84 96
3 85 18
3 86 81
3 87 146
3 88 25
3 89 67
3 90 171
3 91 0
3 92 184
3 93 127
3 94 74
3 95 168
3 96 31
3 97 115
3 98 141
3 99 52
4 5 109
4 6 104
4 7 16
4 8 194
4 9 3
4 10 89
4 11 193
4 12 88
4 13 77
4 14 118
4 15 187
4 16 31
4 17 94
4 18 177
4 19 163
4 20 76
4 21 168
4 22 91
4 23 116
4 24 84
4 25 123
4 26 184
4 27 173
4 28 89
4 29 108
4 30 90
4 31 23
4 32 51
4 33 143
4 34 53
4 35 160
4 36 16
4 37 85
4 38 58
4 39 72
4 40 3
4 41 13
4 42 194
4 43 44
4 44 173
4 45 83
4 46 108
4 47 74
4 48 174
4 49 87
4 50 142
4 51 47
4 52 109
4 53 175
4 54 184
4 55 61
4 56 160
4 57 36
4 58 11
4 59 71
4 60 166
4 61 69
4 62 14
4 63 145
4 64 59
4 65 87
4 66 46
4 67 118
4 68 121
4 69 91
4 70 106
4 71 39
4 72 152
4 73 24
4 74 26
4 75 62
4 76 129
4 77 144
4 78 198
4 79 85
4 80 172
4 81 42
4 82 146
4 83 122
4 84 112
4 85 117
4 86 71
4 87 97
4 88 158
4 89 57
4 90 142
4 91 184
4 92 45
4 93 155
4 94 155
4 95 187
4 96 13
4 97 93
4 98 159
4 99 168
5 6 62
5 7 70
5 8 199
5 9 80
5 10 126
5 11 75
5 12 22
5 13 99
5 14 31
5 15 11
5 16 118
5 17 68
5 18 89
5 19 41
5 20 23
5 21 143
5 22 49
5 23 136
5 24 40
5 25 79
5 26 141
5 27 141
5 28 82
5 29 174
5 30 153
5 31 66
5 32 113
5 33 19
5 34 46
5 35 27
5 36 19
5 37 66
5 38 189
5 39 53
5 40 186
5 41 151
5 42 142
5 43 166
5 44 185
5 45 125
5 46 185
5 47 155
5 48 199
5 49 60
5 50 142
5 51 159
5 52 64
5 53 189
5 54 182
5 55 110
5 56 58
5 57 181
5 58 44
5 59 92
5 60 71
5 61 41
5 62 185
5 63 127
5 64 65
5 65 64
5 66 149
5 67 90
5 68 32
5 69 143
5 70 84
5 71 127
5 72 118
5 73 188
5 74 99
5 75 73
5 76 103
5 77 26
5 78 98
5 79 107
5 80 107
5 81 60
5 82 105
5 83 198
5 84 157
5 85 66
5 86 72
5 87 15
5 88 0
5 89 103
5 90 37
5 91 130
5 92 34
5 93 155
5 94 134
5 95 21
5 96 195
5 97 99
5 98 12
5 99 60
6 7 134
6 8 37
6 9 72
6 10 129
6 11 54
6 12 186
6 13 67
6 14 40
6 15 9
6 16 181
6 17 77
6 18 61
6 19 62
6 20 58
6 21 68
6 22 107
6 23 163
6 24 188
6 25 5
6 26 130
6 27 118
6 28 64
6 29 34
6 30 97
6 31 32
6 32 64
6 33 125
6 34 67
6 35 145
6 36 97
6 37 95
6 38 108
6 39 133
6 40 57
6 41 111
6 42 31
6 43 160
6 44 125
6 45 143
6 46 131
6 47 190
6 48 8
6 49 135
6 50 0
6 51 196
6 52 12
6 53 184
6 54 142
6 55 137
6 56 61
6 57 65
6 58 21
6 59 105
6 60 1
6 61 107
6 62 15
6 63 71
6 64 174
6 65 64
6 66 160
6 67 83
6 68 172
6 69 112
6 70 117
6 71 127
6 72 9
6 73 121
6 74 89
6 75 134
6 76 32
6 77 191
6 78 41
6 79 105
6 80 171
6 81 120
6 82 175
6 83 113
6 84 123
6 85 55
6 86 32
6 87 65
6 88 99
6 89 37
6 90 45
6 91 58
6 92 10
6 93 192
6 94 155
6 95 2
6 96 167
6 97 32
6 98 98
6 99 142
7 8 194
7 9 26
7 10 141
7 11 23
7 12 176
7 13 76
7 14 6
7 15 91
7 16 25
7 17 25
7 18 69
7 19 190
7 20 21
7 21 119
7 22 20
7 23 55
7 24 61
7 25 177
7 26 34
7 27 166
7 28 177
7 29 97
7 30 160
7 31 20
7 32 154
7 33 158
7 34 110
7 35 195
7 36 71
7 37 128
7 38 114
7 39 178
7 40 182
7 41 119
7 42 28
7 43 147
7 44 193
7 45 31
7 46 181
7 47 67
7 48 184
7 49 31
7 50 185
7 51 148
7 52 40
7 53 29
7 54 28
7 55 5
7 56 120
7 57 184
7 58 169
7 59 1
7 60 51
7 61 100
7 62 198
7 63 56
7 64 55
7 65 139
7 66 3
7 67 67
7 68 173
7 69 87
7 70 104
7 71 22
7 72 132
7 73 98
7 74 60
7 75 60
7 76 199
7 77 88
7 78 103
7 79 27
7 80 84
7 81 72
7 82 160
7 83 77
7 84 92
7 85 84
7 86 152
7 87 176
7 88 49
7 89 193
7 90 52
7 91 87
7 92 109
7 93 197
7 94 145
7 95 116
7 96 168
7 97 14
7 98 123
7 99 69
8 9 90
8 10 132
8 11 195
8 12 175
8 13 57
8 14 44
8 15 6
8 16 127
8 17 194
8 18 166
8 19 146
8 20 154
8 21 99
8 22 147
8 23 96
8 24 117
8 25 161
8 26 32
8 27 176
8 28 130
8 29 103
8 30 24
8 31 180
8 32 30
8 33 177
8 34 65
8 35 29
8 36 182
8 37 73
8 38 90
8 39 101
8 40 79
8 41 68
8 42 69
8 43 20
8 44 88
8 45 71
8 46 170
8 47 178
8 48 197
8 49 128
8 50 47
8 51 103
8 52 12
8 53 55
8 54 87
8 55 112
8 56 159
8 57 120
8 58 145
8 59 17
8 60 115
8 61 124
8 62 155
8 63 39
8 64 127
8 65 138
8 66 100
8 67 67
8 68 77
8 69 126
8 70 86
8 71 10
8 72 74
8 73 128
8 74 13
8 75 98
8 76 5
8 77 46
8 78 35
8 79 138
8 80 40
8 81 76
8 82 60
8 83 108
8 84 30
8 85 187
8 86 175
8 87 101
8 88 91
8 89 61
8 90 177
8 91 187
8 92 149
8 93 68
8 94 15
8 95 15
8 96 155
8 97 31
8 98 18
8 99 102
9 10 37
9 11 77
9 12 10
9 13 101
9 14 27
9 15 44
9 16 177
9 17 7
9 18 71
9 19 41
9 20 107
9 21 185
9 22 181
9 23 190
9 24 126
9 25 180
9 26 90
9 27 2
9 28 158
9 29 198
9 30 148
9 31 116
9 32 9
9 33 105
9 34 55
9 35 162
9 36 127
9 37 66
9 38 128
9 39 94
9 40 12
9 41 151
9 42 182
9 43 48
9 44 133
9 45 116
9 46 159
9 47 68
9 48 43
9 49 199
9 50 46
9 51 63
9 52 127
9 53 35
9 54 52
9 55 133
9 56 19
9 57 54
9 58 110
9 59 172
9 60 63
9 61 10
9 62 176
9 63 158
9 64 167
9 65 145
9 66 155
9 67 1
9 68 179
9 69 93
9 70 122
9 71 98
9 72 153
9 73 178
9 74 71
9 75 132
9 76 141
9 77 54
9 78 122
9 79 82
9 80 158
9 81 28
9 82 21
9 83 2
9 84 63
9 85 19
9 86 87
9 87 66
9 88 103
9 89 53
9 90 89
9 91 30
9 92 171
9 93 118
9 94 133
9 95 39
9 96 81
9 97 111
9 98 138
9 99 110
10 11 126
10 12 2
10 13 107
10 14 81
10 15 13
10 16 79
10 17 23
10 18 50
10 19 20
10 20 188
10 21 190
10 22 89
10 23 148
10 24 99
10 25 87
10 26 172
10 27 153
10 28 28
10 29 141
10 30 18
10 31 139
10 32 140
10 33 24
10 34 166
10 35 85
10 36 198
10 37 155
10 38 50
10 39 125
10 40 113
10 41 71
10 42 33
10 43 152
10 44 139
10 45 95
10 46 144
10 47 156
10 48 91
10 49 67
10 50 99
10 51 61
10 52 134
10 53 79
10 54 92
10 55 32
10 56 73
10 57 66
10 58 145
10 59 102
10 60 63
10 61 167
10 62 8
10 63 147
10 64 79
10 65 200
10 66 73
10 67 43
10 68 199
10 69 37
10 70 99
10 71 54
10 72 94
10 73 118
10 74 54
10 75 118
10 76 176
10 77 200
10 78 119
10 79 165
10 80 93
10 81 23
10 82 102
10 83 5
10 84 199
10 85 171
10 86 184
10 87 56
10 88 81
10 89 199
10 90 148
10 91 168
10 92 151
10 93 198
10 94 106
10 95 8
10 96 20
10 97 3
10 98 192
10 99 68
11 12 57
11 13 163
11 14 63
11 15 191
11 16 36
11 17 49
11 18 87
11 19 181
11 20 144
11 21 40
11 22 65
11 23 35
11 24 103
11 25 7
11 26 142
11 27 74
11 28 168
11 29 176
11 30 112
11 31 7
11 32 127
11 33 8
11 34 147
11 35 177
11 36 151
11 37 108
11 38 82
11 39 94
11 40 109
11 41 125
11 42 111
11 43 122
11 44 140
11 45 119
11 46 34
11 47 67
11 48 16
11 49 116
11 50 48
11 51 100
11 52 46
11 53 155
11 54 177
11 55 108
11 56 66
11 57 86
11 58 67
11 59 19
11 60 139
11 61 94
11 62 6
11 63 88
11 64 148
11 65 160
11 66 48
11 67 152
11 68 101
11 69 48
11 70 136
11 71 113
11 72 64
11 73 178
11 74 158
11 75 102
11 76 200
11 77 94
11 78 71
11 79 77
11 80 186
11 81 60
11 82 59
11 83 171
11 84 145
11 85 193
11 86 7
11 87 76
11 88 155
11 89 117
11 90 109
11 91 151
11 92 51
11 93 147
11 94 124
11 95 108
11 96 186
11 97 152
11 98 167
11 99 89
12 13 38
12 14 158
12 15 177
12 16 66
12 17 71
12 18 157
12 19 16
12 20 162
12 21 90
12 22 44
12 23 175
12 24 101
12 25 181
12 26 56
12 27 58
12 28 23
12 29 174
12 30 117
12 31 172
12 32 29
12 33 53
12 34 62
12 35 104
12 36 79
12 37 29
12 38 186
12 39 97
12 40 3
12 41 32
12 42 199
12 43 12
12 44 143
12 45 87
12 46 98
12 47 9
12 48 58
12 49 193
12 50 37
12 51 122
12 52 111
12 53 26
12 54 101
12 55 145
12 56 9
12 57 100
12 58 173
12 59 12
12 60 168
12 61 64
12 62 121
12 63 36
12 64 118
12 65 76
12 66 81
12 67 81
12 68 70
12 69 109
12 70 189
12 71 165
12 72 138
12 73 42
12 74 93
12 75 118
12 76 11
12 77 38
12 78 26
12 79 147
12 80 174
12 81 161
12 82 39
12 83 71
12 84 138
12 85 93
12 86 97
12 87 122
12 88 22
12 89 151
12 90 125
12 91 161
12 92 173
12 93 120
12 94 151
12 95 37
12 96 168
12 97 118
12 98 27
12 99 101
13 14 39
13 15 148
13 16 159
13 17 29
13 18 2
13 19 27
13 20 48
13 21 174
13 22 9
13 23 188
13 24 78
13 25 10
13 26 193
13 27 81
13 28 29
13 29 39
13 30 194
13 31 197
13 32 166
13 33 98
13 34 32
13 35 148
13 36 109
13 37 131
13 38 141
13 39 112
13 40 162
13 41 145
13 42 138
13 43 140
13 44 58
13 45 87
13 46 134
13 47 199
13 48 147
13 49 142
13 50 91
13 51 116
13 52 124
13 53 98
13 54 1
13 55 124
13 56 141
13 57 187
13 58 14
13 59 0
13 60 68
13 61 17
13 62 62
13 63 87
13 64 94
13 65 122
13 66 87
13 67 116
13 68 136
13 69 18
13 70 94
13 71 80
13 72 144
13 73 76
13 74 200
13 75 30
13 76 172
13 77 153
13 78 5
13 79 145
13 80 14
13 81 183
13 82 52
13 83 72
13 84 165
13 85 11
13 86 39
13 87 23
13 88 141
13 89 186
13 90 65
13 91 159
13 92 168
13 93 53
13 94 196
13 95 80
13 96 135
13 97 28
13 98 111
13 99 27
14 15 118
14 16 34
14 17 114
14 18 78
14 19 64
14 20 159
14 21 94
14 22 25
14 23 109
14 24 67
14 25 173
14 26 82
14 27 7
14 28 73
14 29 121
14 30 153
14 31 137
14 32 134
14 33 55
14 34 87
14 35 95
14 36 108
14 37 166
14 38 150
14 39 92
14 40 182
14 41 160
14 42 150
14 43 118
14 44 32
14 45 16
14 46 27
14 47 96
14 48 117
14 49 111
14 50 184
14 51 84
14 52 142
14 53 164
14 54 95
14 55 137
14 56 72
14 57 43
14 58 189
14 59 79
14 60 102
14 61 158
14 62 92
14 63 39
14 64 198
14 65 150
14 66 102
14 67 196
14 68 87
14 69 113
14 70 12
14 71 71
14 72 164
14 73 77
14 74 184
14 75 52
14 76 90
14 77 59
14 78 66
14 79 190
14 80 176
14 81 177
14 82 176
14 83 180
14 84 78
14 85 142
14 86 48
14 87 171
14 88 38
14 89 116
14 90 70
14 91 108
14 92 157
14 93 96
14 94 65
14 95 51
14 96 192
14 97 33
14 98 53
14 99 77
15 16 153
15 17 100
15 18 142
15 19 157
15 20 63
15 21 39
15 22 1
15 23 114
15 24 148
15 25 123
15 26 115
15 27 60
15 28 138
15 29 169
15 30 155
15 31 126
15 32 78
15 33 106
15 34 32
15 35 188
15 36 38
15 37 191
15 38 0
15 39 57
15 40 13
15 41 172
15 42 118
15 43 34
15 44 141
15 45 76
15 46 40
15 47 92
15 48 62
15 49 26
15 50 71
15 51 184
15 52 41
15 53 142
15 54 175
15 55 185
15 56 48
15 57 142
15 58 138
15 59 143
15 60 36
15 61 32
15 62 37
15 63 54
15 64 27
15 65 16
15 66 164
15 67 31
15 68 63
15 69 6
15 70 126
15 71 93
15 72 67
15 73 66
15 74 145
15 75 7
15 76 84
15 77 170
15 78 13
15 79 69
15 80 139
15 81 40
15 82 158
15 83 57
15 84 77
15 85 44
15 86 181
15 87 187
15 88 77
15 89 131
15 90 190
15 91 122
15 92 13
15 93 96
15 94 4
15 95 158
15 96 200
15 97 80
15 98 108
15 99 158
16 17 79
16 18 198
16 19 148
16 20 134
16 21 54
16 22 98
16 23 145
16 24 199
16 25 198
16 26 116
16 27 168
16 28 42
16 29 5
16 30 31
16 31 63
16 32 45
16 33 19
16 34 99
16 35 198
16 36 84
16 37 53
16 38 126
16 39 197
16 40 53
16 41 28
16 42 180
16 43 102
16 44 106
16 45 61
16 46 128
16 47 74
16 48 49
16 49 91
16 50 71
16 51 48
16 52 27
16 53 138
16 54 106
16 55 17
16 56 52
16 57 45
16 58 150
16 59 149
16 60 1
16 61 186
16 62 108
16 63 121
16 64 13
16 65 36
16 66 102
16 67 176
16 68 45
16 69 62
16 70 52
16 71 137
16 72 104
16 73 63
16 74 78
16 75 50
16 76 57
16 77 68
16 78 51
16 79 69
16 80 86
16 81 92
16 82 147
16 83 119
16 84 134
16 85 173
16 86 188
16 87 196
16 88 21
16 89 45
16 90 166
16 91 138
16 92 188
16 93 70
16 94 100
16 95 141
16 96 130
16 97 132
16 98 86
16 99 114
17 18 103
17 19 177
17 20 21
17 21 59
17 22 60
17 23 175
17 24 70
17 25 75
17 26 151
17 27 41
17 28 126
17 29 39
17 30 62
17 31 127
17 32 186
17 33 19
17 34 155
17 35 127
17 36 113
17 37 14
17 38 64
17 39 174
17 40 196
17 41 158
17 42 37
17 43 33
17 44 181
17 45 8
17 46 30
17 47 180
17 48 108
17 49 31
17 50 4
17 51 183
17 52 176
17 53 107
17 54 91
17 55 54
17 56 121
17 57 80
17 58 137
17 59 56
17 60 126
17 61 133
17 62 188
17 63 101
17 64 157
17 65 65
17 66 176
17 67 14
17 68 87
17 69 172
17 70 6
17 71 148
17 72 166
17 73 158
17 74 103
17 75 120
17 76 196
17 77 142
17 78 59
17 79 16
17 80 143
17 81 136
17 82 14
17 83 77
17 84 136
17 85 193
17 86 49
17 87 150
17 88 15
17 89 36
17 90 100
17 91 187
17 92 165
17 93 112
17 94 167
17 95 78
17 96 60
17 97 131
17 98 128
17 99 76
18 19 21
18 20 187
18 21 57
18 22 69
18 23 52
18 24 96
18 25 195
18 26 124
18 27 125
18 28 53
18 29 28
18 30 107
18 31 74
18 32 59
18 33 61
18 34 20
18 35 56
18 36 6
18 37 177
18 38 108
18 39 173
18 40 3
18 41 87
18 42 0
18 43 43
18 44 55
18 45 181
18 46 165
18 47 5
18 48 3
18 49 54
18 50 40
18 51 151
18 52 56
18 53 7
18 54 167
18 55 159
18 56 52
18 57 149
18 58 195
18 59 27
18 60 102
18 61 120
18 62 183
18 63 172
18 64 79
18 65 126
18 66 82
18 67 132
18 68 79
18 69 71
18 70 48
18 71 77
18 72 36
18 73 1
18 74 98
18 75 189
18 76 125
18 77 37
18 78 92
18 79 120
18 80 114
18 81 156
18 82 172
18 83 16
18 84 126
18 85 90
18 86 137
18 87 163
18 88 38
18 89 106
18 90 165
18 91 18
18 92 188
18 93 137
18 94 34
18 95 100
18 96 53
18 97 87
18 98 10
18 99 131
19 20 167
19 21 6
19 22 35
19 23 182
19 24 27
19 25 69
19 26 129
19 27 29
19 28 175
19 29 153
19 30 138
19 31 123
19 32 115
19 33 78
19 34 67
19 35 0
19 36 94
19 37 71
19 38 136
19 39 64
19 40 106
19 41 22
19 42 103
19 43 166
19 44 24
19 45 15
19 46 107
19 47 158
19 48 108
19 49 95
19 50 154
19 51 33
19 52 32
19 53 55
19 54 180
19 55 64
19 56 81
19 57 198
19 58 157
19 59 13
19 60 7
19 61 36
19 62 54
19 63 188
19 64 129
19 65 4
19 66 95
19 67 86
19 68 181
19 69 122
19 70 85
19 71 178
19 72 187
19 73 14
19 74 199
19 75 10
19 76 112
19 77 60
19 78 190
19 79 10
19 80 71
19 81 181
19 82 36
19 83 8
19 84 98
19 85 171
19 86 182
19 87 109
19 88 151
19 89 149
19 90 127
19 91 126
19 92 112
19 93 185
19 94 10
19 95 123
19 96 47
19 97 0
19 98 78
19 99 154
20 21 22
20 22 33
20 23 64
20 24 59
20 25 40
20 26 93
20 27 100
20 28 47
20 29 59
20 30 54
20 31 148
20 32 104
20 33 197
20 34 27
20 35 86
20 36 149
20 37 17
20 38 96
20 39 47
20 40 55
20 41 4
20 42 36
20 43 147
20 44 48
20 45 67
20 46 168
20 47 21
20 48 113
20 49 111
20 50 61
20 51 33
20 52 97
20 53 161
20 54 82
20 55 169
20 56 18
20 57 42
20 58 47
20 59 80
20 60 131
20 61 55
20 62 92
20 63 44
20 64 119
20 65 160
20 66 56
20 67 192
20 68 46
20 69 94
20 70 110
20 71 45
20 72 98
20 73 15
20 74 85
20 75 63
20 76 114
20 77 2
20 78 95
20 79 192
20 80 115
20 81 145
20 82 149
20 83 15
20 84 194
20 85 190
20 86 148
20 87 40
20 88 64
20 89 118
20 90 11
20 91 139
20 92 160
20 93 94
20 94 49
20 95 60
20 96 134
20 97 131
20 98 160
20 99 131
21 22 152
21 23 138
21 24 25
21 25 29
21 26 110
21 27 182
21 28 0
21 29 180
21 30 132
21 31 27
21 32 180
21 33 184
21 34 135
21 35 27
21 36 152
21 37 131
21 38 5
21 39 197
21 40 121
21 41 165
21 42 57
21 43 178
21 44 103
21 45 98
21 46 186
21 47 162
21 48 26
21 49 198
21 50 27
21 51 174
21 52 154
21 53 129
21 54 129
21 55 185
21 56 73
21 57 159
21 58 177
21 59 104
21 60 140
21 61 140
21 62 145
21 63 190
21 64 29
21 65 110
21 66 179
21 67 52
21 68 94
21 69 134
21 70 37
21 71 63
21 72 198
21 73 188
21 74 36
21 75 146
21 76 158
21 77 158
21 78 1
21 79 104
21 80 10
21 81 103
21 82 128
21 83 129
21 84 187
21 85 29
21 86 1
21 87 149
21 88 69
21 89 4
21 90 56
21 91 96
21 92 34
21 93 63
21 94 8
21 95 97
21 96 4
21 97 41
21 98 149
21 99 5
22 23 92
22 24 90
22 25 86
22 26 181
22 27 95
22 28 7
22 29 16
22 30 113
22 31 181
22 32 129
22 33 13
22 34 105
22 35 154
22 36 111
22 37 142
22 38 168
22 39 14
22 40 137
22 41 174
22 42 50
22 43 106
22 44 53
22 45 197
22 46 50
22 47 130
22 48 98
22 49 112
22 50 21
22 51 94
22 52 200
22 53 29
22 54 60
22 55 31
22 56 18
22 57 154
22 58 112
22 59 73
22 60 84
22 61 12
22 62 41
22 63 10
22 64 56
22 65 56
22 66 18
22 67 70
22 68 130
22 69 84
22 70 168
22 71 14
22 72 59
22 73 72
22 74 93
22 75 43
22 76 166
22 77 52
22 78 2
22 79 85
22 80 150
22 81 90
22 82 51
22 83 6
22 84 80
22 85 98
22 86 133
22 87 156
22 88 75
22 89 129
22 90 132
22 91 31
22 92 41
22 93 182
22 94 47
22 95 76
22 96 43
22 97 41
22 98 143
22 99 42
23 24 107
23 25 52
23 26 197
23 27 38
23 28 152
23 29 95
23 30 89
23 31 84
23 32 192
23 33 103
23 34 31
23 35 41
23 36 44
23 37 44
23 38 56
23 39 110
23 40 86
23 41 169
23 42 81
23 43 88
23 44 173
23 45 188
23 46 140
23 47 84
23 48 77
23 49 111
23 50 2
23 51 140
23 52 9
23 53 47
23 54 199
23 55 146
23 56 75
23 57 36
23 58 136
23 59 119
23 60 170
23 61 22
23 62 32
23 63 3
23 64 149
23 65 7
23 66 173
23 67 44
23 68 113
23 69 102
23 70 149
23 71 113
23 72 51
23 73 197
23 74 10
23 75 138
23 76 69
23 77 13
23 78 9
23 79 108
23 80 60
23 81 124
23 82 161
23 83 175
23 84 136
23 85 150
23 86 192
23 87 166
23 88 72
23 89 59
23 90 82
23 91 88
23 92 99
23 93 74
23 94 181
23 95 170
23 96 193
23 97 69
23 98 56
23 99 184
24 25 23
24 26 128
24 27 135
24 28 3
24 29 64
24 30 108
24 31 161
24 32 151
24 33 53
24 34 200
24 35 33
24 36 30
24 37 91
24 38 50
24 39 88
24 40 187
24 41 20
24 42 132
24 43 8
24 44 188
24 45 123
24 46 86
24 47 89
24 48 137
24 49 7
24 50 90
24 51 168
24 52 141
24 53 183
24 54 158
24 55 108
24 56 88
24 57 199
24 58 72
24 59 89
24 60 111
24 61 68
24 62 134
24 63 121
24 64 66
24 65 52
24 66 72
24 67 25
24 68 45
24 69 56
24 70 179
24 71 62
24 72 117
24 73 88
24 74 2
24 75 159
24 76 149
24 77 38
24 78 104
24 79 91
24 80 66
24 81 92
24 82 138
24 83 77
24 84 100
24 85 11
24 86 183
24 87 78
24 88 69
24 89 160
24 90 177
24 91 20
24 92 93
24 93 128
24 94 179
24 95 10
24 96 117
24 97 199
24 98 20
24 99 140
25 26 169
25 27 45
25 28 134
25 29 97
25 30 56
25 31 181
25 32 80
25 33 0
25 34 143
25 35 30
25 36 1
25 37 96
25 38 136
25 39 197
25 40 4
25 41 182
25 42 111
25 43 136
25 44 4
25 45 65
25 46 121
25 47 110
25 48 93
25 49 177
25 50 66
25 51 130
25 52 169
25 53 122
25 54 78
25 55 160
25 56 182
25 57 24
25 58 75
25 59 1
25 60 186
25 61 61
25 62 95
25 63 90
25 64 9
25 65 34
25 66 183
25 67 95
25 68 65
25 69 67
25 70 178
25 71 89
25 72 12
25 73 179
25 74 84
25 75 165
25 76 147
25 77 129
25 78 67
25 79 137
25 80 86
25 81 190
25 82 77
25 83 107
25 84 9
25 85 194
25 86 195
25 87 164
25 88 187
25 89 180
25 90 166
25 91 104
25 92 34
25 93 161
25 94 55
25 95 5
25 96 77
25 97 148
25 98 131
25 99 15
26 27 133
26 28 181
26 29 7
26 30 139
26 31 198
26 32 53
26 33 34
26 34 32
26 35 88
26 36 40
26 37 73
26 38 109
26 39 104
26 40 66
26 41 69
26 42 98
26 43 199
26 44 183
26 45 24
26 46 18
26 47 83
26 48 102
26 49 176
26 50 191
26 51 169
26 52 42
26 53 199
26 54 182
26 55 0
26 56 193
26 57 17
26 58 114
26 59 18
26 60 120
26 61 75
26 62 169
26 63 82
26 64 154
26 65 96
26 66 34
26 67 156
26 68 185
26 69 98
26 70 45
26 71 91
26 72 98
26 73 66
26 74 86
26 75 102
26 76 38
26 77 170
26 78 192
26 79 148
26 80 164
26 81 63
26 82 149
26 83 133
26 84 92
26 85 96
26 86 126
26 87 67
26 88 7
26 89 73
26 90 18
26 91 129
26 92 45
26 93 35
26 94 137
26 95 112
26 96 197
26 97 107
26 98 108
26 99 98
27 28 24
27 29 139
27 30 124
27 31 159
27 32 27
27 33 31
27 34 165
27 35 48
27 36 42
27 37 141
27 38 85
27 39 121
27 40 192
27 41 161
27 42 78
27 43 192
27 44 66
27 45 44
27 46 48
27 47 137
27 48 139
27 49 173
27 50 182
27 51 19
27 52 193
27 53 131
27 54 195
27 55 64
27 56 113
27 57 34
27 58 155
27 59 112
27 60 116
27 61 194
27 62 93
27 63 0
27 64 39
27 65 170
27 66 102
27 67 59
27 68 194
27 69 126
27 70 171
27 71 30
27 72 136
27 73 143
27 74 199
27 75 108
27 76 79
27 77 117
27 78 126
27 79 64
27 80 176
27 81 189
27 82 117
27 83 68
27 84 88
27 85 121
27 86 26
27 87 43
27 88 102
27 89 14
27 90 96
27 91 39
27 92 73
27 93 187
27 94 193
27 95 196
27 96 20
27 97 188
27 98 61
27 99 65
28 29 141
28 30 103
28 31 120
28 32 179
28 33 156
28 34 166
28 35 5
28 36 178
28 37 61
28 38 76
28 39 29
28 40 67
28 41 47
28 42 107
28 43 108
28 44 118
28 45 102
28 46 38
28 47 72
28 48 179
28 49 118
28 50 104
28 51 172
28 52 162
28 53 51
28 54 102
28 55 161
28 56 82
28 57 194
28 58 200
28 59 18
28 60 199
28 61 164
28 62 30
28 63 49
28 64 1
28 65 79
28 66 88
28 67 110
28 68 13
28 69 89
28 70 93
28 71 126
28 72 114
28 73 186
28 74 54
28 75 55
28 76 126
28 77 105
28 78 82
28 79 99
28 80 159
28 81 196
28 82 146
28 83 103
28 84 23
28 85 91
28 86 117
28 87 33
28 88 124
28 89 166
28 90 15
28 91 49
28 92 165
28 93 17
28 94 19
28 95 150
28 96 16
28 97 33
28 98 155
28 99 160
29 30 165
29 31 144
29 32 146
29 33 117
29 34 163
29 35 36
29 36 50
29 37 113
29 38 128
29 39 21
29 40 131
29 41 72
29 42 140
29 43 68
29 44 138
29 45 186
29 46 50
29 47 123
29 48 97
29 49 182
29 50 21
29 51 146
29 52 135
29 53 66
29 54 39
29 55 110
29 56 160
29 57 180
29 58 184
29 59 90
29 60 136
29 61 162
29 62 0
29 63 63
29 64 69
29 65 111
29 66 152
29 67 95
29 68 44
29 69 49
29 70 13
29 71 119
29 72 83
29 73 89
29 74 137
29 75 64
29 76 139
29 77 18
29 78 61
29 79 8
29 80 23
29 81 12
29 82 123
29 83 87
29 84 159
29 85 139
29 86 66
29 87 145
29 88 123
29 89 125
29 90 161
29 91 15
29 92 104
29 93 77
29 94 108
29 95 123
29 96 94
29 97 105
29 98 82
29 99 32
30 31 88
30 32 129
30 33 99
30 34 64
30 35 160
30 36 17
30 37 167
30 38 124
30 39 124
30 40 1
30 41 47
30 42 104
30 43 30
30 44 200
30 45 90
30 46 78
30 47 91
30 48 123
30 49 196
30 50 191
30 51 20
30 52 4
30 53 43
30 54 108
30 55 41
30 56 105
30 57 29
30 58 90
30 59 71
30 60 168
30 61 114
30 62 165
30 63 115
30 64 65
30 65 52
30 66 126
30 67 5
30 68 11
30 69 87
30 70 98
30 71 85
30 72 94
30 73 86
30 74 17
30 75 11
30 76 132
30 77 88
30 78 119
30 79 111
30 80 159
30 81 38
30 82 143
30 83 39
30 84 32
30 85 189
30 86 6
30 87 143
30 88 173
30 89 90
30 90 158
30 91 195
30 92 40
30 93 138
30 94 22
30 95 107
30 96 95
30 97 188
30 98 185
30 99 2
31 32 64
31 33 102
31 34 174
31 35 98
31 36 79
31 37 30
31 38 133
31 39 162
31 40 123
31 41 133
31 42 70
31 43 105
31 44 64
31 45 53
31 46 122
31 47 180
31 48 59
31 49 183
31 50 67
31 51 192
31 52 5
31 53 89
31 54 66
31 55 177
31 56 133
31 57 173
31 58 93
31 59 5
31 60 49
31 61 158
31 62 164
31 63 164
31 64 2
31 65 49
31 66 188
31 67 126
31 68 139
31 69 175
31 70 143
31 71 150
31 72 33
31 73 186
31 74 152
31 75 114
31 76 37
31 77 162
31 78 35
31 79 128
31 80 39
31 81 31
31 82 183
31 83 27
31 84 118
31 85 14
31 86 26
31 87 146
31 88 46
31 89 72
31 90 53
31 91 84
31 92 3
31 93 173
31 94 99
31 95 12
31 96 27
31 97 62
31 98 24
31 99 25
32 33 56
32 34 54
32 35 173
32 36 23
32 37 54
32 38 131
32 39 72
32 40 88
32 41 54
32 42 178
32 43 164
32 44 129
32 45 77
32 46 131
32 47 151
32 48 80
32 49 139
32 50 90
32 51 139
32 52 111
32 53 86
32 54 49
32 55 94
32 56 199
32 57 19
32 58 193
32 59 86
32 60 140
32 61 7
32 62 104
32 63 2
32 64 51
32 65 105
32 66 135
32 67 158
32 68 34
32 69 142
32 70 88
32 71 47
32 72 135
32 73 80
32 74 140
32 75 81
32 76 187
32 77 93
32 78 199
32 79 21
32 80 75
32 81 140
32 82 51
32 83 28
32 84 101
32 85 128
32 86 79
32 87 173
32 88 92
32 89 142
32 90 45
32 91 171
32 92 81
32 93 104
32 94 73
32 95 65
32 96 1
32 97 64
32 98 103
32 99 78
33 34 98
33 35 190
33 36 26
33 37 39
33 38 60
33 39 10
33 40 121
33 41 134
33 42 116
33 43 155
33 44 19
33 45 179
33 46 89
33 47 164
33 48 24
33 49 123
33 50 118
33 51 44
33 52 158
33 53 72
33 54 23
33 55 104
33 56 178
33 57 55
33 58 170
33 59 149
33 60 59
33 61 92
33 62 80
33 63 131
33 64 78
33 65 46
33 66 64
33 67 153
33 68 134
33 69 134
33 70 142
33 71 43
33 72 144
33 73 174
33 74 136
33 75 174
33 76 46
33 77 15
33 78 141
33 79 79
33 80 106
33 81 66
33 82 146
33 83 24
33 84 118
33 85 28
33 86 109
33 87 197
33 88 138
33 89 22
33 90 168
33 91 141
33 92 24
33 93 174
33 94 154
33 95 147
33 96 164
33 97 131
33 98 171
33 99 114
34 35 171
34 36 157
34 37 196
34 38 1
34 39 117
34 40 185
34 41 74
34 42 176
34 43 191
34 44 133
34 45 80
34 46 126
34 47 110
34 48 107
34 49 137
34 50 179
34 51 66
34 52 46
34 53 93
34 54 138
34 55 38
34 56 119
34 57 59
34 58 121
34 59 136
34 60 14
34 61 19
34 62 118
34 63 193
34 64 8
34 65 185
34 66 140
34 67 18
34 68 92
34 69 176
34 70 135
34 71 175
34 72 173
34 73 97
34 74 152
34 75 143
34 76 40
34 77 26
34 78 169
34 79 69
34 80 173
34 81 112
34 82 121
34 83 85
34 84 89
34 85 159
34 86 34
34 87 185
34 88 197
34 89 76
34 90 144
34 91 187
34 92 53
34 93 131
34 94 132
34 95 197
34 96 10
34 97 97
34 98 132
34 99 187
35 36 0
35 37 52
35 38 182
35 39 77
35 40 44
35 41 125
35 42 98
35 43 60
35 44 173
35 45 64
35 46 168
35 47 198
35 48 26
35 49 11
35 50 100
35 51 177
35 52 169
35 53 30
35 54 66
35 55 121
35 56 128
35 57 197
35 58 196
35 59 168
35 60 125
35 61 24
35 62 190
35 63 82
35 64 96
35 65 49
35 66 124
35 67 190
35 68 171
35 69 83
35 70 180
35 71 36
35 72 92
35 73 83
35 74 48
35 75 133
35 76 79
35 77 151
35 78 34
35 79 75
35 80 136
35 81 131
35 82 139
35 83 102
35 84 83
35 85 21
35 86 88
35 87 44
35 88 171
35 89 89
35 90 149
35 91 185
35 92 61
35 93 101
35 94 162
35 95 111
35 96 109
35 97 38
35 98 13
35 99 121
36 37 69
36 38 52
36 39 48
36 40 93
36 41 106
36 42 142
36 43 76
36 44 183
36 45 46
36 46 93
36 47 48
36 48 192
36 49 144
36 50 121
36 51 158
36 52 158
36 53 99
36 54 5
36 55 23
36 56 107
36 57 69
36 58 97
36 59 39
36 60 186
36 61 108
36 62 180
36 63 115
36 64 40
36 65 178
36 66 13
36 67 1
36 68 66
36 69 143
36 70 135
36 71 109
36 72 69
36 73 108
36 74 2
36 75 137
36 76 39
36 77 153
36 78 173
36 79 113
36 80 32
36 81 106
36 82 152
36 83 185
36 84 194
36 85 161
36 86 19
36 87 165
36 88 35
36 89 72
36 90 63
36 91 193
36 92 127
36 93 53
36 94 93
36 95 27
36 96 79
36 97 6
36 98 29
36 99 28
37 38 138
37 39 77
37 40 106
37 41 197
37 42 200
37 43 113
37 44 95
37 45 36
37 46 70
37 47 42
37 48 84
37 49 151
37 50 112
37 51 140
37 52 153
37 53 132
37 54 45
37 55 163
37 56 183
37 57 199
37 58 40
37 59 194
37 60 132
37 61 30
37 62 36
37 63 37
37 64 196
37 65 133
37 66 75
37 67 139
37 68 163
37 69 72
37 70 195
37 71 32
37 72 41
37 73 53
37 74 106
37 75 32
37 76 13
37 77 53
37 78 30
37 79 3
37 80 162
37 81 97
37 82 100
37 83 85
37 84 124
37 85 39
37 86 43
37 87 60
37 88 147
37 89 99
37 90 124
37 91 188
37 92 20
37 93 51
37 94 173
37 95 93
37 96 194
37 97 120
37 98 85
37 99 28
38 39 190
38 40 27
38 41 152
38 42 86
38 43 58
38 44 4
38 45 109
38 46 174
38 47 2
38 48 97
38 49 46
38 50 114
38 51 115
38 52 151
38 53 137
38 54 101
38 55 12
38 56 154
38 57 94
38 58 76
38 59 120
38 60 167
38 61 63
38 62 122
38 63 150
38 64 174
38 65 95
38 66 111
38 67 119
38 68 25
38 69 112
38 70 117
38 71 159
38 72 46
38 73 45
38 74 71
38 75 130
38 76 163
38 77 193
38 78 196
38 79 43
38 80 145
38 81 136
38 82 39
38 83 110
38 84 97
38 85 51
38 86 63
38 87 177
38 88 127
38 89 60
38 90 70
38 91 147
38 92 120
38 93 146
38 94 51
38 95 56
38 96 46
38 97 81
38 98 57
38 99 111
39 40 7
39 41 109
39 42 42
39 43 131
39 44 85
39 45 66
39 46 83
39 47 81
39 48 171
39 49 101
39 50 120
39 51 46
39 52 66
39 53 75
39 54 49
39 55 166
39 56 185
39 57 126
39 58 163
39 59 96
39 60 173
39 61 100
39 62 106
39 63 57
39 64 92
39 65 17
39 66 11
39 67 137
39 68 147
39 69 174
39 70 106
39 71 137
39 72 33
39 73 50
39 74 181
39 75 92
39 76 75
39 77 95
39 78 91
39 79 174
39 80 134
39 81 182
39 82 108
39 83 86
39 84 68
39 85 187
39 86 78
39 87 131
39 88 17
39 89 179
39 90 19
39 91 75
39 92 158
39 93 161
39 94 175
39 95 176
39 96 176
39 97 64
39 98 135
39 99 96
40 41 109
40 42 11
40 43 34
40 44 124
40 45 150
40 46 132
40 47 58
40 48 113
40 49 38
40 50 79
40 51 18
40 52 54
40 53 192
40 54 52
40 55 81
40 56 140
40 57 78
40 58 110
40 59 27
40 60 157
40 61 77
40 62 65
40 63 101
40 64 15
40 65 145
40 66 66
40 67 41
40 68 52
40 69 200
40 70 33
40 71 122
40 72 103
40 73 28
40 74 32
40 75 64
40 76 59
40 77 9
40 78 121
40 79 179
40 80 180
40 81 106
40 82 108
40 83 116
40 84 26
40 85 1
40 86 156
40 87 84
40 88 98
40 89 87
40 90 177
40 91 50
40 92 131
40 93 184
40 94 33
40 95 125
40 96 174
40 97 120
40 98 174
40 99 188
41 42 99
41 43 141
41 44 53
41 45 99
41 46 84
41 47 40
41 48 155
41 49 62
41 50 22
41 51 81
41 52 112
41 53 141
41 54 51
41 55 144
41 56 56
41 57 9
41 58 119
41 59 187
41 60 74
41 61 41
41 62 0
41 63 59
41 64 15
41 65 63
41 66 116
41 67 165
41 68 141
41 69 66
41 70 10
41 71 5
41 72 104
41 73 20
41 74 188
41 75 46
41 76 91
41 77 76
41 78 114
41 79 30
41 80 15
41 81 144
41 82 133
41 83 159
41 84 64
41 85 21
41 86 96
41 87 28
41 88 51
41 89 3
41 90 36
41 91 51
41 92 7
41 93 45
41 94 40
41 95 136
41 96 93
41 97 164
41 98 14
41 99 36
42 43 137
42 44 84
42 45 95
42 46 191
42 47 107
42 48 84
42 49 68
42 50 122
42 51 15
42 52 103
42 53 30
42 54 148
42 55 119
42 56 129
42 57 109
42 58 188
42 59 99
42 60 150
42 61 194
42 62 35
42 63 195
42 64 138
42 65 191
42 66 92
42 67 67
42 68 109
42 69 21
42 70 155
42 71 18
42 72 162
42 73 86
42 74 163
42 75 132
42 76 160
42 77 187
42 78 123
42 79 196
42 80 107
42 81 22
42 82 94
42 83 197
42 84 165
42 85 11
42 86 65
42 87 2
42 88 168
42 89 59
42 90 139
42 91 126
42 92 100
42 93 119
42 94 119
42 95 42
42 96 177
42 97 158
42 98 51
42 99 51
43 44 95
43 45 167
43 46 189
43 47 186
43 48 122
43 49 107
43 50 61
43 51 2
43 52 143
43 53 14
43 54 156
43 55 102
43 56 148
43 57 14
43 58 79
43 59 34
43 60 11
43 61 87
43 62 126
43 63 146
43 64 22
43 65 173
43 66 9
43 67 139
43 68 168
43 69 62
43 70 190
43 71 170
43 72 112
43 73 59
43 74 87
43 75 10
43 76 197
43 77 6
43 78 114
43 79 147
43 80 155
43 81 74
43 82 56
43 83 54
43 84 17
43 85 98
43 86 171
43 87 192
43 88 23
43 89 84
43 90 84
43 91 45
43 92 134
43 93 118
43 94 188
43 95 10
43 96 129
43 97 24
43 98 63
43 99 78
44 45 34
44 46 46
44 47 118
44 48 186
44 49 96
44 50 67
44 51 124
44 52 183
44 53 66
44 54 40
44 55 47
44 56 108
44 57 165
44 58 138
44 59 48
44 60 174
44 61 89
44 62 128
44 63 154
44 64 138
44 65 186
44 66 83
44 67 57
44 68 64
44 69 94
44 70 19
44 71 110
44 72 165
44 73 150
44 74 177
44 75 102
44 76 0
44 77 116
44 78 182
44 79 38
44 80 83
44 81 64
44 82 23
44 83 67
44 84 16
44 85 81
44 86 149
44 87 88
44 88 51
44 89 176
44 90 25
44 91 115
44 92 68
44 93 79
44 94 76
44 95 22
44 96 31
44 97 71
44 98 0
44 99 10
45 46 3
45 47 164
45 48 80
45 49 113
45 50 109
45 51 97
45 52 62
45 53 29
45 54 153
45 55 106
45 56 16
45 57 191
45 58 187
45 59 7
45 60 9
45 61 8
45 62 100
45 63 69
45 64 3
45 65 66
45 66 121
45 67 0
45 68 144
45 69 132
45 70 166
45 71 119
45 72 78
45 73 159
45 74 141
45 75 4
45 76 128
45 77 90
45 78 18
45 79 0
45 80 49
45 81 86
45 82 11
45 83 105
45 84 46
45 85 92
45 86 146
45 87 47
45 88 134
45 89 188
45 90 171
45 91 16
45 92 71
45 93 77
45 94 23
45 95 167
45 96 169
45 97 134
45 98 26
45 99 153
46 47 32
46 48 167
46 49 82
46 50 110
46 51 154
46 52 48
46 53 0
46 54 74
46 55 9
46 56 103
46 57 48
46 58 148
46 59 40
46 60 21
46 61 121
46 62 18
46 63 2
46 64 38
46 65 165
46 66 138
46 67 42
46 68 62
46 69 54
46 70 189
46 71 149
46 72 11
46 73 57
46 74 116
46 75 110
46 76 198
46 77 111
46 78 52
46 79 130
46 80 63
46 81 87
46 82 135
46 83 6
46 84 180
46 85 49
46 86 72
46 87 33
46 88 67
46 89 115
46 90 22
46 91 100
46 92 154
46 93 119
46 94 154
46 95 32
46 96 57
46 97 179
46 98 71
46 99 48
47 48 63
47 49 3
47 50 168
47 51 181
47 52 26
47 53 123
47 54 6
47 55 157
47 56 175
47 57 168
47 58 89
47 59 2
47 60 41
47 61 102
47 62 40
47 63 128
47 64 200
47 65 136
47 66 45
47 67 56
47 68 130
47 69 122
47 70 126
47 71 152
47 72 68
47 73 108
47 74 145
47 75 178
47 76 106
47 77 68
47 78 145
47 79 55
47 80 198
47 81 114
47 82 187
47 83 149
47 84 58
47 85 129
47 86 111
47 87 121
47 88 166
47 89 72
47 90 49
47 91 149
47 92 67
47 93 96
47 94 9
47 95 30
47 96 50
47 97 93
47 98 122
47 99 113
48 49 67
48 50 15
48 51 154
48 52 125
48 53 42
48 54 134
48 55 20
48 56 116
48 57 185
48 58 179
48 59 74
48 60 66
48 61 111
48 62 180
48 63 151
48 64 91
48 65 94
48 66 128
48 67 147
48 68 53
48 69 15
48 70 156
48 71 185
48 72 101
48 73 183
48 74 131
48 75 17
48 76 102
48 77 83
48 78 112
48 79 40
48 80 52
48 81 102
48 82 61
48 83 26
48 84 12
48 85 131
48 86 6
48 87 7
48 88 6
48 89 76
48 90 75
48 91 95
48 92 26
48 93 1
48 94 183
48 95 1
48 96 127
48 97 175
48 98 192
48 99 85
49 50 190
49 51 190
49 52 29
49 53 125
49 54 137
49 55 126
49 56 67
49 57 57
49 58 152
49 59 95
49 60 131
49 61 36
49 62 18
49 63 49
49 64 27
49 65 67
49 66 164
49 67 146
49 68 185
49 69 24
49 70 108
49 71 141
49 72 199
49 73 158
49 74 83
49 75 21
49 76 153
49 77 96
49 78 185
49 79 122
49 80 154
49 81 88
49 82 69
49 83 82
49 84 105
49 85 72
49 86 193
49 87 59
49 88 52
49 89 176
49 90 172
49 91 190
49 92 96
49 93 113
49 94 41
49 95 158
49 96 155
49 97 124
49 98 155
49 99 52
50 51 65
50 52 180
50 53 51
50 54 106
50 55 39
50 56 187
50 57 75
50 58 181
50 59 192
50 60 92
50 61 181
50 62 110
50 63 155
50 64 118
50 65 16
50 66 43
50 67 144
50 68 31
50 69 108
50 70 134
50 71 86
50 72 7
50 73 131
50 74 97
50 75 136
50 76 182
50 77 185
50 78 58
50 79 185
50 80 73
50 81 172
50 82 189
50 83 15
50 84 0
50 85 98
50 86 5
50 87 196
50 88 64
50 89 113
50 90 162
50 91 139
50 92 165
50 93 120
50 94 16
50 95 200
50 96 55
50 97 46
50 98 153
50 99 178
51 52 33
51 53 157
51 54 110
51 55 20
51 56 35
51 57 104
51 58 152
51 59 165
51 60 176
51 61 143
51 62 137
51 63 200
51 64 115
51 65 153
51 66 48
51 67 167
51 68 28
51 69 28
51 70 64
51 71 13
51 72 132
51 73 135
51 74 46
51 75 5
51 76 158
51 77 173
51 78 22
51 79 182
51 80 123
51 81 177
51 82 158
51 83 136
51 84 159
51 85 58
51 86 61
51 87 129
51 88 159
51 89 23
51 90 11
51 91 77
51 92 178
51 93 123
51 94 46
51 95 169
51 96 44
51 97 115
51 98 68
51 99 128
52 53 8
52 54 32
52 55 157
52 56 156
52 57 59
52 58 114
52 59 157
52 60 114
52 61 72
52 62 44
52 63 152
52 64 133
52 65 176
52 66 145
52 67 60
52 68 118
52 69 12
52 70 140
52 71 38
52 72 110
52 73 196
52 74 63
52 75 127
52 76 108
52 77 112
52 78 25
52 79 65
52 80 141
52 81 67
52 82 198
52 83 118
52 84 110
52 85 153
52 86 27
52 87 195
52 88 162
52 89 165
52 90 180
52 91 132
52 92 162
52 93 104
52 94 139
52 95 180
52 96 154
52 97 96
52 98 54
52 99 157
53 54 12
53 55 69
53 56 163
53 57 85
53 58 181
53 59 73
53 60 20
53 61 118
53 62 15
53 63 171
53 64 122
53 65 1
53 66 105
53 67 23
53 68 107
53 69 186
53 70 76
53 71 154
53 72 122
53 73 60
53 74 105
53 75 155
53 76 3
53 77 141
53 78 75
53 79 171
53 80 35
53 81 182
53 82 176
53 83 135
53 84 152
53 85 23
53 86 75
53 87 3
53 88 164
53 89 162
53 90 145
53 91 146
53 92 75
53 93 17
53 94 184
53 95 169
53 96 162
53 97 21
53 98 10
53 99 20
54 55 191
54 56 68
54 57 76
54 58 73
54 59 175
54 60 140
54 61 121
54 62 91
54 63 78
54 64 186
54 65 187
54 66 54
54 67 197
54 68 132
54 69 130
54 70 169
54 71 114
54 72 169
54 73 117
54 74 113
54 75 112
54 76 33
54 77 19
54 78 197
54 79 94
54 80 92
54 81 51
54 82 82
54 83 12
54 84 188
54 85 42
54 86 200
54 87 29
54 88 16
54 89 50
54 90 39
54 91 112
54 92 162
54 93 21
54 94 189
54 95 123
54 96 169
54 97 70
54 98 154
54 99 43
55 56 1
55 57 100
55 58 177
55 59 65
55 60 108
55 61 31
55 62 93
55 63 78
55 64 6
55 65 125
55 66 151
55 67 21
55 68 56
55 69 132
55 70 107
55 71 173
55 72 187
55 73 70
55 74 99
55 75 2
55 76 27
55 77 123
55 78 76
55 79 64
55 80 12
55 81 78
55 82 75
55 83 102
55 84 71
55 85 170
55 86 11
55 87 164
55 88 45
55 89 66
55 90 147
55 91 14
55 92 196
55 93 103
55 94 5
55 95 171
55 96 197
55 97 98
55 98 104
55 99 54
56 57 143
56 58 165
56 59 38
56 60 198
56 61 131
56 62 123
56 63 63
56 64 12
56 65 189
56 66 188
56 67 181
56 68 93
56 69 112
56 70 80
56 71 52
56 72 182
56 73 179
56 74 46
56 75 188
56 76 74
56 77 144
56 78 95
56 79 58
56 80 119
56 81 64
56 82 189
56 83 32
56 84 105
56 85 140
56 86 136
56 87 70
56 88 86
56 89 146
56 90 20
56 91 125
56 92 50
56 93 34
56 94 12
56 95 14
56 96 185
56 97 76
56 98 37
56 99 87
57 58 24
57 59 3
57 60 125
57 61 175
57 62 157
57 63 81
57 64 41
57 65 39
57 66 58
57 67 88
57 68 177
57 69 200
57 70 16
57 71 17
57 72 120
57 73 137
57 74 41
57 75 192
57 76 88
57 77 161
57 78 41
57 79 82
57 80 25
57 81 0
57 82 10
57 83 52
57 84 140
57 85 16
57 86 188
57 87 164
57 88 76
57 89 186
57 90 190
57 91 178
57 92 156
57 93 103
57 94 132
57 95 111
57 96 7
57 97 117
57 98 163
57 99 25
58 59 127
58 60 143
58 61 65
58 62 195
58 63 176
58 64 57
58 65 174
58 66 153
58 67 117
58 68 68
58 69 184
58 70 86
58 71 1
58 72 159
58 73 134
58 74 136
58 75 9
58 76 0
58 77 177
58 78 153
58 79 28
58 80 67
58 81 118
58 82 189
58 83 163
58 84 189
58 85 124
58 86 191
58 87 24
58 88 199
58 89 3
58 90 62
58 91 13
58 92 86
58 93 22
58 94 156
58 95 6
58 96 187
58 97 89
58 98 46
58 99 190
59 60 120
59 61 46
59 62 34
59 63 29
59 64 102
59 65 171
59 66 134
59 67 26
59 68 106
59 69 200
59 70 70
59 71 109
59 72 95
59 73 20
59 74 168
59 75 64
59 76 160
59 77 12
59 78 87
59 79 167
59 80 144
59 81 74
59 82 191
59 83 131
59 84 120
59 85 4
59 86 151
59 87 183
59 88 127
59 89 60
59 90 19
59 91 61
59 92 115
59 93 15
59 94 160
59 95 83
59 96 146
59 97 150
59 98 17
59 99 87
60 61 0
60 62 87
60 63 110
60 64 44
60 65 155
60 66 29
60 67 142
60 68 117
60 69 138
60 70 57
60 71 87
60 72 58
60 73 126
60 74 51
60 75 60
60 76 39
60 77 131
60 78 175
60 79 144
60 80 185
60 81 76
60 82 120
60 83 169
60 84 2
60 85 130
60 86 147
60 87 104
60 88 169
60 89 181
60 90 26
60 91 150
60 92 156
60 93 86
60 94 4
60 95 54
60 96 73
60 97 113
60 98 28
60 99 33
61 62 38
61 63 27
61 64 170
61 65 75
61 66 13
61 67 165
61 68 180
61 69 76
61 70 54
61 71 177
61 72 10
61 73 50
61 74 51
61 75 174
61 76 106
61 77 9
61 78 125
61 79 1
61 80 51
61 81 169
61 82 134
61 83 197
61 84 58
61 85 37
61 86 60
61 87 150
61 88 126
61 89 148
61 90 98
61 91 93
61 92 150
61 93 39
61 94 0
61 95 50
61 96 7
61 97 157
61 98 54
61 99 142
62 63 149
62 64 141
62 65 182
62 66 26
62 67 95
62 68 36
62 69 72
62 70 159
62 71 27
62 72 169
62 73 106
62 74 149
62 75 90
62 76 117
62 77 40
62 78 185
62 79 160
62 80 29
62 81 108
62 82 96
62 83 154
62 84 187
62 85 81
62 86 164
62 87 43
62 88 125
62 89 196
62 90 76
62 91 145
62 92 90
62 93 51
62 94 29
62 95 71
62 96 8
62 97 168
62 98 126
62 99 147
63 64 10
63 65 67
63 66 72
63 67 84
63 68 100
63 69 179
63 70 73
63 71 86
63 72 15
63 73 195
63 74 22
63 75 184
63 76 29
63 77 167
63 78 50
63 79 43
63 80 147
63 81 16
63 82 14
63 83 132
63 84 168
63 85 31
63 86 2
63 87 11
63 88 57
63 89 145
63 90 10
63 91 65
63 92 64
63 93 160
63 94 192
63 95 62
63 96 127
63 97 117
63 98 47
63 99 31
64 65 30
64 66 160
64 67 139
64 68 148
64 69 9
64 70 163
64 71 151
64 72 25
64 73 44
64 74 111
64 75 69
64 76 105
64 77 142
64 78 160
64 79 64
64 80 116
64 81 130
64 82 53
64 83 109
64 84 102
64 85 150
64 86 13
64 87 35
64 88 50
64 89 103
64 90 168
64 91 7
64 92 122
64 93 93
64 94 50
64 95 190
64 96 163
64 97 64
64 98 153
64 99 168
65 66 25
65 67 35
65 68 146
65 69 57
65 70 30
65 71 119
65 72 99
65 73 142
65 74 48
65 75 21
65 76 162
65 77 126
65 78 138
65 79 144
65 80 89
65 81 151
65 82 167
65 83 60
65 84 164
65 85 153
65 86 130
65 87 15
65 88 104
65 89 167
65 90 100
65 91 70
65 92 1
65 93 73
65 94 135
65 95 68
65 96 119
65 97 182
65 98 6
65 99 156
66 67 118
66 68 180
66 69 188
66 70 123
66 71 133
66 72 17
66 73 81
66 74 100
66 75 162
66 76 54
66 77 125
66 78 162
66 79 48
66 80 103
66 81 199
66 82 196
66 83 187
66 84 93
66 85 153
66 86 195
66 87 93
66 88 139
66 89 187
66 90 122
66 91 140
66 92 95
66 93 193
66 94 121
66 95 107
66 96 82
66 97 5
66 98 7
66 99 18
67 68 72
67 69 153
67 70 32
67 71 40
67 72 10
67 73 50
67 74 134
67 75 121
67 76 46
67 77 148
67 78 55
67 79 185
67 80 79
67 81 142
67 82 69
67 83 47
67 84 60
67 85 72
67 86 56
67 87 199
67 88 38
67 89 79
67 90 52
67 91 197
67 92 90
67 93 80
67 94 65
67 95 106
67 96 6
67 97 91
67 98 33
67 99 119
68 69 166
68 70 131
68 71 171
68 72 145
68 73 176
68 74 38
68 75 175
68 76 5
68 77 50
68 78 29
68 79 127
68 80 96
68 81 17
68 82 185
68 83 85
68 84 46
68 85 91
68 86 191
68 87 58
68 88 181
68 89 186
68 90 29
68 91 188
68 92 37
68 93 184
68 94 87
68 95 159
68 96 133
68 97 30
68 98 181
68 99 37
69 70 155
69 71 184
69 72 65
69 73 191
69 74 83
69 75 2
69 76 112
69 77 60
69 78 98
69 79 60
69 80 129
69 81 3
69 82 47
69 83 29
69 84 46
69 85 54
69 86 105
69 87 38
69 88 76
69 89 151
69 90 67
69 91 178
69 92 146
69 93 20
69 94 164
69 95 132
69 96 140
69 97 113
69 98 193
69 99 88
70 71 157
70 72 98
70 73 185
70 74 98
70 75 7
70 76 178
70 77 181
70 78 7
70 79 42
70 80 9
70 81 59
70 82 9
70 83 70
70 84 112
70 85 175
70 86 53
70 87 152
70 88 111
70 89 135
70 90 73
70 91 53
70 92 68
70 93 119
70 94 70
70 95 52
70 96 28
70 97 66
70 98 76
70 99 92
71 72 43
71 73 57
71 74 65
71 75 159
71 76 45
71 77 99
71 78 94
71 79 15
71 80 90
71 81 60
71 82 164
71 83 36
71 84 182
71 85 83
71 86 167
71 87 171
71 88 126
71 89 182
71 90 113
71 91 108
71 92 79
71 93 6
71 94 39
71 95 28
71 96 113
71 97 1
71 98 146
71 99 19
72 73 182
72 74 193
72 75 69
72 76 86
72 77 200
72 78 33
72 79 173
72 80 42
72 81 94
72 82 196
72 83 128
72 84 176
72 85 147
72 86 55
72 87 51
72 88 157
72 89 34
72 90 100
72 91 162
72 92 170
72 93 123
72 94 190
72 95 25
72 96 121
72 97 19
72 98 46
72 99 142
73 74 7
73 75 171
73 76 46
73 77 52
73 78 26
73 79 104
73 80 18
73 81 8
73 82 132
73 83 6
73 84 135
73 85 26
73 86 116
73 87 0
73 88 36
73 89 69
73 90 101
73 91 159
73 92 2
73 93 12
73 94 46
73 95 105
73 96 47
73 97 16
73 98 112
73 99 128
74 75 0
74 76 41
74 77 86
74 78 118
74 79 44
74 80 156
74 81 11
74 82 115
74 83 11
74 84 170
74 85 144
74 86 105
74 87 32
74 88 0
74 89 16
74 90 169
74 91 28
74 92 182
74 93 108
74 94 78
74 95 130
74 96 72
74 97 68
74 98 168
74 99 196
75 76 187
75 77 200
75 78 110
75 79 196
75 80 46
75 81 23
75 82 85
75 83 196
75 84 160
75 85 177
75 86 102
75 87 180
75 88 122
75 89 49
75 90 135
75 91 186
75 92 167
75 93 112
75 94 30
75 95 51
75 96 36
75 97 44
75 98 38
75 99 184
76 77 73
76 78 164
76 79 143
76 80 109
76 81 88
76 82 92
76 83 57
76 84 73
76 85 151
76 86 18
76 87 176
76 88 41
76 89 103
76 90 167
76 91 85
76 92 110
76 93 198
76 94 77
76 95 157
76 96 183
76 97 94
76 98 103
76 99 87
77 78 111
77 79 192
77 80 10
77 81 112
77 82 120
77 83 148
77 84 62
77 85 102
77 86 195
77 87 123
77 88 176
77 89 33
77 90 75
77 91 76
77 92 129
77 93 15
77 94 7
77 95 179
77 96 140
77 97 148
77 98 97
77 99 18
78 79 92
78 80 131
78 81 110
78 82 38
78 83 34
78 84 19
78 85 54
78 86 78
78 87 147
78 88 88
78 89 152
78 90 101
78 91 16
78 92 46
78 93 104
78 94 113
78 95 87
78 96 122
78 97 47
78 98 184
78 99 131
79 80 49
79 81 107
79 82 26
79 83 17
79 84 128
79 85 4
79 86 158
79 87 6
79 88 174
79 89 55
79 90 40
79 91 151
79 92 188
79 93 188
79 94 122
79 95 54
79 96 45
79 97 200
79 98 86
79 99 24
80 81 1
80 82 24
80 83 123
80 84 96
80 85 140
80 86 30
80 87 113
80 88 78
80 89 12
80 90 16
80 91 81
80 92 199
80 93 164
80 94 37
80 95 41
80 96 45
80 97 143
80 98 181
80 99 78
81 82 185
81 83 26
81 84 112
81 85 29
81 86 121
81 87 46
81 88 10
81 89 157
81 90 134
81 91 132
81 92 184
81 93 35
81 94 5
81 95 53
81 96 143
81 97 181
81 98 13
81 99 99
82 83 164
82 84 121
82 85 30
82 86 196
82 87 172
82 88 30
82 89 91
82 90 101
82 91 113
82 92 98
82 93 165
82 94 175
82 95 108
82 96 141
82 97 172
82 98 185
82 99 139
