100 3624
0 1 80
0 2 111
0 3 127
0 4 106
0 5 88
0 6 35
0 7 83
0 8 152
0 9 50
0 10 116
0 11 195
0 12 1
0 13 19
0 14 1
0 15 49
0 16 3
0 17 198
0 18 87
0 19 139
0 20 45
0 21 79
0 22 55
0 23 152
0 24 110
0 25 115
0 26 37
0 27 126
0 28 111
0 29 131
0 30 62
0 31 82
0 32 195
0 33 95
0 34 96
0 35 3
0 36 89
0 37 61
0 38 30
0 39 104
0 40 54
0 41 28
0 42 104
0 43 68
0 44 95
0 45 153
0 46 9
0 47 47
0 48 123
0 49 114
0 50 137
0 51 143
0 52 136
0 53 82
0 54 83
0 55 23
0 56 41
0 57 36
0 58 130
0 59 33
0 60 95
0 61 66
0 62 192
0 63 123
0 64 162
0 65 126
0 66 140
0 67 59
0 68 145
0 69 168
0 70 152
0 71 94
0 72 159
0 73 60
0 74 56
0 75 96
0 76 40
0 77 38
0 78 91
0 79 50
0 80 71
0 81 21
0 82 118
0 83 185
0 84 111
0 85 73
0 86 137
0 87 162
0 88 88
0 89 156
0 90 98
0 91 68
0 92 56
0 93 143
0 94 81
0 95 187
0 96 28
0 97 108
0 98 89
0 99 171
1 2 97
1 3 171
1 4 2
1 5 57
1 6 133
1 7 44
1 8 124
1 9 48
1 10 152
1 11 150
1 12 2
1 13 112
1 14 194
1 15 5
1 16 159
1 17 136
1 18 17
1 19 71
1 20 133
1 21 31
1 22 138
1 23 13
1 24 25
1 25 131
1 26 35
1 27 74
1 28 74
1 29 183
1 30 158
1 31 184
1 32 100
1 33 0
1 34 127
1 35 141
1 36 138
1 37 114
1 38 103
1 39 115
1 40 11
1 41 48
1 42 103
1 43 33
1 44 165
1 45 62
1 46 85
1 47 52
1 48 153
1 49 144
1 50 122
1 51 35
1 52 58
1 53 36
1 54 133
1 55 64
1 56 188
1 57 41
1 58 72
1 59 75
1 60 164
1 61 18
1 62 109
1 63 106
1 64 173
1 65 183
1 66 174
1 67 48
1 68 78
1 69 163
1 70 78
1 71 64
1 72 169
1 73 12
1 74 127
1 75 59
1 76 168
1 77 25
1 78 142
1 79 30
1 80 65
1 81 23
1 82 140
1 83 115
1 84 139
1 85 114
1 86 51
1 87 44
1 88 134
1 89 108
1 90 187
1 91 100
1 92 31
1 93 116
1 94 88
1 95 163
1 96 130
1 97 159
1 98 101
1 99 45
2 3 43
2 4 200
2 5 4
2 6 104
2 7 8
2 8 173
2 9 181
2 10 50
2 11 97
2 12 7
2 13 189
2 14 77
2 15 180
2 16 149
2 17 187
2 18 42
2 19 36
2 20 181
2 21 155
2 22 60
2 23 137
2 24 180
2 25 120
2 26 150
2 27 104
2 28 171
2 29 187
2 30 75
2 31 38
2 32 49
2 33 87
2 34 145
2 35 122
2 36 189
2 37 73
2 38 58
2 39 131
2 40 137
2 41 156
2 42 120
2 43 58
2 44 83
2 45 72
2 46 11
2 47 42
2 48 140
2 49 190
2 50 18
2 51 104
2 52 120
2 53 75
2 54 167
2 55 101
2 56 111
2 57 125
2 58 60
2 59 178
2 60 189
2 61 45
2 62 83
2 63 126
2 64 155
2 65 100
2 66 47
2 67 178
2 68 43
2 69 0
2 70 55
2 71 52
2 72 58
2 73 139
2 74 5
2 75 192
2 76 2
2 77 93
2 78 121
2 79 124
2 80 55
2 81 196
2 82 129
2 83 19
2 84 126
2 85 17
2 86 132
2 87 120
2 88 94
2 89 27
2 90 179
2 91 26
2 92 188
2 93 96
2 94 168
2 95 73
2 96 128
2 97 133
2 98 3
2 99 153
3 4 98
3 5 19
3 6 50
3 7 121
3 8 25
3 9 190
3 10 3
3 11 151
3 12 78
3 13 36
3 14 47
3 15 134
3 16 19
3 17 168
3 18 148
3 19 92
3 20 105
3 21 199
3 22 78
3 23 200
3 24 78
3 25 130
3 26 111
3 27 83
3 28 78
3 29 40
3 30 38
3 31 74
3 32 105
3 33 96
3 34 7
3 35 27
3 36 136
3 37 103
3 38 116
3 39 192
3 40 173
3 41 140
3 42 184
3 43 121
3 44 108
3 45 155
3 46 165
3 47 130
3 48 124
3 49 62
3 50 115
3 51 78
3 52 157
3 53 165
3 54 15
3 55 171
3 56 50
3 57 86
3 58 38
3 59 82
3 60 69
3 61 143
3 62 70
3 63 112
3 64 38
3 65 84
3 66 160
3 67 190
3 68 199
3 69 31
3 70 173
3 71 200
3 72 135
3 73 109
3 74 48
3 75 17
3 76 45
3 77 23
3 78 95
3 79 119
3 80 37
3 81 51
3 82 158
3 83 46
3 84 6
3 85 139
3 86 24
3 87 167
3 88 185
3 89 140
3 90 121
3 91 95
3 92 107
3 93 138
3 94 159
3 95 32
3 96 82
3 97 48
3 98 121
3 99 176
4 5 65
4 6 139
4 7 152
4 8 134
4 9 164
4 10 122
4 11 181
4 12 33
4 13 87
4 14 25
4 15 73
4 16 41
4 17 141
4 18 113
4 19 11
4 20 87
4 21 160
4 22 144
4 23 98
4 24 103
4 25 169
4 26 42
4 27 181
4 28 139
4 29 90
4 30 36
4 31 30
4 32 31
4 33 159
4 34 184
4 35 69
4 36 30
4 37 131
4 38 82
4 39 95
4 40 116
4 41 149
4 42 134
4 43 162
4 44 59
4 45 33
4 46 162
4 47 196
4 48 41
4 49 23
4 50 172
4 51 125
4 52 146
4 53 55
4 54 178
4 55 129
4 56 76
4 57 148
4 58 53
4 59 27
4 60 134
4 61 97
4 62 170
4 63 11
4 64 199
4 65 87
4 66 100
4 67 21
4 68 165
4 69 156
4 70 192
4 71 139
4 72 156
4 73 142
4 74 4
4 75 183
4 76 162
4 77 54
4 78 47
4 79 126
4 80 154
4 81 171
4 82 32
4 83 27
4 84 176
4 85 199
4 86 163
4 87 135
4 88 66
4 89 80
4 90 50
4 91 127
4 92 186
4 93 32
4 94 134
4 95 68
4 96 156
4 97 188
4 98 28
4 99 94
5 6 96
5 7 164
5 8 154
5 9 99
5 10 100
5 11 147
5 12 3
5 13 61
5 14 189
5 15 161
5 16 118
5 17 10
5 18 7
5 19 175
5 20 8
5 21 12
5 22 90
5 23 196
5 24 144
5 25 29
5 26 168
5 27 42
5 28 93
5 29 138
5 30 21
5 31 33
5 32 119
5 33 12
5 34 135
5 35 185
5 36 150
5 37 18
5 38 41
5 39 88
5 40 36
5 41 165
5 42 90
5 43 25
5 44 170
5 45 159
5 46 104
5 47 197
5 48 79
5 49 86
5 50 169
5 51 45
5 52 195
5 53 107
5 54 78
5 55 99
5 56 112
5 57 133
5 58 141
5 59 135
5 60 156
5 61 32
5 62 136
5 63 174
5 64 171
5 65 135
5 66 12
5 67 110
5 68 188
5 69 73
5 70 84
5 71 116
5 72 21
5 73 128
5 74 127
5 75 193
5 76 92
5 77 17
5 78 100
5 79 172
5 80 30
5 81 9
5 82 21
5 83 117
5 84 143
5 85 67
5 86 83
5 87 157
5 88 128
5 89 10
5 90 96
5 91 159
5 92 177
5 93 39
5 94 55
5 95 69
5 96 187
5 97 107
5 98 183
5 99 101
6 7 106
6 8 119
6 9 122
6 10 54
6 11 84
6 12 145
6 13 135
6 14 164
6 15 180
6 16 92
6 17 45
6 18 135
6 19 87
6 20 120
6 21 50
6 22 184
6 23 107
6 24 137
6 25 151
6 26 143
6 27 4
6 28 61
6 29 93
6 30 102
6 31 155
6 32 40
6 33 78
6 34 114
6 35 114
6 36 15
6 37 146
6 38 101
6 39 12
6 40 34
6 41 18
6 42 176
6 43 173
6 44 178
6 45 174
6 46 9
6 47 34
6 48 144
6 49 89
6 50 116
6 51 3
6 52 160
6 53 10
6 54 110
6 55 48
6 56 135
6 57 5
6 58 122
6 59 2
6 60 112
6 61 51
6 62 143
6 63 12
6 64 102
6 65 55
6 66 192
6 67 119
6 68 49
6 69 197
6 70 93
6 71 45
6 72 48
6 73 94
6 74 160
6 75 47
6 76 1
6 77 29
6 78 76
6 79 194
6 80 41
6 81 26
6 82 42
6 83 27
6 84 49
6 85 67
6 86 91
6 87 36
6 88 144
6 89 2
6 90 48
6 91 173
6 92 40
6 93 68
6 94 121
6 95 18
6 96 4
6 97 54
6 98 135
6 99 40
7 8 97
7 9 46
7 10 3
7 11 81
7 12 195
7 13 64
7 14 143
7 15 99
7 16 22
7 17 38
7 18 188
7 19 90
7 20 73
7 21 126
7 22 116
7 23 142
7 24 124
7 25 138
7 26 166
7 27 87
7 28 67
7 29 68
7 30 199
7 31 2
7 32 153
7 33 197
7 34 139
7 35 122
7 36 38
7 37 36
7 38 92
7 39 34
7 40 42
7 41 109
7 42 117
7 43 24
7 44 120
7 45 24
7 46 100
7 47 170
7 48 94
7 49 174
7 50 9
7 51 30
7 52 91
7 53 20
7 54 189
7 55 44
7 56 13
7 57 117
7 58 68
7 59 105
7 60 199
7 61 119
7 62 120
7 63 95
7 64 39
7 65 115
7 66 121
7 67 0
7 68 0
7 69 131
7 70 9
7 71 49
7 72 113
7 73 145
7 74 114
7 75 179
7 76 191
7 77 76
7 78 142
7 79 53
7 80 10
7 81 127
7 82 176
7 83 82
7 84 80
7 85 163
7 86 155
7 87 44
7 88 5
7 89 11
7 90 156
7 91 39
7 92 129
7 93 117
7 94 15
7 95 107
7 96 84
7 97 172
7 98 136
7 99 178
8 9 196
8 10 107
8 11 19
8 12 147
8 13 53
8 14 6
8 15 3
8 16 119
8 17 70
8 18 26
8 19 95
8 20 35
8 21 114
8 22 142
8 23 139
8 24 112
8 25 71
8 26 122
8 27 3
8 28 96
8 29 89
8 30 13
8 31 21
8 32 120
8 33 186
8 34 191
8 35 175
8 36 155
8 37 167
8 38 121
8 39 42
8 40 22
8 41 189
8 42 144
8 43 78
8 44 43
8 45 20
8 46 34
8 47 121
8 48 83
8 49 107
8 50 162
8 51 21
8 52 48
8 53 95
8 54 69
8 55 112
8 56 38
8 57 101
8 58 108
8 59 168
8 60 168
8 61 54
8 62 54
8 63 102
8 64 55
8 65 197
8 66 147
8 67 126
8 68 2
8 69 58
8 70 181
8 71 78
8 72 6
8 73 53
8 74 61
8 75 73
8 76 19
8 77 14
8 78 183
8 79 24
8 80 78
8 81 195
8 82 153
8 83 116
8 84 81
8 85 181
8 86 64
8 87 27
8 88 59
8 89 53
8 90 117
8 91 187
8 92 95
8 93 160
8 94 41
8 95 169
8 96 166
8 97 157
8 98 70
8 99 124
9 10 36
9 11 59
9 12 66
9 13 73
9 14 127
9 15 141
9 16 17
9 17 11
9 18 174
9 19 175
9 20 104
9 21 29
9 22 133
9 23 168
9 24 124
9 25 176
9 26 158
9 27 173
9 28 111
9 29 4
9 30 135
9 31 72
9 32 121
9 33 69
9 34 92
9 35 36
9 36 146
9 37 22
9 38 174
9 39 2
9 40 157
9 41 69
9 42 103
9 43 151
9 44 73
9 45 7
9 46 52
9 47 95
9 48 162
9 49 55
9 50 161
9 51 128
9 52 67
9 53 53
9 54 72
9 55 127
9 56 33
9 57 200
9 58 192
9 59 19
9 60 38
9 61 55
9 62 156
9 63 14
9 64 169
9 65 45
9 66 111
9 67 128
9 68 123
9 69 190
9 70 16
9 71 112
9 72 52
9 73 21
9 74 119
9 75 93
9 76 54
9 77 139
9 78 142
9 79 166
9 80 75
9 81 73
9 82 173
9 83 34
9 84 174
9 85 186
9 86 118
9 87 165
9 88 34
9 89 71
9 90 135
9 91 163
9 92 198
9 93 92
9 94 116
9 95 20
9 96 61
9 97 82
9 98 66
9 99 49
10 11 17
10 12 189
10 13 85
10 14 191
10 15 58
10 16 153
10 17 156
10 18 150
10 19 118
10 20 131
10 21 130
10 22 197
10 23 36
10 24 120
10 25 24
10 26 64
10 27 183
10 28 165
10 29 85
10 30 123
10 31 159
10 32 185
10 33 133
10 34 103
10 35 46
10 36 95
10 37 89
10 38 176
10 39 122
10 40 167
10 41 117
10 42 13
10 43 138
10 44 90
10 45 120
10 46 69
10 47 107
10 48 166
10 49 13
10 50 60
10 51 86
10 52 16
10 53 50
10 54 28
10 55 185
10 56 92
10 57 175
10 58 135
10 59 24
10 60 174
10 61 150
10 62 178
10 63 107
10 64 31
10 65 3
10 66 184
10 67 75
10 68 4
10 69 161
10 70 71
10 71 105
10 72 36
10 73 185
10 74 56
10 75 28
10 76 25
10 77 165
10 78 96
10 79 11
10 80 184
10 81 76
10 82 85
10 83 18
10 84 71
10 85 152
10 86 39
10 87 71
10 88 27
10 89 79
10 90 130
10 91 40
10 92 54
10 93 117
10 94 50
10 95 130
10 96 159
10 97 121
10 98 102
10 99 70
11 12 174
11 13 116
11 14 21
11 15 77
11 16 100
11 17 159
11 18 181
11 19 80
11 20 126
11 21 19
11 22 75
11 23 122
11 24 1
11 25 76
11 26 38
11 27 28
11 28 183
11 29 187
11 30 33
11 31 104
11 32 135
11 33 113
11 34 105
11 35 115
11 36 25
11 37 156
11 38 35
11 39 7
11 40 32
11 41 10
11 42 91
11 43 130
11 44 179
11 45 107
11 46 176
11 47 101
11 48 165
11 49 84
11 50 175
11 51 119
11 52 6
11 53 195
11 54 159
11 55 171
11 56 3
11 57 25
11 58 90
11 59 142
11 60 11
11 61 130
11 62 11
11 63 118
11 64 192
11 65 168
11 66 4
11 67 53
11 68 43
11 69 91
11 70 44
11 71 137
11 72 45
11 73 45
11 74 103
11 75 124
11 76 109
11 77 7
11 78 116
11 79 53
11 80 102
11 81 176
11 82 189
11 83 50
11 84 25
11 85 49
11 86 45
11 87 129
11 88 41
11 89 38
11 90 143
11 91 65
11 92 80
11 93 160
11 94 81
11 95 161
11 96 21
11 97 178
11 98 106
11 99 39
12 13 94
12 14 151
12 15 29
12 16 141
12 17 170
12 18 40
12 19 17
12 20 82
12 21 159
12 22 36
12 23 72
12 24 144
12 25 93
12 26 96
12 27 3
12 28 17
12 29 137
12 30 33
12 31 189
12 32 119
12 33 126
12 34 60
12 35 174
12 36 178
12 37 81
12 38 66
12 39 126
12 40 46
12 41 0
12 42 108
12 43 40
12 44 98
12 45 73
12 46 64
12 47 183
12 48 109
12 49 30
12 50 9
12 51 71
12 52 106
12 53 160
12 54 106
12 55 123
12 56 10
12 57 171
12 58 47
12 59 68
12 60 161
12 61 113
12 62 98
12 63 29
12 64 163
12 65 27
12 66 136
12 67 22
12 68 157
12 69 147
12 70 85
12 71 79
12 72 64
12 73 32
12 74 197
12 75 22
12 76 134
12 77 6
12 78 95
12 79 192
12 80 99
12 81 138
12 82 37
12 83 116
12 84 14
12 85 161
12 86 58
12 87 70
12 88 186
12 89 196
12 90 96
12 91 70
12 92 45
12 93 84
12 94 142
12 95 71
12 96 122
12 97 24
12 98 13
12 99 86
13 14 173
13 15 123
13 16 37
13 17 114
13 18 158
13 19 139
13 20 6
13 21 42
13 22 193
13 23 121
13 24 96
13 25 164
13 26 53
13 27 102
13 28 82
13 29 87
13 30 44
13 31 20
13 32 8
13 33 164
13 34 22
13 35 32
13 36 63
13 37 191
13 38 170
13 39 90
13 40 95
13 41 68
13 42 194
13 43 199
13 44 195
13 45 42
13 46 82
13 47 36
13 48 109
13 49 190
13 50 151
13 51 57
13 52 18
13 53 179
13 54 23
13 55 161
13 56 8
13 57 127
13 58 170
13 59 109
13 60 9
13 61 120
13 62 110
13 63 58
13 64 90
13 65 109
13 66 104
13 67 21
13 68 89
13 69 198
13 70 82
13 71 174
13 72 187
13 73 51
13 74 46
13 75 159
13 76 82
13 77 80
13 78 50
13 79 68
13 80 136
13 81 123
13 82 134
13 83 187
13 84 12
13 85 37
13 86 101
13 87 44
13 88 13
13 89 196
13 90 62
13 91 200
13 92 22
13 93 129
13 94 85
13 95 199
13 96 190
13 97 178
13 98 157
13 99 123
14 15 191
14 16 181
14 17 183
14 18 37
14 19 47
14 20 57
14 21 2
14 22 199
14 23 151
14 24 152
14 25 144
14 26 1
14 27 131
14 28 177
14 29 152
14 30 28
14 31 53
14 32 191
14 33 101
14 34 107
14 35 103
14 36 151
14 37 184
14 38 97
14 39 19
14 40 60
14 41 64
14 42 17
14 43 69
14 44 106
14 45 74
14 46 148
14 47 41
14 48 27
14 49 142
14 50 188
14 51 161
14 52 85
14 53 200
14 54 198
14 55 25
14 56 88
14 57 81
14 58 178
14 59 130
14 60 128
14 61 108
14 62 50
14 63 174
14 64 40
14 65 71
14 66 172
14 67 4
14 68 77
14 69 192
14 70 189
14 71 193
14 72 90
14 73 61
14 74 97
14 75 97
14 76 69
14 77 7
14 78 135
14 79 24
14 80 172
14 81 174
14 82 116
14 83 136
14 84 121
14 85 118
14 86 84
14 87 17
14 88 116
14 89 137
14 90 11
14 91 53
14 92 119
14 93 104
14 94 132
14 95 50
14 96 84
14 97 11
14 98 191
14 99 1
15 16 188
15 17 38
15 18 66
15 19 35
15 20 155
15 21 110
15 22 87
15 23 183
15 24 111
15 25 141
15 26 41
15 27 22
15 28 183
15 29 171
15 30 184
15 31 199
15 32 15
15 33 133
15 34 99
15 35 80
15 36 97
15 37 90
15 38 89
15 39 140
15 40 149
15 41 3
15 42 65
15 43 126
15 44 156
15 45 180
15 46 141
15 47 35
15 48 153
15 49 186
15 50 78
15 51 0
15 52 3
15 53 157
15 54 187
15 55 82
15 56 184
15 57 125
15 58 156
15 59 53
15 60 20
15 61 26
15 62 83
15 63 127
15 64 146
15 65 14
15 66 78
15 67 95
15 68 14
15 69 85
15 70 176
15 71 53
15 72 184
15 73 184
15 74 130
15 75 79
15 76 124
15 77 15
15 78 161
15 79 95
15 80 92
15 81 105
15 82 148
15 83 102
15 84 0
15 85 183
15 86 196
15 87 184
15 88 48
15 89 64
15 90 103
15 91 13
15 92 155
15 93 182
15 94 139
15 95 71
15 96 130
15 97 196
15 98 87
15 99 168
16 17 146
16 18 132
16 19 13
16 20 10
16 21 196
16 22 161
16 23 74
16 24 135
16 25 156
16 26 139
16 27 17
16 28 183
16 29 27
16 30 87
16 31 137
16 32 70
16 33 186
16 34 175
16 35 127
16 36 120
16 37 186
16 38 127
16 39 98
16 40 192
16 41 99
16 42 136
16 43 118
16 44 154
16 45 161
16 46 58
16 47 170
16 48 26
16 49 100
16 50 14
16 51 132
16 52 1
16 53 140
16 54 97
16 55 143
16 56 10
16 57 197
16 58 171
16 59 164
16 60 192
16 61 128
16 62 16
16 63 143
16 64 84
16 65 100
16 66 196
16 67 8
16 68 102
16 69 166
16 70 163
16 71 134
16 72 150
16 73 6
16 74 2
16 75 107
16 76 19
16 77 29
16 78 186
16 79 114
16 80 185
16 81 188
16 82 33
16 83 76
16 84 111
16 85 151
16 86 58
16 87 144
16 88 17
16 89 123
16 90 148
16 91 127
16 92 148
16 93 84
16 94 7
16 95 94
16 96 76
16 97 36
16 98 1
16 99 95
17 18 112
17 19 135
17 20 28
17 21 134
17 22 92
17 23 6
17 24 86
17 25 5
17 26 194
17 27 198
17 28 54
17 29 163
17 30 34
17 31 11
17 32 195
17 33 68
17 34 11
17 35 77
17 36 184
17 37 145
17 38 12
17 39 80
17 40 148
17 41 193
17 42 72
17 43 126
17 44 146
17 45 151
17 46 28
17 47 138
17 48 103
17 49 38
17 50 103
17 51 17
17 52 83
17 53 197
17 54 57
17 55 94
17 56 122
17 57 189
17 58 48
17 59 111
17 60 41
17 61 41
17 62 7
17 63 4
17 64 25
17 65 85
17 66 161
17 67 189
17 68 147
17 69 186
17 70 39
17 71 162
17 72 178
17 73 75
17 74 154
17 75 89
17 76 67
17 77 158
17 78 28
17 79 130
17 80 101
17 81 49
17 82 47
17 83 27
17 84 105
17 85 163
17 86 79
17 87 110
17 88 189
17 89 42
17 90 196
17 91 124
17 92 169
17 93 133
17 94 48
17 95 114
17 96 110
17 97 140
17 98 14
17 99 194
18 19 79
18 20 131
18 21 160
18 22 22
18 23 104
18 24 9
18 25 198
18 26 34
18 27 91
18 28 179
18 29 119
18 30 9
18 31 114
18 32 89
18 33 50
18 34 101
18 35 50
18 36 20
18 37 165
18 38 13
18 39 198
18 40 151
18 41 168
18 42 70
18 43 52
18 44 118
18 45 193
18 46 60
18 47 121
18 48 136
18 49 136
18 50 26
18 51 11
18 52 67
18 53 11
18 54 72
18 55 75
18 56 159
18 57 170
18 58 101
18 59 123
18 60 196
18 61 191
18 62 73
18 63 141
18 64 28
18 65 65
18 66 139
18 67 128
18 68 1
18 69 44
18 70 75
18 71 20
18 72 63
18 73 108
18 74 170
18 75 150
18 76 123
18 77 165
18 78 34
18 79 88
18 80 162
18 81 64
18 82 165
18 83 8
18 84 132
18 85 72
18 86 69
18 87 177
18 88 141
18 89 133
18 90 137
18 91 72
18 92 109
18 93 127
18 94 131
18 95 156
18 96 93
18 97 94
18 98 33
18 99 10
19 20 123
19 21 81
19 22 163
19 23 186
19 24 147
19 25 46
19 26 57
19 27 165
19 28 1
19 29 141
19 30 151
19 31 117
19 32 147
19 33 98
19 34 154
19 35 2
19 36 16
19 37 108
19 38 144
19 39 198
19 40 194
19 41 31
19 42 99
19 43 2
19 44 81
19 45 62
19 46 175
19 47 181
19 48 22
19 49 48
19 50 35
19 51 74
19 52 33
19 53 26
19 54 193
19 55 124
19 56 30
19 57 164
19 58 176
19 59 91
19 60 116
19 61 75
19 62 57
19 63 156
19 64 115
19 65 129
19 66 82
19 67 156
19 68 46
19 69 161
19 70 38
19 71 173
19 72 172
19 73 136
19 74 2
19 75 133
19 76 80
19 77 90
19 78 90
19 79 129
19 80 53
19 81 54
19 82 101
19 83 133
19 84 169
19 85 140
19 86 56
19 87 165
19 88 35
19 89 57
19 90 93
19 91 124
19 92 105
19 93 188
19 94 141
19 95 148
19 96 149
19 97 155
19 98 76
19 99 88
20 21 124
20 22 174
20 23 108
20 24 186
20 25 100
20 26 76
20 27 38
20 28 134
20 29 70
20 30 11
20 31 144
20 32 149
20 33 42
20 34 175
20 35 74
20 36 107
20 37 156
20 38 136
20 39 165
20 40 100
20 41 17
20 42 39
20 43 60
20 44 150
20 45 126
20 46 5
20 47 178
20 48 26
20 49 189
20 50 22
20 51 31
20 52 76
20 53 161
20 54 128
20 55 161
20 56 145
20 57 96
20 58 10
20 59 155
20 60 163
20 61 25
20 62 18
20 63 110
20 64 84
20 65 22
20 66 141
20 67 170
20 68 125
20 69 112
20 70 110
20 71 116
20 72 173
20 73 78
20 74 49
20 75 42
20 76 78
20 77 44
20 78 168
20 79 184
20 80 111
20 81 152
20 82 133
20 83 135
20 84 0
20 85 165
20 86 120
20 87 182
20 88 198
20 89 146
20 90 103
20 91 31
20 92 127
20 93 68
20 94 185
20 95 175
20 96 143
20 97 143
20 98 108
20 99 46
21 22 82
21 23 38
21 24 117
21 25 192
21 26 55
21 27 40
21 28 75
21 29 104
21 30 96
21 31 13
21 32 47
21 33 162
21 34 116
21 35 24
21 36 50
21 37 178
21 38 34
21 39 89
21 40 118
21 41 30
21 42 31
21 43 76
21 44 128
21 45 93
21 46 63
21 47 154
21 48 188
21 49 94
21 50 28
21 51 129
21 52 67
21 53 196
21 54 128
21 55 100
21 56 69
21 57 191
21 58 99
21 59 165
21 60 37
21 61 67
21 62 77
21 63 70
21 64 192
21 65 74
21 66 91
21 67 2
21 68 130
21 69 182
21 70 9
21 71 110
21 72 92
21 73 170
21 74 119
21 75 196
21 76 179
21 77 111
21 78 161
21 79 34
21 80 62
21 81 129
21 82 117
21 83 131
21 84 72
21 85 20
21 86 0
21 87 162
21 88 70
21 89 183
21 90 13
21 91 41
21 92 116
21 93 49
21 94 143
21 95 110
21 96 41
21 97 43
21 98 120
21 99 2
22 23 105
22 24 26
22 25 71
22 26 16
22 27 120
22 28 122
22 29 89
22 30 88
22 31 72
22 32 115
22 33 2
22 34 83
22 35 40
22 36 51
22 37 169
22 38 111
22 39 96
22 40 139
22 41 29
22 42 164
22 43 168
22 44 174
22 45 189
22 46 108
22 47 113
22 48 1
22 49 116
22 50 93
22 51 9
22 52 128
22 53 123
22 54 52
22 55 141
22 56 91
22 57 101
22 58 158
22 59 127
22 60 121
22 61 68
22 62 78
22 63 51
22 64 130
22 65 80
22 66 94
22 67 11
22 68 24
22 69 177
22 70 13
22 71 0
22 72 130
22 73 25
22 74 143
22 75 162
22 76 137
22 77 131
22 78 124
22 79 167
22 80 194
22 81 171
22 82 197
22 83 154
22 84 152
22 85 47
22 86 138
22 87 187
22 88 195
22 89 51
22 90 190
22 91 114
22 92 179
22 93 178
22 94 169
22 95 141
22 96 57
22 97 170
22 98 48
22 99 86
23 24 42
23 25 97
23 26 36
23 27 143
23 28 149
23 29 88
23 30 197
23 31 173
23 32 133
23 33 95
23 34 134
23 35 27
23 36 24
23 37 63
23 38 65
23 39 120
23 40 64
23 41 99
23 42 15
23 43 119
23 44 95
23 45 108
23 46 179
23 47 53
23 48 150
23 49 156
23 50 53
23 51 152
23 52 36
23 53 152
23 54 130
23 55 11
23 56 112
23 57 52
23 58 146
23 59 167
23 60 99
23 61 181
23 62 86
23 63 93
23 64 57
23 65 179
23 66 119
23 67 39
23 68 130
23 69 21
23 70 165
23 71 182
23 72 71
23 73 58
23 74 153
23 75 56
23 76 138
23 77 178
23 78 166
23 79 17
23 80 67
23 81 58
23 82 187
23 83 73
23 84 190
23 85 122
23 86 9
23 87 173
23 88 181
23 89 84
23 90 21
23 91 175
23 92 146
23 93 172
23 94 101
23 95 46
23 96 11
23 97 82
23 98 31
23 99 34
24 25 11
24 26 70
24 27 26
24 28 69
24 29 147
24 30 49
24 31 195
24 32 17
24 33 19
24 34 196
24 35 38
24 36 35
24 37 105
24 38 27
24 39 186
24 40 23
24 41 109
24 42 131
24 43 117
24 44 58
24 45 128
24 46 83
24 47 182
24 48 18
24 49 64
24 50 101
24 51 50
24 52 160
24 53 23
24 54 48
24 55 126
24 56 181
24 57 96
24 58 97
24 59 116
24 60 49
24 61 101
24 62 113
24 63 171
24 64 150
24 65 32
24 66 181
24 67 171
24 68 32
24 69 186
24 70 103
24 71 61
24 72 185
24 73 196
24 74 135
24 75 153
24 76 98
24 77 49
24 78 157
24 79 98
24 80 159
24 81 188
24 82 136
24 83 195
24 84 57
24 85 99
24 86 97
24 87 110
24 88 59
24 89 141
24 90 188
24 91 90
24 92 71
24 93 165
24 94 168
24 95 52
24 96 139
24 97 46
24 98 152
24 99 82
25 26 158
25 27 1
25 28 178
25 29 129
25 30 70
25 31 198
25 32 165
25 33 123
25 34 16
25 35 62
25 36 15
25 37 109
25 38 53
25 39 75
25 40 17
25 41 182
25 42 191
25 43 111
25 44 131
25 45 86
25 46 148
25 47 24
25 48 100
25 49 61
25 50 128
25 51 53
25 52 184
25 53 130
25 54 109
25 55 101
25 56 110
25 57 155
25 58 88
25 59 70
25 60 7
25 61 121
25 62 134
25 63 71
25 64 65
25 65 161
25 66 0
25 67 85
25 68 176
25 69 183
25 70 192
25 71 39
25 72 37
25 73 59
25 74 10
25 75 188
25 76 45
25 77 145
25 78 31
25 79 131
25 80 156
25 81 101
25 82 120
25 83 7
25 84 28
25 85 135
25 86 47
25 87 168
25 88 110
25 89 11
25 90 97
25 91 61
25 92 136
25 93 89
25 94 15
25 95 184
25 96 6
25 97 116
25 98 27
25 99 73
26 27 67
26 28 99
26 29 128
26 30 112
26 31 159
26 32 5
26 33 171
26 34 184
26 35 140
26 36 155
26 37 64
26 38 168
26 39 76
26 40 26
26 41 79
26 42 186
26 43 45
26 44 95
26 45 86
26 46 78
26 47 139
26 48 27
26 49 200
26 50 103
26 51 88
26 52 11
26 53 21
26 54 142
26 55 36
26 56 125
26 57 181
26 58 7
26 59 147
26 60 198
26 61 180
26 62 38
26 63 198
26 64 38
26 65 95
26 66 92
26 67 62
26 68 7
26 69 137
26 70 169
26 71 141
26 72 135
26 73 189
26 74 47
26 75 120
26 76 118
26 77 44
26 78 118
26 79 78
26 80 86
26 81 5
26 82 91
26 83 145
26 84 138
26 85 57
26 86 168
26 87 93
26 88 44
26 89 172
26 90 16
26 91 112
26 92 35
26 93 170
26 94 182
26 95 23
26 96 125
26 97 54
26 98 112
26 99 179
27 28 177
27 29 51
27 30 49
27 31 198
27 32 92
27 33 86
27 34 26
27 35 165
27 36 81
27 37 87
27 38 66
27 39 6
27 40 138
27 41 181
27 42 179
27 43 114
27 44 181
27 45 3
27 46 22
27 47 193
27 48 38
27 49 43
27 50 64
27 51 177
27 52 13
27 53 160
27 54 157
27 55 180
27 56 187
27 57 188
27 58 172
27 59 176
27 60 36
27 61 78
27 62 123
27 63 146
27 64 186
27 65 197
27 66 119
27 67 143
27 68 138
27 69 166
27 70 67
27 71 171
27 72 124
27 73 43
27 74 42
27 75 59
27 76 78
27 77 71
27 78 172
27 79 100
27 80 153
27 81 143
27 82 68
27 83 173
27 84 82
27 85 158
27 86 137
27 87 5
27 88 122
27 89 25
27 90 106
27 91 78
27 92 96
27 93 108
27 94 86
27 95 50
27 96 9
27 97 184
27 98 29
27 99 178
28 29 122
28 30 63
28 31 17
28 32 109
28 33 86
28 34 188
28 35 32
28 36 79
28 37 198
28 38 70
28 39 150
28 40 182
28 41 148
28 42 90
28 43 187
28 44 195
28 45 19
28 46 186
28 47 109
28 48 68
28 49 77
28 50 77
28 51 90
28 52 147
28 53 81
28 54 121
28 55 52
28 56 18
28 57 77
28 58 82
28 59 173
28 60 118
28 61 150
28 62 176
28 63 24
28 64 145
28 65 12
28 66 33
28 67 94
28 68 14
28 69 112
28 70 102
28 71 126
28 72 37
28 73 23
28 74 2
28 75 18
28 76 99
28 77 163
28 78 140
28 79 196
28 80 96
28 81 102
28 82 60
28 83 129
28 84 56
28 85 86
28 86 200
28 87 76
28 88 80
28 89 73
28 90 62
28 91 101
28 92 167
28 93 0
28 94 4
28 95 112
28 96 143
28 97 7
28 98 161
28 99 194
29 30 43
29 31 100
29 32 9
29 33 92
29 34 68
29 35 149
29 36 159
29 37 186
29 38 122
29 39 182
29 40 98
29 41 49
29 42 19
29 43 192
29 44 133
29 45 97
29 46 47
29 47 27
29 48 119
29 49 189
29 50 110
29 51 155
29 52 124
29 53 122
29 54 107
29 55 9
29 56 29
29 57 134
29 58 154
29 59 23
29 60 97
29 61 12
29 62 53
29 63 97
29 64 112
29 65 83
29 66 127
29 67 180
29 68 63
29 69 87
29 70 127
29 71 185
29 72 186
29 73 54
29 74 6
29 75 150
29 76 112
29 77 97
29 78 62
29 79 127
29 80 62
29 81 16
29 82 143
29 83 116
29 84 25
29 85 59
29 86 42
29 87 6
29 88 140
29 89 103
29 90 15
29 91 179
29 92 3
29 93 41
29 94 117
29 95 33
29 96 33
29 97 77
29 98 176
29 99 12
30 31 133
30 32 57
30 33 169
30 34 176
30 35 79
30 36 154
30 37 41
30 38 34
30 39 145
30 40 167
30 41 195
30 42 109
30 43 147
30 44 171
30 45 166
30 46 135
30 47 58
30 48 122
30 49 127
30 50 27
30 51 157
30 52 191
30 53 61
30 54 168
30 55 5
30 56 152
30 57 150
30 58 122
30 59 6
30 60 194
30 61 94
30 62 15
30 63 199
30 64 63
30 65 76
30 66 138
30 67 78
30 68 91
30 69 145
30 70 153
30 71 82
30 72 64
30 73 86
30 74 176
30 75 36
30 76 25
30 77 48
30 78 136
30 79 178
30 80 157
30 81 165
30 82 140
30 83 22
30 84 109
30 85 69
30 86 196
30 87 122
30 88 65
30 89 167
30 90 56
30 91 164
30 92 128
30 93 24
30 94 39
30 95 108
30 96 197
30 97 2
30 98 102
30 99 92
31 32 80
31 33 132
31 34 67
31 35 180
31 36 146
31 37 142
31 38 30
31 39 190
31 40 82
31 41 14
31 42 39
31 43 3
31 44 149
31 45 78
31 46 178
31 47 165
31 48 155
31 49 194
31 50 10
31 51 167
31 52 56
31 53 1
31 54 155
31 55 106
31 56 165
31 57 127
31 58 14
31 59 21
31 60 156
31 61 169
31 62 52
31 63 29
31 64 147
31 65 65
31 66 80
31 67 137
31 68 54
31 69 82
31 70 32
31 71 1
31 72 62
31 73 93
31 74 168
31 75 132
31 76 179
31 77 163
31 78 67
31 79 157
31 80 70
31 81 9
31 82 199
31 83 183
31 84 59
31 85 32
31 86 100
31 87 148
31 88 46
31 89 129
31 90 48
31 91 124
31 92 56
31 93 106
31 94 183
31 95 137
31 96 132
31 97 195
31 98 36
31 99 98
32 33 26
32 34 35
32 35 67
32 36 77
32 37 93
32 38 37
32 39 92
32 40 143
32 41 144
32 42 128
32 43 17
32 44 138
32 45 184
32 46 2
32 47 34
32 48 195
32 49 164
32 50 140
32 51 116
32 52 10
32 53 141
32 54 10
32 55 129
32 56 78
32 57 132
32 58 13
32 59 70
32 60 121
32 61 9
32 62 162
32 63 100
32 64 64
32 65 68
32 66 25
32 67 155
32 68 29
32 69 108
32 70 32
32 71 114
32 72 63
32 73 53
32 74 49
32 75 16
32 76 128
32 77 96
32 78 23
32 79 106
32 80 120
32 81 131
32 82 88
32 83 108
32 84 114
32 85 81
32 86 19
32 87 70
32 88 194
32 89 113
32 90 139
32 91 144
32 92 9
32 93 170
32 94 147
32 95 81
32 96 43
32 97 53
32 98 167
32 99 199
33 34 135
33 35 39
33 36 198
33 37 126
33 38 53
33 39 88
33 40 66
33 41 191
33 42 153
33 43 143
33 44 102
33 45 28
33 46 42
33 47 93
33 48 136
33 49 156
33 50 118
33 51 68
33 52 199
33 53 148
33 54 58
33 55 8
33 56 188
33 57 130
33 58 170
33 59 35
33 60 48
33 61 82
33 62 54
33 63 116
33 64 71
33 65 166
33 66 129
33 67 7
33 68 175
33 69 18
33 70 53
33 71 34
33 72 87
33 73 60
33 74 22
33 75 13
33 76 103
33 77 157
33 78 111
33 79 51
33 80 120
33 81 127
33 82 46
33 83 151
33 84 104
33 85 161
33 86 116
33 87 95
33 88 67
33 89 111
33 90 50
33 91 13
33 92 30
33 93 129
33 94 119
33 95 30
33 96 199
33 97 67
33 98 20
33 99 38
34 35 6
34 36 0
34 37 24
34 38 32
34 39 45
34 40 129
34 41 5
34 42 179
34 43 181
34 44 77
34 45 38
34 46 115
34 47 57
34 48 157
34 49 77
34 50 20
34 51 177
34 52 67
34 53 52
34 54 188
34 55 164
34 56 35
34 57 14
34 58 142
34 59 45
34 60 43
34 61 121
34 62 35
34 63 173
34 64 84
34 65 183
34 66 157
34 67 66
34 68 112
34 69 190
34 70 120
34 71 121
34 72 129
34 73 16
34 74 130
34 75 13
34 76 27
34 77 33
34 78 137
34 79 184
34 80 126
34 81 156
34 82 15
34 83 103
34 84 20
34 85 134
34 86 6
34 87 1
34 88 58
34 89 140
34 90 48
34 91 81
34 92 23
34 93 24
34 94 6
34 95 160
34 96 111
34 97 73
34 98 176
34 99 123
35 36 171
35 37 36
35 38 136
35 39 174
35 40 125
35 41 184
35 42 18
35 43 126
35 44 67
35 45 122
35 46 98
35 47 31
35 48 108
35 49 198
35 50 147
35 51 193
35 52 176
35 53 4
35 54 14
35 55 182
35 56 164
35 57 200
35 58 43
35 59 94
35 60 111
35 61 104
35 62 83
35 63 85
35 64 53
35 65 56
35 66 132
35 67 185
35 68 193
35 69 30
35 70 158
35 71 177
35 72 45
35 73 121
35 74 9
35 75 69
35 76 161
35 77 186
35 78 186
35 79 24
35 80 167
35 81 164
35 82 100
35 83 2
35 84 178
35 85 147
35 86 25
35 87 175
35 88 193
35 89 116
35 90 191
35 91 196
35 92 21
35 93 56
35 94 171
35 95 70
35 96 72
35 97 4
35 98 188
35 99 98
36 37 45
36 38 36
36 39 106
36 40 21
36 41 83
36 42 36
36 43 30
36 44 180
36 45 63
36 46 133
36 47 14
36 48 119
36 49 193
36 50 56
36 51 137
36 52 90
36 53 63
36 54 77
36 55 56
36 56 145
36 57 39
36 58 159
36 59 5
36 60 48
36 61 49
36 62 106
36 63 175
36 64 184
36 65 143
36 66 97
36 67 167
36 68 0
36 69 29
36 70 104
36 71 134
36 72 67
36 73 122
36 74 150
36 75 192
36 76 56
36 77 53
36 78 135
36 79 48
36 80 111
36 81 143
36 82 4
36 83 122
36 84 154
36 85 106
36 86 189
36 87 178
36 88 46
36 89 2
36 90 41
36 91 2
36 92 196
36 93 90
36 94 72
36 95 50
36 96 47
36 97 74
36 98 4
36 99 139
37 38 153
37 39 46
37 40 156
37 41 3
37 42 16
37 43 174
37 44 126
37 45 33
37 46 109
37 47 19
37 48 31
37 49 35
37 50 125
37 51 49
37 52 200
37 53 79
37 54 179
37 55 162
37 56 170
37 57 41
37 58 119
37 59 134
37 60 114
37 61 59
37 62 126
37 63 193
37 64 87
37 65 53
37 66 98
37 67 41
37 68 194
37 69 157
37 70 40
37 71 144
37 72 10
37 73 167
37 74 100
37 75 62
37 76 103
37 77 168
37 78 98
37 79 132
37 80 137
37 81 71
37 82 49
37 83 91
37 84 107
37 85 61
37 86 125
37 87 37
37 88 74
37 89 57
37 90 119
37 91 87
37 92 24
37 93 9
37 94 160
37 95 166
37 96 167
37 97 145
37 98 99
37 99 128
38 39 121
38 40 144
38 41 15
38 42 36
38 43 170
38 44 53
38 45 186
38 46 62
38 47 179
38 48 162
38 49 77
38 50 33
38 51 179
38 52 167
38 53 192
38 54 90
38 55 187
38 56 148
38 57 136
38 58 146
38 59 58
38 60 8
38 61 136
38 62 97
38 63 187
38 64 140
38 65 132
38 66 36
38 67 39
38 68 187
38 69 119
38 70 134
38 71 170
38 72 32
38 73 32
38 74 114
38 75 189
38 76 51
38 77 182
38 78 96
38 79 34
38 80 194
38 81 41
38 82 120
38 83 73
38 84 162
38 85 68
38 86 191
38 87 94
38 88 2
38 89 2
38 90 27
38 91 105
38 92 11
38 93 17
38 94 36
38 95 143
38 96 102
38 97 187
38 98 85
38 99 58
39 40 95
39 41 162
39 42 37
39 43 62
39 44 197
39 45 63
39 46 48
39 47 17
39 48 18
39 49 40
39 50 122
39 51 134
39 52 168
39 53 83
39 54 61
39 55 147
39 56 114
39 57 111
39 58 34
39 59 147
39 60 18
39 61 189
39 62 37
39 63 160
39 64 46
39 65 90
39 66 82
39 67 154
39 68 149
39 69 33
39 70 56
39 71 15
39 72 105
39 73 141
39 74 153
39 75 115
39 76 77
39 77 192
39 78 117
39 79 12
39 80 156
39 81 141
39 82 143
39 83 44
39 84 195
39 85 38
39 86 7
39 87 75
39 88 55
39 89 12
39 90 97
39 91 142
39 92 151
39 93 81
39 94 195
39 95 22
39 96 173
39 97 158
39 98 93
39 99 128
40 41 125
40 42 110
40 43 28
40 44 10
40 45 145
40 46 148
40 47 183
40 48 37
40 49 72
40 50 119
40 51 75
40 52 104
40 53 37
40 54 106
40 55 136
40 56 149
40 57 83
40 58 172
40 59 138
40 60 134
40 61 74
40 62 149
40 63 6
40 64 173
40 65 135
40 66 199
40 67 136
40 68 87
40 69 178
40 70 32
40 71 91
40 72 131
40 73 167
40 74 193
40 75 94
40 76 163
40 77 148
40 78 28
40 79 11
40 80 170
40 81 184
40 82 95
40 83 187
40 84 153
40 85 17
40 86 136
40 87 71
40 88 53
40 89 129
40 90 132
40 91 195
40 92 50
40 93 88
40 94 140
40 95 138
40 96 82
40 97 84
40 98 22
40 99 91
41 42 94
41 43 94
41 44 121
41 45 31
41 46 40
41 47 189
41 48 159
41 49 193
41 50 34
41 51 82
41 52 63
41 53 94
41 54 175
41 55 125
41 56 139
41 57 95
41 58 55
41 59 19
41 60 27
41 61 81
41 62 71
41 63 185
41 64 70
41 65 26
41 66 43
41 67 36
41 68 49
41 69 55
41 70 174
41 71 19
41 72 200
41 73 120
41 74 29
41 75 108
41 76 113
41 77 20
41 78 70
41 79 95
41 80 155
41 81 20
41 82 137
41 83 32
41 84 155
41 85 194
41 86 7
41 87 28
41 88 14
41 89 105
41 90 140
41 91 138
41 92 28
41 93 190
41 94 43
41 95 120
41 96 135
41 97 51
41 98 200
41 99 64
42 43 171
42 44 85
42 45 62
42 46 48
42 47 162
42 48 44
42 49 70
42 50 11
42 51 189
42 52 146
42 53 142
42 54 200
42 55 105
42 56 177
42 57 193
42 58 198
42 59 53
42 60 126
42 61 60
42 62 154
42 63 24
42 64 167
42 65 163
42 66 94
42 67 84
42 68 3
42 69 110
42 70 103
42 71 171
42 72 134
42 73 165
42 74 13
42 75 139
42 76 97
42 77 63
42 78 97
42 79 131
42 80 128
42 81 150
42 82 74
42 83 103
42 84 2
42 85 112
42 86 10
42 87 83
42 88 128
42 89 40
42 90 93
42 91 167
42 92 190
42 93 21
42 94 141
42 95 16
42 96 83
42 97 112
42 98 183
42 99 66
43 44 157
43 45 182
43 46 106
43 47 195
43 48 195
43 49 126
43 50 167
43 51 81
43 52 184
43 53 162
43 54 142
43 55 71
43 56 54
43 57 77
43 58 179
43 59 107
43 60 194
43 61 67
43 62 72
43 63 104
43 64 32
43 65 129
43 66 195
43 67 44
43 68 73
43 69 132
43 70 192
43 71 195
43 72 163
43 73 60
43 74 102
43 75 30
43 76 103
43 77 99
43 78 168
43 79 180
43 80 147
43 81 120
43 82 52
43 83 182
43 84 52
43 85 98
43 86 8
43 87 152
43 88 72
43 89 46
43 90 130
43 91 172
43 92 85
43 93 73
43 94 45
43 95 27
43 96 127
43 97 103
43 98 69
43 99 85
44 45 26
44 46 150
44 47 158
44 48 61
44 49 0
44 50 126
44 51 160
44 52 83
44 53 63
44 54 169
44 55 36
44 56 169
44 57 44
44 58 94
44 59 15
44 60 52
44 61 23
44 62 87
44 63 10
44 64 126
44 65 96
44 66 31
44 67 37
44 68 167
44 69 87
44 70 136
44 71 110
44 72 136
44 73 72
44 74 161
44 75 19
44 76 89
44 77 97
44 78 167
44 79 182
44 80 54
44 81 5
44 82 134
44 83 187
44 84 135
44 85 19
44 86 138
44 87 73
44 88 192
44 89 154
44 90 80
44 91 89
44 92 96
44 93 133
44 94 18
44 95 100
44 96 38
44 97 194
44 98 125
44 99 65
45 46 21
45 47 55
45 48 87
45 49 177
45 50 123
45 51 28
45 52 41
45 53 56
45 54 156
45 55 113
45 56 178
45 57 47
45 58 122
45 59 33
45 60 73
45 61 33
45 62 132
45 63 195
45 64 176
45 65 199
45 66 171
45 67 69
45 68 37
45 69 193
45 70 54
45 71 159
45 72 1
45 73 3
45 74 167
45 75 43
45 76 145
45 77 47
45 78 151
45 79 166
45 80 147
45 81 133
45 82 74
45 83 8
45 84 66
45 85 8
45 86 46
45 87 191
45 88 112
45 89 106
45 90 101
45 91 155
45 92 141
45 93 58
45 94 102
45 95 27
45 96 122
45 97 79
45 98 171
45 99 90
46 47 71
46 48 190
46 49 107
46 50 9
46 51 57
46 52 131
46 53 7
46 54 106
46 55 115
46 56 67
46 57 161
46 58 39
46 59 186
46 60 78
46 61 6
46 62 130
46 63 159
46 64 14
46 65 37
46 66 131
46 67 122
46 68 179
46 69 93
46 70 178
46 71 140
46 72 17
46 73 92
46 74 62
46 75 47
46 76 169
46 77 76
46 78 45
46 79 166
46 80 67
46 81 63
46 82 149
46 83 116
46 84 74
46 85 30
46 86 45
46 87 3
46 88 136
46 89 170
46 90 57
46 91 115
46 92 187
46 93 121
46 94 132
46 95 35
46 96 117
46 97 39
46 98 187
46 99 41
47 48 178
47 49 11
47 50 65
47 51 180
47 52 166
47 53 26
47 54 156
47 55 139
47 56 146
47 57 145
47 58 118
47 59 173
47 60 106
47 61 66
47 62 18
47 63 183
47 64 169
47 65 44
47 66 15
47 67 197
47 68 171
47 69 24
47 70 43
47 71 111
47 72 159
47 73 71
47 74 62
47 75 172
47 76 89
47 77 122
47 78 165
47 79 60
47 80 79
47 81 83
47 82 127
47 83 43
47 84 174
47 85 188
47 86 49
47 87 178
47 88 15
47 89 27
47 90 187
47 91 193
47 92 44
47 93 112
47 94 113
47 95 119
47 96 164
47 97 114
47 98 45
47 99 1
