100 4320
0 1 0
0 2 81
0 3 82
0 4 60
0 5 2
0 6 135
0 7 1
0 8 146
0 9 138
0 10 144
0 11 129
0 12 156
0 13 2
0 14 42
0 15 86
0 16 118
0 17 139
0 18 54
0 19 166
0 20 100
0 21 165
0 22 22
0 23 160
0 24 120
0 25 92
0 26 180
0 27 24
0 28 198
0 29 101
0 30 55
0 31 55
0 32 105
0 33 82
0 34 174
0 35 6
0 36 83
0 37 95
0 38 58
0 39 13
0 40 24
0 41 136
0 42 116
0 43 89
0 44 130
0 45 180
0 46 122
0 47 8
0 48 98
0 49 163
0 50 86
0 51 2
0 52 50
0 53 159
0 54 152
0 55 13
0 56 91
0 57 175
0 58 20
0 59 86
0 60 50
0 61 25
0 62 104
0 63 35
0 64 70
0 65 23
0 66 134
0 67 94
0 68 120
0 69 30
0 70 17
0 71 145
0 72 80
0 73 187
0 74 166
0 75 151
0 76 49
0 77 175
0 78 25
0 79 98
0 80 108
0 81 22
0 82 51
0 83 31
0 84 183
0 85 4
0 86 88
0 87 43
0 88 124
0 89 60
0 90 121
0 91 135
0 92 90
0 93 38
0 94 25
0 95 58
0 96 185
0 97 132
0 98 150
0 99 192
1 2 197
1 3 79
1 4 132
1 5 103
1 6 143
1 7 180
1 8 186
1 9 38
1 10 31
1 11 181
1 12 17
1 13 18
1 14 7
1 15 96
1 16 41
1 17 51
1 18 19
1 19 143
1 20 99
1 21 84
1 22 14
1 23 34
1 24 119
1 25 192
1 26 112
1 27 44
1 28 163
1 29 184
1 30 78
1 31 123
1 32 177
1 33 131
1 34 59
1 35 0
1 36 85
1 37 166
1 38 47
1 39 173
1 40 95
1 41 115
1 42 73
1 43 190
1 44 31
1 45 56
1 46 129
1 47 128
1 48 200
1 49 40
1 50 173
1 51 139
1 52 141
1 53 180
1 54 123
1 55 67
1 56 57
1 57 109
1 58 101
1 59 5
1 60 58
1 61 83
1 62 101
1 63 148
1 64 97
1 65 81
1 66 146
1 67 16
1 68 144
1 69 19
1 70 74
1 71 13
1 72 26
1 73 27
1 74 145
1 75 27
1 76 34
1 77 36
1 78 149
1 79 27
1 80 6
1 81 165
1 82 14
1 83 67
1 84 64
1 85 2
1 86 4
1 87 15
1 88 51
1 89 153
1 90 151
1 91 1
1 92 151
1 93 108
1 94 99
1 95 188
1 96 18
1 97 98
1 98 160
1 99 157
2 3 38
2 4 67
2 5 36
2 6 185
2 7 167
2 8 195
2 9 76
2 10 7
2 11 174
2 12 129
2 13 134
2 14 126
2 15 113
2 16 111
2 17 131
2 18 13
2 19 13
2 20 16
2 21 27
2 22 13
2 23 91
2 24 14
2 25 39
2 26 17
2 27 44
2 28 136
2 29 159
2 30 159
2 31 139
2 32 115
2 33 148
2 34 83
2 35 171
2 36 7
2 37 115
2 38 12
2 39 170
2 40 154
2 41 83
2 42 133
2 43 60
2 44 57
2 45 154
2 46 178
2 47 13
2 48 3
2 49 56
2 50 48
2 51 105
2 52 199
2 53 156
2 54 126
2 55 43
2 56 57
2 57 68
2 58 12
2 59 184
2 60 83
2 61 189
2 62 89
2 63 41
2 64 192
2 65 92
2 66 27
2 67 56
2 68 136
2 69 161
2 70 103
2 71 146
2 72 147
2 73 47
2 74 146
2 75 85
2 76 152
2 77 166
2 78 101
2 79 176
2 80 70
2 81 7
2 82 61
2 83 191
2 84 50
2 85 152
2 86 110
2 87 23
2 88 106
2 89 66
2 90 93
2 91 10
2 92 183
2 93 28
2 94 94
2 95 196
2 96 55
2 97 11
2 98 127
2 99 52
3 4 184
3 5 5
3 6 95
3 7 143
3 8 138
3 9 121
3 10 91
3 11 153
3 12 143
3 13 36
3 14 68
3 15 36
3 16 122
3 17 98
3 18 181
3 19 174
3 20 174
3 21 62
3 22 116
3 23 195
3 24 130
3 25 88
3 26 12
3 27 150
3 28 33
3 29 37
3 30 133
3 31 24
3 32 48
3 33 121
3 34 197
3 35 59
3 36 12
3 37 104
3 38 93
3 39 88
3 40 157
3 41 111
3 42 42
3 43 123
3 44 152
3 45 109
3 46 39
3 47 126
3 48 190
3 49 70
3 50 53
3 51 52
3 52 117
3 53 64
3 54 101
3 55 116
3 56 40
3 57 182
3 58 117
3 59 136
3 60 169
3 61 0
3 62 17
3 63 95
3 64 35
3 65 45
3 66 45
3 67 198
3 68 179
3 69 29
3 70 112
3 71 57
3 72 178
3 73 172
3 74 24
3 75 78
3 76 191
3 77 83
3 78 161
3 79 95
3 80 91
3 81 80
3 82 36
3 83 39
3 84 98
3 85 14
3 86 181
3 87 172
3 88 112
3 89 100
3 90 194
3 91 90
3 92 27
3 93 18
3 94 132
3 95 102
3 96 94
3 97 123
3 98 167
3 99 102
4 5 129
4 6 154
4 7 91
4 8 86
4 9 163
4 10 77
4 11 163
4 12 41
4 13 5
4 14 74
4 15 76
4 16 116
4 17 117
4 18 37
4 19 140
4 20 140
4 21 11
4 22 58
4 23 178
4 24 72
4 25 51
4 26 158
4 27 200
4 28 123
4 29 183
4 30 110
4 31 89
4 32 61
4 33 144
4 34 62
4 35 168
4 36 25
4 37 156
4 38 125
4 39 125
4 40 61
4 41 142
4 42 114
4 43 187
4 44 61
4 45 103
4 46 154
4 47 70
4 48 13
4 49 129
4 50 145
4 51 1
4 52 16
4 53 72
4 54 48
4 55 170
4 56 1
4 57 109
4 58 19
4 59 151
4 60 62
4 61 144
4 62 161
4 63 51
4 64 86
4 65 174
4 66 133
4 67 73
4 68 30
4 69 193
4 70 183
4 71 67
4 72 160
4 73 33
4 74 35
4 75 87
4 76 73
4 77 199
4 78 45
4 79 23
4 80 125
4 81 129
4 82 8
4 83 99
4 84 192
4 85 3
4 86 14
4 87 116
4 88 26
4 89 103
4 90 49
4 91 181
4 92 31
4 93 159
4 94 109
4 95 113
4 96 3
4 97 124
4 98 76
4 99 166
5 6 70
5 7 149
5 8 197
5 9 81
5 10 72
5 11 106
5 12 107
5 13 170
5 14 88
5 15 77
5 16 155
5 17 36
5 18 191
5 19 165
5 20 1
5 21 82
5 22 45
5 23 194
5 24 144
5 25 51
5 26 7
5 27 148
5 28 143
5 29 125
5 30 101
5 31 128
5 32 84
5 33 61
5 34 181
5 35 156
5 36 154
5 37 193
5 38 138
5 39 59
5 40 90
5 41 77
5 42 27
5 43 142
5 44 112
5 45 165
5 46 173
5 47 49
5 48 12
5 49 155
5 50 164
5 51 51
5 52 142
5 53 145
5 54 145
5 55 90
5 56 187
5 57 153
5 58 151
5 59 190
5 60 25
5 61 197
5 62 147
5 63 103
5 64 194
5 65 91
5 66 171
5 67 93
5 68 61
5 69 184
5 70 139
5 71 87
5 72 100
5 73 51
5 74 186
5 75 180
5 76 133
5 77 12
5 78 156
5 79 67
5 80 30
5 81 73
5 82 62
5 83 133
5 84 39
5 85 109
5 86 60
5 87 140
5 88 76
5 89 39
5 90 179
5 91 100
5 92 194
5 93 123
5 94 130
5 95 114
5 96 81
5 97 150
5 98 36
5 99 119
6 7 183
6 8 5
6 9 126
6 10 23
6 11 23
6 12 113
6 13 46
6 14 76
6 15 84
6 16 75
6 17 188
6 18 180
6 19 167
6 20 16
6 21 59
6 22 126
6 23 124
6 24 70
6 25 140
6 26 64
6 27 163
6 28 136
6 29 56
6 30 130
6 31 192
6 32 191
6 33 1
6 34 87
6 35 187
6 36 150
6 37 114
6 38 124
6 39 61
6 40 90
6 41 52
6 42 152
6 43 24
6 44 145
6 45 19
6 46 148
6 47 31
6 48 99
6 49 38
6 50 30
6 51 188
6 52 170
6 53 189
6 54 6
6 55 76
6 56 64
6 57 164
6 58 111
6 59 152
6 60 99
6 61 34
6 62 75
6 63 63
6 64 163
6 65 109
6 66 36
6 67 36
6 68 179
6 69 53
6 70 146
6 71 133
6 72 41
6 73 22
6 74 195
6 75 168
6 76 23
6 77 83
6 78 54
6 79 40
6 80 118
6 81 195
6 82 91
6 83 92
6 84 107
6 85 55
6 86 176
6 87 167
6 88 76
6 89 120
6 90 88
6 91 171
6 92 63
6 93 21
6 94 177
6 95 198
6 96 139
6 97 188
6 98 20
6 99 168
7 8 81
7 9 85
7 10 69
7 11 185
7 12 23
7 13 54
7 14 51
7 15 30
7 16 135
7 17 138
7 18 104
7 19 164
7 20 53
7 21 167
7 22 151
7 23 55
7 24 144
7 25 67
7 26 192
7 27 1
7 28 65
7 29 48
7 30 19
7 31 71
7 32 112
7 33 11
7 34 174
7 35 92
7 36 127
7 37 89
7 38 7
7 39 84
7 40 186
7 41 84
7 42 70
7 43 98
7 44 148
7 45 114
7 46 116
7 47 48
7 48 58
7 49 10
7 50 170
7 51 176
7 52 40
7 53 31
7 54 0
7 55 40
7 56 53
7 57 144
7 58 109
7 59 66
7 60 178
7 61 133
7 62 60
7 63 46
7 64 137
7 65 196
7 66 86
7 67 134
7 68 111
7 69 191
7 70 61
7 71 156
7 72 19
7 73 64
7 74 121
7 75 69
7 76 34
7 77 117
7 78 144
7 79 36
7 80 190
7 81 184
7 82 67
7 83 184
7 84 85
7 85 119
7 86 92
7 87 48
7 88 131
7 89 25
7 90 162
7 91 78
7 92 8
7 93 61
7 94 103
7 95 164
7 96 150
7 97 193
7 98 163
7 99 197
8 9 99
8 10 83
8 11 57
8 12 120
8 13 142
8 14 60
8 15 189
8 16 200
8 17 104
8 18 195
8 19 70
8 20 120
8 21 76
8 22 32
8 23 80
8 24 23
8 25 135
8 26 141
8 27 126
8 28 73
8 29 21
8 30 90
8 31 55
8 32 146
8 33 194
8 34 191
8 35 52
8 36 35
8 37 178
8 38 172
8 39 94
8 40 181
8 41 40
8 42 128
8 43 77
8 44 160
8 45 76
8 46 122
8 47 113
8 48 195
8 49 156
8 50 63
8 51 174
8 52 182
8 53 164
8 54 52
8 55 61
8 56 114
8 57 104
8 58 46
8 59 19
8 60 106
8 61 68
8 62 165
8 63 153
8 64 90
8 65 91
8 66 58
8 67 67
8 68 113
8 69 77
8 70 174
8 71 136
8 72 161
8 73 122
8 74 155
8 75 87
8 76 21
8 77 78
8 78 187
8 79 170
8 80 161
8 81 12
8 82 91
8 83 186
8 84 11
8 85 38
8 86 40
8 87 3
8 88 185
8 89 105
8 90 119
8 91 89
8 92 84
8 93 140
8 94 193
8 95 49
8 96 29
8 97 118
8 98 77
8 99 84
9 10 145
9 11 128
9 12 79
9 13 197
9 14 125
9 15 160
9 16 145
9 17 9
9 18 84
9 19 27
9 20 80
9 21 87
9 22 61
9 23 129
9 24 56
9 25 6
9 26 32
9 27 142
9 28 104
9 29 90
9 30 150
9 31 35
9 32 10
9 33 133
9 34 126
9 35 133
9 36 193
9 37 134
9 38 104
9 39 42
9 40 70
9 41 13
9 42 161
9 43 85
9 44 125
9 45 131
9 46 45
9 47 62
9 48 131
9 49 65
9 50 112
9 51 177
9 52 185
9 53 63
9 54 55
9 55 31
9 56 74
9 57 165
9 58 19
9 59 71
9 60 162
9 61 85
9 62 112
9 63 128
9 64 10
9 65 156
9 66 130
9 67 60
9 68 173
9 69 174
9 70 77
9 71 12
9 72 152
9 73 28
9 74 173
9 75 153
9 76 123
9 77 144
9 78 13
9 79 81
9 80 59
9 81 47
9 82 60
9 83 115
9 84 175
9 85 114
9 86 86
9 87 37
9 88 43
9 89 32
9 90 51
9 91 166
9 92 182
9 93 95
9 94 87
9 95 35
9 96 137
9 97 177
9 98 92
9 99 73
10 11 42
10 12 36
10 13 120
10 14 82
10 15 63
10 16 48
10 17 116
10 18 173
10 19 147
10 20 121
10 21 99
10 22 78
10 23 70
10 24 94
10 25 12
10 26 124
10 27 64
10 28 106
10 29 59
10 30 149
10 31 18
10 32 1
10 33 169
10 34 5
10 35 13
10 36 34
10 37 180
10 38 81
10 39 53
10 40 31
10 41 146
10 42 168
10 43 117
10 44 31
10 45 132
10 46 108
10 47 79
10 48 99
10 49 155
10 50 147
10 51 164
10 52 104
10 53 120
10 54 23
10 55 1
10 56 97
10 57 88
10 58 171
10 59 22
10 60 37
10 61 193
10 62 76
10 63 81
10 64 14
10 65 103
10 66 68
10 67 127
10 68 44
10 69 52
10 70 5
10 71 26
10 72 128
10 73 112
10 74 197
10 75 182
10 76 41
10 77 138
10 78 136
10 79 70
10 80 98
10 81 75
10 82 50
10 83 51
10 84 192
10 85 182
10 86 110
10 87 93
10 88 54
10 89 159
10 90 50
10 91 78
10 92 89
10 93 181
10 94 138
10 95 16
10 96 120
10 97 161
10 98 157
10 99 21
11 12 172
11 13 73
11 14 107
11 15 175
11 16 179
11 17 37
11 18 107
11 19 80
11 20 9
11 21 92
11 22 22
11 23 135
11 24 173
11 25 1
11 26 3
11 27 182
11 28 76
11 29 139
11 30 78
11 31 17
11 32 63
11 33 173
11 34 118
11 35 65
11 36 193
11 37 85
11 38 144
11 39 148
11 40 144
11 41 172
11 42 3
11 43 118
11 44 151
11 45 31
11 46 121
11 47 195
11 48 129
11 49 53
11 50 167
11 51 138
11 52 55
11 53 134
11 54 111
11 55 195
11 56 197
11 57 91
11 58 160
11 59 90
11 60 122
11 61 114
11 62 165
11 63 99
11 64 41
11 65 116
11 66 63
11 67 110
11 68 41
11 69 96
11 70 150
11 71 34
11 72 106
11 73 182
11 74 103
11 75 55
11 76 147
11 77 115
11 78 140
11 79 127
11 80 78
11 81 67
11 82 114
11 83 85
11 84 72
11 85 30
11 86 177
11 87 51
11 88 59
11 89 13
11 90 58
11 91 25
11 92 78
11 93 55
11 94 109
11 95 106
11 96 187
11 97 74
11 98 80
11 99 115
12 13 45
12 14 135
12 15 37
12 16 25
12 17 148
12 18 169
12 19 124
12 20 11
12 21 166
12 22 121
12 23 16
12 24 92
12 25 25
12 26 8
12 27 14
12 28 79
12 29 43
12 30 146
12 31 3
12 32 147
12 33 82
12 34 130
12 35 181
12 36 127
12 37 127
12 38 119
12 39 60
12 40 65
12 41 21
12 42 113
12 43 51
12 44 147
12 45 149
12 46 88
12 47 173
12 48 125
12 49 12
12 50 173
12 51 123
12 52 68
12 53 150
12 54 2
12 55 132
12 56 154
12 57 69
12 58 58
12 59 80
12 60 11
12 61 39
12 62 10
12 63 16
12 64 118
12 65 132
12 66 38
12 67 101
12 68 130
12 69 56
12 70 119
12 71 24
12 72 78
12 73 20
12 74 96
12 75 2
12 76 48
12 77 164
12 78 75
12 79 67
12 80 20
12 81 155
12 82 14
12 83 178
12 84 73
12 85 101
12 86 100
12 87 132
12 88 109
12 89 4
12 90 133
12 91 188
12 92 35
12 93 72
12 94 176
12 95 92
12 96 165
12 97 22
12 98 92
12 99 11
13 14 42
13 15 176
13 16 115
13 17 43
13 18 19
13 19 64
13 20 95
13 21 42
13 22 171
13 23 71
13 24 46
13 25 140
13 26 107
13 27 149
13 28 123
13 29 101
13 30 189
13 31 29
13 32 72
13 33 149
13 34 155
13 35 120
13 36 86
13 37 146
13 38 162
13 39 172
13 40 128
13 41 103
13 42 91
13 43 59
13 44 174
13 45 155
13 46 164
13 47 63
13 48 27
13 49 113
13 50 181
13 51 72
13 52 18
13 53 35
13 54 97
13 55 192
13 56 93
13 57 69
13 58 173
13 59 42
13 60 121
13 61 112
13 62 35
13 63 12
13 64 150
13 65 9
13 66 133
13 67 8
13 68 103
13 69 64
13 70 126
13 71 187
13 72 87
13 73 63
13 74 149
13 75 175
13 76 87
13 77 45
13 78 23
13 79 144
13 80 137
13 81 158
13 82 168
13 83 58
13 84 35
13 85 176
13 86 183
13 87 88
13 88 173
13 89 189
13 90 155
13 91 100
13 92 81
13 93 151
13 94 107
13 95 124
13 96 133
13 97 50
13 98 37
13 99 86
14 15 172
14 16 97
14 17 90
14 18 77
14 19 102
14 20 95
14 21 183
14 22 105
14 23 27
14 24 82
14 25 118
14 26 147
14 27 134
14 28 88
14 29 189
14 30 179
14 31 33
14 32 36
14 33 92
14 34 41
14 35 48
14 36 122
14 37 23
14 38 196
14 39 71
14 40 123
14 41 68
14 42 131
14 43 65
14 44 33
14 45 49
14 46 5
14 47 168
14 48 193
14 49 74
14 50 66
14 51 140
14 52 1
14 53 5
14 54 50
14 55 149
14 56 40
14 57 69
14 58 168
14 59 147
14 60 36
14 61 134
14 62 30
14 63 85
14 64 127
14 65 87
14 66 68
14 67 165
14 68 17
14 69 143
14 70 79
14 71 0
14 72 139
14 73 61
14 74 12
14 75 32
14 76 49
14 77 136
14 78 33
14 79 44
14 80 66
14 81 138
14 82 3
14 83 89
14 84 181
14 85 171
14 86 59
14 87 81
14 88 86
14 89 75
14 90 174
14 91 171
14 92 93
14 93 10
14 94 158
14 95 5
14 96 193
14 97 131
14 98 112
14 99 29
15 16 178
15 17 196
15 18 54
15 19 190
15 20 106
15 21 130
15 22 55
15 23 115
15 24 39
15 25 134
15 26 47
15 27 199
15 28 80
15 29 57
15 30 12
15 31 81
15 32 130
15 33 67
15 34 44
15 35 126
15 36 66
15 37 124
15 38 193
15 39 16
15 40 148
15 41 161
15 42 179
15 43 105
15 44 194
15 45 110
15 46 89
15 47 7
15 48 103
15 49 192
15 50 113
15 51 193
15 52 112
15 53 141
15 54 9
15 55 174
15 56 170
15 57 136
15 58 40
15 59 58
15 60 53
15 61 61
15 62 91
15 63 88
15 64 142
15 65 191
15 66 2
15 67 150
15 68 161
15 69 148
15 70 157
15 71 19
15 72 5
15 73 40
15 74 47
15 75 30
15 76 2
15 77 103
15 78 131
15 79 166
15 80 37
15 81 171
15 82 41
15 83 81
15 84 44
15 85 130
15 86 136
15 87 88
15 88 39
15 89 121
15 90 132
15 91 12
15 92 135
15 93 173
15 94 141
15 95 33
15 96 20
15 97 120
15 98 24
15 99 36
16 17 198
16 18 78
16 19 159
16 20 106
16 21 129
16 22 67
16 23 34
16 24 86
16 25 161
16 26 74
16 27 193
16 28 40
16 29 96
16 30 145
16 31 110
16 32 7
16 33 15
16 34 147
16 35 19
16 36 23
16 37 139
16 38 196
16 39 173
16 40 84
16 41 130
16 42 1
16 43 192
16 44 189
16 45 59
16 46 37
16 47 183
16 48 194
16 49 197
16 50 145
16 51 124
16 52 48
16 53 159
16 54 191
16 55 174
16 56 85
16 57 45
16 58 95
16 59 153
16 60 147
16 61 99
16 62 14
16 63 2
16 64 142
16 65 65
16 66 60
16 67 197
16 68 142
16 69 48
16 70 75
16 71 140
16 72 90
16 73 52
16 74 161
16 75 139
16 76 193
16 77 164
16 78 167
16 79 5
16 80 28
16 81 160
16 82 40
16 83 173
16 84 21
16 85 55
16 86 164
16 87 47
16 88 129
16 89 162
16 90 176
16 91 80
16 92 107
16 93 45
16 94 190
16 95 4
16 96 96
16 97 189
16 98 153
16 99 24
17 18 136
17 19 10
17 20 200
17 21 29
17 22 152
17 23 65
17 24 42
17 25 176
17 26 111
17 27 47
17 28 56
17 29 17
17 30 195
17 31 8
17 32 53
17 33 8
17 34 41
17 35 87
17 36 30
17 37 5
17 38 170
17 39 112
17 40 171
17 41 7
17 42 146
17 43 171
17 44 92
17 45 177
17 46 95
17 47 137
17 48 123
17 49 175
17 50 11
17 51 43
17 52 105
17 53 122
17 54 61
17 55 187
17 56 25
17 57 80
17 58 138
17 59 117
17 60 172
17 61 88
17 62 69
17 63 79
17 64 87
17 65 72
17 66 169
17 67 127
17 68 39
17 69 102
17 70 137
17 71 197
17 72 102
17 73 117
17 74 140
17 75 97
17 76 189
17 77 55
17 78 60
17 79 185
17 80 135
17 81 61
17 82 54
17 83 187
17 84 151
17 85 17
17 86 30
17 87 63
17 88 169
17 89 143
17 90 21
17 91 100
17 92 157
17 93 198
17 94 157
17 95 182
17 96 87
17 97 154
17 98 197
17 99 195
18 19 64
18 20 189
18 21 32
18 22 17
18 23 74
18 24 168
18 25 199
18 26 39
18 27 25
18 28 159
18 29 186
18 30 37
18 31 133
18 32 145
18 33 171
18 34 126
18 35 189
18 36 71
18 37 75
18 38 133
18 39 193
18 40 54
18 41 24
18 42 69
18 43 127
18 44 110
18 45 177
18 46 114
18 47 41
18 48 55
18 49 185
18 50 30
18 51 126
18 52 81
18 53 44
18 54 28
18 55 94
18 56 189
18 57 29
18 58 159
18 59 156
18 60 167
18 61 100
18 62 3
18 63 177
18 64 0
18 65 150
18 66 200
18 67 82
18 68 112
18 69 21
18 70 85
18 71 67
18 72 62
18 73 107
18 74 116
18 75 7
18 76 52
18 77 20
18 78 130
18 79 81
18 80 25
18 81 108
18 82 105
18 83 85
18 84 189
18 85 161
18 86 134
18 87 21
18 88 167
18 89 95
18 90 47
18 91 36
18 92 64
18 93 188
18 94 177
18 95 146
18 96 67
18 97 143
18 98 117
18 99 76
19 20 120
19 21 155
19 22 57
19 23 179
19 24 82
19 25 164
19 26 37
19 27 0
19 28 143
19 29 172
19 30 66
19 31 49
19 32 96
19 33 52
19 34 158
19 35 126
19 36 194
19 37 62
19 38 42
19 39 76
19 40 10
19 41 16
19 42 178
19 43 49
19 44 12
19 45 92
19 46 106
19 47 101
19 48 173
19 49 104
19 50 152
19 51 3
19 52 67
19 53 1
19 54 166
19 55 102
19 56 198
19 57 61
19 58 195
19 59 27
19 60 14
19 61 53
19 62 82
19 63 171
19 64 185
19 65 56
19 66 148
19 67 166
19 68 129
19 69 56
19 70 18
19 71 193
19 72 132
19 73 161
19 74 105
19 75 129
19 76 73
19 77 32
19 78 144
19 79 175
19 80 186
19 81 197
19 82 35
19 83 5
19 84 12
19 85 172
19 86 28
19 87 76
19 88 146
19 89 141
19 90 102
19 91 94
19 92 33
19 93 171
19 94 78
19 95 51
19 96 60
19 97 177
19 98 69
19 99 138
20 21 107
20 22 179
20 23 123
20 24 177
20 25 24
20 26 9
20 27 89
20 28 21
20 29 94
20 30 100
20 31 174
20 32 135
20 33 18
20 34 53
20 35 37
20 36 84
20 37 51
20 38 59
20 39 89
20 40 168
20 41 162
20 42 7
20 43 40
20 44 132
20 45 82
20 46 139
20 47 153
20 48 193
20 49 67
20 50 12
20 51 38
20 52 162
20 53 99
20 54 82
20 55 18
20 56 127
20 57 133
20 58 151
20 59 0
20 60 66
20 61 127
20 62 192
20 63 181
20 64 107
20 65 147
20 66 143
20 67 186
20 68 133
20 69 25
20 70 21
20 71 195
20 72 75
20 73 46
20 74 15
20 75 136
20 76 142
20 77 37
20 78 107
20 79 173
20 80 40
20 81 185
20 82 186
20 83 169
20 84 191
20 85 100
20 86 168
20 87 13
20 88 177
20 89 38
20 90 175
20 91 158
20 92 104
20 93 79
20 94 51
20 95 78
20 96 115
20 97 200
20 98 70
20 99 27
21 22 68
21 23 37
21 24 94
21 25 25
21 26 11
21 27 118
21 28 74
21 29 195
21 30 159
21 31 152
21 32 187
21 33 64
21 34 35
21 35 28
21 36 5
21 37 82
21 38 145
21 39 147
21 40 138
21 41 122
21 42 165
21 43 149
21 44 139
21 45 140
21 46 113
21 47 31
21 48 195
21 49 90
21 50 66
21 51 134
21 52 69
21 53 117
21 54 191
21 55 43
21 56 98
21 57 70
21 58 76
21 59 176
21 60 111
21 61 185
21 62 175
21 63 102
21 64 52
21 65 98
21 66 142
21 67 65
21 68 51
21 69 122
21 70 60
21 71 35
21 72 48
21 73 200
21 74 111
21 75 156
21 76 53
21 77 83
21 78 96
21 79 193
21 80 172
21 81 149
21 82 102
21 83 8
21 84 13
21 85 130
21 86 14
21 87 50
21 88 44
21 89 2
21 90 87
21 91 190
21 92 157
21 93 28
21 94 77
21 95 25
21 96 156
21 97 198
21 98 39
21 99 24
22 23 139
22 24 168
22 25 164
22 26 44
22 27 192
22 28 174
22 29 157
22 30 178
22 31 176
22 32 6
22 33 19
22 34 13
22 35 61
22 36 150
22 37 140
22 38 89
22 39 162
22 40 46
22 41 92
22 42 4
22 43 183
22 44 164
22 45 147
22 46 134
22 47 114
22 48 134
22 49 36
22 50 113
22 51 18
22 52 9
22 53 51
22 54 27
22 55 41
22 56 60
22 57 86
22 58 32
22 59 133
22 60 32
22 61 135
22 62 55
22 63 88
22 64 189
22 65 0
22 66 192
22 67 200
22 68 142
22 69 37
22 70 196
22 71 189
22 72 53
22 73 133
22 74 173
22 75 85
22 76 189
22 77 50
22 78 167
22 79 79
22 80 5
22 81 26
22 82 28
22 83 46
22 84 127
22 85 128
22 86 68
22 87 17
22 88 114
22 89 174
22 90 121
22 91 98
22 92 195
22 93 123
22 94 125
22 95 36
22 96 192
22 97 191
22 98 152
22 99 139
23 24 34
23 25 115
23 26 65
23 27 171
23 28 99
23 29 105
23 30 104
23 31 12
23 32 175
23 33 102
23 34 108
23 35 190
23 36 146
23 37 148
23 38 46
23 39 51
23 40 88
23 41 49
23 42 112
23 43 150
23 44 109
23 45 87
23 46 104
23 47 32
23 48 51
23 49 140
23 50 70
23 51 51
23 52 122
23 53 145
23 54 12
23 55 5
23 56 168
23 57 21
23 58 85
23 59 33
23 60 47
23 61 70
23 62 197
23 63 19
23 64 64
23 65 53
23 66 199
23 67 53
23 68 22
23 69 55
23 70 137
23 71 104
23 72 87
23 73 119
23 74 155
23 75 184
23 76 155
23 77 132
23 78 52
23 79 104
23 80 193
23 81 157
23 82 73
23 83 60
23 84 98
23 85 110
23 86 111
23 87 126
23 88 106
23 89 70
23 90 71
23 91 81
23 92 74
23 93 17
23 94 86
23 95 199
23 96 175
23 97 47
23 98 34
23 99 139
24 25 189
24 26 94
24 27 185
24 28 128
24 29 73
24 30 90
24 31 44
24 32 122
24 33 92
24 34 2
24 35 33
24 36 135
24 37 81
24 38 171
24 39 136
24 40 93
24 41 27
24 42 43
24 43 66
24 44 56
24 45 56
24 46 130
24 47 88
24 48 167
24 49 181
24 50 176
24 51 5
24 52 23
24 53 26
24 54 162
24 55 109
24 56 142
24 57 15
24 58 117
24 59 161
24 60 191
24 61 126
24 62 114
24 63 65
24 64 59
24 65 55
24 66 120
24 67 36
24 68 134
24 69 8
24 70 21
24 71 166
24 72 68
24 73 89
24 74 144
24 75 22
24 76 101
24 77 139
24 78 117
24 79 71
24 80 156
24 81 146
24 82 47
24 83 57
24 84 104
24 85 19
24 86 1
24 87 57
24 88 30
24 89 27
24 90 124
24 91 4
24 92 59
24 93 197
24 94 185
24 95 69
24 96 120
24 97 138
24 98 124
24 99 74
25 26 146
25 27 122
25 28 19
25 29 78
25 30 188
25 31 103
25 32 172
25 33 111
25 34 0
25 35 3
25 36 181
25 37 175
25 38 71
25 39 179
25 40 78
25 41 68
25 42 71
25 43 116
25 44 186
25 45 165
25 46 185
25 47 31
25 48 89
25 49 43
25 50 166
25 51 53
25 52 143
25 53 198
25 54 39
25 55 68
25 56 66
25 57 123
25 58 54
25 59 94
25 60 193
25 61 21
25 62 175
25 63 98
25 64 174
25 65 180
25 66 118
25 67 130
25 68 84
25 69 143
25 70 150
25 71 79
25 72 175
25 73 196
25 74 65
25 75 39
25 76 124
25 77 44
25 78 3
25 79 152
25 80 178
25 81 145
25 82 11
25 83 6
25 84 80
25 85 135
25 86 127
25 87 76
25 88 166
25 89 167
25 90 9
25 91 128
25 92 59
25 93 110
25 94 30
25 95 100
25 96 158
25 97 174
25 98 26
25 99 116
26 27 149
26 28 122
26 29 92
26 30 135
26 31 92
26 32 174
26 33 9
26 34 34
26 35 85
26 36 171
26 37 64
26 38 122
26 39 197
26 40 75
26 41 151
26 42 79
26 43 121
26 44 140
26 45 41
26 46 113
26 47 76
26 48 162
26 49 149
26 50 45
26 51 135
26 52 174
26 53 112
26 54 160
26 55 138
26 56 25
26 57 141
26 58 156
26 59 58
26 60 58
26 61 120
26 62 30
26 63 121
26 64 52
26 65 59
26 66 130
26 67 51
26 68 16
26 69 91
26 70 118
26 71 111
26 72 77
26 73 21
26 74 182
26 75 72
26 76 4
26 77 127
26 78 1
26 79 65
26 80 3
26 81 71
26 82 15
26 83 11
26 84 102
26 85 85
26 86 33
26 87 190
26 88 148
26 89 52
26 90 48
26 91 157
26 92 169
26 93 55
26 94 123
26 95 92
26 96 130
26 97 89
26 98 8
26 99 27
27 28 164
27 29 194
27 30 23
27 31 191
27 32 103
27 33 85
27 34 47
27 35 56
27 36 18
27 37 177
27 38 162
27 39 60
27 40 196
27 41 16
27 42 84
27 43 52
27 44 90
27 45 91
27 46 44
27 47 5
27 48 198
27 49 105
27 50 7
27 51 161
27 52 58
27 53 163
27 54 54
27 55 114
27 56 16
27 57 18
27 58 63
27 59 167
27 60 10
27 61 41
27 62 143
27 63 104
27 64 164
27 65 74
27 66 135
27 67 50
27 68 68
27 69 141
27 70 160
27 71 173
27 72 60
27 73 91
27 74 77
27 75 64
27 76 1
27 77 174
27 78 83
27 79 64
27 80 91
27 81 44
27 82 22
27 83 179
27 84 113
27 85 161
27 86 144
27 87 63
27 88 73
27 89 105
27 90 36
27 91 137
27 92 193
27 93 139
27 94 198
27 95 176
27 96 199
27 97 76
27 98 129
27 99 174
28 29 197
28 30 51
28 31 118
28 32 117
28 33 151
28 34 15
28 35 162
28 36 18
28 37 133
28 38 2
28 39 147
28 40 119
28 41 41
28 42 162
28 43 112
28 44 112
28 45 102
28 46 191
28 47 66
28 48 31
28 49 134
28 50 182
28 51 40
28 52 98
28 53 168
28 54 21
28 55 179
28 56 139
28 57 3
28 58 124
28 59 132
28 60 35
28 61 14
28 62 194
28 63 52
28 64 176
28 65 116
28 66 47
28 67 160
28 68 103
28 69 167
28 70 26
28 71 115
28 72 13
28 73 145
28 74 33
28 75 86
28 76 18
28 77 198
28 78 39
28 79 119
28 80 132
28 81 192
28 82 48
28 83 58
28 84 147
28 85 193
28 86 69
28 87 185
28 88 18
28 89 99
28 90 167
28 91 54
28 92 102
28 93 92
28 94 189
28 95 92
28 96 120
28 97 169
28 98 81
28 99 27
29 30 90
29 31 22
29 32 189
29 33 170
29 34 46
29 35 131
29 36 54
29 37 138
29 38 4
29 39 56
29 40 38
29 41 168
29 42 21
29 43 62
29 44 71
29 45 111
29 46 35
29 47 72
29 48 164
29 49 93
29 50 195
29 51 54
29 52 44
29 53 139
29 54 197
29 55 104
29 56 80
29 57 165
29 58 6
29 59 140
29 60 56
29 61 196
29 62 186
29 63 124
29 64 79
29 65 2
29 66 44
29 67 105
29 68 73
29 69 155
29 70 26
29 71 153
29 72 54
29 73 19
29 74 32
29 75 58
29 76 79
29 77 104
29 78 124
29 79 196
29 80 0
29 81 96
29 82 134
29 83 107
29 84 67
29 85 160
29 86 66
29 87 198
29 88 191
29 89 116
29 90 18
29 91 113
29 92 166
29 93 26
29 94 93
29 95 176
29 96 108
29 97 102
29 98 200
29 99 163
30 31 56
30 32 21
30 33 10
30 34 160
30 35 49
30 36 131
30 37 95
30 38 135
30 39 148
30 40 189
30 41 14
30 42 8
30 43 50
30 44 193
30 45 150
30 46 191
30 47 166
30 48 77
30 49 91
30 50 121
30 51 166
30 52 4
30 53 22
30 54 125
30 55 183
30 56 139
30 57 83
30 58 134
30 59 76
30 60 94
30 61 77
30 62 148
30 63 65
30 64 99
30 65 28
30 66 87
30 67 22
30 68 193
30 69 200
30 70 142
30 71 86
30 72 51
30 73 113
30 74 199
30 75 167
30 76 187
30 77 190
30 78 18
30 79 75
30 80 183
30 81 152
30 82 163
30 83 67
30 84 36
30 85 164
30 86 28
30 87 84
30 88 81
30 89 160
30 90 195
30 91 123
30 92 21
30 93 93
30 94 195
30 95 148
30 96 6
30 97 46
30 98 174
30 99 104
31 32 66
31 33 197
31 34 72
31 35 50
31 36 79
31 37 171
31 38 168
31 39 76
31 40 109
31 41 51
31 42 68
31 43 89
31 44 40
31 45 74
31 46 17
31 47 79
31 48 30
31 49 112
31 50 185
31 51 19
31 52 68
31 53 171
31 54 55
31 55 113
31 56 30
31 57 101
31 58 110
31 59 132
31 60 20
31 61 37
31 62 182
31 63 12
31 64 74
31 65 1
31 66 125
31 67 134
31 68 41
31 69 167
31 70 13
31 71 63
31 72 75
31 73 61
31 74 32
31 75 148
31 76 51
31 77 16
31 78 150
31 79 78
31 80 198
31 81 103
31 82 34
31 83 125
31 84 14
31 85 41
31 86 101
31 87 183
31 88 21
31 89 72
31 90 164
31 91 110
31 92 177
31 93 99
31 94 46
31 95 24
31 96 104
31 97 58
31 98 30
31 99 71
32 33 0
32 34 137
32 35 167
32 36 130
32 37 77
32 38 47
32 39 14
32 40 38
32 41 17
32 42 71
32 43 6
32 44 174
32 45 179
32 46 189
32 47 34
32 48 196
32 49 193
32 50 68
32 51 170
32 52 132
32 53 1
32 54 44
32 55 127
32 56 125
32 57 135
32 58 15
32 59 106
32 60 197
32 61 186
32 62 110
32 63 139
32 64 50
32 65 114
32 66 26
32 67 157
32 68 79
32 69 67
32 70 164
32 71 77
32 72 69
32 73 183
32 74 146
32 75 154
32 76 131
32 77 53
32 78 3
32 79 81
32 80 109
32 81 168
32 82 93
32 83 126
32 84 181
32 85 98
32 86 84
32 87 159
32 88 19
32 89 150
32 90 103
32 91 49
32 92 126
32 93 185
32 94 8
32 95 86
32 96 100
32 97 110
32 98 32
32 99 164
33 34 143
33 35 85
33 36 72
33 37 88
33 38 158
33 39 47
33 40 24
33 41 195
33 42 166
33 43 188
33 44 88
33 45 123
33 46 16
33 47 112
33 48 94
33 49 100
33 50 189
33 51 115
33 52 189
33 53 155
33 54 197
33 55 198
33 56 117
33 57 140
33 58 71
33 59 52
33 60 50
33 61 172
33 62 196
33 63 182
33 64 108
33 65 72
33 66 14
33 67 109
33 68 72
33 69 152
33 70 0
33 71 6
33 72 71
33 73 82
33 74 173
33 75 167
33 76 130
33 77 78
33 78 111
33 79 51
33 80 103
33 81 28
33 82 62
33 83 102
33 84 4
33 85 47
33 86 181
33 87 86
33 88 61
33 89 124
33 90 44
33 91 62
33 92 64
33 93 165
33 94 195
33 95 149
33 96 0
33 97 80
33 98 174
33 99 5
34 35 180
34 36 177
34 37 165
34 38 67
34 39 189
34 40 41
34 41 184
34 42 10
34 43 11
34 44 169
34 45 183
34 46 40
34 47 111
34 48 91
34 49 16
34 50 160
34 51 51
34 52 87
34 53 20
34 54 66
34 55 162
34 56 173
34 57 13
34 58 30
34 59 8
34 60 154
34 61 12
34 62 144
34 63 103
34 64 119
34 65 91
34 66 105
34 67 141
34 68 106
34 69 184
34 70 143
34 71 57
34 72 124
34 73 68
34 74 118
34 75 156
34 76 82
34 77 70
34 78 81
34 79 125
34 80 92
34 81 159
34 82 179
34 83 83
34 84 188
34 85 91
34 86 166
34 87 167
34 88 95
34 89 86
34 90 169
34 91 45
34 92 125
34 93 89
34 94 8
34 95 36
34 96 61
34 97 33
34 98 99
34 99 74
35 36 63
35 37 9
35 38 113
35 39 174
35 40 193
35 41 49
35 42 196
35 43 181
35 44 175
35 45 27
35 46 90
35 47 8
35 48 18
35 49 111
35 50 136
35 51 95
35 52 200
35 53 129
35 54 150
35 55 40
35 56 109
35 57 64
35 58 92
35 59 191
35 60 187
35 61 25
35 62 197
35 63 158
35 64 124
35 65 84
35 66 50
35 67 98
35 68 15
35 69 147
35 70 174
35 71 39
35 72 78
35 73 62
35 74 125
35 75 78
35 76 14
35 77 0
35 78 148
35 79 73
35 80 191
35 81 39
35 82 177
35 83 83
35 84 178
35 85 151
35 86 74
35 87 52
35 88 90
35 89 32
35 90 164
35 91 31
35 92 83
35 93 48
35 94 102
35 95 80
35 96 4
35 97 53
35 98 124
35 99 174
36 37 117
36 38 28
36 39 180
36 40 131
36 41 133
36 42 12
36 43 183
36 44 89
36 45 61
36 46 56
36 47 193
36 48 74
36 49 143
36 50 181
36 51 29
36 52 67
36 53 124
36 54 54
36 55 65
36 56 52
36 57 48
36 58 24
36 59 1
36 60 147
36 61 16
36 62 187
36 63 100
36 64 110
36 65 141
36 66 52
36 67 118
36 68 120
36 69 58
36 70 185
36 71 51
36 72 181
36 73 182
36 74 9
36 75 5
36 76 99
36 77 79
36 78 25
36 79 173
36 80 10
36 81 1
36 82 61
36 83 75
36 84 120
36 85 118
36 86 16
36 87 24
36 88 122
36 89 101
36 90 154
36 91 98
36 92 53
36 93 88
36 94 22
36 95 26
36 96 78
36 97 15
36 98 121
36 99 42
37 38 0
37 39 66
37 40 115
37 41 52
37 42 58
37 43 13
37 44 100
37 45 7
37 46 177
37 47 194
37 48 17
37 49 6
37 50 101
37 51 62
37 52 149
37 53 117
37 54 20
37 55 17
37 56 63
37 57 117
37 58 100
37 59 158
37 60 47
37 61 71
37 62 94
37 63 194
37 64 16
37 65 37
37 66 43
37 67 141
37 68 110
37 69 39
37 70 166
37 71 25
37 72 183
37 73 78
37 74 197
37 75 103
37 76 80
37 77 66
37 78 198
37 79 151
37 80 42
37 81 102
37 82 89
37 83 146
37 84 35
37 85 0
37 86 86
37 87 58
37 88 161
37 89 176
37 90 172
37 91 51
37 92 183
37 93 50
37 94 43
37 95 126
37 96 153
37 97 178
37 98 166
37 99 152
38 39 89
38 40 64
38 41 45
38 42 23
38 43 168
38 44 13
38 45 84
38 46 118
38 47 164
38 48 135
38 49 121
38 50 188
38 51 107
38 52 29
38 53 75
38 54 43
38 55 177
38 56 80
38 57 151
38 58 155
38 59 67
38 60 117
38 61 128
38 62 132
38 63 115
38 64 21
38 65 31
38 66 73
38 67 50
38 68 118
38 69 94
38 70 177
38 71 19
38 72 38
38 73 163
38 74 31
38 75 180
38 76 190
38 77 188
38 78 89
38 79 68
38 80 48
38 81 53
38 82 77
38 83 55
38 84 144
38 85 126
38 86 7
38 87 145
38 88 169
38 89 165
38 90 66
38 91 197
38 92 39
38 93 2
38 94 108
38 95 50
38 96 72
38 97 52
38 98 135
38 99 176
39 40 152
39 41 0
39 42 148
39 43 180
39 44 144
39 45 177
39 46 162
39 47 64
39 48 122
39 49 99
39 50 39
39 51 157
39 52 54
39 53 199
39 54 57
39 55 40
39 56 94
39 57 148
39 58 187
39 59 10
39 60 97
39 61 48
39 62 5
39 63 194
39 64 24
39 65 5
39 66 77
39 67 33
39 68 44
39 69 29
39 70 140
39 71 76
39 72 48
39 73 5
39 74 160
39 75 10
39 76 132
39 77 157
39 78 162
39 79 152
39 80 13
39 81 186
39 82 40
39 83 154
39 84 111
39 85 90
39 86 191
39 87 67
39 88 187
39 89 105
39 90 173
39 91 146
39 92 121
39 93 110
39 94 46
39 95 156
39 96 160
39 97 123
39 98 139
39 99 60
40 41 112
40 42 165
40 43 152
40 44 180
40 45 88
40 46 195
40 47 92
40 48 195
40 49 118
40 50 200
40 51 45
40 52 95
40 53 35
40 54 111
40 55 19
40 56 166
40 57 195
40 58 110
40 59 125
40 60 186
40 61 6
40 62 53
40 63 63
40 64 52
40 65 180
40 66 11
40 67 195
40 68 94
40 69 188
40 70 43
40 71 175
40 72 132
40 73 89
40 74 72
40 75 29
40 76 57
40 77 51
40 78 138
40 79 11
40 80 20
40 81 193
40 82 86
40 83 10
40 84 193
40 85 165
40 86 157
40 87 81
40 88 120
40 89 72
40 90 50
40 91 80
40 92 154
40 93 100
40 94 131
40 95 84
40 96 109
40 97 125
40 98 173
40 99 58
41 42 4
41 43 160
41 44 67
41 45 173
41 46 17
41 47 164
41 48 76
41 49 114
41 50 93
41 51 144
41 52 147
41 53 10
41 54 87
41 55 157
41 56 108
41 57 42
41 58 156
41 59 70
41 60 129
41 61 15
41 62 6
41 63 128
41 64 116
41 65 57
41 66 113
41 67 134
41 68 109
41 69 106
41 70 34
41 71 46
41 72 51
41 73 196
41 74 104
41 75 35
41 76 3
41 77 129
41 78 141
41 79 138
41 80 57
41 81 78
41 82 109
41 83 27
41 84 189
41 85 200
41 86 113
41 87 160
41 88 38
41 89 144
41 90 52
41 91 186
41 92 70
41 93 159
41 94 114
41 95 186
41 96 107
41 97 132
41 98 171
41 99 137
42 43 134
42 44 170
42 45 196
42 46 43
42 47 34
42 48 13
42 49 171
42 50 125
42 51 159
42 52 77
42 53 74
42 54 103
42 55 187
42 56 62
42 57 136
42 58 67
42 59 67
42 60 126
42 61 109
42 62 40
42 63 85
42 64 86
42 65 26
42 66 117
42 67 123
42 68 181
42 69 172
42 70 85
42 71 66
42 72 10
42 73 141
42 74 192
42 75 117
42 76 61
42 77 114
42 78 92
42 79 27
42 80 36
42 81 184
42 82 112
42 83 70
42 84 108
42 85 46
42 86 135
42 87 11
42 88 67
42 89 96
42 90 40
42 91 99
42 92 17
42 93 96
42 94 44
42 95 64
42 96 118
42 97 20
42 98 141
42 99 126
43 44 193
43 45 150
43 46 92
43 47 172
43 48 193
43 49 39
43 50 148
43 51 94
43 52 40
43 53 2
43 54 5
43 55 130
43 56 65
43 57 101
43 58 194
43 59 130
43 60 87
43 61 167
43 62 80
43 63 199
43 64 46
43 65 184
43 66 81
43 67 10
43 68 23
43 69 110
43 70 26
43 71 168
43 72 121
43 73 21
43 74 60
43 75 183
43 76 62
43 77 192
43 78 40
43 79 10
43 80 107
43 81 88
43 82 37
43 83 192
43 84 197
43 85 78
43 86 14
43 87 77
43 88 29
43 89 180
43 90 5
43 91 167
43 92 135
43 93 135
43 94 46
43 95 187
43 96 1
43 97 158
43 98 45
43 99 82
44 45 127
44 46 128
44 47 1
44 48 98
44 49 2
44 50 31
44 51 59
44 52 132
44 53 98
44 54 111
44 55 145
44 56 110
44 57 186
44 58 174
44 59 190
44 60 133
44 61 192
44 62 96
44 63 147
44 64 156
44 65 48
44 66 35
44 67 89
44 68 18
44 69 9
44 70 21
44 71 33
44 72 110
44 73 125
44 74 24
44 75 94
44 76 192
44 77 95
44 78 7
44 79 63
44 80 113
44 81 9
44 82 190
44 83 175
44 84 160
44 85 77
44 86 180
44 87 158
44 88 137
44 89 178
44 90 139
44 91 115
44 92 46
44 93 84
44 94 19
44 95 128
44 96 44
44 97 110
44 98 61
44 99 97
45 46 50
45 47 12
45 48 36
45 49 158
45 50 25
45 51 50
45 52 50
45 53 124
45 54 177
45 55 32
45 56 104
45 57 126
45 58 163
45 59 176
45 60 189
45 61 95
45 62 102
45 63 134
45 64 7
45 65 39
45 66 57
45 67 142
45 68 58
45 69 6
45 70 62
45 71 123
45 72 54
45 73 41
45 74 48
45 75 27
45 76 102
45 77 137
45 78 142
45 79 14
45 80 121
45 81 38
45 82 50
45 83 6
45 84 15
45 85 74
45 86 137
45 87 160
45 88 153
45 89 46
45 90 190
45 91 180
45 92 84
45 93 62
45 94 135
45 95 179
45 96 170
45 97 19
45 98 59
45 99 199
46 47 148
46 48 9
46 49 73
46 50 184
46 51 89
46 52 7
46 53 143
46 54 18
46 55 120
46 56 63
46 57 80
46 58 11
46 59 5
46 60 23
46 61 27
46 62 114
46 63 161
46 64 1
46 65 104
46 66 45
46 67 20
46 68 72
46 69 125
46 70 8
46 71 190
46 72 138
46 73 19
46 74 81
46 75 40
46 76 34
46 77 14
46 78 55
46 79 70
46 80 59
46 81 63
46 82 148
46 83 8
46 84 5
46 85 164
46 86 105
46 87 51
46 88 144
46 89 73
46 90 174
46 91 75
46 92 96
46 93 55
46 94 160
46 95 174
46 96 84
46 97 99
46 98 11
46 99 24
47 48 125
47 49 118
47 50 199
47 51 43
47 52 48
47 53 138
47 54 74
47 55 104
47 56 41
47 57 150
47 58 120
47 59 57
47 60 112
47 61 68
47 62 102
47 63 82
47 64 127
47 65 181
47 66 38
47 67 164
47 68 51
47 69 45
47 70 106
47 71 125
47 72 110
47 73 73
47 74 4
47 75 121
47 76 114
47 77 182
47 78 53
47 79 31
47 80 161
47 81 172
47 82 62
47 83 87
47 84 69
47 85 123
47 86 92
47 87 40
47 88 84
47 89 152
47 90 70
47 91 177
47 92 170
47 93 5
47 94 168
47 95 10
47 96 182
47 97 144
47 98 104
47 99 99
48 49 111
48 50 90
48 51 157
48 52 132
48 53 109
48 54 74
48 55 124
48 56 97
48 57 34
48 58 110
48 59 14
48 60 169
48 61 132
48 62 126
48 63 67
48 64 189
48 65 162
48 66 103
48 67 3
48 68 153
48 69 39
48 70 67
48 71 54
48 72 24
48 73 186
48 74 92
48 75 188
48 76 151
48 77 29
48 78 198
48 79 68
48 80 191
48 81 192
48 82 23
48 83 56
48 84 116
48 85 193
48 86 23
48 87 82
48 88 9
48 89 113
48 90 121
48 91 53
48 92 11
48 93 140
48 94 132
48 95 62
48 96 73
48 97 3
48 98 107
48 99 89
49 50 69
49 51 3
49 52 75
49 53 200
49 54 24
49 55 187
49 56 9
49 57 69
49 58 16
49 59 35
49 60 91
49 61 196
49 62 142
49 63 65
49 64 147
49 65 168
49 66 101
49 67 3
49 68 167
49 69 92
49 70 29
49 71 96
49 72 28
49 73 107
49 74 144
49 75 179
49 76 67
49 77 92
49 78 81
49 79 17
49 80 66
49 81 194
49 82 196
49 83 69
49 84 10
49 85 18
49 86 180
49 87 160
49 88 108
49 89 167
49 90 145
49 91 73
49 92 166
49 93 53
49 94 50
49 95 84
49 96 69
49 97 15
49 98 31
49 99 199
50 51 5
50 52 101
50 53 98
50 54 114
50 55 34
50 56 49
50 57 1
50 58 46
50 59 170
50 60 55
50 61 158
50 62 80
50 63 30
50 64 99
50 65 35
50 66 107
50 67 70
50 68 168
50 69 125
50 70 143
50 71 2
50 72 110
50 73 97
50 74 16
50 75 76
50 76 114
50 77 120
50 78 41
50 79 34
50 80 40
50 81 61
50 82 190
50 83 50
50 84 37
50 85 192
50 86 114
50 87 1
50 88 34
50 89 66
50 90 22
50 91 98
50 92 4
50 93 179
50 94 15
50 95 92
50 96 144
50 97 42
50 98 192
50 99 70
51 52 133
51 53 181
51 54 13
51 55 6
51 56 120
51 57 2
51 58 153
51 59 138
51 60 97
51 61 40
51 62 149
51 63 79
51 64 131
51 65 64
51 66 86
51 67 77
51 68 1
51 69 193
51 70 80
51 71 89
51 72 47
51 73 113
51 74 19
51 75 103
51 76 79
51 77 116
51 78 22
51 79 11
51 80 103
51 81 178
51 82 88
51 83 104
51 84 19
51 85 126
51 86 184
51 87 135
51 88 82
51 89 71
51 90 33
51 91 74
51 92 31
51 93 79
51 94 101
51 95 12
51 96 136
51 97 157
51 98 179
51 99 106
52 53 103
52 54 30
52 55 30
52 56 200
52 57 19
52 58 189
52 59 195
52 60 27
52 61 158
52 62 157
52 63 154
52 64 33
52 65 14
52 66 147
52 67 78
52 68 80
52 69 90
52 70 144
52 71 84
52 72 27
52 73 25
52 74 57
52 75 172
52 76 7
52 77 200
52 78 199
52 79 117
52 80 111
52 81 21
52 82 158
52 83 80
52 84 48
52 85 125
52 86 193
52 87 73
52 88 167
52 89 189
52 90 161
52 91 91
52 92 68
52 93 23
52 94 135
52 95 200
52 96 61
52 97 20
52 98 104
52 99 76
53 54 167
53 55 61
53 56 66
53 57 75
53 58 84
53 59 193
53 60 91
53 61 79
53 62 171
53 63 155
53 64 188
53 65 87
53 66 125
53 67 84
53 68 193
53 69 146
53 70 26
53 71 31
53 72 153
53 73 116
53 74 53
53 75 42
53 76 111
53 77 7
53 78 166
53 79 145
53 80 139
53 81 23
53 82 14
53 83 25
53 84 46
53 85 97
53 86 97
53 87 175
53 88 137
53 89 76
53 90 173
53 91 104
53 92 148
53 93 36
53 94 62
53 95 135
53 96 148
53 97 154
53 98 148
53 99 120
54 55 146
54 56 154
54 57 151
54 58 113
54 59 17
54 60 120
54 61 86
54 62 4
54 63 172
54 64 47
54 65 183
54 66 56
54 67 44
54 68 19
54 69 131
54 70 5
54 71 114
54 72 131
54 73 67
54 74 4
54 75 87
54 76 163
54 77 70
54 78 84
54 79 117
54 80 47
54 81 118
54 82 157
54 83 174
54 84 107
54 85 174
54 86 85
54 87 39
54 88 109
54 89 126
54 90 11
54 91 57
54 92 160
54 93 102
54 94 93
54 95 106
54 96 158
54 97 6
54 98 62
54 99 183
55 56 128
55 57 127
55 58 119
55 59 49
55 60 77
55 61 5
55 62 193
55 63 92
55 64 198
55 65 145
55 66 122
55 67 75
55 68 78
55 69 88
55 70 72
55 71 112
55 72 150
55 73 95
55 74 36
55 75 115
55 76 189
55 77 133
55 78 143
55 79 25
55 80 194
55 81 194
55 82 175
55 83 98
55 84 33
55 85 39
55 86 70
55 87 191
55 88 152
55 89 27
55 90 168
55 91 164
55 92 9
55 93 143
55 94 133
55 95 132
55 96 182
55 97 72
55 98 105
55 99 39
56 57 147
56 58 2
56 59 68
56 60 33
56 61 14
56 62 173
56 63 94
56 64 150
56 65 37
56 66 37
56 67 39
56 68 38
56 69 43
56 70 87
56 71 144
56 72 196
56 73 44
56 74 174
56 75 92
56 76 88
56 77 139
56 78 124
56 79 51
56 80 112
56 81 97
56 82 178
56 83 143
56 84 16
56 85 89
56 86 115
56 87 130
56 88 129
56 89 0
56 90 75
56 91 84
56 92 51
56 93 43
56 94 34
56 95 84
56 96 113
56 97 99
56 98 165
56 99 31
57 58 23
57 59 111
57 60 145
57 61 165
57 62 106
57 63 154
57 64 151
57 65 90
57 66 100
57 67 90
57 68 156
57 69 132
57 70 93
57 71 185
57 72 93
57 73 171
57 74 144
57 75 179
57 76 113
57 77 200
57 78 186
57 79 87
57 80 72
57 81 110
57 82 12
57 83 140
57 84 43
57 85 11
57 86 96
57 87 65
57 88 191
57 89 60
57 90 118
57 91 116
57 92 131
57 93 142
57 94 175
57 95 176
57 96 23
57 97 199
57 98 41
57 99 50
58 59 115
58 60 68
58 61 132
58 62 27
58 63 188
58 64 10
58 65 133
58 66 164
58 67 163
58 68 129
58 69 29
58 70 47
58 71 83
58 72 200
58 73 73
58 74 68
58 75 105
58 76 172
58 77 79
58 78 79
58 79 114
58 80 44
58 81 101
58 82 193
58 83 96
58 84 96
58 85 175
58 86 140
58 87 165
58 88 148
58 89 159
58 90 56
58 91 177
58 92 128
58 93 34
58 94 139
58 95 152
58 96 28
58 97 118
58 98 97
58 99 194
59 60 68
59 61 17
59 62 84
59 63 81
59 64 179
59 65 13
59 66 136
59 67 136
59 68 162
59 69 91
59 70 77
59 71 141
59 72 150
59 73 182
59 74 92
59 75 190
59 76 22
59 77 174
59 78 150
59 79 142
59 80 199
59 81 120
59 82 145
59 83 15
59 84 46
59 85 12
59 86 137
59 87 73
59 88 43
59 89 108
59 90 84
59 91 95
59 92 83
59 93 37
59 94 91
59 95 64
59 96 62
59 97 170
59 98 2
59 99 77
60 61 188
60 62 57
60 63 153
60 64 128
60 65 43
60 66 12
60 67 28
60 68 46
60 69 96
60 70 22
60 71 26
60 72 175
60 73 91
60 74 191
60 75 121
60 76 87
60 77 143
60 78 1
60 79 88
60 80 128
60 81 169
60 82 125
60 83 51
60 84 189
60 85 127
60 86 22
60 87 102
60 88 62
60 89 72
60 90 66
60 91 35
60 92 193
60 93 128
60 94 161
60 95 44
60 96 100
60 97 187
60 98 100
60 99 16
61 62 76
61 63 19
61 64 84
61 65 7
61 66 57
61 67 31
61 68 38
61 69 45
61 70 136
61 71 191
61 72 191
61 73 176
61 74 54
61 75 43
61 76 35
61 77 59
61 78 49
61 79 136
61 80 121
61 81 102
61 82 92
61 83 54
61 84 112
61 85 56
61 86 29
61 87 180
61 88 150
61 89 97
61 90 108
61 91 88
61 92 25
61 93 175
61 94 60
61 95 80
61 96 141
61 97 67
61 98 200
61 99 71
62 63 37
62 64 177
62 65 36
62 66 45
62 67 50
62 68 173
62 69 199
62 70 174
62 71 124
62 72 119
62 73 147
62 74 104
62 75 148
62 76 97
62 77 157
62 78 175
62 79 172
62 80 36
62 81 34
62 82 51
62 83 72
62 84 16
62 85 19
62 86 174
62 87 167
62 88 129
62 89 10
62 90 44
62 91 29
62 92 174
62 93 47
62 94 37
62 95 29
62 96 34
62 97 36
62 98 10
62 99 194
63 64 5
63 65 80
63 66 124
63 67 7
63 68 72
63 69 168
63 70 106
63 71 139
63 72 154
63 73 147
63 74 91
63 75 88
63 76 7
63 77 179
63 78 18
63 79 47
63 80 93
63 81 191
63 82 157
63 83 101
63 84 48
63 85 190
63 86 187
63 87 27
63 88 33
63 89 199
63 90 12
63 91 65
63 92 65
63 93 16
63 94 132
63 95 39
63 96 56
63 97 177
63 98 0
63 99 15
