100 4355
0 1 68
0 2 23
0 3 122
0 4 12
0 5 98
0 6 28
0 7 181
0 8 45
0 9 143
0 10 126
0 11 75
0 12 187
0 13 187
0 14 129
0 15 30
0 16 60
0 17 18
0 18 189
0 19 104
0 20 110
0 21 121
0 22 181
0 23 3
0 24 129
0 25 79
0 26 103
0 27 8
0 28 89
0 29 91
0 30 117
0 31 140
0 32 80
0 33 185
0 34 38
0 35 120
0 36 162
0 37 28
0 38 40
0 39 145
0 40 106
0 41 36
0 42 100
0 43 148
0 44 192
0 45 104
0 46 181
0 47 35
0 48 165
0 49 166
0 50 81
0 51 101
0 52 152
0 53 40
0 54 104
0 55 15
0 56 22
0 57 121
0 58 164
0 59 72
0 60 79
0 61 161
0 62 43
0 63 197
0 64 114
0 65 123
0 66 157
0 67 69
0 68 29
0 69 23
0 70 161
0 71 71
0 72 165
0 73 10
0 74 84
0 75 22
0 76 176
0 77 173
0 78 41
0 79 78
0 80 135
0 81 196
0 82 102
0 83 90
0 84 28
0 85 15
0 86 121
0 87 183
0 88 55
0 89 78
0 90 31
0 91 165
0 92 179
0 93 24
0 94 58
0 95 169
0 96 74
0 97 4
0 98 134
0 99 172
1 2 5
1 3 84
1 4 96
1 5 63
1 6 189
1 7 151
1 8 104
1 9 27
1 10 48
1 11 135
1 12 41
1 13 194
1 14 48
1 15 123
1 16 30
1 17 3
1 18 177
1 19 100
1 20 90
1 21 96
1 22 13
1 23 162
1 24 89
1 25 170
1 26 21
1 27 75
1 28 162
1 29 134
1 30 200
1 31 47
1 32 190
1 33 31
1 34 154
1 35 199
1 36 57
1 37 67
1 38 172
1 39 184
1 40 133
1 41 120
1 42 28
1 43 25
1 44 84
1 45 42
1 46 150
1 47 170
1 48 175
1 49 184
1 50 25
1 51 31
1 52 119
1 53 172
1 54 52
1 55 189
1 56 101
1 57 29
1 58 144
1 59 120
1 60 114
1 61 69
1 62 106
1 63 159
1 64 24
1 65 153
1 66 115
1 67 82
1 68 119
1 69 10
1 70 2
1 71 68
1 72 88
1 73 192
1 74 28
1 75 183
1 76 181
1 77 171
1 78 181
1 79 72
1 80 14
1 81 135
1 82 23
1 83 169
1 84 53
1 85 164
1 86 176
1 87 7
1 88 52
1 89 167
1 90 172
1 91 189
1 92 192
1 93 100
1 94 50
1 95 21
1 96 90
1 97 129
1 98 139
1 99 98
2 3 22
2 4 187
2 5 40
2 6 83
2 7 79
2 8 118
2 9 60
2 10 15
2 11 161
2 12 53
2 13 109
2 14 195
2 15 112
2 16 129
2 17 38
2 18 189
2 19 159
2 20 197
2 21 63
2 22 116
2 23 107
2 24 106
2 25 119
2 26 30
2 27 152
2 28 30
2 29 70
2 30 96
2 31 169
2 32 117
2 33 4
2 34 199
2 35 146
2 36 156
2 37 16
2 38 173
2 39 114
2 40 120
2 41 82
2 42 110
2 43 140
2 44 77
2 45 50
2 46 175
2 47 40
2 48 82
2 49 60
2 50 88
2 51 22
2 52 104
2 53 60
2 54 193
2 55 46
2 56 180
2 57 2
2 58 118
2 59 111
2 60 125
2 61 110
2 62 101
2 63 184
2 64 103
2 65 129
2 66 194
2 67 65
2 68 59
2 69 16
2 70 85
2 71 91
2 72 7
2 73 118
2 74 148
2 75 25
2 76 113
2 77 77
2 78 92
2 79 180
2 80 120
2 81 141
2 82 32
2 83 198
2 84 116
2 85 95
2 86 49
2 87 59
2 88 169
2 89 129
2 90 185
2 91 199
2 92 63
2 93 98
2 94 42
2 95 8
2 96 166
2 97 87
2 98 65
2 99 189
3 4 49
3 5 141
3 6 188
3 7 12
3 8 89
3 9 49
3 10 117
3 11 124
3 12 19
3 13 26
3 14 9
3 15 12
3 16 147
3 17 158
3 18 0
3 19 128
3 20 72
3 21 98
3 22 42
3 23 57
3 24 151
3 25 12
3 26 10
3 27 169
3 28 7
3 29 167
3 30 32
3 31 125
3 32 162
3 33 104
3 34 133
3 35 113
3 36 113
3 37 165
3 38 77
3 39 146
3 40 105
3 41 15
3 42 111
3 43 44
3 44 170
3 45 132
3 46 25
3 47 10
3 48 194
3 49 172
3 50 54
3 51 122
3 52 168
3 53 35
3 54 15
3 55 160
3 56 27
3 57 31
3 58 189
3 59 29
3 60 112
3 61 198
3 62 177
3 63 20
3 64 177
3 65 31
3 66 27
3 67 157
3 68 98
3 69 183
3 70 46
3 71 138
3 72 146
3 73 197
3 74 43
3 75 176
3 76 156
3 77 172
3 78 119
3 79 117
3 80 196
3 81 89
3 82 133
3 83 190
3 84 15
3 85 180
3 86 75
3 87 28
3 88 22
3 89 128
3 90 195
3 91 78
3 92 82
3 93 31
3 94 27
3 95 51
3 96 79
3 97 83
3 98 143
3 99 144
4 5 26
4 6 130
4 7 9
4 8 138
4 9 198
4 10 165
4 11 17
4 12 84
4 13 95
4 14 152
4 15 129
4 16 14
4 17 160
4 18 149
4 19 182
4 20 137
4 21 51
4 22 20
4 23 184
4 24 97
4 25 10
4 26 103
4 27 134
4 28 95
4 29 171
4 30 189
4 31 33
4 32 41
4 33 194
4 34 15
4 35 89
4 36 37
4 37 66
4 38 173
4 39 160
4 40 88
4 41 15
4 42 64
4 43 3
4 44 180
4 45 8
4 46 139
4 47 105
4 48 172
4 49 196
4 50 87
4 51 175
4 52 169
4 53 125
4 54 149
4 55 70
4 56 120
4 57 101
4 58 21
4 59 72
4 60 35
4 61 47
4 62 118
4 63 41
4 64 43
4 65 65
4 66 136
4 67 108
4 68 164
4 69 194
4 70 38
4 71 85
4 72 180
4 73 27
4 74 129
4 75 3
4 76 159
4 77 74
4 78 55
4 79 76
4 80 104
4 81 17
4 82 33
4 83 160
4 84 163
4 85 184
4 86 33
4 87 153
4 88 57
4 89 11
4 90 108
4 91 87
4 92 171
4 93 62
4 94 116
4 95 190
4 96 23
4 97 105
4 98 60
4 99 54
5 6 74
5 7 105
5 8 84
5 9 114
5 10 146
5 11 31
5 12 151
5 13 98
5 14 42
5 15 2
5 16 145
5 17 15
5 18 66
5 19 120
5 20 39
5 21 31
5 22 80
5 23 66
5 24 71
5 25 39
5 26 102
5 27 185
5 28 29
5 29 32
5 30 187
5 31 0
5 32 136
5 33 51
5 34 90
5 35 99
5 36 21
5 37 5
5 38 24
5 39 49
5 40 117
5 41 97
5 42 2
5 43 121
5 44 113
5 45 123
5 46 88
5 47 134
5 48 123
5 49 106
5 50 157
5 51 52
5 52 146
5 53 6
5 54 181
5 55 155
5 56 49
5 57 40
5 58 97
5 59 38
5 60 112
5 61 61
5 62 195
5 63 62
5 64 108
5 65 57
5 66 159
5 67 163
5 68 149
5 69 138
5 70 111
5 71 49
5 72 44
5 73 54
5 74 111
5 75 166
5 76 88
5 77 75
5 78 25
5 79 180
5 80 88
5 81 162
5 82 20
5 83 145
5 84 158
5 85 169
5 86 73
5 87 174
5 88 39
5 89 41
5 90 144
5 91 144
5 92 48
5 93 95
5 94 133
5 95 174
5 96 30
5 97 85
5 98 178
5 99 64
6 7 96
6 8 43
6 9 92
6 10 183
6 11 73
6 12 97
6 13 21
6 14 28
6 15 44
6 16 40
6 17 76
6 18 63
6 19 86
6 20 166
6 21 75
6 22 124
6 23 183
6 24 188
6 25 88
6 26 21
6 27 170
6 28 163
6 29 102
6 30 54
6 31 53
6 32 193
6 33 71
6 34 59
6 35 42
6 36 0
6 37 80
6 38 6
6 39 75
6 40 72
6 41 129
6 42 66
6 43 66
6 44 191
6 45 79
6 46 132
6 47 132
6 48 139
6 49 151
6 50 184
6 51 179
6 52 88
6 53 180
6 54 175
6 55 41
6 56 153
6 57 153
6 58 125
6 59 48
6 60 15
6 61 87
6 62 103
6 63 106
6 64 74
6 65 145
6 66 83
6 67 192
6 68 64
6 69 55
6 70 172
6 71 199
6 72 80
6 73 45
6 74 112
6 75 17
6 76 21
6 77 87
6 78 33
6 79 185
6 80 80
6 81 90
6 82 60
6 83 53
6 84 9
6 85 125
6 86 24
6 87 157
6 88 172
6 89 42
6 90 176
6 91 5
6 92 9
6 93 70
6 94 127
6 95 175
6 96 145
6 97 54
6 98 177
6 99 198
7 8 155
7 9 139
7 10 139
7 11 22
7 12 132
7 13 108
7 14 115
7 15 55
7 16 78
7 17 176
7 18 69
7 19 188
7 20 137
7 21 153
7 22 99
7 23 107
7 24 94
7 25 80
7 26 96
7 27 23
7 28 82
7 29 182
7 30 78
7 31 67
7 32 87
7 33 55
7 34 40
7 35 159
7 36 111
7 37 13
7 38 124
7 39 121
7 40 12
7 41 110
7 42 107
7 43 0
7 44 23
7 45 73
7 46 2
7 47 71
7 48 149
7 49 93
7 50 59
7 51 20
7 52 42
7 53 176
7 54 150
7 55 22
7 56 152
7 57 5
7 58 57
7 59 64
7 60 65
7 61 75
7 62 161
7 63 176
7 64 127
7 65 88
7 66 141
7 67 81
7 68 60
7 69 199
7 70 89
7 71 17
7 72 21
7 73 2
7 74 3
7 75 77
7 76 40
7 77 161
7 78 86
7 79 112
7 80 157
7 81 119
7 82 194
7 83 41
7 84 181
7 85 147
7 86 57
7 87 73
7 88 136
7 89 32
7 90 183
7 91 2
7 92 136
7 93 34
7 94 83
7 95 50
7 96 110
7 97 95
7 98 117
7 99 120
8 9 71
8 10 81
8 11 194
8 12 107
8 13 197
8 14 35
8 15 120
8 16 78
8 17 174
8 18 117
8 19 45
8 20 9
8 21 148
8 22 177
8 23 10
8 24 83
8 25 42
8 26 187
8 27 83
8 28 80
8 29 113
8 30 99
8 31 18
8 32 7
8 33 21
8 34 39
8 35 13
8 36 25
8 37 51
8 38 138
8 39 115
8 40 129
8 41 12
8 42 156
8 43 200
8 44 130
8 45 145
8 46 74
8 47 68
8 48 29
8 49 127
8 50 106
8 51 52
8 52 149
8 53 130
8 54 182
8 55 125
8 56 81
8 57 195
8 58 161
8 59 31
8 60 187
8 61 131
8 62 112
8 63 148
8 64 199
8 65 84
8 66 99
8 67 110
8 68 200
8 69 32
8 70 95
8 71 47
8 72 23
8 73 150
8 74 156
8 75 4
8 76 33
8 77 115
8 78 120
8 79 57
8 80 118
8 81 160
8 82 149
8 83 142
8 84 32
8 85 102
8 86 179
8 87 15
8 88 99
8 89 196
8 90 74
8 91 158
8 92 164
8 93 29
8 94 109
8 95 6
8 96 22
8 97 59
8 98 21
8 99 7
9 10 199
9 11 38
9 12 100
9 13 88
9 14 178
9 15 180
9 16 191
9 17 34
9 18 171
9 19 171
9 20 49
9 21 94
9 22 159
9 23 8
9 24 186
9 25 54
9 26 107
9 27 190
9 28 105
9 29 17
9 30 149
9 31 180
9 32 191
9 33 176
9 34 85
9 35 155
9 36 52
9 37 72
9 38 172
9 39 71
9 40 164
9 41 98
9 42 178
9 43 146
9 44 180
9 45 58
9 46 58
9 47 196
9 48 88
9 49 189
9 50 158
9 51 0
9 52 18
9 53 17
9 54 27
9 55 70
9 56 200
9 57 80
9 58 92
9 59 145
9 60 35
9 61 50
9 62 9
9 63 55
9 64 59
9 65 107
9 66 100
9 67 188
9 68 1
9 69 10
9 70 31
9 71 115
9 72 102
9 73 121
9 74 67
9 75 178
9 76 43
9 77 2
9 78 99
9 79 55
9 80 126
9 81 141
9 82 52
9 83 27
9 84 89
9 85 137
9 86 60
9 87 10
9 88 154
9 89 193
9 90 0
9 91 100
9 92 181
9 93 39
9 94 68
9 95 186
9 96 126
9 97 19
9 98 104
9 99 81
10 11 166
10 12 61
10 13 90
10 14 67
10 15 154
10 16 167
10 17 5
10 18 163
10 19 91
10 20 135
10 21 81
10 22 120
10 23 25
10 24 94
10 25 122
10 26 24
10 27 127
10 28 138
10 29 61
10 30 86
10 31 96
10 32 151
10 33 102
10 34 112
10 35 82
10 36 26
10 37 0
10 38 56
10 39 73
10 40 40
10 41 108
10 42 200
10 43 3
10 44 38
10 45 48
10 46 0
10 47 58
10 48 36
10 49 71
10 50 199
10 51 67
10 52 96
10 53 68
10 54 108
10 55 151
10 56 177
10 57 89
10 58 5
10 59 96
10 60 113
10 61 151
10 62 144
10 63 145
10 64 118
10 65 109
10 66 110
10 67 131
10 68 67
10 69 181
10 70 27
10 71 118
10 72 139
10 73 176
10 74 129
10 75 54
10 76 2
10 77 63
10 78 186
10 79 52
10 80 8
10 81 71
10 82 67
10 83 33
10 84 164
10 85 152
10 86 49
10 87 116
10 88 154
10 89 149
10 90 145
10 91 98
10 92 174
10 93 99
10 94 119
10 95 23
10 96 88
10 97 42
10 98 165
10 99 123
11 12 63
11 13 52
11 14 63
11 15 8
11 16 4
11 17 96
11 18 61
11 19 58
11 20 188
11 21 109
11 22 175
11 23 38
11 24 148
11 25 165
11 26 33
11 27 59
11 28 89
11 29 107
11 30 109
11 31 41
11 32 85
11 33 186
11 34 190
11 35 96
11 36 138
11 37 10
11 38 63
11 39 164
11 40 35
11 41 149
11 42 108
11 43 22
11 44 118
11 45 7
11 46 193
11 47 199
11 48 128
11 49 149
11 50 94
11 51 172
11 52 95
11 53 138
11 54 52
11 55 114
11 56 15
11 57 175
11 58 146
11 59 156
11 60 99
11 61 158
11 62 139
11 63 82
11 64 166
11 65 169
11 66 166
11 67 84
11 68 44
11 69 63
11 70 188
11 71 76
11 72 20
11 73 8
11 74 21
11 75 88
11 76 121
11 77 125
11 78 125
11 79 19
11 80 120
11 81 36
11 82 97
11 83 62
11 84 63
11 85 72
11 86 199
11 87 122
11 88 137
11 89 47
11 90 99
11 91 0
11 92 180
11 93 158
11 94 109
11 95 145
11 96 85
11 97 89
11 98 178
11 99 28
12 13 69
12 14 114
12 15 58
12 16 119
12 17 13
12 18 137
12 19 72
12 20 124
12 21 55
12 22 81
12 23 35
12 24 73
12 25 14
12 26 192
12 27 195
12 28 116
12 29 110
12 30 86
12 31 53
12 32 63
12 33 122
12 34 186
12 35 124
12 36 136
12 37 76
12 38 39
12 39 40
12 40 86
12 41 188
12 42 10
12 43 69
12 44 78
12 45 149
12 46 100
12 47 102
12 48 150
12 49 133
12 50 83
12 51 176
12 52 134
12 53 63
12 54 126
12 55 142
12 56 43
12 57 189
12 58 66
12 59 91
12 60 101
12 61 87
12 62 48
12 63 146
12 64 77
12 65 95
12 66 146
12 67 33
12 68 104
12 69 149
12 70 162
12 71 12
12 72 29
12 73 127
12 74 57
12 75 31
12 76 115
12 77 163
12 78 1
12 79 10
12 80 151
12 81 50
12 82 144
12 83 78
12 84 170
12 85 150
12 86 28
12 87 165
12 88 141
12 89 105
12 90 34
12 91 193
12 92 131
12 93 109
12 94 5
12 95 53
12 96 82
12 97 68
12 98 122
12 99 6
13 14 116
13 15 32
13 16 114
13 17 82
13 18 127
13 19 184
13 20 100
13 21 19
13 22 72
13 23 176
13 24 145
13 25 185
13 26 105
13 27 171
13 28 16
13 29 103
13 30 57
13 31 199
13 32 176
13 33 74
13 34 71
13 35 132
13 36 22
13 37 40
13 38 174
13 39 60
13 40 16
13 41 30
13 42 28
13 43 105
13 44 181
13 45 188
13 46 183
13 47 44
13 48 32
13 49 16
13 50 92
13 51 193
13 52 7
13 53 155
13 54 155
13 55 27
13 56 109
13 57 147
13 58 182
13 59 148
13 60 153
13 61 181
13 62 107
13 63 178
13 64 70
13 65 88
13 66 193
13 67 35
13 68 128
13 69 78
13 70 7
13 71 123
13 72 5
13 73 78
13 74 111
13 75 37
13 76 182
13 77 53
13 78 156
13 79 126
13 80 164
13 81 114
13 82 147
13 83 137
13 84 42
13 85 5
13 86 6
13 87 34
13 88 145
13 89 166
13 90 196
13 91 87
13 92 113
13 93 154
13 94 50
13 95 114
13 96 96
13 97 145
13 98 10
13 99 199
14 15 26
14 16 23
14 17 76
14 18 64
14 19 126
14 20 40
14 21 141
14 22 124
14 23 77
14 24 51
14 25 108
14 26 146
14 27 196
14 28 54
14 29 40
14 30 117
14 31 80
14 32 46
14 33 138
14 34 200
14 35 117
14 36 121
14 37 138
14 38 45
14 39 136
14 40 104
14 41 103
14 42 185
14 43 141
14 44 120
14 45 13
14 46 195
14 47 79
14 48 21
14 49 59
14 50 80
14 51 111
14 52 123
14 53 38
14 54 127
14 55 92
14 56 79
14 57 177
14 58 83
14 59 129
14 60 26
14 61 196
14 62 50
14 63 123
14 64 8
14 65 17
14 66 157
14 67 199
14 68 117
14 69 195
14 70 186
14 71 123
14 72 160
14 73 157
14 74 198
14 75 89
14 76 29
14 77 139
14 78 88
14 79 149
14 80 61
14 81 131
14 82 195
14 83 196
14 84 9
14 85 106
14 86 124
14 87 127
14 88 122
14 89 91
14 90 90
14 91 2
14 92 200
14 93 124
14 94 182
14 95 144
14 96 104
14 97 150
14 98 31
14 99 11
15 16 167
15 17 132
15 18 152
15 19 112
15 20 81
15 21 149
15 22 113
15 23 67
15 24 157
15 25 79
15 26 152
15 27 124
15 28 113
15 29 36
15 30 148
15 31 4
15 32 51
15 33 125
15 34 75
15 35 68
15 36 181
15 37 146
15 38 12
15 39 76
15 40 12
15 41 55
15 42 116
15 43 13
15 44 179
15 45 122
15 46 165
15 47 99
15 48 8
15 49 164
15 50 71
15 51 179
15 52 52
15 53 128
15 54 66
15 55 186
15 56 27
15 57 172
15 58 164
15 59 1
15 60 108
15 61 164
15 62 119
15 63 176
15 64 169
15 65 119
15 66 118
15 67 63
15 68 101
15 69 77
15 70 1
15 71 71
15 72 13
15 73 1
15 74 113
15 75 94
15 76 84
15 77 16
15 78 154
15 79 119
15 80 81
15 81 109
15 82 93
15 83 72
15 84 136
15 85 95
15 86 51
15 87 153
15 88 172
15 89 93
15 90 186
15 91 23
15 92 124
15 93 139
15 94 91
15 95 185
15 96 84
15 97 152
15 98 157
15 99 97
16 17 156
16 18 132
16 19 121
16 20 174
16 21 120
16 22 121
16 23 116
16 24 150
16 25 123
16 26 155
16 27 181
16 28 17
16 29 18
16 30 36
16 31 94
16 32 49
16 33 175
16 34 196
16 35 178
16 36 154
16 37 90
16 38 96
16 39 154
16 40 97
16 41 26
16 42 56
16 43 33
16 44 57
16 45 73
16 46 46
16 47 193
16 48 78
16 49 194
16 50 110
16 51 43
16 52 196
16 53 181
16 54 60
16 55 31
16 56 128
16 57 142
16 58 64
16 59 28
16 60 160
16 61 83
16 62 37
16 63 130
16 64 35
16 65 47
16 66 163
16 67 169
16 68 174
16 69 177
16 70 113
16 71 172
16 72 160
16 73 81
16 74 0
16 75 98
16 76 37
16 77 126
16 78 66
16 79 144
16 80 192
16 81 39
16 82 114
16 83 56
16 84 200
16 85 79
16 86 30
16 87 103
16 88 41
16 89 81
16 90 189
16 91 196
16 92 0
16 93 106
16 94 190
16 95 198
16 96 146
16 97 65
16 98 83
16 99 134
17 18 103
17 19 97
17 20 109
17 21 120
17 22 87
17 23 84
17 24 189
17 25 73
17 26 190
17 27 127
17 28 182
17 29 162
17 30 3
17 31 189
17 32 18
17 33 50
17 34 19
17 35 151
17 36 78
17 37 15
17 38 39
17 39 116
17 40 193
17 41 12
17 42 193
17 43 177
17 44 153
17 45 127
17 46 52
17 47 118
17 48 69
17 49 125
17 50 174
17 51 57
17 52 108
17 53 34
17 54 18
17 55 163
17 56 111
17 57 8
17 58 31
17 59 67
17 60 189
17 61 3
17 62 88
17 63 159
17 64 28
17 65 21
17 66 121
17 67 188
17 68 41
17 69 170
17 70 189
17 71 143
17 72 151
17 73 134
17 74 24
17 75 195
17 76 91
17 77 81
17 78 42
17 79 25
17 80 88
17 81 107
17 82 192
17 83 80
17 84 38
17 85 65
17 86 86
17 87 122
17 88 116
17 89 90
17 90 11
17 91 78
17 92 171
17 93 177
17 94 98
17 95 113
17 96 48
17 97 93
17 98 65
17 99 76
18 19 110
18 20 149
18 21 96
18 22 106
18 23 119
18 24 16
18 25 20
18 26 32
18 27 122
18 28 76
18 29 43
18 30 7
18 31 93
18 32 84
18 33 39
18 34 20
18 35 184
18 36 126
18 37 142
18 38 9
18 39 28
18 40 151
18 41 200
18 42 172
18 43 10
18 44 87
18 45 51
18 46 8
18 47 72
18 48 179
18 49 110
18 50 138
18 51 7
18 52 121
18 53 101
18 54 22
18 55 18
18 56 111
18 57 56
18 58 198
18 59 196
18 60 124
18 61 92
18 62 119
18 63 83
18 64 62
18 65 147
18 66 107
18 67 74
18 68 117
18 69 193
18 70 168
18 71 97
18 72 121
18 73 114
18 74 93
18 75 26
18 76 24
18 77 150
18 78 79
18 79 107
18 80 126
18 81 3
18 82 35
18 83 123
18 84 112
18 85 33
18 86 97
18 87 67
18 88 64
18 89 140
18 90 27
18 91 46
18 92 102
18 93 11
18 94 142
18 95 119
18 96 194
18 97 107
18 98 163
18 99 34
19 20 156
19 21 165
19 22 103
19 23 170
19 24 175
19 25 4
19 26 85
19 27 72
19 28 14
19 29 45
19 30 98
19 31 28
19 32 91
19 33 6
19 34 106
19 35 175
19 36 151
19 37 10
19 38 58
19 39 101
19 40 64
19 41 18
19 42 30
19 43 114
19 44 17
19 45 20
19 46 8
19 47 106
19 48 137
19 49 137
19 50 178
19 51 16
19 52 129
19 53 11
19 54 38
19 55 64
19 56 141
19 57 43
19 58 119
19 59 64
19 60 126
19 61 148
19 62 140
19 63 98
19 64 119
19 65 19
19 66 153
19 67 110
19 68 71
19 69 3
19 70 1
19 71 9
19 72 140
19 73 136
19 74 139
19 75 145
19 76 107
19 77 157
19 78 26
19 79 149
19 80 171
19 81 129
19 82 185
19 83 123
19 84 96
19 85 162
19 86 77
19 87 106
19 88 1
19 89 126
19 90 106
19 91 164
19 92 1
19 93 113
19 94 40
19 95 86
19 96 124
19 97 32
19 98 192
19 99 121
20 21 115
20 22 55
20 23 179
20 24 174
20 25 148
20 26 164
20 27 192
20 28 187
20 29 100
20 30 59
20 31 27
20 32 173
20 33 21
20 34 194
20 35 133
20 36 132
20 37 50
20 38 3
20 39 91
20 40 74
20 41 149
20 42 48
20 43 86
20 44 152
20 45 25
20 46 65
20 47 33
20 48 169
20 49 41
20 50 124
20 51 5
20 52 83
20 53 20
20 54 5
20 55 144
20 56 58
20 57 130
20 58 83
20 59 179
20 60 200
20 61 5
20 62 115
20 63 125
20 64 137
20 65 189
20 66 69
20 67 126
20 68 123
20 69 111
20 70 128
20 71 159
20 72 141
20 73 45
20 74 189
20 75 64
20 76 90
20 77 149
20 78 98
20 79 41
20 80 120
20 81 159
20 82 94
20 83 151
20 84 143
20 85 70
20 86 138
20 87 198
20 88 52
20 89 43
20 90 45
20 91 193
20 92 191
20 93 177
20 94 146
20 95 13
20 96 62
20 97 146
20 98 105
20 99 65
21 22 194
21 23 12
21 24 182
21 25 178
21 26 21
21 27 176
21 28 111
21 29 94
21 30 19
21 31 107
21 32 114
21 33 81
21 34 71
21 35 172
21 36 158
21 37 36
21 38 99
21 39 125
21 40 3
21 41 108
21 42 155
21 43 136
21 44 130
21 45 51
21 46 12
21 47 53
21 48 24
21 49 154
21 50 15
21 51 82
21 52 9
21 53 74
21 54 90
21 55 96
21 56 129
21 57 99
21 58 185
21 59 7
21 60 56
21 61 73
21 62 171
21 63 148
21 64 87
21 65 195
21 66 179
21 67 59
21 68 131
21 69 108
21 70 177
21 71 140
21 72 22
21 73 136
21 74 179
21 75 180
21 76 109
21 77 118
21 78 134
21 79 90
21 80 34
21 81 155
21 82 86
21 83 19
21 84 137
21 85 50
21 86 59
21 87 78
21 88 127
21 89 3
21 90 199
21 91 33
21 92 155
21 93 34
21 94 155
21 95 191
21 96 8
21 97 112
21 98 118
21 99 4
22 23 3
22 24 1
22 25 63
22 26 42
22 27 189
22 28 119
22 29 163
22 30 65
22 31 32
22 32 162
22 33 44
22 34 20
22 35 23
22 36 34
22 37 183
22 38 104
22 39 60
22 40 171
22 41 199
22 42 38
22 43 10
22 44 167
22 45 136
22 46 53
22 47 124
22 48 140
22 49 114
22 50 15
22 51 179
22 52 89
22 53 82
22 54 121
22 55 182
22 56 93
22 57 85
22 58 90
22 59 91
22 60 56
22 61 15
22 62 14
22 63 15
22 64 28
22 65 113
22 66 26
22 67 171
22 68 131
22 69 32
22 70 180
22 71 32
22 72 78
22 73 132
22 74 37
22 75 157
22 76 178
22 77 0
22 78 112
22 79 87
22 80 111
22 81 2
22 82 12
22 83 93
22 84 10
22 85 43
22 86 154
22 87 79
22 88 65
22 89 46
22 90 0
22 91 61
22 92 151
22 93 195
22 94 62
22 95 125
22 96 11
22 97 162
22 98 175
22 99 125
23 24 155
23 25 151
23 26 104
23 27 175
23 28 56
23 29 21
23 30 28
23 31 99
23 32 101
23 33 27
23 34 154
23 35 135
23 36 136
23 37 126
23 38 112
23 39 2
23 40 169
23 41 45
23 42 97
23 43 59
23 44 0
23 45 60
23 46 181
23 47 80
23 48 134
23 49 49
23 50 43
23 51 90
23 52 152
23 53 24
23 54 145
23 55 133
23 56 92
23 57 50
23 58 83
23 59 157
23 60 104
23 61 71
23 62 25
23 63 158
23 64 49
23 65 149
23 66 112
23 67 84
23 68 83
23 69 144
23 70 31
23 71 157
23 72 6
23 73 19
23 74 12
23 75 174
23 76 125
23 77 86
23 78 120
23 79 98
23 80 79
23 81 115
23 82 1
23 83 59
23 84 157
23 85 98
23 86 59
23 87 199
23 88 26
23 89 73
23 90 116
23 91 193
23 92 122
23 93 99
23 94 26
23 95 85
23 96 165
23 97 13
23 98 84
23 99 159
24 25 53
24 26 54
24 27 29
24 28 178
24 29 30
24 30 29
24 31 26
24 32 73
24 33 17
24 34 143
24 35 164
24 36 97
24 37 123
24 38 29
24 39 139
24 40 60
24 41 200
24 42 144
24 43 82
24 44 2
24 45 179
24 46 161
24 47 11
24 48 97
24 49 95
24 50 129
24 51 193
24 52 127
24 53 30
24 54 107
24 55 10
24 56 75
24 57 187
24 58 182
24 59 13
24 60 41
24 61 68
24 62 68
24 63 116
24 64 31
24 65 139
24 66 166
24 67 72
24 68 101
24 69 110
24 70 151
24 71 12
24 72 53
24 73 200
24 74 186
24 75 152
24 76 172
24 77 99
24 78 168
24 79 59
24 80 65
24 81 122
24 82 140
24 83 149
24 84 176
24 85 141
24 86 53
24 87 62
24 88 142
24 89 51
24 90 167
24 91 32
24 92 84
24 93 109
24 94 114
24 95 124
24 96 144
24 97 126
24 98 15
24 99 194
25 26 164
25 27 8
25 28 38
25 29 193
25 30 120
25 31 12
25 32 199
25 33 141
25 34 138
25 35 111
25 36 18
25 37 35
25 38 108
25 39 39
25 40 98
25 41 158
25 42 123
25 43 142
25 44 159
25 45 169
25 46 169
25 47 12
25 48 10
25 49 54
25 50 73
25 51 57
25 52 165
25 53 111
25 54 176
25 55 70
25 56 73
25 57 65
25 58 150
25 59 86
25 60 113
25 61 166
25 62 138
25 63 169
25 64 40
25 65 140
25 66 159
25 67 73
25 68 143
25 69 7
25 70 142
25 71 135
25 72 148
25 73 63
25 74 120
25 75 141
25 76 29
25 77 188
25 78 0
25 79 18
25 80 17
25 81 195
25 82 60
25 83 46
25 84 43
25 85 70
25 86 8
25 87 95
25 88 185
25 89 136
25 90 168
25 91 183
25 92 0
25 93 60
25 94 122
25 95 13
25 96 167
25 97 119
25 98 69
25 99 194
26 27 87
26 28 30
26 29 112
26 30 194
26 31 147
26 32 70
26 33 80
26 34 136
26 35 85
26 36 152
26 37 149
26 38 152
26 39 31
26 40 41
26 41 199
26 42 78
26 43 186
26 44 43
26 45 53
26 46 136
26 47 122
26 48 19
26 49 182
26 50 100
26 51 21
26 52 46
26 53 40
26 54 173
26 55 74
26 56 147
26 57 168
26 58 1
26 59 173
26 60 185
26 61 181
26 62 80
26 63 64
26 64 164
26 65 146
26 66 134
26 67 94
26 68 85
26 69 20
26 70 185
26 71 118
26 72 200
26 73 105
26 74 101
26 75 187
26 76 197
26 77 148
26 78 58
26 79 162
26 80 23
26 81 170
26 82 20
26 83 88
26 84 22
26 85 22
26 86 61
26 87 173
26 88 123
26 89 89
26 90 53
26 91 161
26 92 73
26 93 111
26 94 46
26 95 7
26 96 167
26 97 185
26 98 6
26 99 131
27 28 71
27 29 86
27 30 178
27 31 100
27 32 157
27 33 182
27 34 138
27 35 149
27 36 61
27 37 130
27 38 52
27 39 26
27 40 24
27 41 9
27 42 136
27 43 133
27 44 20
27 45 138
27 46 166
27 47 96
27 48 116
27 49 60
27 50 138
27 51 19
27 52 69
27 53 180
27 54 78
27 55 40
27 56 21
27 57 54
27 58 55
27 59 79
27 60 2
27 61 20
27 62 33
27 63 33
27 64 129
27 65 105
27 66 191
27 67 142
27 68 105
27 69 137
27 70 170
27 71 63
27 72 131
27 73 153
27 74 181
27 75 191
27 76 162
27 77 87
27 78 36
27 79 50
27 80 127
27 81 122
27 82 59
27 83 147
27 84 152
27 85 179
27 86 99
27 87 147
27 88 109
27 89 130
27 90 47
27 91 19
27 92 102
27 93 32
27 94 98
27 95 112
27 96 2
27 97 164
27 98 196
27 99 75
28 29 153
28 30 175
28 31 193
28 32 93
28 33 190
28 34 79
28 35 74
28 36 91
28 37 20
28 38 182
28 39 58
28 40 86
28 41 145
28 42 186
28 43 53
28 44 11
28 45 173
28 46 200
28 47 180
28 48 152
28 49 116
28 50 84
28 51 83
28 52 117
28 53 107
28 54 16
28 55 29
28 56 42
28 57 112
28 58 37
28 59 24
28 60 102
28 61 130
28 62 17
28 63 29
28 64 8
28 65 132
28 66 52
28 67 54
28 68 28
28 69 84
28 70 46
28 71 94
28 72 25
28 73 101
28 74 4
28 75 39
28 76 178
28 77 76
28 78 88
28 79 73
28 80 66
28 81 54
28 82 89
28 83 149
28 84 34
28 85 140
28 86 40
28 87 42
28 88 25
28 89 60
28 90 119
28 91 96
28 92 108
28 93 37
28 94 30
28 95 137
28 96 170
28 97 133
28 98 89
28 99 72
29 30 78
29 31 72
29 32 119
29 33 139
29 34 59
29 35 33
29 36 81
29 37 149
29 38 200
29 39 161
29 40 53
29 41 109
29 42 180
29 43 115
29 44 41
29 45 91
29 46 184
29 47 25
29 48 163
29 49 107
29 50 122
29 51 162
29 52 4
29 53 179
29 54 60
29 55 141
29 56 191
29 57 104
29 58 91
29 59 104
29 60 122
29 61 135
29 62 75
29 63 11
29 64 39
29 65 190
29 66 116
29 67 117
29 68 25
29 69 34
29 70 98
29 71 158
29 72 94
29 73 40
29 74 43
29 75 136
29 76 144
29 77 67
29 78 177
29 79 109
29 80 115
29 81 9
29 82 189
29 83 34
29 84 68
29 85 177
29 86 101
29 87 200
29 88 52
29 89 149
29 90 45
29 91 25
29 92 186
29 93 165
29 94 36
29 95 52
29 96 196
29 97 103
29 98 96
29 99 45
30 31 105
30 32 87
30 33 11
30 34 140
30 35 151
30 36 74
30 37 170
30 38 24
30 39 80
30 40 30
30 41 12
30 42 84
30 43 91
30 44 8
30 45 166
30 46 80
30 47 9
30 48 119
30 49 173
30 50 145
30 51 152
30 52 16
30 53 161
30 54 137
30 55 174
30 56 49
30 57 197
30 58 104
30 59 82
30 60 35
30 61 161
30 62 61
30 63 136
30 64 40
30 65 21
30 66 7
30 67 170
30 68 14
30 69 146
30 70 88
30 71 60
30 72 59
30 73 73
30 74 155
30 75 22
30 76 81
30 77 28
30 78 193
30 79 1
30 80 76
30 81 106
30 82 96
30 83 88
30 84 75
30 85 19
30 86 15
30 87 133
30 88 63
30 89 44
30 90 28
30 91 9
30 92 154
30 93 18
30 94 175
30 95 150
30 96 80
30 97 143
30 98 169
30 99 128
31 32 46
31 33 27
31 34 73
31 35 34
31 36 12
31 37 111
31 38 58
31 39 3
31 40 142
31 41 176
31 42 23
31 43 186
31 44 149
31 45 36
31 46 97
31 47 128
31 48 113
31 49 67
31 50 191
31 51 84
31 52 27
31 53 56
31 54 120
31 55 174
31 56 192
31 57 152
31 58 126
31 59 173
31 60 30
31 61 131
31 62 191
31 63 29
31 64 41
31 65 123
31 66 66
31 67 36
31 68 119
31 69 36
31 70 195
31 71 34
31 72 166
31 73 92
31 74 43
31 75 84
31 76 79
31 77 169
31 78 125
31 79 18
31 80 54
31 81 167
31 82 188
31 83 35
31 84 67
31 85 29
31 86 72
31 87 63
31 88 55
31 89 124
31 90 88
31 91 10
31 92 168
31 93 134
31 94 109
31 95 39
31 96 145
31 97 116
31 98 109
31 99 73
32 33 110
32 34 74
32 35 123
32 36 3
32 37 133
32 38 27
32 39 195
32 40 81
32 41 135
32 42 128
32 43 74
32 44 33
32 45 70
32 46 195
32 47 168
32 48 65
32 49 21
32 50 198
32 51 192
32 52 180
32 53 36
32 54 32
32 55 135
32 56 2
32 57 12
32 58 135
32 59 171
32 60 92
32 61 68
32 62 57
32 63 87
32 64 59
32 65 26
32 66 186
32 67 62
32 68 34
32 69 107
32 70 180
32 71 171
32 72 61
32 73 10
32 74 24
32 75 110
32 76 57
32 77 130
32 78 192
32 79 60
32 80 107
32 81 149
32 82 83
32 83 180
32 84 123
32 85 128
32 86 55
32 87 49
32 88 72
32 89 27
32 90 124
32 91 47
32 92 122
32 93 116
32 94 20
32 95 28
32 96 154
32 97 147
32 98 194
32 99 108
33 34 6
33 35 185
33 36 162
33 37 13
33 38 97
33 39 35
33 40 144
33 41 5
33 42 52
33 43 102
33 44 98
33 45 52
33 46 115
33 47 15
33 48 37
33 49 84
33 50 22
33 51 52
33 52 75
33 53 54
33 54 183
33 55 136
33 56 157
33 57 100
33 58 4
33 59 89
33 60 46
33 61 148
33 62 61
33 63 117
33 64 160
33 65 122
33 66 68
33 67 59
33 68 68
33 69 116
33 70 124
33 71 96
33 72 175
33 73 174
33 74 47
33 75 70
33 76 20
33 77 181
33 78 80
33 79 106
33 80 182
33 81 114
33 82 110
33 83 145
33 84 75
33 85 95
33 86 145
33 87 121
33 88 165
33 89 86
33 90 45
33 91 185
33 92 94
33 93 158
33 94 34
33 95 84
33 96 183
33 97 122
33 98 56
33 99 74
34 35 101
34 36 197
34 37 176
34 38 55
34 39 52
34 40 47
34 41 15
34 42 149
34 43 181
34 44 62
34 45 64
34 46 39
34 47 98
34 48 126
34 49 12
34 50 69
34 51 95
34 52 132
34 53 133
34 54 97
34 55 86
34 56 174
34 57 109
34 58 95
34 59 32
34 60 136
34 61 55
34 62 13
34 63 190
34 64 15
34 65 18
34 66 95
34 67 188
34 68 104
34 69 26
34 70 99
34 71 70
34 72 92
34 73 165
34 74 157
34 75 78
34 76 43
34 77 18
34 78 79
34 79 161
34 80 124
34 81 141
34 82 165
34 83 116
34 84 5
34 85 120
34 86 44
34 87 96
34 88 40
34 89 110
34 90 145
34 91 115
34 92 5
34 93 130
34 94 176
34 95 41
34 96 92
34 97 24
34 98 104
34 99 161
35 36 79
35 37 199
35 38 8
35 39 116
35 40 126
35 41 156
35 42 42
35 43 78
35 44 150
35 45 118
35 46 114
35 47 163
35 48 73
35 49 139
35 50 50
35 51 135
35 52 154
35 53 44
35 54 180
35 55 31
35 56 28
35 57 28
35 58 139
35 59 27
35 60 30
35 61 53
35 62 15
35 63 159
35 64 0
35 65 62
35 66 78
35 67 25
35 68 88
35 69 142
35 70 157
35 71 122
35 72 47
35 73 197
35 74 142
35 75 177
35 76 115
35 77 29
35 78 199
35 79 171
35 80 44
35 81 150
35 82 161
35 83 189
35 84 171
35 85 116
35 86 60
35 87 38
35 88 127
35 89 182
35 90 131
35 91 109
35 92 25
35 93 15
35 94 4
35 95 52
35 96 23
35 97 150
35 98 198
35 99 144
36 37 106
36 38 15
36 39 190
36 40 96
36 41 75
36 42 18
36 43 79
36 44 193
36 45 40
36 46 172
36 47 147
36 48 36
36 49 126
36 50 167
36 51 37
36 52 79
36 53 20
36 54 83
36 55 9
36 56 108
36 57 177
36 58 133
36 59 190
36 60 131
36 61 56
36 62 152
36 63 149
36 64 104
36 65 15
36 66 163
36 67 129
36 68 161
36 69 17
36 70 170
36 71 199
36 72 137
36 73 10
36 74 75
36 75 141
36 76 180
36 77 2
36 78 106
36 79 47
36 80 161
36 81 197
36 82 182
36 83 194
36 84 48
36 85 167
36 86 55
36 87 23
36 88 185
36 89 51
36 90 152
36 91 162
36 92 59
36 93 179
36 94 118
36 95 148
36 96 156
36 97 59
36 98 134
36 99 69
37 38 54
37 39 160
37 40 158
37 41 108
37 42 159
37 43 180
37 44 101
37 45 136
37 46 90
37 47 28
37 48 88
37 49 189
37 50 21
37 51 31
37 52 14
37 53 49
37 54 12
37 55 134
37 56 188
37 57 145
37 58 164
37 59 61
37 60 100
37 61 110
37 62 173
37 63 5
37 64 198
37 65 32
37 66 165
37 67 26
37 68 167
37 69 132
37 70 30
37 71 199
37 72 51
37 73 151
37 74 49
37 75 85
37 76 56
37 77 120
37 78 137
37 79 59
37 80 103
37 81 42
37 82 147
37 83 122
37 84 35
37 85 200
37 86 76
37 87 173
37 88 81
37 89 29
37 90 65
37 91 169
37 92 199
37 93 185
37 94 186
37 95 27
37 96 65
37 97 163
37 98 147
37 99 121
38 39 126
38 40 108
38 41 185
38 42 101
38 43 42
38 44 90
38 45 171
38 46 93
38 47 156
38 48 163
38 49 29
38 50 22
38 51 190
38 52 159
38 53 84
38 54 145
38 55 69
38 56 64
38 57 65
38 58 50
38 59 155
38 60 50
38 61 172
38 62 41
38 63 76
38 64 19
38 65 88
38 66 28
38 67 94
38 68 188
38 69 27
38 70 10
38 71 161
38 72 150
38 73 188
38 74 113
38 75 185
38 76 122
38 77 54
38 78 154
38 79 183
38 80 151
38 81 181
38 82 116
38 83 121
38 84 106
38 85 182
38 86 99
38 87 37
38 88 58
38 89 60
38 90 147
38 91 144
38 92 95
38 93 27
38 94 35
38 95 27
38 96 126
38 97 66
38 98 35
38 99 46
39 40 96
39 41 188
39 42 199
39 43 18
39 44 175
39 45 25
39 46 74
39 47 182
39 48 185
39 49 12
39 50 74
39 51 189
39 52 100
39 53 112
39 54 59
39 55 64
39 56 7
39 57 160
39 58 59
39 59 154
39 60 171
39 61 191
39 62 147
39 63 78
39 64 41
39 65 59
39 66 178
39 67 46
39 68 161
39 69 90
39 70 121
39 71 50
39 72 94
39 73 138
39 74 94
39 75 184
39 76 148
39 77 64
39 78 136
39 79 178
39 80 21
39 81 152
39 82 102
39 83 22
39 84 98
39 85 189
39 86 60
39 87 195
39 88 160
39 89 76
39 90 17
39 91 67
39 92 177
39 93 8
39 94 128
39 95 152
39 96 71
39 97 143
39 98 46
39 99 161
40 41 56
40 42 163
40 43 66
40 44 101
40 45 75
40 46 62
40 47 119
40 48 176
40 49 68
40 50 162
40 51 0
40 52 42
40 53 81
40 54 59
40 55 190
40 56 84
40 57 21
40 58 103
40 59 125
40 60 115
40 61 52
40 62 124
40 63 173
40 64 15
40 65 189
40 66 60
40 67 166
40 68 120
40 69 66
40 70 147
40 71 173
40 72 3
40 73 2
40 74 33
40 75 78
40 76 159
40 77 147
40 78 193
40 79 5
40 80 36
40 81 145
40 82 121
40 83 115
40 84 37
40 85 109
40 86 67
40 87 13
40 88 68
40 89 64
40 90 94
40 91 46
40 92 180
40 93 169
40 94 115
40 95 5
40 96 176
40 97 104
40 98 182
40 99 118
41 42 68
41 43 56
41 44 138
41 45 119
41 46 164
41 47 140
41 48 139
41 49 178
41 50 171
41 51 171
41 52 72
41 53 86
41 54 172
41 55 8
41 56 57
41 57 134
41 58 105
41 59 108
41 60 47
41 61 85
41 62 35
41 63 130
41 64 49
41 65 91
41 66 134
41 67 164
41 68 77
41 69 160
41 70 49
41 71 90
41 72 67
41 73 141
41 74 79
41 75 56
41 76 113
41 77 90
41 78 197
41 79 32
41 80 100
41 81 102
41 82 160
41 83 90
41 84 107
41 85 116
41 86 145
41 87 58
41 88 134
41 89 6
41 90 24
41 91 16
41 92 184
41 93 113
41 94 133
41 95 8
41 96 133
41 97 5
41 98 144
41 99 130
42 43 93
42 44 169
42 45 99
42 46 125
42 47 32
42 48 126
42 49 94
42 50 107
42 51 183
42 52 54
42 53 190
42 54 55
42 55 43
42 56 101
42 57 140
42 58 73
42 59 50
42 60 110
42 61 192
42 62 172
42 63 168
42 64 179
42 65 8
42 66 140
42 67 17
42 68 86
42 69 34
42 70 181
42 71 4
42 72 80
42 73 172
42 74 53
42 75 167
42 76 192
42 77 165
42 78 109
42 79 140
42 80 157
42 81 98
42 82 152
42 83 88
42 84 85
42 85 24
42 86 75
42 87 126
42 88 191
42 89 73
42 90 34
42 91 8
42 92 115
42 93 152
42 94 169
42 95 60
42 96 119
42 97 146
42 98 145
42 99 49
43 44 6
43 45 92
43 46 77
43 47 169
43 48 136
43 49 123
43 50 188
43 51 169
43 52 77
43 53 44
43 54 200
43 55 123
43 56 173
43 57 47
43 58 135
43 59 157
43 60 107
43 61 79
43 62 65
43 63 136
43 64 41
43 65 199
43 66 39
43 67 126
43 68 130
43 69 95
43 70 180
43 71 2
43 72 54
43 73 15
43 74 97
43 75 37
43 76 63
43 77 40
43 78 130
43 79 154
43 80 111
43 81 96
43 82 119
43 83 117
43 84 198
43 85 67
43 86 191
43 87 13
43 88 52
43 89 55
43 90 51
43 91 48
43 92 125
43 93 41
43 94 62
43 95 174
43 96 19
43 97 175
43 98 99
43 99 9
44 45 40
44 46 64
44 47 195
44 48 83
44 49 0
44 50 64
44 51 134
44 52 158
44 53 91
44 54 128
44 55 78
44 56 105
44 57 78
44 58 147
44 59 200
44 60 139
44 61 49
44 62 153
44 63 12
44 64 119
44 65 35
44 66 4
44 67 66
44 68 142
44 69 106
44 70 124
44 71 2
44 72 46
44 73 28
44 74 188
44 75 63
44 76 111
44 77 134
44 78 108
44 79 171
44 80 170
44 81 175
44 82 43
44 83 159
44 84 2
44 85 178
44 86 161
44 87 59
44 88 50
44 89 56
44 90 84
44 91 157
44 92 73
44 93 71
44 94 21
44 95 28
44 96 49
44 97 44
44 98 36
44 99 150
45 46 33
45 47 92
45 48 30
45 49 10
45 50 189
45 51 90
45 52 198
45 53 138
45 54 172
45 55 113
45 56 102
45 57 23
45 58 14
45 59 171
45 60 111
45 61 42
45 62 85
45 63 115
45 64 146
45 65 19
45 66 70
45 67 109
45 68 33
45 69 97
45 70 111
45 71 86
45 72 22
45 73 64
45 74 1
45 75 119
45 76 191
45 77 132
45 78 159
45 79 139
45 80 130
45 81 39
45 82 40
45 83 87
45 84 110
45 85 13
45 86 70
45 87 197
45 88 144
45 89 77
45 90 60
45 91 80
45 92 21
45 93 24
45 94 133
45 95 41
45 96 110
45 97 3
45 98 71
45 99 133
46 47 10
46 48 160
46 49 188
46 50 83
46 51 114
46 52 56
46 53 116
46 54 149
46 55 200
46 56 52
46 57 143
46 58 137
46 59 42
46 60 181
46 61 12
46 62 13
46 63 68
46 64 95
46 65 182
46 66 146
46 67 143
46 68 3
46 69 44
46 70 90
46 71 83
46 72 172
46 73 126
46 74 140
46 75 37
46 76 171
46 77 154
46 78 23
46 79 37
46 80 64
46 81 138
46 82 73
46 83 87
46 84 36
46 85 47
46 86 145
46 87 57
46 88 80
46 89 132
46 90 191
46 91 97
46 92 127
46 93 86
46 94 111
46 95 85
46 96 139
46 97 183
46 98 119
46 99 26
47 48 200
47 49 141
47 50 147
47 51 97
47 52 157
47 53 8
47 54 27
47 55 194
47 56 184
47 57 4
47 58 119
47 59 128
47 60 25
47 61 197
47 62 90
47 63 152
47 64 121
47 65 50
47 66 87
47 67 180
47 68 47
47 69 14
47 70 193
47 71 44
47 72 168
47 73 40
47 74 170
47 75 98
47 76 188
47 77 144
47 78 56
47 79 142
47 80 170
47 81 191
47 82 88
47 83 165
47 84 163
47 85 143
47 86 84
47 87 66
47 88 113
47 89 192
47 90 151
47 91 16
47 92 74
47 93 1
47 94 100
47 95 107
47 96 72
47 97 79
47 98 60
47 99 133
48 49 175
48 50 130
48 51 61
48 52 63
48 53 137
48 54 25
48 55 151
48 56 125
48 57 0
48 58 193
48 59 20
48 60 145
48 61 175
48 62 58
48 63 148
48 64 106
48 65 196
48 66 14
48 67 109
48 68 80
48 69 13
48 70 3
48 71 21
48 72 59
48 73 189
48 74 97
48 75 26
48 76 199
48 77 122
48 78 142
48 79 120
48 80 186
48 81 47
48 82 49
48 83 85
48 84 58
48 85 11
48 86 19
48 87 102
48 88 70
48 89 94
48 90 22
48 91 37
48 92 132
48 93 179
48 94 70
48 95 153
48 96 142
48 97 105
48 98 31
48 99 154
49 50 146
49 51 105
49 52 93
49 53 50
49 54 156
49 55 92
49 56 135
49 57 153
49 58 45
49 59 153
49 60 199
49 61 28
49 62 136
49 63 173
49 64 107
49 65 91
49 66 134
49 67 33
49 68 22
49 69 80
49 70 73
49 71 185
49 72 67
49 73 25
49 74 26
49 75 53
49 76 26
49 77 102
49 78 33
49 79 50
49 80 28
49 81 180
49 82 64
49 83 55
49 84 65
49 85 45
49 86 179
49 87 186
49 88 112
49 89 8
49 90 61
49 91 68
49 92 157
49 93 2
49 94 12
49 95 154
49 96 36
49 97 187
49 98 174
49 99 12
50 51 194
50 52 179
50 53 38
50 54 93
50 55 46
50 56 27
50 57 127
50 58 190
50 59 23
50 60 71
50 61 44
50 62 77
50 63 8
50 64 37
50 65 105
50 66 47
50 67 94
50 68 88
50 69 182
50 70 117
50 71 64
50 72 159
50 73 139
50 74 35
50 75 41
50 76 98
50 77 64
50 78 128
50 79 61
50 80 146
50 81 73
50 82 53
50 83 185
50 84 111
50 85 17
50 86 0
50 87 37
50 88 133
50 89 88
50 90 179
50 91 30
50 92 173
50 93 106
50 94 97
50 95 37
50 96 54
50 97 183
50 98 164
50 99 170
51 52 97
51 53 80
51 54 95
51 55 1
51 56 50
51 57 195
51 58 160
51 59 162
51 60 142
51 61 158
51 62 67
51 63 79
51 64 69
51 65 20
51 66 169
51 67 163
51 68 48
51 69 41
51 70 2
51 71 161
51 72 64
51 73 172
51 74 140
51 75 155
51 76 68
51 77 88
51 78 39
51 79 62
51 80 37
51 81 10
51 82 46
51 83 183
51 84 75
51 85 101
51 86 81
51 87 77
51 88 132
51 89 153
51 90 155
51 91 78
51 92 108
51 93 6
51 94 67
51 95 79
51 96 26
51 97 7
51 98 108
51 99 55
52 53 134
52 54 129
52 55 72
52 56 122
52 57 140
52 58 71
52 59 42
52 60 196
52 61 174
52 62 198
52 63 17
52 64 68
52 65 145
52 66 198
52 67 79
52 68 129
52 69 197
52 70 1
52 71 16
52 72 64
52 73 73
52 74 193
52 75 173
52 76 124
52 77 168
52 78 169
52 79 35
52 80 22
52 81 55
52 82 24
52 83 87
52 84 131
52 85 50
52 86 193
52 87 9
52 88 199
52 89 41
52 90 48
52 91 89
52 92 118
52 93 38
52 94 50
52 95 14
52 96 128
52 97 200
52 98 130
52 99 60
53 54 5
53 55 25
53 56 33
53 57 164
53 58 24
53 59 172
53 60 38
53 61 122
53 62 50
53 63 130
53 64 102
53 65 77
53 66 112
53 67 69
53 68 92
53 69 31
53 70 29
53 71 16
53 72 189
53 73 110
53 74 71
53 75 46
53 76 169
53 77 117
53 78 91
53 79 193
53 80 123
53 81 176
53 82 50
53 83 18
53 84 38
53 85 111
53 86 188
53 87 71
53 88 42
53 89 87
53 90 135
53 91 141
53 92 27
53 93 91
53 94 118
53 95 89
53 96 46
53 97 154
53 98 82
53 99 46
54 55 96
54 56 184
54 57 162
54 58 105
54 59 142
54 60 135
54 61 11
54 62 70
54 63 158
54 64 1
54 65 77
54 66 61
54 67 150
54 68 14
54 69 111
54 70 61
54 71 160
54 72 186
54 73 58
54 74 89
54 75 111
54 76 197
54 77 142
54 78 41
54 79 169
54 80 11
54 81 41
54 82 90
54 83 163
54 84 172
54 85 154
54 86 102
54 87 117
54 88 164
54 89 34
54 90 65
54 91 151
54 92 156
54 93 108
54 94 71
54 95 57
54 96 190
54 97 106
54 98 40
54 99 70
55 56 181
55 57 59
55 58 39
55 59 182
55 60 69
55 61 94
55 62 94
55 63 137
55 64 0
55 65 48
55 66 68
55 67 190
55 68 46
55 69 166
55 70 108
55 71 149
55 72 160
55 73 151
55 74 102
55 75 73
55 76 166
55 77 40
55 78 36
55 79 29
55 80 158
55 81 62
55 82 62
55 83 5
55 84 37
55 85 96
55 86 28
55 87 43
55 88 1
55 89 179
55 90 129
55 91 19
55 92 147
55 93 67
55 94 187
55 95 177
55 96 163
55 97 141
55 98 85
55 99 5
56 57 84
56 58 108
56 59 100
56 60 167
56 61 82
56 62 10
56 63 168
56 64 164
56 65 116
56 66 47
56 67 46
56 68 149
56 69 10
56 70 152
56 71 160
56 72 19
56 73 171
56 74 121
56 75 160
56 76 9
56 77 141
56 78 100
56 79 30
56 80 164
56 81 11
56 82 124
56 83 94
56 84 116
56 85 113
56 86 169
56 87 85
56 88 130
56 89 35
56 90 74
56 91 76
56 92 41
56 93 164
56 94 198
56 95 159
56 96 121
56 97 89
56 98 93
56 99 65
57 58 144
57 59 18
57 60 170
57 61 56
57 62 22
57 63 90
57 64 129
57 65 113
57 66 62
57 67 139
57 68 109
57 69 101
57 70 184
57 71 163
57 72 154
57 73 75
57 74 154
57 75 187
57 76 171
57 77 6
57 78 190
57 79 104
57 80 100
57 81 72
57 82 98
57 83 47
57 84 100
57 85 54
57 86 71
57 87 128
57 88 0
57 89 16
57 90 164
57 91 52
57 92 136
57 93 157
57 94 6
57 95 71
57 96 109
57 97 179
57 98 166
57 99 160
58 59 23
58 60 12
58 61 135
58 62 127
58 63 183
58 64 146
58 65 60
58 66 10
58 67 102
58 68 124
58 69 2
58 70 91
58 71 28
58 72 185
58 73 181
58 74 46
58 75 20
58 76 121
58 77 36
58 78 178
58 79 128
58 80 118
58 81 144
58 82 191
58 83 114
58 84 65
58 85 56
58 86 116
58 87 193
58 88 11
58 89 45
58 90 39
58 91 198
58 92 127
58 93 156
58 94 17
58 95 86
58 96 77
58 97 181
58 98 55
58 99 198
59 60 176
59 61 2
59 62 195
59 63 41
59 64 177
59 65 173
59 66 24
59 67 154
59 68 32
59 69 88
59 70 162
59 71 189
59 72 66
59 73 110
59 74 96
59 75 164
59 76 171
59 77 162
59 78 138
59 79 13
59 80 184
59 81 23
59 82 69
59 83 9
59 84 122
59 85 56
59 86 41
59 87 78
59 88 75
59 89 141
59 90 33
59 91 149
59 92 170
59 93 161
59 94 65
59 95 158
59 96 120
59 97 200
59 98 150
59 99 75
60 61 194
60 62 117
60 63 33
60 64 151
60 65 139
60 66 16
60 67 193
60 68 60
60 69 198
60 70 111
60 71 166
60 72 50
60 73 158
60 74 83
60 75 20
60 76 136
60 77 3
60 78 168
60 79 189
60 80 9
60 81 159
60 82 61
60 83 7
60 84 181
60 85 126
60 86 22
60 87 88
60 88 169
60 89 30
60 90 76
60 91 106
60 92 10
60 93 143
60 94 81
60 95 170
60 96 10
60 97 191
60 98 116
60 99 36
61 62 159
61 63 11
61 64 85
61 65 165
61 66 148
61 67 66
61 68 111
61 69 99
61 70 10
61 71 124
61 72 97
61 73 83
61 74 88
61 75 64
61 76 110
61 77 178
61 78 179
61 79 2
61 80 47
61 81 83
61 82 11
61 83 0
61 84 4
61 85 5
61 86 114
61 87 164
61 88 136
61 89 27
61 90 200
61 91 134
61 92 158
61 93 127
61 94 75
61 95 94
61 96 76
61 97 6
61 98 74
61 99 149
62 63 194
62 64 51
62 65 198
62 66 44
62 67 109
62 68 88
62 69 107
62 70 178
62 71 29
62 72 26
62 73 173
62 74 172
62 75 162
62 76 97
62 77 192
62 78 150
62 79 78
62 80 34
62 81 149
62 82 15
62 83 93
62 84 169
62 85 165
62 86 71
62 87 106
62 88 63
62 89 142
62 90 128
62 91 111
62 92 61
62 93 24
62 94 17
62 95 30
62 96 177
62 97 135
62 98 180
62 99 145
63 64 52
63 65 95
63 66 199
63 67 148
63 68 105
63 69 145
63 70 74
63 71 132
63 72 104
63 73 148
63 74 78
63 75 109
63 76 180
63 77 140
63 78 133
63 79 124
63 80 72
63 81 80
63 82 98
63 83 102
63 84 143
63 85 9
63 86 45
63 87 165
63 88 93
63 89 65
63 90 112
63 91 147
63 92 60
63 93 181
63 94 129
63 95 155
63 96 155
63 97 89
63 98 67
63 99 22
64 65 55
64 66 121
64 67 179
64 68 11
64 69 167
64 70 101
64 71 119
64 72 189
64 73 70
64 74 168
64 75 141
64 76 167
64 77 65
64 78 117
64 79 152
64 80 17
64 81 34
64 82 188
64 83 104
64 84 126
64 85 163
64 86 136
64 87 7
64 88 141
64 89 130
64 90 154
64 91 121
64 92 141
64 93 189
64 94 81
64 95 47
64 96 115
64 97 4
64 98 105
64 99 70
