100 3822
0 1 52
0 2 73
0 3 184
0 4 17
0 5 16
0 6 186
0 7 190
0 8 49
0 9 94
0 10 125
0 11 113
0 12 62
0 13 81
0 14 124
0 15 63
0 16 68
0 17 98
0 18 34
0 19 67
0 20 61
0 21 162
0 22 148
0 23 92
0 24 196
0 25 102
0 26 109
0 27 189
0 28 39
0 29 45
0 30 52
0 31 102
0 32 1
0 33 47
0 34 47
0 35 52
0 36 71
0 37 43
0 38 177
0 39 138
0 40 177
0 41 181
0 42 81
0 43 57
0 44 52
0 45 44
0 46 187
0 47 163
0 48 31
0 49 31
0 50 88
0 51 14
0 52 135
0 53 189
0 54 13
0 55 109
0 56 159
0 57 51
0 58 60
0 59 114
0 60 8
0 61 41
0 62 105
0 63 95
0 64 175
0 65 120
0 66 162
0 67 0
0 68 182
0 69 41
0 70 113
0 71 128
0 72 96
0 73 16
0 74 122
0 75 3
0 76 144
0 77 189
0 78 127
0 79 9
0 80 23
0 81 139
0 82 160
0 83 170
0 84 28
0 85 65
0 86 15
0 87 90
0 88 186
0 89 154
0 90 86
0 91 62
0 92 116
0 93 66
0 94 18
0 95 160
0 96 145
0 97 40
0 98 93
0 99 58
1 2 49
1 3 67
1 4 17
1 5 86
1 6 25
1 7 84
1 8 22
1 9 103
1 10 12
1 11 0
1 12 60
1 13 104
1 14 93
1 15 195
1 16 191
1 17 148
1 18 17
1 19 40
1 20 115
1 21 141
1 22 101
1 23 188
1 24 54
1 25 26
1 26 27
1 27 153
1 28 18
1 29 44
1 30 146
1 31 10
1 32 44
1 33 1
1 34 111
1 35 171
1 36 74
1 37 188
1 38 41
1 39 198
1 40 59
1 41 6
1 42 125
1 43 56
1 44 173
1 45 107
1 46 149
1 47 101
1 48 132
1 49 182
1 50 107
1 51 51
1 52 156
1 53 192
1 54 186
1 55 129
1 56 121
1 57 56
1 58 57
1 59 90
1 60 134
1 61 159
1 62 148
1 63 40
1 64 137
1 65 77
1 66 128
1 67 110
1 68 119
1 69 76
1 70 162
1 71 119
1 72 55
1 73 126
1 74 41
1 75 111
1 76 1
1 77 15
1 78 75
1 79 53
1 80 48
1 81 101
1 82 46
1 83 137
1 84 198
1 85 134
1 86 10
1 87 196
1 88 19
1 89 135
1 90 67
1 91 71
1 92 44
1 93 66
1 94 102
1 95 113
1 96 171
1 97 104
1 98 125
1 99 120
2 3 111
2 4 120
2 5 121
2 6 11
2 7 116
2 8 152
2 9 98
2 10 146
2 11 189
2 12 174
2 13 183
2 14 120
2 15 7
2 16 10
2 17 68
2 18 54
2 19 56
2 20 185
2 21 30
2 22 24
2 23 190
2 24 78
2 25 67
2 26 155
2 27 59
2 28 25
2 29 36
2 30 124
2 31 112
2 32 9
2 33 187
2 34 80
2 35 15
2 36 62
2 37 183
2 38 165
2 39 124
2 40 149
2 41 71
2 42 78
2 43 34
2 44 68
2 45 178
2 46 23
2 47 2
2 48 5
2 49 189
2 50 13
2 51 80
2 52 183
2 53 196
2 54 98
2 55 49
2 56 20
2 57 73
2 58 3
2 59 65
2 60 158
2 61 192
2 62 6
2 63 148
2 64 151
2 65 158
2 66 147
2 67 50
2 68 30
2 69 70
2 70 24
2 71 27
2 72 45
2 73 151
2 74 15
2 75 92
2 76 32
2 77 98
2 78 166
2 79 70
2 80 104
2 81 6
2 82 55
2 83 17
2 84 111
2 85 53
2 86 188
2 87 196
2 88 134
2 89 114
2 90 96
2 91 157
2 92 25
2 93 161
2 94 146
2 95 125
2 96 149
2 97 70
2 98 116
2 99 115
3 4 44
3 5 183
3 6 3
3 7 72
3 8 21
3 9 107
3 10 185
3 11 166
3 12 47
3 13 196
3 14 95
3 15 141
3 16 166
3 17 88
3 18 78
3 19 131
3 20 125
3 21 19
3 22 22
3 23 155
3 24 176
3 25 196
3 26 25
3 27 62
3 28 142
3 29 103
3 30 97
3 31 197
3 32 140
3 33 155
3 34 44
3 35 81
3 36 59
3 37 183
3 38 100
3 39 11
3 40 15
3 41 139
3 42 44
3 43 83
3 44 174
3 45 135
3 46 121
3 47 7
3 48 97
3 49 109
3 50 76
3 51 186
3 52 157
3 53 49
3 54 100
3 55 149
3 56 81
3 57 190
3 58 118
3 59 89
3 60 118
3 61 179
3 62 125
3 63 173
3 64 120
3 65 189
3 66 116
3 67 187
3 68 94
3 69 85
3 70 164
3 71 79
3 72 184
3 73 172
3 74 96
3 75 108
3 76 126
3 77 8
3 78 82
3 79 149
3 80 27
3 81 116
3 82 143
3 83 155
3 84 181
3 85 119
3 86 27
3 87 152
3 88 148
3 89 70
3 90 43
3 91 11
3 92 78
3 93 143
3 94 193
3 95 118
3 96 175
3 97 161
3 98 69
3 99 79
4 5 165
4 6 42
4 7 154
4 8 0
4 9 148
4 10 70
4 11 16
4 12 97
4 13 80
4 14 136
4 15 55
4 16 127
4 17 121
4 18 193
4 19 48
4 20 176
4 21 154
4 22 40
4 23 75
4 24 193
4 25 18
4 26 168
4 27 84
4 28 140
4 29 0
4 30 95
4 31 75
4 32 89
4 33 24
4 34 186
4 35 164
4 36 65
4 37 54
4 38 98
4 39 61
4 40 82
4 41 46
4 42 10
4 43 49
4 44 153
4 45 12
4 46 7
4 47 108
4 48 44
4 49 193
4 50 108
4 51 200
4 52 149
4 53 197
4 54 18
4 55 91
4 56 157
4 57 58
4 58 191
4 59 181
4 60 45
4 61 12
4 62 190
4 63 144
4 64 7
4 65 24
4 66 82
4 67 182
4 68 170
4 69 8
4 70 198
4 71 65
4 72 197
4 73 197
4 74 185
4 75 188
4 76 117
4 77 186
4 78 44
4 79 107
4 80 121
4 81 42
4 82 63
4 83 40
4 84 110
4 85 139
4 86 8
4 87 151
4 88 160
4 89 127
4 90 73
4 91 21
4 92 62
4 93 138
4 94 80
4 95 162
4 96 58
4 97 156
4 98 119
4 99 119
5 6 63
5 7 191
5 8 197
5 9 167
5 10 130
5 11 68
5 12 135
5 13 151
5 14 8
5 15 51
5 16 178
5 17 62
5 18 175
5 19 160
5 20 6
5 21 76
5 22 73
5 23 82
5 24 124
5 25 46
5 26 82
5 27 142
5 28 66
5 29 120
5 30 24
5 31 151
5 32 171
5 33 133
5 34 43
5 35 199
5 36 143
5 37 31
5 38 108
5 39 4
5 40 58
5 41 125
5 42 135
5 43 88
5 44 145
5 45 188
5 46 134
5 47 88
5 48 184
5 49 130
5 50 160
5 51 79
5 52 163
5 53 185
5 54 187
5 55 65
5 56 22
5 57 149
5 58 196
5 59 15
5 60 27
5 61 28
5 62 42
5 63 25
5 64 78
5 65 91
5 66 164
5 67 88
5 68 33
5 69 71
5 70 192
5 71 100
5 72 21
5 73 107
5 74 55
5 75 44
5 76 161
5 77 70
5 78 157
5 79 70
5 80 81
5 81 172
5 82 181
5 83 82
5 84 26
5 85 192
5 86 146
5 87 104
5 88 50
5 89 157
5 90 62
5 91 164
5 92 63
5 93 55
5 94 78
5 95 12
5 96 28
5 97 159
5 98 136
5 99 69
6 7 72
6 8 2
6 9 103
6 10 131
6 11 198
6 12 95
6 13 7
6 14 47
6 15 109
6 16 156
6 17 88
6 18 18
6 19 185
6 20 23
6 21 126
6 22 162
6 23 73
6 24 125
6 25 155
6 26 130
6 27 90
6 28 18
6 29 32
6 30 72
6 31 48
6 32 21
6 33 148
6 34 28
6 35 144
6 36 169
6 37 66
6 38 200
6 39 49
6 40 127
6 41 155
6 42 161
6 43 69
6 44 1
6 45 57
6 46 58
6 47 22
6 48 193
6 49 76
6 50 70
6 51 97
6 52 117
6 53 192
6 54 171
6 55 13
6 56 56
6 57 178
6 58 80
6 59 151
6 60 9
6 61 156
6 62 185
6 63 196
6 64 22
6 65 48
6 66 89
6 67 4
6 68 17
6 69 134
6 70 151
6 71 16
6 72 109
6 73 113
6 74 126
6 75 184
6 76 58
6 77 150
6 78 123
6 79 198
6 80 161
6 81 55
6 82 151
6 83 122
6 84 149
6 85 89
6 86 186
6 87 156
6 88 2
6 89 106
6 90 96
6 91 63
6 92 46
6 93 71
6 94 56
6 95 177
6 96 100
6 97 20
6 98 31
6 99 131
7 8 147
7 9 116
7 10 192
7 11 142
7 12 79
7 13 33
7 14 143
7 15 166
7 16 147
7 17 180
7 18 160
7 19 36
7 20 175
7 21 81
7 22 156
7 23 161
7 24 67
7 25 137
7 26 149
7 27 2
7 28 91
7 29 82
7 30 186
7 31 67
7 32 134
7 33 75
7 34 86
7 35 146
7 36 189
7 37 21
7 38 171
7 39 164
7 40 181
7 41 80
7 42 6
7 43 42
7 44 99
7 45 102
7 46 143
7 47 121
7 48 107
7 49 190
7 50 96
7 51 154
7 52 191
7 53 123
7 54 57
7 55 11
7 56 84
7 57 166
7 58 142
7 59 130
7 60 116
7 61 68
7 62 9
7 63 178
7 64 163
7 65 162
7 66 25
7 67 155
7 68 99
7 69 184
7 70 21
7 71 133
7 72 34
7 73 150
7 74 164
7 75 30
7 76 150
7 77 178
7 78 130
7 79 193
7 80 33
7 81 100
7 82 118
7 83 200
7 84 140
7 85 40
7 86 66
7 87 3
7 88 35
7 89 15
7 90 185
7 91 161
7 92 24
7 93 178
7 94 83
7 95 178
7 96 197
7 97 14
7 98 14
7 99 169
8 9 152
8 10 118
8 11 134
8 12 46
8 13 15
8 14 112
8 15 194
8 16 156
8 17 181
8 18 129
8 19 160
8 20 4
8 21 40
8 22 3
8 23 188
8 24 169
8 25 147
8 26 26
8 27 111
8 28 23
8 29 45
8 30 31
8 31 160
8 32 99
8 33 28
8 34 95
8 35 78
8 36 124
8 37 172
8 38 52
8 39 105
8 40 139
8 41 53
8 42 55
8 43 108
8 44 139
8 45 159
8 46 170
8 47 129
8 48 100
8 49 97
8 50 102
8 51 196
8 52 93
8 53 181
8 54 112
8 55 116
8 56 39
8 57 176
8 58 106
8 59 104
8 60 147
8 61 37
8 62 66
8 63 189
8 64 118
8 65 170
8 66 122
8 67 137
8 68 187
8 69 31
8 70 48
8 71 179
8 72 158
8 73 7
8 74 51
8 75 60
8 76 147
8 77 189
8 78 149
8 79 49
8 80 135
8 81 1
8 82 143
8 83 142
8 84 48
8 85 9
8 86 83
8 87 86
8 88 96
8 89 132
8 90 57
8 91 68
8 92 91
8 93 35
8 94 152
8 95 6
8 96 32
8 97 120
8 98 29
8 99 127
9 10 148
9 11 140
9 12 198
9 13 192
9 14 87
9 15 131
9 16 109
9 17 96
9 18 6
9 19 109
9 20 161
9 21 22
9 22 200
9 23 161
9 24 148
9 25 99
9 26 123
9 27 94
9 28 33
9 29 68
9 30 141
9 31 98
9 32 143
9 33 0
9 34 115
9 35 40
9 36 161
9 37 45
9 38 14
9 39 65
9 40 3
9 41 90
9 42 10
9 43 147
9 44 159
9 45 51
9 46 88
9 47 168
9 48 91
9 49 93
9 50 82
9 51 76
9 52 37
9 53 183
9 54 105
9 55 104
9 56 187
9 57 166
9 58 90
9 59 33
9 60 177
9 61 185
9 62 182
9 63 101
9 64 78
9 65 159
9 66 37
9 67 76
9 68 165
9 69 169
9 70 163
9 71 185
9 72 52
9 73 31
9 74 29
9 75 164
9 76 157
9 77 154
9 78 46
9 79 26
9 80 182
9 81 70
9 82 59
9 83 63
9 84 104
9 85 174
9 86 41
9 87 137
9 88 172
9 89 181
9 90 91
9 91 136
9 92 193
9 93 161
9 94 102
9 95 149
9 96 52
9 97 37
9 98 75
9 99 117
10 11 50
10 12 167
10 13 53
10 14 82
10 15 166
10 16 59
10 17 63
10 18 94
10 19 113
10 20 141
10 21 138
10 22 76
10 23 104
10 24 189
10 25 147
10 26 53
10 27 41
10 28 184
10 29 78
10 30 196
10 31 174
10 32 92
10 33 138
10 34 135
10 35 0
10 36 98
10 37 28
10 38 188
10 39 0
10 40 137
10 41 137
10 42 13
10 43 87
10 44 54
10 45 110
10 46 188
10 47 100
10 48 176
10 49 128
10 50 136
10 51 149
10 52 172
10 53 138
10 54 193
10 55 33
10 56 113
10 57 47
10 58 82
10 59 72
10 60 20
10 61 168
10 62 9
10 63 102
10 64 53
10 65 131
10 66 57
10 67 176
10 68 95
10 69 182
10 70 148
10 71 118
10 72 33
10 73 74
10 74 104
10 75 89
10 76 36
10 77 151
10 78 78
10 79 198
10 80 43
10 81 199
10 82 37
10 83 88
10 84 193
10 85 55
10 86 136
10 87 98
10 88 36
10 89 170
10 90 33
10 91 126
10 92 144
10 93 128
10 94 134
10 95 66
10 96 45
10 97 54
10 98 174
10 99 3
11 12 75
11 13 87
11 14 177
11 15 132
11 16 50
11 17 26
11 18 81
11 19 97
11 20 191
11 21 53
11 22 7
11 23 103
11 24 36
11 25 41
11 26 171
11 27 122
11 28 101
11 29 147
11 30 171
11 31 74
11 32 187
11 33 102
11 34 119
11 35 160
11 36 21
11 37 189
11 38 84
11 39 65
11 40 126
11 41 171
11 42 6
11 43 15
11 44 129
11 45 35
11 46 35
11 47 35
11 48 114
11 49 14
11 50 121
11 51 184
11 52 155
11 53 175
11 54 7
11 55 105
11 56 157
11 57 118
11 58 70
11 59 10
11 60 26
11 61 115
11 62 64
11 63 108
11 64 68
11 65 3
11 66 24
11 67 48
11 68 71
11 69 26
11 70 32
11 71 173
11 72 7
11 73 99
11 74 86
11 75 21
11 76 112
11 77 167
11 78 67
11 79 164
11 80 104
11 81 28
11 82 14
11 83 126
11 84 117
11 85 141
11 86 39
11 87 21
11 88 108
11 89 73
11 90 80
11 91 120
11 92 156
11 93 141
11 94 190
11 95 26
11 96 40
11 97 59
11 98 76
11 99 5
12 13 143
12 14 196
12 15 147
12 16 9
12 17 8
12 18 118
12 19 125
12 20 3
12 21 10
12 22 130
12 23 173
12 24 23
12 25 193
12 26 188
12 27 79
12 28 185
12 29 28
12 30 85
12 31 8
12 32 59
12 33 157
12 34 156
12 35 47
12 36 2
12 37 77
12 38 64
12 39 21
12 40 187
12 41 123
12 42 133
12 43 154
12 44 83
12 45 186
12 46 52
12 47 169
12 48 150
12 49 200
12 50 75
12 51 125
12 52 31
12 53 47
12 54 44
12 55 17
12 56 79
12 57 61
12 58 87
12 59 12
12 60 8
12 61 116
12 62 168
12 63 34
12 64 19
12 65 5
12 66 178
12 67 162
12 68 180
12 69 83
12 70 89
12 71 62
12 72 1
12 73 119
12 74 178
12 75 28
12 76 91
12 77 175
12 78 33
12 79 169
12 80 100
12 81 72
12 82 129
12 83 20
12 84 199
12 85 110
12 86 155
12 87 68
12 88 5
12 89 137
12 90 15
12 91 36
12 92 111
12 93 20
12 94 71
12 95 182
12 96 35
12 97 199
12 98 87
12 99 71
13 14 102
13 15 111
13 16 106
13 17 109
13 18 177
13 19 145
13 20 3
13 21 9
13 22 104
13 23 22
13 24 165
13 25 70
13 26 133
13 27 36
13 28 161
13 29 41
13 30 86
13 31 196
13 32 100
13 33 106
13 34 198
13 35 60
13 36 139
13 37 63
13 38 37
13 39 155
13 40 132
13 41 49
13 42 197
13 43 97
13 44 152
13 45 24
13 46 129
13 47 37
13 48 83
13 49 25
13 50 188
13 51 85
13 52 20
13 53 15
13 54 198
13 55 13
13 56 41
13 57 151
13 58 5
13 59 128
13 60 35
13 61 153
13 62 56
13 63 6
13 64 18
13 65 93
13 66 128
13 67 83
13 68 130
13 69 179
13 70 42
13 71 167
13 72 101
13 73 79
13 74 183
13 75 27
13 76 147
13 77 97
13 78 186
13 79 53
13 80 83
13 81 86
13 82 116
13 83 144
13 84 51
13 85 160
13 86 63
13 87 82
13 88 180
13 89 126
13 90 119
13 91 31
13 92 7
13 93 71
13 94 100
13 95 15
13 96 69
13 97 140
13 98 163
13 99 137
14 15 176
14 16 86
14 17 175
14 18 86
14 19 82
14 20 115
14 21 105
14 22 149
14 23 185
14 24 102
14 25 90
14 26 150
14 27 69
14 28 109
14 29 88
14 30 102
14 31 131
14 32 104
14 33 45
14 34 191
14 35 47
14 36 23
14 37 136
14 38 172
14 39 26
14 40 58
14 41 104
14 42 28
14 43 194
14 44 181
14 45 74
14 46 103
14 47 7
14 48 160
14 49 38
14 50 83
14 51 76
14 52 197
14 53 189
14 54 31
14 55 35
14 56 54
14 57 45
14 58 69
14 59 102
14 60 90
14 61 48
14 62 56
14 63 182
14 64 192
14 65 112
14 66 178
14 67 131
14 68 151
14 69 61
14 70 45
14 71 20
14 72 135
14 73 172
14 74 41
14 75 44
14 76 69
14 77 180
14 78 72
14 79 104
14 80 88
14 81 56
14 82 126
14 83 25
14 84 7
14 85 33
14 86 121
14 87 168
14 88 33
14 89 37
14 90 151
14 91 155
14 92 106
14 93 109
14 94 178
14 95 191
14 96 139
14 97 79
14 98 94
14 99 95
15 16 112
15 17 121
15 18 193
15 19 176
15 20 166
15 21 159
15 22 24
15 23 119
15 24 146
15 25 29
15 26 59
15 27 13
15 28 165
15 29 98
15 30 108
15 31 12
15 32 171
15 33 22
15 34 141
15 35 6
15 36 108
15 37 2
15 38 142
15 39 159
15 40 87
15 41 169
15 42 176
15 43 148
15 44 33
15 45 145
15 46 63
15 47 196
15 48 17
15 49 60
15 50 66
15 51 6
15 52 126
15 53 151
15 54 177
15 55 89
15 56 146
15 57 177
15 58 36
15 59 26
15 60 200
15 61 110
15 62 66
15 63 154
15 64 119
15 65 4
15 66 132
15 67 72
15 68 150
15 69 74
15 70 157
15 71 125
15 72 2
15 73 107
15 74 149
15 75 141
15 76 57
15 77 81
15 78 82
15 79 164
15 80 15
15 81 116
15 82 42
15 83 189
15 84 127
15 85 126
15 86 21
15 87 21
15 88 146
15 89 142
15 90 44
15 91 123
15 92 193
15 93 49
15 94 72
15 95 136
15 96 20
15 97 180
15 98 195
15 99 85
16 17 64
16 18 69
16 19 177
16 20 31
16 21 166
16 22 108
16 23 23
16 24 54
16 25 65
16 26 6
16 27 135
16 28 131
16 29 42
16 30 153
16 31 88
16 32 97
16 33 171
16 34 71
16 35 9
16 36 125
16 37 82
16 38 175
16 39 97
16 40 49
16 41 149
16 42 95
16 43 124
16 44 28
16 45 29
16 46 52
16 47 10
16 48 130
16 49 123
16 50 171
16 51 160
16 52 60
16 53 4
16 54 172
16 55 169
16 56 187
16 57 181
16 58 78
16 59 195
16 60 83
16 61 68
16 62 79
16 63 5
16 64 117
16 65 13
16 66 169
16 67 172
16 68 200
16 69 45
16 70 30
16 71 93
16 72 162
16 73 175
16 74 163
16 75 185
16 76 71
16 77 114
16 78 136
16 79 189
16 80 120
16 81 111
16 82 64
16 83 82
16 84 171
16 85 28
16 86 52
16 87 53
16 88 126
16 89 181
16 90 175
16 91 46
16 92 168
16 93 69
16 94 28
16 95 89
16 96 63
16 97 137
16 98 43
16 99 22
17 18 29
17 19 159
17 20 171
17 21 62
17 22 123
17 23 129
17 24 117
17 25 69
17 26 179
17 27 200
17 28 19
17 29 174
17 30 115
17 31 86
17 32 131
17 33 55
17 34 116
17 35 67
17 36 164
17 37 182
17 38 3
17 39 144
17 40 69
17 41 190
17 42 146
17 43 156
17 44 38
17 45 97
17 46 76
17 47 20
17 48 8
17 49 188
17 50 138
17 51 63
17 52 163
17 53 107
17 54 108
17 55 101
17 56 26
17 57 19
17 58 83
17 59 38
17 60 30
17 61 9
17 62 142
17 63 72
17 64 157
17 65 187
17 66 150
17 67 161
17 68 82
17 69 26
17 70 19
17 71 31
17 72 90
17 73 22
17 74 106
17 75 168
17 76 149
17 77 42
17 78 128
17 79 19
17 80 142
17 81 180
17 82 131
17 83 63
17 84 32
17 85 115
17 86 154
17 87 125
17 88 43
17 89 51
17 90 96
17 91 122
17 92 20
17 93 184
17 94 166
17 95 41
17 96 189
17 97 112
17 98 113
17 99 153
18 19 29
18 20 87
18 21 71
18 22 114
18 23 151
18 24 138
18 25 49
18 26 97
18 27 129
18 28 8
18 29 164
18 30 59
18 31 127
18 32 164
18 33 54
18 34 121
18 35 163
18 36 188
18 37 22
18 38 151
18 39 33
18 40 32
18 41 30
18 42 120
18 43 183
18 44 69
18 45 78
18 46 167
18 47 158
18 48 139
18 49 38
18 50 49
18 51 28
18 52 113
18 53 72
18 54 115
18 55 160
18 56 178
18 57 40
18 58 138
18 59 178
18 60 157
18 61 122
18 62 156
18 63 172
18 64 88
18 65 195
18 66 143
18 67 172
18 68 93
18 69 63
18 70 149
18 71 199
18 72 68
18 73 67
18 74 36
18 75 125
18 76 36
18 77 13
18 78 33
18 79 51
18 80 139
18 81 14
18 82 7
18 83 38
18 84 120
18 85 174
18 86 26
18 87 179
18 88 123
18 89 23
18 90 153
18 91 199
18 92 90
18 93 73
18 94 36
18 95 122
18 96 40
18 97 38
18 98 2
18 99 181
19 20 56
19 21 111
19 22 53
19 23 111
19 24 194
19 25 16
19 26 52
19 27 63
19 28 36
19 29 174
19 30 92
19 31 147
19 32 143
19 33 119
19 34 116
19 35 81
19 36 73
19 37 133
19 38 153
19 39 11
19 40 160
19 41 176
19 42 36
19 43 106
19 44 11
19 45 115
19 46 100
19 47 154
19 48 11
19 49 141
19 50 9
19 51 149
19 52 113
19 53 47
19 54 135
19 55 96
19 56 193
19 57 17
19 58 98
19 59 11
19 60 167
19 61 150
19 62 188
19 63 60
19 64 36
19 65 190
19 66 199
19 67 88
19 68 48
19 69 94
19 70 73
19 71 16
19 72 39
19 73 57
19 74 41
19 75 31
19 76 35
19 77 17
19 78 102
19 79 10
19 80 44
19 81 130
19 82 181
19 83 193
19 84 121
19 85 147
19 86 185
19 87 30
19 88 18
19 89 117
19 90 43
19 91 58
19 92 74
19 93 89
19 94 197
19 95 143
19 96 185
19 97 70
19 98 18
19 99 142
20 21 185
20 22 106
20 23 188
20 24 154
20 25 95
20 26 45
20 27 74
20 28 196
20 29 70
20 30 171
20 31 40
20 32 126
20 33 0
20 34 196
20 35 4
20 36 75
20 37 39
20 38 101
20 39 111
20 40 192
20 41 143
20 42 88
20 43 148
20 44 130
20 45 5
20 46 10
20 47 11
20 48 31
20 49 88
20 50 59
20 51 77
20 52 124
20 53 187
20 54 174
20 55 146
20 56 166
20 57 10
20 58 70
20 59 9
20 60 125
20 61 55
20 62 121
20 63 57
20 64 105
20 65 3
20 66 61
20 67 175
20 68 45
20 69 118
20 70 28
20 71 173
20 72 5
20 73 135
20 74 118
20 75 29
20 76 5
20 77 55
20 78 152
20 79 11
20 80 159
20 81 41
20 82 55
20 83 197
20 84 17
20 85 139
20 86 79
20 87 75
20 88 54
20 89 103
20 90 123
20 91 23
20 92 115
20 93 156
20 94 54
20 95 43
20 96 87
20 97 46
20 98 33
20 99 73
21 22 134
21 23 98
21 24 145
21 25 62
21 26 45
21 27 52
21 28 42
21 29 193
21 30 52
21 31 66
21 32 76
21 33 14
21 34 83
21 35 132
21 36 93
21 37 169
21 38 51
21 39 140
21 40 67
21 41 167
21 42 198
21 43 129
21 44 165
21 45 84
21 46 26
21 47 6
21 48 168
21 49 130
21 50 153
21 51 151
21 52 4
21 53 170
21 54 18
21 55 27
21 56 107
21 57 107
21 58 191
21 59 124
21 60 192
21 61 17
21 62 52
21 63 193
21 64 86
21 65 173
21 66 176
21 67 78
21 68 39
21 69 95
21 70 42
21 71 118
21 72 179
21 73 174
21 74 34
21 75 103
21 76 66
21 77 24
21 78 136
21 79 197
21 80 80
21 81 157
21 82 15
21 83 20
21 84 52
21 85 90
21 86 171
21 87 53
21 88 155
21 89 158
21 90 180
21 91 38
21 92 4
21 93 27
21 94 150
21 95 66
21 96 142
21 97 27
21 98 153
21 99 12
22 23 100
22 24 147
22 25 101
22 26 63
22 27 100
22 28 80
22 29 56
22 30 73
22 31 181
22 32 91
22 33 117
22 34 120
22 35 200
22 36 47
22 37 49
22 38 117
22 39 65
22 40 65
22 41 38
22 42 42
22 43 25
22 44 132
22 45 90
22 46 111
22 47 7
22 48 64
22 49 34
22 50 93
22 51 93
22 52 63
22 53 93
22 54 168
22 55 170
22 56 58
22 57 107
22 58 120
22 59 88
22 60 33
22 61 39
22 62 135
22 63 97
22 64 120
22 65 181
22 66 159
22 67 53
22 68 126
22 69 121
22 70 169
22 71 96
22 72 87
22 73 46
22 74 160
22 75 128
22 76 39
22 77 0
22 78 12
22 79 39
22 80 176
22 81 21
22 82 39
22 83 48
22 84 39
22 85 33
22 86 197
22 87 112
22 88 104
22 89 31
22 90 113
22 91 48
22 92 148
22 93 191
22 94 27
22 95 47
22 96 176
22 97 47
22 98 49
22 99 56
23 24 133
23 25 196
23 26 118
23 27 46
23 28 190
23 29 108
23 30 26
23 31 164
23 32 186
23 33 81
23 34 34
23 35 121
23 36 130
23 37 54
23 38 56
23 39 190
23 40 147
23 41 131
23 42 160
23 43 55
23 44 157
23 45 112
23 46 73
23 47 73
23 48 84
23 49 1
23 50 55
23 51 176
23 52 28
23 53 58
23 54 24
23 55 114
23 56 64
23 57 175
23 58 81
23 59 81
23 60 178
23 61 87
23 62 110
23 63 120
23 64 111
23 65 137
23 66 29
23 67 105
23 68 195
23 69 79
23 70 29
23 71 43
23 72 49
23 73 124
23 74 170
23 75 14
23 76 133
23 77 149
23 78 158
23 79 141
23 80 187
23 81 129
23 82 131
23 83 113
23 84 162
23 85 116
23 86 62
23 87 150
23 88 158
23 89 60
23 90 43
23 91 26
23 92 119
23 93 139
23 94 32
23 95 87
23 96 13
23 97 150
23 98 68
23 99 98
24 25 149
24 26 179
24 27 162
24 28 73
24 29 144
24 30 196
24 31 54
24 32 90
24 33 11
24 34 70
24 35 48
24 36 12
24 37 118
24 38 58
24 39 184
24 40 183
24 41 164
24 42 164
24 43 12
24 44 136
24 45 145
24 46 102
24 47 40
24 48 184
24 49 79
24 50 79
24 51 27
24 52 168
24 53 110
24 54 165
24 55 34
24 56 159
24 57 104
24 58 178
24 59 46
24 60 81
24 61 171
24 62 101
24 63 118
24 64 78
24 65 143
24 66 167
24 67 43
24 68 68
24 69 100
24 70 158
24 71 180
24 72 112
24 73 84
24 74 58
24 75 1
24 76 71
24 77 198
24 78 160
24 79 165
24 80 128
24 81 128
24 82 30
24 83 4
24 84 38
24 85 76
24 86 45
24 87 157
24 88 121
24 89 181
24 90 129
24 91 49
24 92 134
24 93 143
24 94 136
24 95 129
24 96 171
24 97 68
24 98 170
24 99 139
25 26 192
25 27 18
25 28 69
25 29 87
25 30 133
25 31 16
25 32 11
25 33 130
25 34 154
25 35 35
25 36 3
25 37 141
25 38 69
25 39 197
25 40 89
25 41 117
25 42 88
25 43 89
25 44 88
25 45 184
25 46 34
25 47 0
25 48 60
25 49 0
25 50 164
25 51 97
25 52 108
25 53 83
25 54 91
25 55 145
25 56 144
25 57 179
25 58 153
25 59 165
25 60 176
25 61 118
25 62 46
25 63 184
25 64 55
25 65 129
25 66 140
25 67 170
25 68 87
25 69 37
25 70 193
25 71 25
25 72 171
25 73 12
25 74 170
25 75 65
25 76 135
25 77 163
25 78 140
25 79 89
25 80 5
25 81 167
25 82 128
25 83 56
25 84 109
25 85 129
25 86 72
25 87 187
25 88 9
25 89 106
25 90 57
25 91 118
25 92 117
25 93 102
25 94 23
25 95 95
25 96 3
25 97 51
25 98 120
25 99 74
26 27 170
26 28 147
26 29 102
26 30 129
26 31 27
26 32 33
26 33 39
26 34 165
26 35 146
26 36 133
26 37 176
26 38 111
26 39 72
26 40 14
26 41 96
26 42 200
26 43 30
26 44 87
26 45 64
26 46 107
26 47 148
26 48 38
26 49 45
26 50 118
26 51 87
26 52 138
26 53 130
26 54 127
26 55 34
26 56 120
26 57 157
26 58 138
26 59 156
26 60 68
26 61 115
26 62 46
26 63 123
26 64 23
26 65 178
26 66 56
26 67 112
26 68 140
26 69 94
26 70 180
26 71 7
26 72 154
26 73 46
26 74 46
26 75 137
26 76 161
26 77 58
26 78 39
26 79 152
26 80 128
26 81 46
26 82 187
26 83 43
26 84 85
26 85 62
26 86 185
26 87 152
26 88 78
26 89 181
26 90 104
26 91 39
26 92 170
26 93 174
26 94 166
26 95 156
26 96 105
26 97 84
26 98 38
26 99 93
27 28 117
27 29 43
27 30 38
27 31 144
27 32 142
27 33 13
27 34 76
27 35 36
27 36 8
27 37 155
27 38 140
27 39 54
27 40 108
27 41 61
27 42 69
27 43 43
27 44 17
27 45 28
27 46 162
27 47 183
27 48 91
27 49 169
27 50 174
27 51 82
27 52 198
27 53 177
27 54 84
27 55 11
27 56 118
27 57 78
27 58 28
27 59 177
27 60 183
27 61 46
27 62 120
27 63 54
27 64 62
27 65 141
27 66 41
27 67 39
27 68 132
27 69 73
27 70 106
27 71 50
27 72 89
27 73 91
27 74 123
27 75 36
27 76 141
27 77 87
27 78 195
27 79 3
27 80 177
27 81 101
27 82 125
27 83 140
27 84 89
27 85 29
27 86 171
27 87 175
27 88 15
27 89 2
27 90 51
27 91 166
27 92 186
27 93 41
27 94 19
27 95 107
27 96 152
27 97 122
27 98 23
27 99 8
28 29 122
28 30 172
28 31 42
28 32 33
28 33 53
28 34 27
28 35 68
28 36 93
28 37 104
28 38 145
28 39 127
28 40 110
28 41 200
28 42 168
28 43 125
28 44 150
28 45 87
28 46 84
28 47 148
28 48 131
28 49 190
28 50 196
28 51 97
28 52 100
28 53 158
28 54 152
28 55 113
28 56 6
28 57 185
28 58 143
28 59 160
28 60 166
28 61 149
28 62 108
28 63 100
28 64 96
28 65 149
28 66 177
28 67 155
28 68 4
28 69 151
28 70 150
28 71 50
28 72 85
28 73 178
28 74 139
28 75 74
28 76 197
28 77 196
28 78 130
28 79 163
28 80 192
28 81 150
28 82 165
28 83 48
28 84 101
28 85 104
28 86 189
28 87 76
28 88 175
28 89 115
28 90 145
28 91 16
28 92 179
28 93 40
28 94 102
28 95 17
28 96 188
28 97 74
28 98 36
28 99 157
29 30 122
29 31 135
29 32 166
29 33 82
29 34 42
29 35 148
29 36 188
29 37 127
29 38 136
29 39 155
29 40 38
29 41 113
29 42 144
29 43 34
29 44 28
29 45 7
29 46 155
29 47 158
29 48 29
29 49 118
29 50 188
29 51 130
29 52 34
29 53 108
29 54 41
29 55 171
29 56 116
29 57 122
29 58 47
29 59 45
29 60 133
29 61 99
29 62 95
29 63 61
29 64 120
29 65 176
29 66 147
29 67 157
29 68 64
29 69 29
29 70 200
29 71 146
29 72 121
29 73 8
29 74 48
29 75 146
29 76 133
29 77 88
29 78 71
29 79 31
29 80 200
29 81 158
29 82 114
29 83 195
29 84 135
29 85 134
29 86 7
29 87 151
29 88 33
29 89 155
29 90 136
29 91 127
29 92 197
29 93 76
29 94 34
29 95 82
29 96 170
29 97 126
29 98 34
29 99 54
30 31 75
30 32 175
30 33 69
30 34 149
30 35 37
30 36 116
30 37 143
30 38 156
30 39 68
30 40 47
30 41 85
30 42 5
30 43 0
30 44 93
30 45 42
30 46 191
30 47 156
30 48 55
30 49 68
30 50 108
30 51 84
30 52 94
30 53 51
30 54 90
30 55 44
30 56 58
30 57 60
30 58 32
30 59 92
30 60 27
30 61 54
30 62 152
30 63 108
30 64 96
30 65 80
30 66 51
30 67 178
30 68 50
30 69 106
30 70 150
30 71 164
30 72 51
30 73 21
30 74 100
30 75 149
30 76 77
30 77 91
30 78 194
30 79 172
30 80 179
30 81 59
30 82 175
30 83 169
30 84 50
30 85 7
30 86 49
30 87 123
30 88 10
30 89 130
30 90 97
30 91 106
30 92 181
30 93 129
30 94 30
30 95 127
30 96 160
30 97 54
30 98 117
30 99 178
31 32 179
31 33 3
31 34 35
31 35 91
31 36 12
31 37 92
31 38 73
31 39 147
31 40 179
31 41 63
31 42 85
31 43 25
31 44 31
31 45 78
31 46 33
31 47 89
31 48 91
31 49 64
31 50 1
31 51 185
31 52 52
31 53 174
31 54 7
31 55 104
31 56 47
31 57 5
31 58 193
31 59 90
31 60 29
31 61 75
31 62 42
31 63 161
31 64 131
31 65 40
31 66 183
31 67 13
31 68 99
31 69 66
31 70 20
31 71 4
31 72 28
31 73 147
31 74 63
31 75 65
31 76 125
31 77 62
31 78 43
31 79 75
31 80 88
31 81 112
31 82 15
31 83 8
31 84 186
31 85 178
31 86 138
31 87 100
31 88 146
31 89 151
31 90 147
31 91 154
31 92 58
31 93 94
31 94 145
31 95 91
31 96 87
31 97 71
31 98 35
31 99 26
32 33 122
32 34 85
32 35 96
32 36 22
32 37 40
32 38 115
32 39 179
32 40 157
32 41 104
32 42 183
32 43 187
32 44 132
32 45 15
32 46 51
32 47 28
32 48 43
32 49 198
32 50 94
32 51 178
32 52 146
32 53 182
32 54 70
32 55 148
32 56 179
32 57 11
32 58 196
32 59 13
32 60 31
32 61 49
32 62 97
32 63 91
32 64 188
32 65 101
32 66 160
32 67 118
32 68 164
32 69 72
32 70 131
32 71 136
32 72 180
32 73 185
32 74 120
32 75 148
32 76 156
32 77 32
32 78 176
32 79 66
32 80 167
32 81 35
32 82 5
32 83 8
32 84 123
32 85 184
32 86 12
32 87 39
32 88 40
32 89 167
32 90 3
32 91 193
32 92 9
32 93 83
32 94 16
32 95 97
32 96 92
32 97 74
32 98 51
32 99 66
33 34 115
33 35 42
33 36 125
33 37 23
33 38 95
33 39 199
33 40 4
33 41 149
33 42 165
33 43 35
33 44 160
33 45 22
33 46 108
33 47 6
33 48 101
33 49 138
33 50 164
33 51 200
33 52 13
33 53 124
33 54 193
33 55 57
33 56 39
33 57 65
33 58 27
33 59 109
33 60 79
33 61 148
33 62 194
33 63 103
33 64 12
33 65 14
33 66 81
33 67 96
33 68 119
33 69 84
33 70 81
33 71 2
33 72 183
33 73 146
33 74 15
33 75 183
33 76 0
33 77 185
33 78 177
33 79 8
33 80 2
33 81 69
33 82 139
33 83 106
33 84 129
33 85 71
33 86 18
33 87 168
33 88 140
33 89 131
33 90 177
33 91 189
33 92 129
33 93 3
33 94 146
33 95 11
33 96 149
33 97 154
33 98 63
33 99 58
34 35 177
34 36 19
34 37 159
34 38 100
34 39 24
34 40 47
34 41 196
34 42 45
34 43 120
34 44 82
34 45 193
34 46 158
34 47 137
34 48 25
34 49 103
34 50 107
34 51 151
34 52 119
34 53 89
34 54 150
34 55 177
34 56 90
34 57 107
34 58 121
34 59 92
34 60 130
34 61 25
34 62 155
34 63 117
34 64 167
34 65 167
34 66 14
34 67 92
34 68 113
34 69 38
34 70 180
34 71 137
34 72 60
34 73 14
34 74 36
34 75 20
34 76 131
34 77 32
34 78 117
34 79 49
34 80 197
34 81 87
34 82 23
34 83 70
34 84 9
34 85 73
34 86 131
34 87 166
34 88 147
34 89 175
34 90 71
34 91 23
34 92 75
34 93 69
34 94 192
34 95 69
34 96 29
34 97 53
34 98 85
34 99 94
35 36 175
35 37 133
35 38 131
35 39 63
35 40 34
35 41 21
35 42 56
35 43 109
35 44 46
35 45 138
35 46 179
35 47 104
35 48 151
35 49 149
35 50 127
35 51 119
35 52 57
35 53 31
35 54 145
35 55 73
35 56 65
35 57 59
35 58 78
35 59 192
35 60 117
35 61 58
35 62 136
35 63 123
35 64 129
35 65 61
35 66 67
35 67 79
35 68 65
35 69 150
35 70 197
35 71 11
35 72 166
35 73 20
35 74 150
35 75 112
35 76 91
35 77 10
35 78 40
35 79 0
35 80 120
35 81 81
35 82 110
35 83 123
35 84 49
35 85 197
35 86 65
35 87 183
35 88 161
35 89 146
35 90 111
35 91 47
35 92 35
35 93 43
35 94 110
35 95 37
35 96 116
35 97 191
35 98 178
35 99 64
36 37 144
36 38 160
36 39 8
36 40 148
36 41 22
36 42 143
36 43 36
36 44 197
36 45 40
36 46 47
36 47 99
36 48 117
36 49 170
36 50 19
36 51 31
36 52 116
36 53 94
36 54 13
36 55 2
36 56 80
36 57 156
36 58 190
36 59 23
36 60 170
36 61 192
36 62 109
36 63 50
36 64 21
36 65 53
36 66 80
36 67 97
36 68 106
36 69 113
36 70 197
36 71 121
36 72 117
36 73 44
36 74 54
36 75 82
36 76 7
36 77 192
36 78 100
36 79 64
36 80 12
36 81 199
36 82 39
36 83 161
36 84 138
36 85 32
36 86 42
36 87 153
36 88 9
36 89 37
36 90 180
36 91 50
36 92 142
36 93 2
36 94 89
36 95 13
36 96 166
36 97 8
36 98 187
36 99 42
37 38 133
37 39 42
37 40 31
37 41 50
37 42 68
37 43 157
37 44 198
37 45 28
37 46 109
37 47 32
37 48 158
37 49 61
37 50 166
37 51 116
37 52 90
37 53 123
37 54 194
37 55 93
37 56 183
37 57 162
37 58 98
37 59 76
37 60 159
37 61 82
37 62 157
37 63 176
37 64 132
37 65 59
37 66 177
37 67 140
37 68 183
37 69 43
37 70 2
37 71 9
37 72 195
37 73 15
37 74 142
37 75 31
37 76 87
37 77 180
37 78 140
37 79 103
37 80 110
37 81 179
37 82 154
37 83 171
37 84 44
37 85 54
37 86 187
37 87 60
37 88 35
37 89 45
37 90 51
37 91 115
37 92 69
37 93 194
37 94 187
37 95 116
37 96 102
37 97 146
37 98 178
37 99 34
38 39 140
38 40 121
38 41 65
38 42 89
38 43 90
38 44 22
38 45 170
38 46 73
38 47 72
38 48 148
38 49 18
38 50 28
38 51 84
38 52 180
38 53 83
38 54 69
38 55 11
38 56 107
38 57 192
38 58 167
38 59 76
38 60 111
38 61 14
38 62 73
38 63 86
38 64 100
38 65 8
38 66 23
38 67 176
38 68 10
38 69 58
38 70 178
38 71 64
38 72 157
38 73 150
38 74 176
38 75 53
38 76 128
38 77 6
38 78 9
38 79 15
38 80 125
38 81 172
38 82 42
38 83 61
38 84 1
38 85 58
38 86 21
38 87 135
38 88 56
38 89 152
38 90 71
38 91 27
38 92 22
38 93 32
38 94 72
38 95 39
38 96 25
38 97 147
38 98 22
38 99 40
39 40 137
39 41 172
39 42 68
39 43 54
39 44 117
39 45 2
39 46 195
39 47 145
39 48 24
39 49 150
39 50 136
39 51 78
39 52 170
39 53 94
39 54 126
39 55 54
39 56 191
39 57 156
39 58 166
39 59 170
39 60 52
39 61 148
39 62 47
39 63 193
39 64 71
39 65 50
39 66 17
39 67 84
39 68 17
39 69 184
39 70 152
39 71 90
39 72 38
39 73 182
39 74 73
39 75 179
39 76 186
39 77 144
39 78 163
39 79 47
39 80 23
39 81 90
39 82 94
39 83 96
39 84 102
39 85 5
39 86 192
39 87 81
39 88 147
39 89 30
39 90 101
39 91 15
39 92 68
39 93 115
39 94 65
39 95 53
39 96 96
39 97 110
39 98 175
39 99 134
40 41 112
40 42 26
40 43 186
40 44 7
40 45 9
40 46 162
40 47 15
40 48 109
40 49 182
40 50 188
40 51 37
40 52 0
40 53 151
40 54 73
40 55 35
40 56 135
40 57 146
40 58 42
40 59 115
40 60 187
40 61 175
40 62 18
40 63 153
40 64 14
40 65 134
40 66 13
40 67 123
40 68 143
40 69 72
40 70 23
40 71 140
40 72 40
40 73 113
40 74 64
40 75 154
40 76 1
40 77 66
40 78 198
40 79 157
40 80 105
40 81 10
40 82 71
40 83 158
40 84 198
40 85 144
40 86 85
40 87 156
40 88 123
40 89 110
40 90 148
40 91 188
40 92 133
40 93 8
40 94 130
40 95 34
40 96 27
40 97 171
40 98 65
40 99 194
41 42 105
41 43 154
41 44 74
41 45 95
41 46 186
41 47 190
41 48 141
41 49 35
41 50 171
41 51 136
41 52 168
41 53 177
41 54 132
41 55 178
41 56 89
41 57 180
41 58 49
41 59 49
41 60 95
41 61 142
41 62 185
41 63 145
41 64 76
41 65 149
41 66 7
41 67 143
41 68 78
41 69 197
41 70 98
41 71 61
41 72 19
41 73 10
41 74 27
41 75 93
41 76 155
41 77 192
41 78 5
41 79 71
41 80 2
41 81 32
41 82 38
41 83 121
41 84 177
41 85 93
41 86 154
41 87 185
41 88 158
41 89 200
41 90 57
41 91 93
41 92 180
41 93 83
41 94 88
41 95 184
41 96 184
41 97 30
41 98 24
41 99 72
42 43 69
42 44 149
42 45 157
42 46 127
42 47 150
42 48 196
42 49 40
42 50 60
42 51 139
42 52 48
42 53 3
42 54 43
42 55 59
42 56 8
42 57 167
42 58 126
42 59 72
42 60 30
42 61 158
42 62 71
42 63 168
42 64 85
42 65 58
42 66 26
42 67 56
42 68 166
42 69 182
42 70 25
42 71 150
42 72 146
42 73 135
42 74 33
42 75 81
42 76 92
42 77 45
42 78 151
42 79 8
42 80 75
42 81 50
42 82 186
42 83 99
42 84 1
42 85 48
42 86 113
42 87 43
42 88 67
42 89 73
42 90 162
42 91 67
42 92 63
42 93 13
42 94 6
42 95 60
42 96 180
42 97 43
42 98 112
42 99 107
43 44 181
43 45 40
43 46 174
43 47 131
43 48 152
43 49 182
43 50 46
43 51 3
43 52 1
43 53 69
43 54 88
43 55 139
43 56 79
43 57 193
43 58 59
43 59 163
43 60 12
43 61 171
43 62 108
43 63 111
43 64 38
43 65 126
43 66 95
43 67 120
43 68 98
43 69 84
43 70 125
43 71 140
43 72 84
43 73 139
43 74 89
43 75 86
43 76 49
43 77 159
43 78 26
43 79 75
43 80 81
43 81 22
43 82 78
43 83 77
43 84 90
43 85 72
43 86 33
43 87 63
43 88 71
43 89 142
43 90 162
43 91 9
43 92 23
43 93 72
43 94 11
43 95 174
43 96 192
43 97 197
43 98 144
43 99 73
44 45 180
44 46 155
44 47 155
44 48 6
44 49 136
44 50 90
44 51 129
44 52 91
44 53 135
44 54 145
44 55 171
44 56 135
44 57 17
44 58 117
44 59 149
44 60 0
44 61 111
44 62 173
44 63 192
44 64 124
44 65 139
44 66 156
44 67 28
44 68 27
44 69 17
44 70 41
44 71 21
44 72 49
44 73 95
44 74 122
44 75 110
44 76 119
44 77 124
44 78 70
44 79 62
44 80 102
44 81 21
44 82 182
44 83 72
44 84 184
44 85 142
44 86 85
44 87 119
44 88 170
44 89 167
44 90 166
44 91 167
44 92 183
44 93 30
44 94 92
44 95 46
44 96 159
44 97 72
44 98 176
44 99 95
45 46 70
45 47 82
45 48 91
45 49 92
45 50 80
45 51 31
45 52 113
45 53 162
45 54 42
45 55 88
45 56 48
45 57 142
45 58 184
45 59 1
45 60 10
45 61 47
45 62 43
45 63 32
45 64 173
45 65 144
45 66 192
45 67 121
45 68 178
45 69 10
45 70 197
45 71 115
45 72 18
45 73 36
45 74 136
45 75 61
45 76 130
45 77 76
45 78 117
45 79 195
45 80 103
45 81 22
45 82 30
45 83 44
45 84 159
45 85 23
45 86 33
45 87 74
45 88 121
45 89 193
45 90 141
45 91 2
45 92 187
45 93 69
45 94 6
45 95 6
45 96 99
45 97 150
45 98 16
45 99 116
46 47 66
46 48 86
46 49 129
46 50 151
46 51 9
46 52 49
46 53 29
46 54 188
46 55 182
46 56 7
46 57 89
46 58 6
46 59 70
46 60 107
46 61 183
46 62 25
46 63 163
46 64 8
46 65 128
46 66 34
46 67 101
46 68 192
46 69 199
46 70 185
46 71 38
46 72 193
46 73 24
46 74 23
46 75 19
46 76 197
46 77 35
46 78 88
46 79 77
46 80 52
46 81 2
46 82 158
46 83 90
46 84 191
46 85 39
46 86 36
46 87 174
46 88 107
46 89 58
46 90 198
46 91 150
46 92 128
46 93 167
46 94 172
46 95 153
46 96 27
46 97 37
46 98 119
46 99 165
47 48 177
47 49 157
47 50 2
47 51 29
47 52 20
47 53 152
47 54 7
47 55 115
47 56 200
47 57 9
47 58 153
47 59 171
47 60 14
47 61 10
47 62 41
47 63 91
47 64 61
47 65 170
47 66 197
47 67 160
47 68 77
47 69 121
47 70 135
47 71 78
47 72 190
47 73 133
47 74 33
47 75 120
47 76 24
47 77 165
47 78 136
47 79 56
47 80 10
47 81 134
47 82 83
47 83 115
47 84 43
47 85 113
47 86 52
47 87 157
47 88 155
47 89 134
47 90 100
47 91 78
47 92 192
47 93 27
47 94 3
47 95 105
47 96 104
47 97 199
47 98 147
47 99 82
48 49 106
48 50 67
48 51 162
48 52 121
48 53 179
48 54 157
48 55 149
48 56 123
48 57 154
48 58 138
48 59 150
48 60 119
48 61 51
48 62 22
48 63 0
48 64 98
48 65 144
48 66 61
48 67 12
48 68 178
48 69 26
48 70 116
48 71 189
48 72 145
48 73 151
48 74 186
48 75 161
48 76 84
48 77 196
48 78 186
48 79 198
48 80 23
48 81 79
48 82 161
48 83 64
48 84 176
48 85 113
48 86 89
48 87 14
48 88 122
48 89 25
48 90 105
48 91 84
48 92 150
48 93 115
48 94 73
48 95 116
48 96 151
48 97 195
48 98 137
48 99 143
49 50 96
49 51 20
49 52 128
49 53 130
49 54 104
49 55 16
49 56 66
49 57 161
49 58 85
49 59 66
49 60 122
49 61 81
49 62 138
49 63 138
49 64 73
49 65 58
49 66 14
49 67 104
49 68 26
49 69 146
49 70 197
49 71 93
49 72 62
49 73 200
49 74 55
49 75 68
49 76 21
49 77 142
49 78 122
49 79 67
49 80 120
49 81 113
49 82 46
49 83 7
49 84 148
49 85 75
49 86 175
49 87 30
49 88 5
49 89 47
49 90 40
49 91 145
49 92 48
49 93 0
49 94 95
49 95 74
49 96 126
49 97 2
49 98 32
49 99 176
50 51 75
50 52 192
50 53 115
50 54 153
50 55 67
50 56 160
50 57 15
50 58 153
50 59 141
50 60 6
50 61 111
50 62 107
50 63 31
50 64 104
50 65 85
50 66 69
50 67 169
50 68 117
50 69 98
50 70 33
50 71 107
50 72 186
50 73 98
50 74 178
50 75 138
50 76 87
50 77 80
50 78 172
50 79 171
50 80 181
50 81 17
50 82 179
50 83 189
50 84 189
50 85 60
50 86 65
50 87 78
50 88 129
50 89 37
50 90 35
50 91 194
50 92 199
50 93 17
50 94 39
50 95 166
50 96 151
50 97 1
50 98 115
50 99 85
51 52 41
51 53 172
51 54 137
51 55 147
51 56 86
51 57 93
51 58 135
51 59 186
51 60 33
51 61 158
51 62 39
51 63 91
51 64 153
51 65 60
51 66 195
51 67 74
51 68 148
51 69 104
51 70 121
51 71 29
51 72 124
51 73 167
51 74 170
51 75 62
51 76 59
51 77 20
51 78 80
51 79 80
51 80 56
51 81 94
51 82 130
51 83 198
51 84 57
51 85 8
51 86 136
51 87 156
51 88 57
51 89 158
51 90 142
51 91 79
51 92 70
51 93 68
51 94 94
51 95 3
51 96 79
51 97 192
51 98 93
51 99 163
