100 855
0 1 69
0 2 43
0 3 13
0 4 97
0 5 187
0 6 70
0 7 147
0 8 26
0 9 3
0 10 195
0 11 164
0 12 129
0 13 84
0 14 70
0 15 49
0 16 162
0 17 8
0 18 55
0 19 4
0 20 68
0 21 175
0 22 151
0 23 16
0 24 1
0 25 102
0 26 39
0 27 100
0 28 4
0 29 193
0 30 14
0 31 50
0 32 13
0 33 122
0 34 77
0 35 199
0 36 126
0 37 159
0 38 68
0 39 52
0 40 181
0 41 171
0 42 150
0 43 185
0 44 157
0 45 187
0 46 64
0 47 162
0 48 128
0 49 32
0 50 80
0 51 7
0 52 154
0 53 115
0 54 146
0 55 170
0 56 26
0 57 104
0 58 15
0 59 44
0 60 127
0 61 177
0 62 55
0 63 125
0 64 94
0 65 94
0 66 35
0 67 13
0 68 178
0 69 186
0 70 133
0 71 161
0 72 121
0 73 39
0 74 97
0 75 177
0 76 59
0 77 67
0 78 76
0 79 127
0 80 191
0 81 96
0 82 86
0 83 83
0 84 123
0 85 61
0 86 78
0 87 181
0 88 151
0 89 111
0 90 77
0 91 88
0 92 109
0 93 73
0 94 48
0 95 107
0 96 136
0 97 130
0 98 44
0 99 111
1 2 22
1 3 192
1 4 73
1 5 175
1 6 7
1 7 48
1 8 43
1 9 75
1 10 166
1 11 2
1 12 96
1 13 86
1 14 149
1 15 141
1 16 194
1 17 1
1 18 168
1 19 31
1 20 50
1 21 59
1 22 126
1 23 154
1 24 197
1 25 49
1 26 131
1 27 94
1 28 121
1 29 169
1 30 74
1 31 128
1 32 13
1 33 7
1 34 118
1 35 103
1 36 174
1 37 192
1 38 120
1 39 13
1 40 171
1 41 140
1 42 38
1 43 183
1 44 180
1 45 198
1 46 143
1 47 170
1 48 175
1 49 153
1 50 124
1 51 52
1 52 115
1 53 149
1 54 2
1 55 48
1 56 148
1 57 147
1 58 92
1 59 84
1 60 0
1 61 88
1 62 1
1 63 161
1 64 109
1 65 167
1 66 157
1 67 23
1 68 200
1 69 17
1 70 42
1 71 14
1 72 113
1 73 162
1 74 62
1 75 88
1 76 22
1 77 75
1 78 111
1 79 169
1 80 50
1 81 108
1 82 22
1 83 185
1 84 69
1 85 183
1 86 140
1 87 49
1 88 111
1 89 12
1 90 80
1 91 3
1 92 88
1 93 175
1 94 189
1 95 39
1 96 141
1 97 165
1 98 65
1 99 156
2 3 31
2 4 95
2 5 19
2 6 119
2 7 198
2 8 70
2 9 19
2 10 84
2 11 11
2 12 52
2 13 57
2 14 170
2 15 32
2 16 46
2 17 129
2 18 107
2 19 189
2 20 171
2 21 64
2 22 133
2 23 123
2 24 93
2 25 9
2 26 27
2 27 57
2 28 139
2 29 50
2 30 145
2 31 4
2 32 176
2 33 141
2 34 100
2 35 57
2 36 136
2 37 47
2 38 18
2 39 31
2 40 84
2 41 106
2 42 151
2 43 21
2 44 75
2 45 48
2 46 64
2 47 170
2 48 107
2 49 88
2 50 33
2 51 97
2 52 171
2 53 81
2 54 191
2 55 145
2 56 132
2 57 192
2 58 45
2 59 85
2 60 27
2 61 194
2 62 110
2 63 168
2 64 161
2 65 132
2 66 150
2 67 90
2 68 20
2 69 33
2 70 80
2 71 149
2 72 119
2 73 32
2 74 122
2 75 117
2 76 8
2 77 133
2 78 75
2 79 173
2 80 200
2 81 9
2 82 38
2 83 200
2 84 47
2 85 110
2 86 189
2 87 181
2 88 26
2 89 116
2 90 140
2 91 57
2 92 93
2 93 4
2 94 141
2 95 182
2 96 180
2 97 149
2 98 25
2 99 67
3 4 11
3 5 6
3 6 73
3 7 117
3 8 182
3 9 110
3 10 43
3 11 166
3 12 1
3 13 115
3 14 17
3 15 28
3 16 193
3 17 114
3 18 193
3 19 18
3 20 17
3 21 196
3 22 187
3 23 96
3 24 117
3 25 109
3 26 106
3 27 179
3 28 4
3 29 104
3 30 186
3 31 188
3 32 175
3 33 153
3 34 153
3 35 61
3 36 93
3 37 90
3 38 62
3 39 155
3 40 69
3 41 148
3 42 17
3 43 185
3 44 198
3 45 45
3 46 1
3 47 28
3 48 156
3 49 138
3 50 77
3 51 114
3 52 174
3 53 95
3 54 63
3 55 11
3 56 119
3 57 117
3 58 9
3 59 189
3 60 12
3 61 116
3 62 76
3 63 78
3 64 189
3 65 119
3 66 106
3 67 84
3 68 163
3 69 28
3 70 132
3 71 194
3 72 92
3 73 106
3 74 28
3 75 108
3 76 97
3 77 102
3 78 95
3 79 147
3 80 149
3 81 154
3 82 131
3 83 18
3 84 13
3 85 49
3 86 175
3 87 191
3 88 76
3 89 84
3 90 116
3 91 24
3 92 142
3 93 93
3 94 38
3 95 116
3 96 138
3 97 70
3 98 75
3 99 172
4 5 42
4 6 60
4 7 50
4 8 189
4 9 93
4 10 192
4 11 179
4 12 137
4 13 40
4 14 199
4 15 83
4 16 78
4 17 40
4 18 142
4 19 84
4 20 107
4 21 102
4 22 198
4 23 154
4 24 159
4 25 118
4 26 177
4 27 149
4 28 188
4 29 31
4 30 61
4 31 106
4 32 62
4 33 180
4 34 67
4 35 85
4 36 48
4 37 21
4 38 60
4 39 191
4 40 176
4 41 131
4 42 156
4 43 142
4 44 72
4 45 19
4 46 108
4 47 60
4 48 181
4 49 174
4 50 172
4 51 27
4 52 69
4 53 148
4 54 101
4 55 44
4 56 24
4 57 96
4 58 52
4 59 17
4 60 115
4 61 28
4 62 62
4 63 145
4 64 5
4 65 26
4 66 164
4 67 133
4 68 14
4 69 48
4 70 37
4 71 187
4 72 17
4 73 66
4 74 121
4 75 125
4 76 14
4 77 88
4 78 190
4 79 197
4 80 148
4 81 26
4 82 182
4 83 24
4 84 54
4 85 175
4 86 77
4 87 107
4 88 64
4 89 88
4 90 142
4 91 10
4 92 143
4 93 192
4 94 196
4 95 54
4 96 153
4 97 81
4 98 59
4 99 79
5 6 90
5 7 50
5 8 129
5 9 133
5 10 146
5 11 95
5 12 62
5 13 134
5 14 128
5 15 31
5 16 24
5 17 135
5 18 71
5 19 68
5 20 122
5 21 55
5 22 96
5 23 123
5 24 51
5 25 157
5 26 33
5 27 118
5 28 99
5 29 186
5 30 143
5 31 14
5 32 23
5 33 15
5 34 79
5 35 125
5 36 12
5 37 110
5 38 192
5 39 8
5 40 4
5 41 164
5 42 157
5 43 105
5 44 48
5 45 43
5 46 164
5 47 82
5 48 36
5 49 80
5 50 6
5 51 141
5 52 11
5 53 24
5 54 58
5 55 142
5 56 9
5 57 162
5 58 198
5 59 84
5 60 142
5 61 102
5 62 77
5 63 192
5 64 153
5 65 69
5 66 137
5 67 169
5 68 69
5 69 149
5 70 77
5 71 130
5 72 142
5 73 161
5 74 87
5 75 31
5 76 15
5 77 0
5 78 24
5 79 124
5 80 136
5 81 174
5 82 92
5 83 120
5 84 71
5 85 82
5 86 107
5 87 93
5 88 22
5 89 21
5 90 40
5 91 81
5 92 147
5 93 165
5 94 78
5 95 90
5 96 180
5 97 1
5 98 76
5 99 126
6 7 182
6 8 199
6 9 26
6 10 96
6 11 159
6 12 1
6 13 181
6 14 34
6 15 164
6 16 159
6 17 53
6 18 139
6 19 35
6 20 117
6 21 9
6 22 53
6 23 138
6 24 193
6 25 25
6 26 135
6 27 49
6 28 79
6 29 35
6 30 66
6 31 144
6 32 44
6 33 198
6 34 4
6 35 78
6 36 158
6 37 14
6 38 118
6 39 0
6 40 83
6 41 78
6 42 159
6 43 22
6 44 111
6 45 101
6 46 5
6 47 121
6 48 52
6 49 56
6 50 97
6 51 194
6 52 195
6 53 8
6 54 125
6 55 171
6 56 83
6 57 117
6 58 179
6 59 181
6 60 132
6 61 69
6 62 122
6 63 73
6 64 9
6 65 103
6 66 192
6 67 44
6 68 97
6 69 3
6 70 72
6 71 103
6 72 112
6 73 12
6 74 120
6 75 118
6 76 83
6 77 94
6 78 70
6 79 165
6 80 178
6 81 20
6 82 20
6 83 177
6 84 179
6 85 106
6 86 72
6 87 107
6 88 59
6 89 64
6 90 98
6 91 61
6 92 129
6 93 25
6 94 54
6 95 79
6 96 22
6 97 92
6 98 172
6 99 63
7 8 191
7 9 92
7 10 140
7 11 78
7 12 138
7 13 168
7 14 14
7 15 62
7 16 154
7 17 159
7 18 20
7 19 7
7 20 10
7 21 110
7 22 58
7 23 188
7 24 67
7 25 153
7 26 97
7 27 177
7 28 81
7 29 20
7 30 62
7 31 136
7 32 178
7 33 20
7 34 60
7 35 107
7 36 30
7 37 98
7 38 44
7 39 20
7 40 160
7 41 128
7 42 1
7 43 98
7 44 25
7 45 98
7 46 139
7 47 63
7 48 72
7 49 177
7 50 31
7 51 124
7 52 107
7 53 20
7 54 13
7 55 69
7 56 154
7 57 8
7 58 137
7 59 167
7 60 196
7 61 105
7 62 139
7 63 3
7 64 63
7 65 155
7 66 49
7 67 141
7 68 102
7 69 180
7 70 161
7 71 175
7 72 94
7 73 65
7 74 34
7 75 133
7 76 80
7 77 92
7 78 177
7 79 2
7 80 133
7 81 157
7 82 19
7 83 152
7 84 75
7 85 125
7 86 116
7 87 56
7 88 184
7 89 69
7 90 46
7 91 9
7 92 134
7 93 148
7 94 193
7 95 92
7 96 147
7 97 50
7 98 125
7 99 187
8 9 132
8 10 15
8 11 84
8 12 181
8 13 92
8 14 71
8 15 107
8 16 87
8 17 142
8 18 37
8 19 173
8 20 65
8 21 100
8 22 136
8 23 96
8 24 14
8 25 29
8 26 184
8 27 159
8 28 192
8 29 81
8 30 109
8 31 132
8 32 32
8 33 124
8 34 151
8 35 68
8 36 154
8 37 40
8 38 8
8 39 55
8 40 46
8 41 83
8 42 8
8 43 174
8 44 65
8 45 68
8 46 55
8 47 113
8 48 40
8 49 47
8 50 140
8 51 23
8 52 181
8 53 142
8 54 157
8 55 44
8 56 133
8 57 181
8 58 28
8 59 98
8 60 98
8 61 114
8 62 111
8 63 163
8 64 199
8 65 161
8 66 129
8 67 145
8 68 134
8 69 18
8 70 90
8 71 182
8 72 58
8 73 177
8 74 69
8 75 60
8 76 115
8 77 172
8 78 10
8 79 37
8 80 30
8 81 113
8 82 150
8 83 20
8 84 48
8 85 30
8 86 126
8 87 90
8 88 123
8 89 136
8 90 65
8 91 7
8 92 182
8 93 99
8 94 146
8 95 52
8 96 59
8 97 47
8 98 104
8 99 98
