100 3774
0 1 185
0 2 55
0 3 176
0 4 68
0 5 84
0 6 52
0 7 12
0 8 74
0 9 145
0 10 194
0 11 12
0 12 18
0 13 123
0 14 43
0 15 118
0 16 64
0 17 42
0 18 171
0 19 167
0 20 200
0 21 95
0 22 25
0 23 10
0 24 91
0 25 115
0 26 159
0 27 48
0 28 123
0 29 174
0 30 12
0 31 68
0 32 73
0 33 159
0 34 35
0 35 41
0 36 20
0 37 68
0 38 137
0 39 170
0 40 40
0 41 5
0 42 108
0 43 84
0 44 134
0 45 188
0 46 60
0 47 82
0 48 45
0 49 106
0 50 190
0 51 161
0 52 72
0 53 55
0 54 191
0 55 109
0 56 73
0 57 115
0 58 171
0 59 134
0 60 128
0 61 148
0 62 57
0 63 60
0 64 186
0 65 103
0 66 16
0 67 139
0 68 35
0 69 56
0 70 25
0 71 3
0 72 24
0 73 95
0 74 18
0 75 112
0 76 156
0 77 14
0 78 86
0 79 7
0 80 79
0 81 129
0 82 192
0 83 43
0 84 74
0 85 98
0 86 86
0 87 40
0 88 117
0 89 147
0 90 75
0 91 72
0 92 128
0 93 74
0 94 169
0 95 142
0 96 194
0 97 121
0 98 156
0 99 46
1 2 95
1 3 46
1 4 120
1 5 182
1 6 144
1 7 94
1 8 53
1 9 152
1 10 86
1 11 153
1 12 165
1 13 169
1 14 99
1 15 147
1 16 113
1 17 45
1 18 30
1 19 39
1 20 71
1 21 21
1 22 155
1 23 105
1 24 179
1 25 56
1 26 18
1 27 136
1 28 172
1 29 27
1 30 46
1 31 141
1 32 18
1 33 164
1 34 93
1 35 183
1 36 189
1 37 117
1 38 191
1 39 188
1 40 53
1 41 20
1 42 139
1 43 79
1 44 65
1 45 113
1 46 137
1 47 89
1 48 184
1 49 192
1 50 17
1 51 78
1 52 10
1 53 59
1 54 11
1 55 8
1 56 101
1 57 88
1 58 164
1 59 92
1 60 93
1 61 55
1 62 118
1 63 5
1 64 32
1 65 83
1 66 174
1 67 200
1 68 2
1 69 30
1 70 102
1 71 23
1 72 93
1 73 6
1 74 119
1 75 164
1 76 68
1 77 8
1 78 119
1 79 126
1 80 59
1 81 24
1 82 11
1 83 20
1 84 137
1 85 146
1 86 48
1 87 131
1 88 18
1 89 171
1 90 166
1 91 94
1 92 155
1 93 191
1 94 185
1 95 145
1 96 50
1 97 37
1 98 147
1 99 129
2 3 127
2 4 39
2 5 102
2 6 148
2 7 25
2 8 62
2 9 116
2 10 74
2 11 6
2 12 190
2 13 175
2 14 192
2 15 56
2 16 149
2 17 126
2 18 14
2 19 88
2 20 188
2 21 52
2 22 27
2 23 90
2 24 143
2 25 183
2 26 115
2 27 152
2 28 104
2 29 122
2 30 31
2 31 29
2 32 190
2 33 172
2 34 28
2 35 130
2 36 91
2 37 31
2 38 109
2 39 4
2 40 46
2 41 124
2 42 21
2 43 54
2 44 177
2 45 114
2 46 168
2 47 10
2 48 142
2 49 109
2 50 165
2 51 191
2 52 24
2 53 87
2 54 86
2 55 121
2 56 102
2 57 72
2 58 98
2 59 93
2 60 120
2 61 53
2 62 63
2 63 131
2 64 173
2 65 32
2 66 6
2 67 99
2 68 4
2 69 140
2 70 180
2 71 75
2 72 57
2 73 113
2 74 180
2 75 178
2 76 110
2 77 25
2 78 107
2 79 174
2 80 30
2 81 193
2 82 82
2 83 138
2 84 73
2 85 163
2 86 39
2 87 144
2 88 159
2 89 156
2 90 66
2 91 92
2 92 70
2 93 135
2 94 15
2 95 34
2 96 161
2 97 55
2 98 5
2 99 2
3 4 145
3 5 8
3 6 165
3 7 144
3 8 12
3 9 93
3 10 144
3 11 102
3 12 48
3 13 94
3 14 77
3 15 27
3 16 123
3 17 86
3 18 157
3 19 181
3 20 104
3 21 22
3 22 156
3 23 8
3 24 155
3 25 56
3 26 111
3 27 176
3 28 122
3 29 180
3 30 167
3 31 120
3 32 162
3 33 11
3 34 140
3 35 95
3 36 158
3 37 91
3 38 107
3 39 14
3 40 128
3 41 148
3 42 169
3 43 173
3 44 180
3 45 39
3 46 94
3 47 142
3 48 58
3 49 103
3 50 140
3 51 39
3 52 176
3 53 129
3 54 126
3 55 160
3 56 86
3 57 176
3 58 198
3 59 99
3 60 34
3 61 123
3 62 93
3 63 58
3 64 197
3 65 67
3 66 189
3 67 177
3 68 153
3 69 23
3 70 115
3 71 5
3 72 193
3 73 134
3 74 87
3 75 97
3 76 4
3 77 12
3 78 2
3 79 135
3 80 0
3 81 48
3 82 23
3 83 40
3 84 5
3 85 50
3 86 113
3 87 16
3 88 58
3 89 194
3 90 166
3 91 155
3 92 172
3 93 150
3 94 134
3 95 37
3 96 83
3 97 138
3 98 138
3 99 67
4 5 89
4 6 109
4 7 81
4 8 55
4 9 116
4 10 148
4 11 87
4 12 75
4 13 31
4 14 33
4 15 188
4 16 69
4 17 44
4 18 120
4 19 52
4 20 81
4 21 31
4 22 101
4 23 104
4 24 11
4 25 45
4 26 171
4 27 139
4 28 51
4 29 104
4 30 53
4 31 141
4 32 191
4 33 27
4 34 189
4 35 60
4 36 48
4 37 50
4 38 93
4 39 34
4 40 172
4 41 35
4 42 40
4 43 34
4 44 160
4 45 125
4 46 88
4 47 123
4 48 195
4 49 197
4 50 198
4 51 138
4 52 22
4 53 172
4 54 59
4 55 78
4 56 76
4 57 127
4 58 143
4 59 199
4 60 3
4 61 106
4 62 120
4 63 43
4 64 177
4 65 50
4 66 115
4 67 73
4 68 71
4 69 54
4 70 50
4 71 181
4 72 18
4 73 100
4 74 21
4 75 62
4 76 18
4 77 130
4 78 61
4 79 60
4 80 54
4 81 90
4 82 199
4 83 153
4 84 152
4 85 52
4 86 149
4 87 179
4 88 30
4 89 102
4 90 84
4 91 179
4 92 44
4 93 34
4 94 139
4 95 60
4 96 177
4 97 112
4 98 70
4 99 100
5 6 186
5 7 126
5 8 145
5 9 123
5 10 176
5 11 82
5 12 117
5 13 61
5 14 160
5 15 105
5 16 187
5 17 16
5 18 43
5 19 39
5 20 30
5 21 7
5 22 193
5 23 90
5 24 165
5 25 137
5 26 101
5 27 18
5 28 170
5 29 195
5 30 1
5 31 67
5 32 70
5 33 185
5 34 81
5 35 177
5 36 134
5 37 126
5 38 9
5 39 188
5 40 148
5 41 22
5 42 66
5 43 74
5 44 3
5 45 120
5 46 22
5 47 19
5 48 18
5 49 94
5 50 69
5 51 193
5 52 99
5 53 189
5 54 27
5 55 98
5 56 110
5 57 113
5 58 122
5 59 190
5 60 28
5 61 75
5 62 91
5 63 186
5 64 31
5 65 166
5 66 198
5 67 7
5 68 123
5 69 174
5 70 185
5 71 145
5 72 148
5 73 186
5 74 38
5 75 74
5 76 104
5 77 188
5 78 70
5 79 173
5 80 15
5 81 33
5 82 142
5 83 170
5 84 65
5 85 110
5 86 111
5 87 188
5 88 118
5 89 4
5 90 85
5 91 15
5 92 65
5 93 56
5 94 59
5 95 170
5 96 2
5 97 143
5 98 134
5 99 22
6 7 177
6 8 12
6 9 22
6 10 122
6 11 112
6 12 120
6 13 105
6 14 30
6 15 6
6 16 14
6 17 188
6 18 66
6 19 53
6 20 105
6 21 153
6 22 147
6 23 183
6 24 111
6 25 54
6 26 185
6 27 105
6 28 40
6 29 31
6 30 192
6 31 190
6 32 80
6 33 8
6 34 98
6 35 71
6 36 67
6 37 150
6 38 91
6 39 195
6 40 116
6 41 17
6 42 99
6 43 41
6 44 199
6 45 60
6 46 137
6 47 88
6 48 78
6 49 37
6 50 123
6 51 189
6 52 135
6 53 169
6 54 109
6 55 106
6 56 176
6 57 0
6 58 165
6 59 139
6 60 16
6 61 190
6 62 190
6 63 180
6 64 140
6 65 43
6 66 160
6 67 27
6 68 148
6 69 5
6 70 78
6 71 78
6 72 81
6 73 150
6 74 134
6 75 72
6 76 105
6 77 152
6 78 152
6 79 26
6 80 85
6 81 89
6 82 177
6 83 65
6 84 171
6 85 125
6 86 87
6 87 158
6 88 121
6 89 59
6 90 158
6 91 45
6 92 193
6 93 0
6 94 11
6 95 54
6 96 29
6 97 130
6 98 151
6 99 160
7 8 6
7 9 134
7 10 3
7 11 6
7 12 142
7 13 128
7 14 63
7 15 195
7 16 43
7 17 28
7 18 195
7 19 78
7 20 32
7 21 107
7 22 135
7 23 30
7 24 183
7 25 197
7 26 165
7 27 200
7 28 177
7 29 182
7 30 3
7 31 65
7 32 156
7 33 145
7 34 62
7 35 175
7 36 188
7 37 60
7 38 137
7 39 159
7 40 62
7 41 94
7 42 45
7 43 164
7 44 30
7 45 29
7 46 200
7 47 37
7 48 170
7 49 39
7 50 22
7 51 62
7 52 122
7 53 177
7 54 54
7 55 26
7 56 44
7 57 165
7 58 67
7 59 109
7 60 168
7 61 111
7 62 5
7 63 104
7 64 52
7 65 160
7 66 97
7 67 177
7 68 196
7 69 99
7 70 166
7 71 87
7 72 96
7 73 43
7 74 88
7 75 189
7 76 91
7 77 167
7 78 84
7 79 155
7 80 169
7 81 79
7 82 98
7 83 187
7 84 200
7 85 110
7 86 50
7 87 86
7 88 164
7 89 101
7 90 143
7 91 103
7 92 39
7 93 111
7 94 78
7 95 32
7 96 18
7 97 65
7 98 145
7 99 171
8 9 41
8 10 144
8 11 129
8 12 197
8 13 175
8 14 103
8 15 157
8 16 153
8 17 187
8 18 64
8 19 197
8 20 110
8 21 186
8 22 176
8 23 98
8 24 106
8 25 142
8 26 114
8 27 63
8 28 173
8 29 14
8 30 16
8 31 122
8 32 55
8 33 154
8 34 107
8 35 75
8 36 119
8 37 37
8 38 131
8 39 0
8 40 84
8 41 179
8 42 119
8 43 59
8 44 40
8 45 190
8 46 81
8 47 54
8 48 36
8 49 129
8 50 32
8 51 23
8 52 114
8 53 175
8 54 64
8 55 143
8 56 40
8 57 27
8 58 107
8 59 102
8 60 109
8 61 71
8 62 185
8 63 168
8 64 135
8 65 19
8 66 187
8 67 14
8 68 65
8 69 35
8 70 188
8 71 116
8 72 135
8 73 77
8 74 38
8 75 11
8 76 133
8 77 190
8 78 174
8 79 66
8 80 166
8 81 162
8 82 126
8 83 113
8 84 145
8 85 53
8 86 61
8 87 9
8 88 128
8 89 34
8 90 129
8 91 112
8 92 24
8 93 66
8 94 77
8 95 3
8 96 8
8 97 95
8 98 102
8 99 150
9 10 80
9 11 135
9 12 28
9 13 76
9 14 94
9 15 77
9 16 170
9 17 87
9 18 171
9 19 129
9 20 67
9 21 28
9 22 114
9 23 106
9 24 193
9 25 19
9 26 39
9 27 165
9 28 142
9 29 69
9 30 58
9 31 26
9 32 110
9 33 87
9 34 182
9 35 123
9 36 173
9 37 185
9 38 78
9 39 98
9 40 49
9 41 198
9 42 82
9 43 13
9 44 152
9 45 83
9 46 33
9 47 188
9 48 148
9 49 110
9 50 57
9 51 65
9 52 196
9 53 163
9 54 18
9 55 73
9 56 187
9 57 100
9 58 162
9 59 156
9 60 102
9 61 1
9 62 86
9 63 188
9 64 45
9 65 99
9 66 137
9 67 82
9 68 10
9 69 122
9 70 83
9 71 3
9 72 99
9 73 114
9 74 33
9 75 160
9 76 186
9 77 56
9 78 90
9 79 179
9 80 110
9 81 159
9 82 11
9 83 97
9 84 101
9 85 184
9 86 76
9 87 57
9 88 124
9 89 67
9 90 121
9 91 21
9 92 83
9 93 5
9 94 162
9 95 145
9 96 37
9 97 54
9 98 34
9 99 91
10 11 15
10 12 33
10 13 75
10 14 65
10 15 197
10 16 54
10 17 27
10 18 37
10 19 55
10 20 21
10 21 78
10 22 55
10 23 107
10 24 79
10 25 51
10 26 128
10 27 182
10 28 46
10 29 43
10 30 139
10 31 3
10 32 194
10 33 125
10 34 191
10 35 175
10 36 97
10 37 24
10 38 100
10 39 184
10 40 197
10 41 5
10 42 111
10 43 114
10 44 81
10 45 14
10 46 188
10 47 176
10 48 63
10 49 124
10 50 54
10 51 46
10 52 189
10 53 188
10 54 131
10 55 48
10 56 139
10 57 72
10 58 195
10 59 15
10 60 168
10 61 173
10 62 154
10 63 64
10 64 24
10 65 62
10 66 161
10 67 172
10 68 143
10 69 98
10 70 182
10 71 25
10 72 158
10 73 101
10 74 9
10 75 102
10 76 163
10 77 30
10 78 186
10 79 80
10 80 130
10 81 121
10 82 142
10 83 105
10 84 23
10 85 129
10 86 185
10 87 191
10 88 157
10 89 147
10 90 24
10 91 175
10 92 153
10 93 88
10 94 97
10 95 107
10 96 21
10 97 22
10 98 7
10 99 160
11 12 46
11 13 162
11 14 83
11 15 72
11 16 31
11 17 48
11 18 61
11 19 121
11 20 173
11 21 149
11 22 174
11 23 14
11 24 140
11 25 158
11 26 128
11 27 139
11 28 78
11 29 69
11 30 138
11 31 135
11 32 170
11 33 2
11 34 89
11 35 94
11 36 3
11 37 173
11 38 180
11 39 123
11 40 76
11 41 68
11 42 119
11 43 6
11 44 128
11 45 113
11 46 158
11 47 161
11 48 146
11 49 114
11 50 50
11 51 18
11 52 200
11 53 167
11 54 103
11 55 62
11 56 106
11 57 8
11 58 62
11 59 156
11 60 159
11 61 172
11 62 112
11 63 127
11 64 141
11 65 38
11 66 56
11 67 1
11 68 157
11 69 34
11 70 198
11 71 79
11 72 21
11 73 175
11 74 150
11 75 134
11 76 182
11 77 187
11 78 97
11 79 158
11 80 136
11 81 110
11 82 139
11 83 58
11 84 80
11 85 20
11 86 9
11 87 166
11 88 175
11 89 27
11 90 131
11 91 176
11 92 5
11 93 121
11 94 158
11 95 133
11 96 126
11 97 187
11 98 51
11 99 0
12 13 27
12 14 73
12 15 20
12 16 142
12 17 193
12 18 77
12 19 121
12 20 19
12 21 23
12 22 188
12 23 12
12 24 174
12 25 89
12 26 195
12 27 94
12 28 43
12 29 72
12 30 35
12 31 49
12 32 35
12 33 159
12 34 169
12 35 52
12 36 159
12 37 70
12 38 123
12 39 31
12 40 199
12 41 52
12 42 110
12 43 85
12 44 161
12 45 61
12 46 29
12 47 172
12 48 117
12 49 138
12 50 125
12 51 171
12 52 180
12 53 153
12 54 12
12 55 125
12 56 159
12 57 40
12 58 45
12 59 23
12 60 173
12 61 159
12 62 102
12 63 34
12 64 44
12 65 192
12 66 120
12 67 59
12 68 81
12 69 7
12 70 169
12 71 156
12 72 118
12 73 120
12 74 60
12 75 26
12 76 107
12 77 117
12 78 35
12 79 111
12 80 185
12 81 48
12 82 105
12 83 34
12 84 55
12 85 50
12 86 76
12 87 24
12 88 152
12 89 128
12 90 120
12 91 107
12 92 162
12 93 13
12 94 82
12 95 82
12 96 190
12 97 58
12 98 56
12 99 122
13 14 107
13 15 196
13 16 65
13 17 132
13 18 195
13 19 146
13 20 182
13 21 92
13 22 79
13 23 183
13 24 119
13 25 50
13 26 123
13 27 58
13 28 69
13 29 145
13 30 133
13 31 70
13 32 162
13 33 107
13 34 164
13 35 87
13 36 97
13 37 145
13 38 173
13 39 111
13 40 172
13 41 165
13 42 107
13 43 121
13 44 108
13 45 191
13 46 73
13 47 51
13 48 50
13 49 96
13 50 149
13 51 58
13 52 178
13 53 24
13 54 16
13 55 83
13 56 11
13 57 81
13 58 146
13 59 56
13 60 137
13 61 49
13 62 29
13 63 136
13 64 166
13 65 174
13 66 50
13 67 48
13 68 182
13 69 45
13 70 100
13 71 45
13 72 95
13 73 195
13 74 170
13 75 75
13 76 53
13 77 71
13 78 157
13 79 48
13 80 54
13 81 50
13 82 174
13 83 3
13 84 1
13 85 196
13 86 137
13 87 114
13 88 28
13 89 37
13 90 29
13 91 162
13 92 20
13 93 179
13 94 185
13 95 20
13 96 52
13 97 29
13 98 189
13 99 138
14 15 60
14 16 64
14 17 83
14 18 57
14 19 139
14 20 60
14 21 37
14 22 68
14 23 126
14 24 159
14 25 66
14 26 49
14 27 124
14 28 123
14 29 107
14 30 94
14 31 154
14 32 198
14 33 79
14 34 183
14 35 185
14 36 179
14 37 137
14 38 189
14 39 116
14 40 75
14 41 113
14 42 70
14 43 141
14 44 72
14 45 12
14 46 33
14 47 146
14 48 85
14 49 198
14 50 181
14 51 20
14 52 127
14 53 189
14 54 71
14 55 128
14 56 44
14 57 80
14 58 177
14 59 9
14 60 39
14 61 46
14 62 60
14 63 186
14 64 136
14 65 120
14 66 91
14 67 94
14 68 125
14 69 138
14 70 112
14 71 135
14 72 101
14 73 113
14 74 81
14 75 101
14 76 3
14 77 170
14 78 91
14 79 104
14 80 157
14 81 95
14 82 91
14 83 158
14 84 36
14 85 190
14 86 21
14 87 125
14 88 50
14 89 67
14 90 185
14 91 162
14 92 5
14 93 9
14 94 86
14 95 108
14 96 134
14 97 187
14 98 33
14 99 64
15 16 146
15 17 77
15 18 20
15 19 181
15 20 37
15 21 95
15 22 41
15 23 93
15 24 174
15 25 84
15 26 42
15 27 184
15 28 167
15 29 47
15 30 71
15 31 70
15 32 149
15 33 0
15 34 133
15 35 65
15 36 71
15 37 8
15 38 3
15 39 128
15 40 164
15 41 178
15 42 51
15 43 118
15 44 52
15 45 16
15 46 22
15 47 23
15 48 14
15 49 141
15 50 108
15 51 199
15 52 150
15 53 18
15 54 24
15 55 32
15 56 89
15 57 98
15 58 11
15 59 5
15 60 147
15 61 47
15 62 147
15 63 143
15 64 78
15 65 42
15 66 96
15 67 66
15 68 107
15 69 148
15 70 140
15 71 146
15 72 44
15 73 38
15 74 117
15 75 8
15 76 97
15 77 49
15 78 171
15 79 132
15 80 147
15 81 65
15 82 9
15 83 1
15 84 98
15 85 192
15 86 102
15 87 171
15 88 190
15 89 107
15 90 104
15 91 23
15 92 159
15 93 130
15 94 103
15 95 96
15 96 107
15 97 195
15 98 155
15 99 117
16 17 130
16 18 91
16 19 107
16 20 63
16 21 163
16 22 135
16 23 109
16 24 20
16 25 68
16 26 21
16 27 124
16 28 35
16 29 160
16 30 28
16 31 51
16 32 115
16 33 40
16 34 87
16 35 69
16 36 135
16 37 55
16 38 67
16 39 103
16 40 143
16 41 85
16 42 155
16 43 45
16 44 7
16 45 160
16 46 54
16 47 170
16 48 138
16 49 5
16 50 138
16 51 41
16 52 182
16 53 114
16 54 112
16 55 103
16 56 126
16 57 191
16 58 83
16 59 65
16 60 5
16 61 195
16 62 145
16 63 138
16 64 21
16 65 107
16 66 91
16 67 84
16 68 38
16 69 14
16 70 30
16 71 25
16 72 119
16 73 196
16 74 165
16 75 106
16 76 94
16 77 37
16 78 111
16 79 66
16 80 51
16 81 130
16 82 124
16 83 23
16 84 129
16 85 192
16 86 130
16 87 68
16 88 104
16 89 197
16 90 97
16 91 173
16 92 69
16 93 11
16 94 75
16 95 111
16 96 55
16 97 169
16 98 155
16 99 152
17 18 9
17 19 86
17 20 52
17 21 142
17 22 176
17 23 117
17 24 47
17 25 33
17 26 195
17 27 25
17 28 142
17 29 50
17 30 59
17 31 76
17 32 120
17 33 163
17 34 17
17 35 139
17 36 149
17 37 27
17 38 52
17 39 142
17 40 84
17 41 124
17 42 189
17 43 184
17 44 26
17 45 146
17 46 148
17 47 192
17 48 191
17 49 42
17 50 178
17 51 6
17 52 93
17 53 188
17 54 84
17 55 181
17 56 124
17 57 177
17 58 101
17 59 173
17 60 8
17 61 177
17 62 163
17 63 166
17 64 37
17 65 23
17 66 185
17 67 185
17 68 12
17 69 65
17 70 168
17 71 139
17 72 31
17 73 65
17 74 198
17 75 111
17 76 140
17 77 0
17 78 128
17 79 168
17 80 93
17 81 87
17 82 6
17 83 116
17 84 84
17 85 66
17 86 166
17 87 8
17 88 26
17 89 41
17 90 69
17 91 143
17 92 107
17 93 187
17 94 9
17 95 147
17 96 111
17 97 122
17 98 118
17 99 48
18 19 81
18 20 191
18 21 80
18 22 88
18 23 63
18 24 18
18 25 0
18 26 109
18 27 88
18 28 105
18 29 148
18 30 132
18 31 157
18 32 100
18 33 110
18 34 64
18 35 69
18 36 168
18 37 70
18 38 196
18 39 109
18 40 35
18 41 98
18 42 44
18 43 190
18 44 51
18 45 112
18 46 36
18 47 32
18 48 182
18 49 7
18 50 127
18 51 119
18 52 121
18 53 200
18 54 74
18 55 7
18 56 131
18 57 16
18 58 157
18 59 9
18 60 180
18 61 71
18 62 10
18 63 76
18 64 34
18 65 64
18 66 158
18 67 99
18 68 24
18 69 54
18 70 59
18 71 90
18 72 165
18 73 59
18 74 26
18 75 1
18 76 12
18 77 29
18 78 183
18 79 163
18 80 5
18 81 52
18 82 59
18 83 43
18 84 59
18 85 44
18 86 18
18 87 13
18 88 88
18 89 12
18 90 189
18 91 38
18 92 161
18 93 23
18 94 173
18 95 99
18 96 42
18 97 3
18 98 61
18 99 68
19 20 83
19 21 125
19 22 174
19 23 42
19 24 33
19 25 78
19 26 17
19 27 46
19 28 126
19 29 74
19 30 58
19 31 22
19 32 174
19 33 48
19 34 115
19 35 41
19 36 112
19 37 67
19 38 48
19 39 75
19 40 24
19 41 22
19 42 180
19 43 81
19 44 192
19 45 170
19 46 32
19 47 36
19 48 60
19 49 122
19 50 73
19 51 148
19 52 41
19 53 54
19 54 32
19 55 130
19 56 10
19 57 162
19 58 86
19 59 88
19 60 52
19 61 73
19 62 39
19 63 185
19 64 48
19 65 69
19 66 136
19 67 200
19 68 158
19 69 131
19 70 102
19 71 125
19 72 116
19 73 164
19 74 52
19 75 147
19 76 104
19 77 178
19 78 189
19 79 94
19 80 186
19 81 54
19 82 116
19 83 41
19 84 129
19 85 88
19 86 30
19 87 70
19 88 135
19 89 61
19 90 88
19 91 67
19 92 25
19 93 158
19 94 109
19 95 109
19 96 101
19 97 163
19 98 2
19 99 78
20 21 181
20 22 179
20 23 8
20 24 28
20 25 147
20 26 200
20 27 63
20 28 63
20 29 2
20 30 13
20 31 80
20 32 152
20 33 96
20 34 29
20 35 32
20 36 124
20 37 65
20 38 31
20 39 28
20 40 72
20 41 189
20 42 79
20 43 142
20 44 5
20 45 163
20 46 84
20 47 25
20 48 98
20 49 120
20 50 10
20 51 198
20 52 74
20 53 7
20 54 2
20 55 153
20 56 176
20 57 152
20 58 72
20 59 30
20 60 81
20 61 182
20 62 118
20 63 107
20 64 176
20 65 70
20 66 159
20 67 35
20 68 131
20 69 94
20 70 11
20 71 127
20 72 155
20 73 8
20 74 104
20 75 117
20 76 148
20 77 41
20 78 57
20 79 180
20 80 18
20 81 27
20 82 106
20 83 22
20 84 60
20 85 77
20 86 59
20 87 4
20 88 40
20 89 157
20 90 4
20 91 31
20 92 28
20 93 45
20 94 99
20 95 78
20 96 6
20 97 102
20 98 107
20 99 6
21 22 85
21 23 72
21 24 157
21 25 116
21 26 34
21 27 129
21 28 18
21 29 94
21 30 48
21 31 1
21 32 78
21 33 145
21 34 29
21 35 128
21 36 190
21 37 129
21 38 74
21 39 114
21 40 135
21 41 33
21 42 59
21 43 8
21 44 191
21 45 105
21 46 192
21 47 93
21 48 181
21 49 49
21 50 92
21 51 72
21 52 30
21 53 6
21 54 133
21 55 42
21 56 130
21 57 175
21 58 81
21 59 47
21 60 15
21 61 61
21 62 80
21 63 193
21 64 179
21 65 128
21 66 46
21 67 155
21 68 139
21 69 153
21 70 153
21 71 154
21 72 23
21 73 136
21 74 162
21 75 197
21 76 64
21 77 183
21 78 121
21 79 122
21 80 153
21 81 120
21 82 150
21 83 85
21 84 193
21 85 152
21 86 86
21 87 78
21 88 194
21 89 55
21 90 55
21 91 79
21 92 77
21 93 84
21 94 174
21 95 146
21 96 112
21 97 113
21 98 123
21 99 40
22 23 134
22 24 5
22 25 22
22 26 48
22 27 10
22 28 24
22 29 36
22 30 90
22 31 143
22 32 58
22 33 141
22 34 72
22 35 103
22 36 70
22 37 94
22 38 92
22 39 194
22 40 161
22 41 74
22 42 144
22 43 68
22 44 65
22 45 89
22 46 183
22 47 127
22 48 58
22 49 83
22 50 193
22 51 95
22 52 181
22 53 2
22 54 121
22 55 176
22 56 95
22 57 21
22 58 107
22 59 126
22 60 79
22 61 54
22 62 132
22 63 192
22 64 104
22 65 180
22 66 135
22 67 189
22 68 166
22 69 163
22 70 143
22 71 128
22 72 136
22 73 49
22 74 24
22 75 5
22 76 186
22 77 71
22 78 117
22 79 52
22 80 89
22 81 18
22 82 69
22 83 9
22 84 123
22 85 140
22 86 68
22 87 176
22 88 74
22 89 10
22 90 154
22 91 57
22 92 30
22 93 154
22 94 166
22 95 155
22 96 83
22 97 132
22 98 162
22 99 118
23 24 51
23 25 162
23 26 94
23 27 86
23 28 23
23 29 43
23 30 40
23 31 164
23 32 33
23 33 23
23 34 8
23 35 139
23 36 67
23 37 2
23 38 67
23 39 165
23 40 31
23 41 58
23 42 111
23 43 10
23 44 167
23 45 7
23 46 51
23 47 17
23 48 30
23 49 43
23 50 101
23 51 13
23 52 132
23 53 87
23 54 2
23 55 97
23 56 68
23 57 25
23 58 147
23 59 7
23 60 38
23 61 46
23 62 63
23 63 82
23 64 125
23 65 11
23 66 42
23 67 161
23 68 27
23 69 122
23 70 29
23 71 169
23 72 196
23 73 73
23 74 181
23 75 57
23 76 5
23 77 52
23 78 49
23 79 111
23 80 122
23 81 199
23 82 43
23 83 104
23 84 6
23 85 95
23 86 58
23 87 159
23 88 67
23 89 50
23 90 14
23 91 46
23 92 77
23 93 153
23 94 135
23 95 148
23 96 95
23 97 175
23 98 8
23 99 52
24 25 21
24 26 181
24 27 97
24 28 88
24 29 10
24 30 93
24 31 49
24 32 178
24 33 143
24 34 175
24 35 183
24 36 5
24 37 33
24 38 18
24 39 171
24 40 70
24 41 50
24 42 132
24 43 23
24 44 42
24 45 26
24 46 120
24 47 148
24 48 53
24 49 165
24 50 4
24 51 4
24 52 188
24 53 195
24 54 10
24 55 134
24 56 155
24 57 188
24 58 121
24 59 111
24 60 137
24 61 102
24 62 199
24 63 155
24 64 67
24 65 12
24 66 27
24 67 160
24 68 80
24 69 19
24 70 48
24 71 118
24 72 132
24 73 115
24 74 35
24 75 174
24 76 94
24 77 151
24 78 193
24 79 192
24 80 134
24 81 60
24 82 81
24 83 58
24 84 113
24 85 90
24 86 111
24 87 58
24 88 115
24 89 37
24 90 1
24 91 21
24 92 192
24 93 105
24 94 182
24 95 119
24 96 137
24 97 90
24 98 166
24 99 94
25 26 126
25 27 48
25 28 24
25 29 135
25 30 17
25 31 114
25 32 72
25 33 185
25 34 95
25 35 52
25 36 194
25 37 166
25 38 11
25 39 68
25 40 35
25 41 31
25 42 97
25 43 103
25 44 130
25 45 62
25 46 193
25 47 130
25 48 71
25 49 199
25 50 167
25 51 4
25 52 174
25 53 104
25 54 193
25 55 97
25 56 28
25 57 93
25 58 103
25 59 129
25 60 151
25 61 95
25 62 120
25 63 0
25 64 153
25 65 149
25 66 35
25 67 18
25 68 153
25 69 163
25 70 139
25 71 152
25 72 121
25 73 94
25 74 12
25 75 181
25 76 120
25 77 93
25 78 110
25 79 121
25 80 165
25 81 1
25 82 88
25 83 92
25 84 194
25 85 196
25 86 90
25 87 77
25 88 120
25 89 199
25 90 111
25 91 177
25 92 2
25 93 114
25 94 191
25 95 3
25 96 141
25 97 63
25 98 190
25 99 79
26 27 177
26 28 82
26 29 169
26 30 128
26 31 19
26 32 124
26 33 48
26 34 61
26 35 168
26 36 56
26 37 47
26 38 40
26 39 191
26 40 196
26 41 156
26 42 71
26 43 115
26 44 192
26 45 1
26 46 172
26 47 189
26 48 146
26 49 179
26 50 115
26 51 68
26 52 36
26 53 19
26 54 20
26 55 34
26 56 157
26 57 167
26 58 46
26 59 195
26 60 53
26 61 57
26 62 49
26 63 113
26 64 139
26 65 86
26 66 59
26 67 31
26 68 112
26 69 19
26 70 12
26 71 73
26 72 13
26 73 73
26 74 170
26 75 40
26 76 62
26 77 51
26 78 8
26 79 29
26 80 85
26 81 161
26 82 48
26 83 87
26 84 73
26 85 44
26 86 142
26 87 76
26 88 139
26 89 109
26 90 163
26 91 196
26 92 8
26 93 92
26 94 34
26 95 77
26 96 52
26 97 107
26 98 69
26 99 168
27 28 179
27 29 35
27 30 42
27 31 70
27 32 156
27 33 40
27 34 189
27 35 93
27 36 59
27 37 198
27 38 69
27 39 50
27 40 154
27 41 11
27 42 35
27 43 100
27 44 55
27 45 0
27 46 119
27 47 159
27 48 105
27 49 97
27 50 119
27 51 18
27 52 154
27 53 79
27 54 173
27 55 0
27 56 68
27 57 157
27 58 132
27 59 6
27 60 197
27 61 62
27 62 108
27 63 62
27 64 122
27 65 151
27 66 57
27 67 43
27 68 74
27 69 173
27 70 182
27 71 133
27 72 124
27 73 13
27 74 25
27 75 61
27 76 70
27 77 147
27 78 131
27 79 179
27 80 162
27 81 57
27 82 182
27 83 50
27 84 81
27 85 9
27 86 184
27 87 62
27 88 155
27 89 144
27 90 31
27 91 174
27 92 17
27 93 103
27 94 189
27 95 60
27 96 64
27 97 56
27 98 168
27 99 17
28 29 168
28 30 15
28 31 78
28 32 86
28 33 11
28 34 46
28 35 182
28 36 187
28 37 20
28 38 26
28 39 48
28 40 2
28 41 46
28 42 26
28 43 125
28 44 166
28 45 29
28 46 1
28 47 131
28 48 140
28 49 89
28 50 96
28 51 161
28 52 113
28 53 106
28 54 200
28 55 128
28 56 126
28 57 8
28 58 32
28 59 173
28 60 34
28 61 173
28 62 56
28 63 9
28 64 40
28 65 129
28 66 108
28 67 22
28 68 161
28 69 163
28 70 188
28 71 11
28 72 33
28 73 144
28 74 34
28 75 17
28 76 25
28 77 63
28 78 80
28 79 32
28 80 96
28 81 96
28 82 97
28 83 189
28 84 97
28 85 23
28 86 15
28 87 16
28 88 165
28 89 73
28 90 79
28 91 159
28 92 81
28 93 153
28 94 97
28 95 79
28 96 55
28 97 102
28 98 156
28 99 117
29 30 66
29 31 13
29 32 46
29 33 127
29 34 16
29 35 155
29 36 74
29 37 193
29 38 199
29 39 134
29 40 84
29 41 22
29 42 89
29 43 114
29 44 47
29 45 159
29 46 97
29 47 48
29 48 39
29 49 22
29 50 157
29 51 185
29 52 22
29 53 173
29 54 177
29 55 110
29 56 68
29 57 55
29 58 136
29 59 5
29 60 187
29 61 1
29 62 187
29 63 166
29 64 91
29 65 1
29 66 95
29 67 163
29 68 101
29 69 197
29 70 182
29 71 8
29 72 100
29 73 23
29 74 69
29 75 131
29 76 145
29 77 169
29 78 169
29 79 117
29 80 30
29 81 108
29 82 105
29 83 194
29 84 21
29 85 12
29 86 139
29 87 83
29 88 184
29 89 196
29 90 28
29 91 106
29 92 139
29 93 34
29 94 148
29 95 122
29 96 193
29 97 44
29 98 196
29 99 16
30 31 163
30 32 60
30 33 6
30 34 28
30 35 99
30 36 138
30 37 129
30 38 15
30 39 116
30 40 34
30 41 70
30 42 165
30 43 82
30 44 77
30 45 172
30 46 121
30 47 159
30 48 133
30 49 42
30 50 134
30 51 122
30 52 42
30 53 162
30 54 162
30 55 67
30 56 45
30 57 145
30 58 169
30 59 20
30 60 102
30 61 169
30 62 137
30 63 138
30 64 135
30 65 150
30 66 147
30 67 126
30 68 100
30 69 188
30 70 91
30 71 55
30 72 166
30 73 81
30 74 197
30 75 30
30 76 177
30 77 58
30 78 188
30 79 169
30 80 67
30 81 186
30 82 144
30 83 78
30 84 54
30 85 73
30 86 65
30 87 107
30 88 98
30 89 152
30 90 178
30 91 43
30 92 108
30 93 12
30 94 167
30 95 4
30 96 185
30 97 96
30 98 57
30 99 54
31 32 8
31 33 75
31 34 129
31 35 97
31 36 6
31 37 85
31 38 72
31 39 87
31 40 19
31 41 96
31 42 95
31 43 125
31 44 137
31 45 103
31 46 35
31 47 25
31 48 50
31 49 117
31 50 31
31 51 190
31 52 22
31 53 90
31 54 179
31 55 94
31 56 176
31 57 137
31 58 176
31 59 131
31 60 71
31 61 149
31 62 182
31 63 83
31 64 89
31 65 152
31 66 111
31 67 75
31 68 192
31 69 131
31 70 112
31 71 29
31 72 149
31 73 175
31 74 166
31 75 0
31 76 80
31 77 142
31 78 65
31 79 171
31 80 44
31 81 173
31 82 135
31 83 172
31 84 198
31 85 156
31 86 32
31 87 90
31 88 46
31 89 153
31 90 44
31 91 163
31 92 102
31 93 94
31 94 75
31 95 147
31 96 85
31 97 124
31 98 95
31 99 127
32 33 100
32 34 80
32 35 74
32 36 125
32 37 115
32 38 7
32 39 163
32 40 9
32 41 77
32 42 60
32 43 198
32 44 46
32 45 138
32 46 79
32 47 67
32 48 24
32 49 81
32 50 133
32 51 16
32 52 26
32 53 161
32 54 133
32 55 161
32 56 35
32 57 107
32 58 86
32 59 81
32 60 89
32 61 63
32 62 144
32 63 87
32 64 36
32 65 132
32 66 132
32 67 121
32 68 27
32 69 165
32 70 167
32 71 20
32 72 15
32 73 40
32 74 189
32 75 78
32 76 102
32 77 50
32 78 37
32 79 120
32 80 22
32 81 126
32 82 77
32 83 29
32 84 132
32 85 190
32 86 167
32 87 151
32 88 10
32 89 124
32 90 50
32 91 108
32 92 111
32 93 107
32 94 83
32 95 160
32 96 62
32 97 102
32 98 154
32 99 89
33 34 10
33 35 13
33 36 34
33 37 92
33 38 190
33 39 130
33 40 158
33 41 33
33 42 123
33 43 108
33 44 173
33 45 6
33 46 103
33 47 10
33 48 100
33 49 180
33 50 133
33 51 56
33 52 108
33 53 118
33 54 141
33 55 49
33 56 189
33 57 51
33 58 145
33 59 2
33 60 106
33 61 81
33 62 136
33 63 14
33 64 2
33 65 123
33 66 159
33 67 6
33 68 158
33 69 60
33 70 175
33 71 178
33 72 80
33 73 115
33 74 30
33 75 130
33 76 156
33 77 0
33 78 108
33 79 177
33 80 121
33 81 126
33 82 23
33 83 136
33 84 82
33 85 160
33 86 25
33 87 68
33 88 121
33 89 62
33 90 195
33 91 171
33 92 103
33 93 68
33 94 200
33 95 182
33 96 89
33 97 124
33 98 175
33 99 3
34 35 23
34 36 135
34 37 181
34 38 115
34 39 142
34 40 65
34 41 185
34 42 60
34 43 27
34 44 131
34 45 17
34 46 124
34 47 93
34 48 179
34 49 19
34 50 155
34 51 148
34 52 17
34 53 56
34 54 47
34 55 67
34 56 12
34 57 178
34 58 89
34 59 31
34 60 189
34 61 141
34 62 33
34 63 78
34 64 191
34 65 195
34 66 182
34 67 194
34 68 156
34 69 88
34 70 176
34 71 0
34 72 125
34 73 175
34 74 147
34 75 26
34 76 85
34 77 81
34 78 131
34 79 25
34 80 188
34 81 64
34 82 185
34 83 170
34 84 91
34 85 83
34 86 196
34 87 63
34 88 46
34 89 143
34 90 171
34 91 68
34 92 30
34 93 183
34 94 24
34 95 135
34 96 183
34 97 187
34 98 54
34 99 129
35 36 182
35 37 62
35 38 199
35 39 55
35 40 68
35 41 122
35 42 117
35 43 98
35 44 90
35 45 25
35 46 174
35 47 162
35 48 94
35 49 148
35 50 51
35 51 138
35 52 88
35 53 78
35 54 84
35 55 77
35 56 22
35 57 184
35 58 106
35 59 8
35 60 32
35 61 80
35 62 198
35 63 105
35 64 139
35 65 84
35 66 107
35 67 106
35 68 38
35 69 90
35 70 15
35 71 130
35 72 16
35 73 78
35 74 65
35 75 47
35 76 52
35 77 132
35 78 77
35 79 3
35 80 140
35 81 76
35 82 132
35 83 24
35 84 118
35 85 3
35 86 102
35 87 133
35 88 12
35 89 145
35 90 93
35 91 16
35 92 173
35 93 48
35 94 23
35 95 82
35 96 99
35 97 167
35 98 137
35 99 82
36 37 176
36 38 121
36 39 47
36 40 8
36 41 10
36 42 197
36 43 136
36 44 50
36 45 199
36 46 8
36 47 137
36 48 38
36 49 101
36 50 180
36 51 165
36 52 35
36 53 150
36 54 88
36 55 159
36 56 196
36 57 125
36 58 45
36 59 99
36 60 92
36 61 58
36 62 192
36 63 76
36 64 26
36 65 98
36 66 129
36 67 96
36 68 149
36 69 74
36 70 111
36 71 140
36 72 182
36 73 89
36 74 25
36 75 157
36 76 182
36 77 169
36 78 59
36 79 27
36 80 191
36 81 187
36 82 70
36 83 49
36 84 149
36 85 177
36 86 187
36 87 25
36 88 105
36 89 104
36 90 36
36 91 109
36 92 20
36 93 12
36 94 68
36 95 83
36 96 97
36 97 164
36 98 6
36 99 100
37 38 105
37 39 140
37 40 46
37 41 23
37 42 146
37 43 47
37 44 152
37 45 144
37 46 138
37 47 170
37 48 74
37 49 15
37 50 118
37 51 4
37 52 117
37 53 40
37 54 97
37 55 200
37 56 77
37 57 74
37 58 66
37 59 77
37 60 28
37 61 94
37 62 162
37 63 83
37 64 199
37 65 131
37 66 200
37 67 122
37 68 194
37 69 12
37 70 133
37 71 134
37 72 70
37 73 99
37 74 9
37 75 127
37 76 11
37 77 59
37 78 126
37 79 57
37 80 67
37 81 182
37 82 167
37 83 24
37 84 194
37 85 27
37 86 55
37 87 184
37 88 0
37 89 81
37 90 191
37 91 99
37 92 124
37 93 196
37 94 117
37 95 138
37 96 91
37 97 72
37 98 73
37 99 172
38 39 39
38 40 29
38 41 156
38 42 188
38 43 91
38 44 95
38 45 31
38 46 93
38 47 17
38 48 150
38 49 186
38 50 81
38 51 18
38 52 150
38 53 181
38 54 30
38 55 176
38 56 34
38 57 164
38 58 38
38 59 98
38 60 109
38 61 165
38 62 38
38 63 63
38 64 147
38 65 125
38 66 81
38 67 89
38 68 184
38 69 187
38 70 191
38 71 134
38 72 189
38 73 92
38 74 136
38 75 173
38 76 56
38 77 198
38 78 30
38 79 12
38 80 136
38 81 8
38 82 130
38 83 39
38 84 178
38 85 180
38 86 151
38 87 48
38 88 114
38 89 178
38 90 125
38 91 112
38 92 30
38 93 107
38 94 154
38 95 191
38 96 32
38 97 77
38 98 182
38 99 141
39 40 70
39 41 99
39 42 145
39 43 173
39 44 150
39 45 110
39 46 104
39 47 165
39 48 195
39 49 19
39 50 197
39 51 123
39 52 136
39 53 170
39 54 65
39 55 71
39 56 117
39 57 172
39 58 157
39 59 4
39 60 135
39 61 90
39 62 180
39 63 86
39 64 110
39 65 175
39 66 140
39 67 68
39 68 124
39 69 57
39 70 161
39 71 166
39 72 84
39 73 24
39 74 54
39 75 157
39 76 170
39 77 70
39 78 108
39 79 5
39 80 4
39 81 47
39 82 68
39 83 42
39 84 136
39 85 67
39 86 142
39 87 127
39 88 170
39 89 56
39 90 95
39 91 124
39 92 6
39 93 4
39 94 155
39 95 20
39 96 28
39 97 68
39 98 118
39 99 78
40 41 182
40 42 133
40 43 182
40 44 16
40 45 8
40 46 20
40 47 86
40 48 17
40 49 61
40 50 66
40 51 196
40 52 106
40 53 93
40 54 192
40 55 21
40 56 65
40 57 60
40 58 169
40 59 34
40 60 172
40 61 140
40 62 42
40 63 111
40 64 113
40 65 161
40 66 105
40 67 150
40 68 112
40 69 161
40 70 122
40 71 73
40 72 170
40 73 185
40 74 35
40 75 0
40 76 112
40 77 14
40 78 7
40 79 93
40 80 68
40 81 182
40 82 92
40 83 78
40 84 157
40 85 105
40 86 123
40 87 197
40 88 134
40 89 95
40 90 35
40 91 37
40 92 117
40 93 31
40 94 184
40 95 66
40 96 164
40 97 187
40 98 105
40 99 9
41 42 72
41 43 122
41 44 18
41 45 136
41 46 22
41 47 107
41 48 118
41 49 166
41 50 116
41 51 4
41 52 99
41 53 134
41 54 67
41 55 126
41 56 98
41 57 169
41 58 94
41 59 158
41 60 7
41 61 147
41 62 171
41 63 40
41 64 118
41 65 179
41 66 2
41 67 103
41 68 103
41 69 102
41 70 161
41 71 139
41 72 179
41 73 158
41 74 30
41 75 79
41 76 115
41 77 16
41 78 76
41 79 84
41 80 196
41 81 44
41 82 161
41 83 165
41 84 18
41 85 8
41 86 54
41 87 10
41 88 91
41 89 50
41 90 147
41 91 130
41 92 134
41 93 122
41 94 30
41 95 176
41 96 53
41 97 141
41 98 94
41 99 161
42 43 182
42 44 40
42 45 130
42 46 17
42 47 188
42 48 29
42 49 21
42 50 166
42 51 193
42 52 78
42 53 25
42 54 46
42 55 168
42 56 60
42 57 107
42 58 1
42 59 71
42 60 18
42 61 16
42 62 179
42 63 84
42 64 41
42 65 146
42 66 147
42 67 106
42 68 16
42 69 109
42 70 62
42 71 174
42 72 194
42 73 183
42 74 30
42 75 106
42 76 0
42 77 160
42 78 59
42 79 144
42 80 36
42 81 136
42 82 132
42 83 30
42 84 48
42 85 193
42 86 199
42 87 191
42 88 146
42 89 194
42 90 26
42 91 113
42 92 0
42 93 139
42 94 13
42 95 24
42 96 170
42 97 37
42 98 160
42 99 141
43 44 93
43 45 157
43 46 114
43 47 183
43 48 43
43 49 185
43 50 144
43 51 97
43 52 25
43 53 35
43 54 72
43 55 112
43 56 88
43 57 10
43 58 131
43 59 176
43 60 80
43 61 42
43 62 193
43 63 181
43 64 69
43 65 188
43 66 58
43 67 80
43 68 105
43 69 102
43 70 74
43 71 80
43 72 51
43 73 8
43 74 15
43 75 180
43 76 135
43 77 196
43 78 47
43 79 143
43 80 164
43 81 26
43 82 63
43 83 179
43 84 60
43 85 83
43 86 14
43 87 131
43 88 70
43 89 172
43 90 198
43 91 137
43 92 166
43 93 175
43 94 79
43 95 161
43 96 141
43 97 161
43 98 3
43 99 153
44 45 103
44 46 117
44 47 61
44 48 93
44 49 137
44 50 175
44 51 172
44 52 131
44 53 157
44 54 52
44 55 169
44 56 144
44 57 156
44 58 50
44 59 107
44 60 124
44 61 34
44 62 25
44 63 177
44 64 183
44 65 195
44 66 126
44 67 200
44 68 79
44 69 60
44 70 150
44 71 54
44 72 51
44 73 157
44 74 133
44 75 46
44 76 140
44 77 101
44 78 196
44 79 14
44 80 62
44 81 0
44 82 169
44 83 44
44 84 200
44 85 11
44 86 139
44 87 139
44 88 175
44 89 79
44 90 152
44 91 140
44 92 53
44 93 71
44 94 128
44 95 54
44 96 43
44 97 196
44 98 181
44 99 11
45 46 101
45 47 17
45 48 71
45 49 112
45 50 117
45 51 179
45 52 166
45 53 136
45 54 101
45 55 116
45 56 74
45 57 53
45 58 126
45 59 60
45 60 44
45 61 118
45 62 141
45 63 39
45 64 39
45 65 104
45 66 35
45 67 34
45 68 157
45 69 111
45 70 45
45 71 187
45 72 82
45 73 31
45 74 150
45 75 69
45 76 45
45 77 199
45 78 10
45 79 13
45 80 92
45 81 96
45 82 31
45 83 82
45 84 185
45 85 182
45 86 196
45 87 185
45 88 96
45 89 9
45 90 189
45 91 191
45 92 148
45 93 180
45 94 41
45 95 35
45 96 185
45 97 113
45 98 160
45 99 68
46 47 19
46 48 88
46 49 54
46 50 187
46 51 102
46 52 60
46 53 55
46 54 12
46 55 73
46 56 50
46 57 74
46 58 70
46 59 21
46 60 188
46 61 70
46 62 182
46 63 89
46 64 153
46 65 195
46 66 45
46 67 67
46 68 169
46 69 27
46 70 20
46 71 105
46 72 107
46 73 133
46 74 82
46 75 137
46 76 147
46 77 112
46 78 18
46 79 51
46 80 124
46 81 48
46 82 67
46 83 75
46 84 144
46 85 193
46 86 115
46 87 187
46 88 15
46 89 103
46 90 12
46 91 0
46 92 32
46 93 138
46 94 163
46 95 56
46 96 31
46 97 123
46 98 75
46 99 140
47 48 36
47 49 195
47 50 137
47 51 41
47 52 167
47 53 132
47 54 113
47 55 80
47 56 56
47 57 183
47 58 77
47 59 122
47 60 111
47 61 151
47 62 189
47 63 57
47 64 172
47 65 144
47 66 132
47 67 75
47 68 195
47 69 163
47 70 133
47 71 53
47 72 28
47 73 13
47 74 132
47 75 155
47 76 80
47 77 161
47 78 183
47 79 87
47 80 72
47 81 33
47 82 177
47 83 44
47 84 191
47 85 109
47 86 176
47 87 106
47 88 20
47 89 98
47 90 130
47 91 134
47 92 133
47 93 91
47 94 61
47 95 123
47 96 3
47 97 190
47 98 84
47 99 115
48 49 54
48 50 6
48 51 118
48 52 154
48 53 113
48 54 172
48 55 17
48 56 84
48 57 193
48 58 144
48 59 172
48 60 178
48 61 68
48 62 58
48 63 43
48 64 20
48 65 44
48 66 64
48 67 199
48 68 62
48 69 101
48 70 121
48 71 169
48 72 90
48 73 111
48 74 131
48 75 163
48 76 175
48 77 88
48 78 92
48 79 80
48 80 116
48 81 10
48 82 115
48 83 107
48 84 16
48 85 166
48 86 135
48 87 7
48 88 63
48 89 197
48 90 108
48 91 182
48 92 1
48 93 88
48 94 8
48 95 113
48 96 28
48 97 163
48 98 77
48 99 17
49 50 163
49 51 83
49 52 22
49 53 163
49 54 101
49 55 50
49 56 26
49 57 57
49 58 72
49 59 16
49 60 170
49 61 185
49 62 12
49 63 3
49 64 170
49 65 122
49 66 104
49 67 194
49 68 111
49 69 127
49 70 56
49 71 141
49 72 75
49 73 159
49 74 82
49 75 174
49 76 77
49 77 13
49 78 67
49 79 138
49 80 167
49 81 21
49 82 169
49 83 66
49 84 6
49 85 30
49 86 133
49 87 86
49 88 19
49 89 175
49 90 82
49 91 47
49 92 23
49 93 197
49 94 125
49 95 169
49 96 90
49 97 159
49 98 146
49 99 92
50 51 31
50 52 62
50 53 82
50 54 14
50 55 114
50 56 192
50 57 59
50 58 156
50 59 102
50 60 122
50 61 105
50 62 59
50 63 83
50 64 136
50 65 130
50 66 8
50 67 147
50 68 153
50 69 143
50 70 16
50 71 131
50 72 128
50 73 171
50 74 46
50 75 154
50 76 117
50 77 117
50 78 196
50 79 90
50 80 96
50 81 134
50 82 164
50 83 67
50 84 92
50 85 181
50 86 41
50 87 38
50 88 172
50 89 24
50 90 183
50 91 14
50 92 128
50 93 107
50 94 27
50 95 101
50 96 170
50 97 80
50 98 151
50 99 3
