100 4944
0 1 17
0 2 100
0 3 174
0 4 44
0 5 101
0 6 172
0 7 126
0 8 61
0 9 77
0 10 171
0 11 105
0 12 149
0 13 18
0 14 108
0 15 6
0 16 75
0 17 190
0 18 28
0 19 76
0 20 18
0 21 181
0 22 180
0 23 75
0 24 154
0 25 156
0 26 17
0 27 103
0 28 5
0 29 163
0 30 194
0 31 137
0 32 72
0 33 7
0 34 180
0 35 139
0 36 198
0 37 163
0 38 139
0 39 43
0 40 120
0 41 72
0 42 9
0 43 55
0 44 126
0 45 138
0 46 83
0 47 52
0 48 107
0 49 12
0 50 96
0 51 154
0 52 29
0 53 136
0 54 9
0 55 194
0 56 153
0 57 92
0 58 164
0 59 101
0 60 110
0 61 36
0 62 136
0 63 145
0 64 172
0 65 61
0 66 25
0 67 22
0 68 108
0 69 37
0 70 147
0 71 86
0 72 164
0 73 138
0 74 121
0 75 37
0 76 118
0 77 94
0 78 47
0 79 97
0 80 105
0 81 63
0 82 62
0 83 5
0 84 137
0 85 15
0 86 137
0 87 124
0 88 5
0 89 65
0 90 10
0 91 81
0 92 95
0 93 104
0 94 125
0 95 189
0 96 1
0 97 113
0 98 167
0 99 36
1 2 30
1 3 123
1 4 101
1 5 172
1 6 198
1 7 147
1 8 83
1 9 43
1 10 80
1 11 178
1 12 106
1 13 178
1 14 108
1 15 31
1 16 57
1 17 12
1 18 60
1 19 178
1 20 69
1 21 147
1 22 191
1 23 1
1 24 23
1 25 15
1 26 199
1 27 187
1 28 111
1 29 193
1 30 88
1 31 157
1 32 195
1 33 198
1 34 13
1 35 53
1 36 97
1 37 167
1 38 163
1 39 176
1 40 107
1 41 99
1 42 183
1 43 63
1 44 57
1 45 145
1 46 173
1 47 62
1 48 171
1 49 175
1 50 71
1 51 61
1 52 131
1 53 165
1 54 54
1 55 40
1 56 198
1 57 28
1 58 66
1 59 88
1 60 103
1 61 94
1 62 1
1 63 8
1 64 4
1 65 84
1 66 141
1 67 23
1 68 52
1 69 42
1 70 135
1 71 135
1 72 158
1 73 2
1 74 40
1 75 199
1 76 54
1 77 157
1 78 83
1 79 171
1 80 166
1 81 85
1 82 21
1 83 121
1 84 104
1 85 76
1 86 23
1 87 22
1 88 18
1 89 130
1 90 11
1 91 100
1 92 199
1 93 191
1 94 87
1 95 132
1 96 154
1 97 137
1 98 199
1 99 110
2 3 122
2 4 37
2 5 39
2 6 155
2 7 110
2 8 57
2 9 149
2 10 82
2 11 1
2 12 164
2 13 133
2 14 29
2 15 188
2 16 154
2 17 86
2 18 93
2 19 61
2 20 128
2 21 177
2 22 89
2 23 3
2 24 60
2 25 56
2 26 154
2 27 66
2 28 173
2 29 76
2 30 91
2 31 26
2 32 82
2 33 95
2 34 23
2 35 7
2 36 42
2 37 198
2 38 129
2 39 171
2 40 95
2 41 58
2 42 38
2 43 186
2 44 63
2 45 103
2 46 67
2 47 154
2 48 147
2 49 118
2 50 132
2 51 106
2 52 141
2 53 185
2 54 73
2 55 119
2 56 161
2 57 19
2 58 54
2 59 21
2 60 47
2 61 147
2 62 65
2 63 132
2 64 178
2 65 190
2 66 8
2 67 15
2 68 142
2 69 69
2 70 14
2 71 184
2 72 185
2 73 171
2 74 52
2 75 178
2 76 94
2 77 199
2 78 194
2 79 17
2 80 62
2 81 24
2 82 111
2 83 176
2 84 199
2 85 41
2 86 17
2 87 152
2 88 119
2 89 167
2 90 194
2 91 138
2 92 8
2 93 106
2 94 125
2 95 92
2 96 25
2 97 109
2 98 157
2 99 135
3 4 67
3 5 53
3 6 83
3 7 9
3 8 158
3 9 166
3 10 41
3 11 30
3 12 35
3 13 159
3 14 65
3 15 132
3 16 124
3 17 185
3 18 183
3 19 8
3 20 28
3 21 22
3 22 180
3 23 47
3 24 132
3 25 89
3 26 57
3 27 73
3 28 7
3 29 5
3 30 184
3 31 106
3 32 194
3 33 130
3 34 56
3 35 77
3 36 170
3 37 88
3 38 174
3 39 92
3 40 92
3 41 15
3 42 29
3 43 183
3 44 186
3 45 43
3 46 74
3 47 116
3 48 170
3 49 20
3 50 179
3 51 22
3 52 49
3 53 88
3 54 11
3 55 163
3 56 22
3 57 32
3 58 48
3 59 90
3 60 117
3 61 168
3 62 125
3 63 5
3 64 8
3 65 90
3 66 160
3 67 147
3 68 38
3 69 102
3 70 92
3 71 134
3 72 29
3 73 192
3 74 69
3 75 0
3 76 81
3 77 82
3 78 78
3 79 51
3 80 47
3 81 121
3 82 192
3 83 127
3 84 87
3 85 13
3 86 159
3 87 185
3 88 137
3 89 183
3 90 60
3 91 25
3 92 146
3 93 86
3 94 55
3 95 110
3 96 118
3 97 131
3 98 51
3 99 105
4 5 156
4 6 75
4 7 52
4 8 133
4 9 6
4 10 75
4 11 9
4 12 1
4 13 168
4 14 108
4 15 95
4 16 60
4 17 124
4 18 35
4 19 113
4 20 150
4 21 13
4 22 60
4 23 122
4 24 114
4 25 7
4 26 137
4 27 160
4 28 74
4 29 102
4 30 188
4 31 81
4 32 68
4 33 134
4 34 33
4 35 78
4 36 123
4 37 146
4 38 112
4 39 21
4 40 180
4 41 158
4 42 116
4 43 8
4 44 4
4 45 82
4 46 109
4 47 158
4 48 70
4 49 51
4 50 27
4 51 132
4 52 39
4 53 26
4 54 155
4 55 181
4 56 98
4 57 37
4 58 198
4 59 170
4 60 65
4 61 150
4 62 12
4 63 184
4 64 22
4 65 101
4 66 2
4 67 56
4 68 14
4 69 60
4 70 2
4 71 60
4 72 149
4 73 13
4 74 38
4 75 1
4 76 44
4 77 107
4 78 53
4 79 25
4 80 84
4 81 150
4 82 12
4 83 154
4 84 126
4 85 177
4 86 136
4 87 0
4 88 79
4 89 96
4 90 164
4 91 134
4 92 101
4 93 144
4 94 171
4 95 44
4 96 56
4 97 88
4 98 102
4 99 31
5 6 29
5 7 139
5 8 130
5 9 93
5 10 167
5 11 39
5 12 45
5 13 173
5 14 85
5 15 20
5 16 3
5 17 76
5 18 194
5 19 26
5 20 107
5 21 18
5 22 166
5 23 118
5 24 56
5 25 75
5 26 60
5 27 123
5 28 56
5 29 87
5 30 4
5 31 130
5 32 1
5 33 132
5 34 128
5 35 180
5 36 125
5 37 18
5 38 69
5 39 128
5 40 154
5 41 173
5 42 106
5 43 198
5 44 17
5 45 32
5 46 178
5 47 115
5 48 131
5 49 110
5 50 115
5 51 154
5 52 86
5 53 116
5 54 133
5 55 133
5 56 82
5 57 120
5 58 97
5 59 137
5 60 64
5 61 97
5 62 17
5 63 161
5 64 78
5 65 15
5 66 100
5 67 181
5 68 52
5 69 83
5 70 179
5 71 161
5 72 73
5 73 74
5 74 74
5 75 38
5 76 155
5 77 109
5 78 165
5 79 30
5 80 102
5 81 76
5 82 200
5 83 49
5 84 179
5 85 10
5 86 66
5 87 105
5 88 138
5 89 32
5 90 156
5 91 168
5 92 70
5 93 57
5 94 111
5 95 73
5 96 163
5 97 0
5 98 23
5 99 161
6 7 158
6 8 5
6 9 120
6 10 51
6 11 192
6 12 50
6 13 88
6 14 169
6 15 186
6 16 145
6 17 65
6 18 173
6 19 154
6 20 43
6 21 52
6 22 46
6 23 76
6 24 118
6 25 200
6 26 39
6 27 16
6 28 107
6 29 13
6 30 130
6 31 12
6 32 133
6 33 162
6 34 11
6 35 76
6 36 160
6 37 145
6 38 170
6 39 182
6 40 165
6 41 127
6 42 48
6 43 77
6 44 7
6 45 10
6 46 0
6 47 25
6 48 6
6 49 100
6 50 190
6 51 97
6 52 82
6 53 77
6 54 179
6 55 179
6 56 118
6 57 7
6 58 162
6 59 116
6 60 84
6 61 84
6 62 92
6 63 50
6 64 37
6 65 118
6 66 109
6 67 126
6 68 93
6 69 194
6 70 34
6 71 7
6 72 40
6 73 96
6 74 200
6 75 146
6 76 96
6 77 176
6 78 179
6 79 13
6 80 134
6 81 92
6 82 199
6 83 154
6 84 63
6 85 82
6 86 149
6 87 32
6 88 34
6 89 155
6 90 73
6 91 124
6 92 72
6 93 8
6 94 89
6 95 17
6 96 63
6 97 134
6 98 22
6 99 64
7 8 110
7 9 172
7 10 186
7 11 178
7 12 121
7 13 171
7 14 89
7 15 86
7 16 166
7 17 120
7 18 37
7 19 23
7 20 33
7 21 108
7 22 78
7 23 196
7 24 110
7 25 33
7 26 54
7 27 91
7 28 161
7 29 171
7 30 3
7 31 47
7 32 155
7 33 197
7 34 110
7 35 39
7 36 107
7 37 131
7 38 66
7 39 101
7 40 89
7 41 77
7 42 98
7 43 73
7 44 14
7 45 62
7 46 182
7 47 79
7 48 78
7 49 19
7 50 150
7 51 47
7 52 6
7 53 12
7 54 173
7 55 180
7 56 125
7 57 189
7 58 145
7 59 145
7 60 52
7 61 3
7 62 124
7 63 110
7 64 122
7 65 77
7 66 53
7 67 67
7 68 99
7 69 189
7 70 157
7 71 33
7 72 59
7 73 58
7 74 163
7 75 47
7 76 154
7 77 108
7 78 167
7 79 102
7 80 75
7 81 81
7 82 89
7 83 149
7 84 55
7 85 7
7 86 139
7 87 124
7 88 42
7 89 100
7 90 5
7 91 8
7 92 4
7 93 48
7 94 75
7 95 11
7 96 12
7 97 166
7 98 129
7 99 86
8 9 162
8 10 77
8 11 84
8 12 156
8 13 119
8 14 44
8 15 90
8 16 151
8 17 12
8 18 65
8 19 157
8 20 121
8 21 12
8 22 66
8 23 178
8 24 122
8 25 74
8 26 106
8 27 125
8 28 52
8 29 194
8 30 115
8 31 136
8 32 120
8 33 67
8 34 98
8 35 173
8 36 122
8 37 182
8 38 95
8 39 68
8 40 14
8 41 191
8 42 61
8 43 155
8 44 84
8 45 108
8 46 16
8 47 93
8 48 167
8 49 71
8 50 63
8 51 86
8 52 175
8 53 36
8 54 71
8 55 166
8 56 46
8 57 56
8 58 52
8 59 193
8 60 80
8 61 188
8 62 161
8 63 86
8 64 77
8 65 25
8 66 194
8 67 95
8 68 122
8 69 70
8 70 75
8 71 5
8 72 138
8 73 30
8 74 92
8 75 34
8 76 116
8 77 82
8 78 77
8 79 190
8 80 181
8 81 9
8 82 123
8 83 190
8 84 9
8 85 117
8 86 140
8 87 72
8 88 61
8 89 18
8 90 41
8 91 182
8 92 158
8 93 36
8 94 71
8 95 18
8 96 145
8 97 113
8 98 174
8 99 143
9 10 128
9 11 59
9 12 7
9 13 99
9 14 183
9 15 145
9 16 117
9 17 89
9 18 138
9 19 94
9 20 100
9 21 86
9 22 183
9 23 105
9 24 12
9 25 79
9 26 100
9 27 34
9 28 131
9 29 56
9 30 4
9 31 110
9 32 48
9 33 180
9 34 170
9 35 65
9 36 78
9 37 117
9 38 74
9 39 148
9 40 94
9 41 111
9 42 100
9 43 33
9 44 199
9 45 170
9 46 159
9 47 91
9 48 111
9 49 44
9 50 103
9 51 3
9 52 117
9 53 114
9 54 24
9 55 199
9 56 163
9 57 48
9 58 122
9 59 96
9 60 149
9 61 48
9 62 85
9 63 48
9 64 33
9 65 155
9 66 108
9 67 124
9 68 130
9 69 104
9 70 7
9 71 41
9 72 176
9 73 32
9 74 169
9 75 99
9 76 99
9 77 15
9 78 19
9 79 0
9 80 154
9 81 115
9 82 179
9 83 118
9 84 98
9 85 88
9 86 81
9 87 151
9 88 200
9 89 142
9 90 169
9 91 176
9 92 150
9 93 104
9 94 98
9 95 145
9 96 150
9 97 46
9 98 123
9 99 159
10 11 45
10 12 189
10 13 95
10 14 168
10 15 37
10 16 43
10 17 99
10 18 94
10 19 176
10 20 72
10 21 63
10 22 89
10 23 37
10 24 46
10 25 38
10 26 110
10 27 141
10 28 58
10 29 37
10 30 95
10 31 72
10 32 15
10 33 33
10 34 49
10 35 106
10 36 82
10 37 62
10 38 30
10 39 109
10 40 61
10 41 38
10 42 121
10 43 152
10 44 56
10 45 67
10 46 5
10 47 157
10 48 77
10 49 70
10 50 7
10 51 35
10 52 94
10 53 0
10 54 23
10 55 74
10 56 59
10 57 16
10 58 2
10 59 190
10 60 12
10 61 59
10 62 2
10 63 69
10 64 106
10 65 75
10 66 62
10 67 68
10 68 164
10 69 85
10 70 59
10 71 185
10 72 167
10 73 19
10 74 49
10 75 49
10 76 196
10 77 192
10 78 179
10 79 63
10 80 30
10 81 32
10 82 63
10 83 8
10 84 2
10 85 3
10 86 179
10 87 90
10 88 30
10 89 54
10 90 128
10 91 165
10 92 29
10 93 182
10 94 82
10 95 192
10 96 180
10 97 29
10 98 102
10 99 54
11 12 141
11 13 87
11 14 111
11 15 178
11 16 54
11 17 103
11 18 60
11 19 78
11 20 85
11 21 86
11 22 34
11 23 27
11 24 45
11 25 6
11 26 190
11 27 83
11 28 191
11 29 182
11 30 68
11 31 41
11 32 125
11 33 20
11 34 182
11 35 38
11 36 178
11 37 116
11 38 199
11 39 96
11 40 178
11 41 111
11 42 98
11 43 196
11 44 51
11 45 54
11 46 188
11 47 54
11 48 19
11 49 188
11 50 106
11 51 199
11 52 41
11 53 81
11 54 168
11 55 197
11 56 167
11 57 177
11 58 154
11 59 105
11 60 91
11 61 140
11 62 66
11 63 163
11 64 43
11 65 16
11 66 119
11 67 75
11 68 15
11 69 130
11 70 40
11 71 109
11 72 187
11 73 154
11 74 37
11 75 95
11 76 98
11 77 156
11 78 195
11 79 100
11 80 143
11 81 193
11 82 166
11 83 175
11 84 139
11 85 36
11 86 165
11 87 40
11 88 100
11 89 17
11 90 159
11 91 125
11 92 121
11 93 47
11 94 196
11 95 142
11 96 195
11 97 138
11 98 83
11 99 136
12 13 129
12 14 183
12 15 182
12 16 50
12 17 114
12 18 183
12 19 195
12 20 18
12 21 92
12 22 37
12 23 139
12 24 135
12 25 177
12 26 102
12 27 38
12 28 144
12 29 78
12 30 143
12 31 142
12 32 50
12 33 76
12 34 62
12 35 130
12 36 84
12 37 134
12 38 37
12 39 182
12 40 176
12 41 137
12 42 8
12 43 78
12 44 134
12 45 30
12 46 197
12 47 179
12 48 89
12 49 112
12 50 145
12 51 64
12 52 98
12 53 82
12 54 120
12 55 10
12 56 70
12 57 47
12 58 146
12 59 68
12 60 192
12 61 185
12 62 97
12 63 38
12 64 130
12 65 121
12 66 93
12 67 36
12 68 27
12 69 28
12 70 129
12 71 60
12 72 82
12 73 30
12 74 40
12 75 114
12 76 13
12 77 53
12 78 49
12 79 72
12 80 40
12 81 98
12 82 60
12 83 105
12 84 185
12 85 199
12 86 47
12 87 138
12 88 26
12 89 89
12 90 108
12 91 143
12 92 104
12 93 15
12 94 89
12 95 98
12 96 111
12 97 20
12 98 199
12 99 3
13 14 63
13 15 55
13 16 75
13 17 13
13 18 121
13 19 160
13 20 172
13 21 93
13 22 38
13 23 14
13 24 88
13 25 29
13 26 40
13 27 34
13 28 116
13 29 162
13 30 108
13 31 87
13 32 86
13 33 35
13 34 169
13 35 32
13 36 10
13 37 22
13 38 177
13 39 150
13 40 26
13 41 117
13 42 7
13 43 8
13 44 67
13 45 133
13 46 161
13 47 147
13 48 78
13 49 183
13 50 181
13 51 121
13 52 166
13 53 29
13 54 127
13 55 67
13 56 21
13 57 57
13 58 120
13 59 174
13 60 149
13 61 53
13 62 50
13 63 120
13 64 46
13 65 117
13 66 103
13 67 198
13 68 104
13 69 175
13 70 172
13 71 37
13 72 2
13 73 167
13 74 52
13 75 92
13 76 188
13 77 102
13 78 38
13 79 154
13 80 194
13 81 41
13 82 76
13 83 46
13 84 112
13 85 65
13 86 124
13 87 178
13 88 58
13 89 84
13 90 69
13 91 153
13 92 181
13 93 127
13 94 17
13 95 129
13 96 103
13 97 178
13 98 70
13 99 148
14 15 7
14 16 2
14 17 48
14 18 165
14 19 132
14 20 123
14 21 27
14 22 191
14 23 15
14 24 105
14 25 5
14 26 25
14 27 115
14 28 3
14 29 66
14 30 150
14 31 111
14 32 167
14 33 77
14 34 16
14 35 27
14 36 122
14 37 70
14 38 105
14 39 175
14 40 183
14 41 100
14 42 160
14 43 146
14 44 20
14 45 121
14 46 3
14 47 92
14 48 182
14 49 136
14 50 109
14 51 135
14 52 77
14 53 49
14 54 127
14 55 196
14 56 40
14 57 56
14 58 16
14 59 85
14 60 175
14 61 175
14 62 47
14 63 109
14 64 146
14 65 47
14 66 72
14 67 124
14 68 133
14 69 92
14 70 81
14 71 60
14 72 118
14 73 102
14 74 123
14 75 45
14 76 52
14 77 198
14 78 191
14 79 174
14 80 157
14 81 57
14 82 143
14 83 157
14 84 122
14 85 70
14 86 113
14 87 0
14 88 19
14 89 108
14 90 127
14 91 94
14 92 67
14 93 103
14 94 98
14 95 45
14 96 163
14 97 192
14 98 5
14 99 58
15 16 91
15 17 23
15 18 124
15 19 105
15 20 166
15 21 162
15 22 45
15 23 122
15 24 34
15 25 141
15 26 26
15 27 130
15 28 80
15 29 140
15 30 29
15 31 106
15 32 45
15 33 178
15 34 75
15 35 78
15 36 134
15 37 29
15 38 10
15 39 174
15 40 174
15 41 130
15 42 75
15 43 90
15 44 108
15 45 43
15 46 197
15 47 26
15 48 15
15 49 67
15 50 168
15 51 5
15 52 127
15 53 87
15 54 198
15 55 56
15 56 21
15 57 3
15 58 98
15 59 73
15 60 108
15 61 24
15 62 31
15 63 28
15 64 68
15 65 200
15 66 40
15 67 200
15 68 74
15 69 77
15 70 1
15 71 36
15 72 105
15 73 174
15 74 62
15 75 133
15 76 35
15 77 17
15 78 4
15 79 138
15 80 150
15 81 187
15 82 52
15 83 130
15 84 7
15 85 92
15 86 73
15 87 155
15 88 193
15 89 23
15 90 22
15 91 62
15 92 26
15 93 6
15 94 13
15 95 53
15 96 183
15 97 26
15 98 133
15 99 8
16 17 85
16 18 123
16 19 13
16 20 187
16 21 130
16 22 23
16 23 7
16 24 52
16 25 157
16 26 132
16 27 50
16 28 80
16 29 39
16 30 45
16 31 191
16 32 69
16 33 172
16 34 94
16 35 99
16 36 196
16 37 1
16 38 197
16 39 62
16 40 120
16 41 134
16 42 177
16 43 143
16 44 52
16 45 151
16 46 141
16 47 112
16 48 151
16 49 5
16 50 199
16 51 50
16 52 44
16 53 123
16 54 177
16 55 151
16 56 46
16 57 123
16 58 46
16 59 124
16 60 154
16 61 82
16 62 74
16 63 160
16 64 103
16 65 192
16 66 37
16 67 39
16 68 18
16 69 196
16 70 122
16 71 198
16 72 147
16 73 30
16 74 134
16 75 49
16 76 79
16 77 187
16 78 38
16 79 170
16 80 147
16 81 166
16 82 28
16 83 154
16 84 176
16 85 149
16 86 58
16 87 188
16 88 45
16 89 198
16 90 52
16 91 187
16 92 0
16 93 145
16 94 15
16 95 41
16 96 18
16 97 166
16 98 185
16 99 172
17 18 176
17 19 87
17 20 185
17 21 116
17 22 89
17 23 110
17 24 6
17 25 129
17 26 182
17 27 111
17 28 107
17 29 13
17 30 6
17 31 142
17 32 100
17 33 188
17 34 134
17 35 184
17 36 95
17 37 66
17 38 90
17 39 53
17 40 70
17 41 111
17 42 197
17 43 70
17 44 167
17 45 37
17 46 144
17 47 125
17 48 88
17 49 156
17 50 118
17 51 83
17 52 33
17 53 112
17 54 29
17 55 186
17 56 75
17 57 98
17 58 60
17 59 10
17 60 179
17 61 133
17 62 1
17 63 166
17 64 91
17 65 109
17 66 48
17 67 194
17 68 167
17 69 28
17 70 145
17 71 198
17 72 87
17 73 154
17 74 54
17 75 32
17 76 73
17 77 76
17 78 80
17 79 64
17 80 30
17 81 23
17 82 127
17 83 71
17 84 101
17 85 114
17 86 42
17 87 139
17 88 10
17 89 165
17 90 152
17 91 37
17 92 188
17 93 3
17 94 15
17 95 59
17 96 55
17 97 69
17 98 22
17 99 11
18 19 179
18 20 73
18 21 43
18 22 54
18 23 56
18 24 76
18 25 167
18 26 69
18 27 3
18 28 109
18 29 75
18 30 86
18 31 6
18 32 192
18 33 80
18 34 119
18 35 22
18 36 67
18 37 108
18 38 135
18 39 22
18 40 137
18 41 86
18 42 134
18 43 83
18 44 76
18 45 144
18 46 134
18 47 160
18 48 180
18 49 55
18 50 106
18 51 125
18 52 95
18 53 200
18 54 26
18 55 26
18 56 126
18 57 68
18 58 86
18 59 12
18 60 17
18 61 18
18 62 22
18 63 0
18 64 162
18 65 96
18 66 90
18 67 182
18 68 131
18 69 199
18 70 3
18 71 51
18 72 26
18 73 110
18 74 51
18 75 197
18 76 9
18 77 148
18 78 99
18 79 133
18 80 58
18 81 182
18 82 89
18 83 93
18 84 18
18 85 145
18 86 113
18 87 44
18 88 101
18 89 149
18 90 78
18 91 10
18 92 41
18 93 166
18 94 15
18 95 117
18 96 145
18 97 119
18 98 170
18 99 55
19 20 24
19 21 96
19 22 155
19 23 70
19 24 125
19 25 145
19 26 188
19 27 79
19 28 183
19 29 60
19 30 86
19 31 163
19 32 65
19 33 58
19 34 50
19 35 40
19 36 129
19 37 125
19 38 37
19 39 46
19 40 56
19 41 23
19 42 5
19 43 153
19 44 2
19 45 153
19 46 130
19 47 111
19 48 170
19 49 159
19 50 161
19 51 33
19 52 43
19 53 109
19 54 10
19 55 200
19 56 188
19 57 138
19 58 172
19 59 153
19 60 110
19 61 44
19 62 167
19 63 92
19 64 200
19 65 68
19 66 59
19 67 112
19 68 94
19 69 132
19 70 179
19 71 114
19 72 96
19 73 28
19 74 65
19 75 158
19 76 187
19 77 182
19 78 107
19 79 185
19 80 0
19 81 16
19 82 172
19 83 66
19 84 46
19 85 108
19 86 186
19 87 25
19 88 160
19 89 180
19 90 30
19 91 132
19 92 19
19 93 62
19 94 56
19 95 91
19 96 182
19 97 55
19 98 75
19 99 170
20 21 61
20 22 134
20 23 30
20 24 50
20 25 186
20 26 176
20 27 191
20 28 174
20 29 93
20 30 31
20 31 178
20 32 123
20 33 68
20 34 1
20 35 91
20 36 140
20 37 83
20 38 141
20 39 134
20 40 60
20 41 42
20 42 56
20 43 1
20 44 44
20 45 10
20 46 166
20 47 132
20 48 122
20 49 12
20 50 166
20 51 180
20 52 101
20 53 90
20 54 145
20 55 5
20 56 53
20 57 132
20 58 111
20 59 45
20 60 197
20 61 55
20 62 167
20 63 13
20 64 28
20 65 76
20 66 4
20 67 182
20 68 137
20 69 20
20 70 199
20 71 152
20 72 150
20 73 86
20 74 5
20 75 147
20 76 82
20 77 138
20 78 15
20 79 147
20 80 91
20 81 139
20 82 26
20 83 81
20 84 162
20 85 124
20 86 107
20 87 60
20 88 161
20 89 192
20 90 143
20 91 24
20 92 139
20 93 158
20 94 197
20 95 23
20 96 60
20 97 147
20 98 199
20 99 193
21 22 95
21 23 15
21 24 155
21 25 62
21 26 63
21 27 121
21 28 129
21 29 35
21 30 180
21 31 153
21 32 93
21 33 10
21 34 4
21 35 174
21 36 173
21 37 46
21 38 99
21 39 144
21 40 169
21 41 54
21 42 97
21 43 155
21 44 18
21 45 76
21 46 94
21 47 116
21 48 22
21 49 85
21 50 77
21 51 69
21 52 39
21 53 145
21 54 163
21 55 30
21 56 37
21 57 24
21 58 78
21 59 181
21 60 31
21 61 38
21 62 97
21 63 180
21 64 155
21 65 199
21 66 29
21 67 41
21 68 177
21 69 118
21 70 32
21 71 198
21 72 140
21 73 57
21 74 34
21 75 1
21 76 51
21 77 22
21 78 46
21 79 58
21 80 40
21 81 115
21 82 37
21 83 1
21 84 64
21 85 187
21 86 78
21 87 13
21 88 61
21 89 55
21 90 35
21 91 186
21 92 191
21 93 158
21 94 10
21 95 189
21 96 191
21 97 181
21 98 58
21 99 133
22 23 130
22 24 143
22 25 162
22 26 156
22 27 54
22 28 147
22 29 151
22 30 13
22 31 27
22 32 3
22 33 141
22 34 198
22 35 174
22 36 163
22 37 37
22 38 38
22 39 196
22 40 131
22 41 88
22 42 118
22 43 142
22 44 102
22 45 38
22 46 186
22 47 186
22 48 52
22 49 15
22 50 104
22 51 94
22 52 182
22 53 55
22 54 198
22 55 134
22 56 133
22 57 149
22 58 8
22 59 49
22 60 191
22 61 103
22 62 139
22 63 23
22 64 72
22 65 45
22 66 166
22 67 7
22 68 162
22 69 174
22 70 138
22 71 162
22 72 122
22 73 139
22 74 124
22 75 199
22 76 91
22 77 155
22 78 136
22 79 189
22 80 131
22 81 182
22 82 159
22 83 105
22 84 150
22 85 151
22 86 154
22 87 27
22 88 110
22 89 9
22 90 190
22 91 102
22 92 106
22 93 91
22 94 56
22 95 193
22 96 14
22 97 103
22 98 181
22 99 89
23 24 52
23 25 88
23 26 138
23 27 82
23 28 181
23 29 130
23 30 53
23 31 13
23 32 75
23 33 108
23 34 66
23 35 59
23 36 79
23 37 163
23 38 193
23 39 127
23 40 79
23 41 128
23 42 82
23 43 199
23 44 67
23 45 104
23 46 22
23 47 168
23 48 66
23 49 1
23 50 139
23 51 97
23 52 2
23 53 41
23 54 178
23 55 12
23 56 151
23 57 166
23 58 113
23 59 34
23 60 149
23 61 95
23 62 186
23 63 181
23 64 167
23 65 28
23 66 91
23 67 144
23 68 156
23 69 98
23 70 189
23 71 98
23 72 162
23 73 101
23 74 45
23 75 2
23 76 125
23 77 191
23 78 170
23 79 119
23 80 146
23 81 170
23 82 188
23 83 45
23 84 40
23 85 63
23 86 114
23 87 86
23 88 93
23 89 78
23 90 147
23 91 81
23 92 87
23 93 155
23 94 6
23 95 85
23 96 173
23 97 68
23 98 144
23 99 156
24 25 27
24 26 136
24 27 160
24 28 17
24 29 109
24 30 47
24 31 118
24 32 162
24 33 2
24 34 71
24 35 111
24 36 57
24 37 16
24 38 178
24 39 193
24 40 181
24 41 161
24 42 30
24 43 73
24 44 144
24 45 95
24 46 145
24 47 70
24 48 81
24 49 99
24 50 82
24 51 61
24 52 35
24 53 81
24 54 36
24 55 53
24 56 56
24 57 156
24 58 27
24 59 149
24 60 87
24 61 161
24 62 95
24 63 86
24 64 40
24 65 51
24 66 198
24 67 72
24 68 46
24 69 198
24 70 73
24 71 63
24 72 107
24 73 67
24 74 164
24 75 81
24 76 149
24 77 191
24 78 154
24 79 122
24 80 4
24 81 118
24 82 17
24 83 154
24 84 72
24 85 122
24 86 84
24 87 14
24 88 134
24 89 91
24 90 111
24 91 2
24 92 160
24 93 0
24 94 72
24 95 178
24 96 1
24 97 176
24 98 111
24 99 7
25 26 55
25 27 160
25 28 134
25 29 92
25 30 64
25 31 92
25 32 102
25 33 35
25 34 6
25 35 120
25 36 9
25 37 28
25 38 178
25 39 79
25 40 142
25 41 163
25 42 6
25 43 38
25 44 76
25 45 177
25 46 167
25 47 198
25 48 152
25 49 199
25 50 145
25 51 173
25 52 73
25 53 92
25 54 89
25 55 59
25 56 149
25 57 75
25 58 197
25 59 5
25 60 93
25 61 151
25 62 168
25 63 25
25 64 115
25 65 120
25 66 74
25 67 185
25 68 24
25 69 48
25 70 196
25 71 70
25 72 79
25 73 198
25 74 35
25 75 142
25 76 47
25 77 112
25 78 144
25 79 185
25 80 109
25 81 128
25 82 160
25 83 54
25 84 49
25 85 194
25 86 159
25 87 55
25 88 11
25 89 82
25 90 69
25 91 164
25 92 143
25 93 101
25 94 20
25 95 189
25 96 161
25 97 53
25 98 127
25 99 16
26 27 72
26 28 126
26 29 36
26 30 91
26 31 195
26 32 132
26 33 86
26 34 72
26 35 52
26 36 181
26 37 45
26 38 72
26 39 47
26 40 130
26 41 13
26 42 119
26 43 134
26 44 4
26 45 114
26 46 89
26 47 171
26 48 56
26 49 60
26 50 3
26 51 60
26 52 184
26 53 59
26 54 180
26 55 147
26 56 73
26 57 134
26 58 132
26 59 197
26 60 145
26 61 102
26 62 3
26 63 17
26 64 129
26 65 72
26 66 40
26 67 174
26 68 152
26 69 106
26 70 23
26 71 184
26 72 118
26 73 66
26 74 31
26 75 136
26 76 181
26 77 46
26 78 132
26 79 156
26 80 53
26 81 118
26 82 184
26 83 150
26 84 134
26 85 29
26 86 181
26 87 195
26 88 36
26 89 182
26 90 144
26 91 28
26 92 88
26 93 101
26 94 67
26 95 49
26 96 12
26 97 34
26 98 116
26 99 30
27 28 143
27 29 187
27 30 192
27 31 125
27 32 2
27 33 143
27 34 58
27 35 156
27 36 58
27 37 28
27 38 80
27 39 151
27 40 75
27 41 10
27 42 4
27 43 38
27 44 32
27 45 186
27 46 62
27 47 10
27 48 191
27 49 119
27 50 138
27 51 86
27 52 142
27 53 53
27 54 90
27 55 46
27 56 127
27 57 46
27 58 158
27 59 88
27 60 37
27 61 38
27 62 120
27 63 41
27 64 150
27 65 163
27 66 127
27 67 38
27 68 2
27 69 60
27 70 88
27 71 66
27 72 121
27 73 5
27 74 24
27 75 189
27 76 158
27 77 82
27 78 83
27 79 87
27 80 138
27 81 182
27 82 166
27 83 45
27 84 200
27 85 22
27 86 14
27 87 8
27 88 187
27 89 129
27 90 67
27 91 53
27 92 142
27 93 179
27 94 127
27 95 135
27 96 22
27 97 148
27 98 186
27 99 35
28 29 32
28 30 195
28 31 32
28 32 99
28 33 196
28 34 145
28 35 41
28 36 185
28 37 117
28 38 156
28 39 93
28 40 14
28 41 31
28 42 171
28 43 70
28 44 76
28 45 14
28 46 69
28 47 152
28 48 150
28 49 108
28 50 70
28 51 41
28 52 65
28 53 48
28 54 182
28 55 43
28 56 187
28 57 131
28 58 115
28 59 154
28 60 163
28 61 24
28 62 43
28 63 168
28 64 174
28 65 173
28 66 113
28 67 105
28 68 3
28 69 123
28 70 103
28 71 36
28 72 58
28 73 36
28 74 96
28 75 185
28 76 143
28 77 39
28 78 11
28 79 91
28 80 99
28 81 170
28 82 178
28 83 199
28 84 101
28 85 34
28 86 172
28 87 129
28 88 106
28 89 75
28 90 29
28 91 186
28 92 154
28 93 124
28 94 185
28 95 119
28 96 105
28 97 51
28 98 61
28 99 180
29 30 3
29 31 96
29 32 131
29 33 39
29 34 182
29 35 9
29 36 61
29 37 137
29 38 182
29 39 79
29 40 76
29 41 95
29 42 200
29 43 40
29 44 78
29 45 8
29 46 185
29 47 72
29 48 189
29 49 29
29 50 89
29 51 176
29 52 35
29 53 147
29 54 195
29 55 13
29 56 14
29 57 106
29 58 120
29 59 77
29 60 99
29 61 128
29 62 114
29 63 150
29 64 179
29 65 91
29 66 199
29 67 149
29 68 39
29 69 163
29 70 24
29 71 179
29 72 25
29 73 40
29 74 161
29 75 168
29 76 10
29 77 12
29 78 67
29 79 200
29 80 174
29 81 138
29 82 63
29 83 38
29 84 70
29 85 180
29 86 75
29 87 102
29 88 114
29 89 129
29 90 46
29 91 29
29 92 149
29 93 130
29 94 49
29 95 147
29 96 143
29 97 119
29 98 32
29 99 27
30 31 127
30 32 79
30 33 68
30 34 39
30 35 26
30 36 149
30 37 106
30 38 101
30 39 20
30 40 72
30 41 36
30 42 75
30 43 128
30 44 175
30 45 150
30 46 146
30 47 150
30 48 199
30 49 170
30 50 193
30 51 183
30 52 9
30 53 37
30 54 71
30 55 199
30 56 32
30 57 134
30 58 174
30 59 112
30 60 85
30 61 184
30 62 98
30 63 11
30 64 156
30 65 149
30 66 37
30 67 26
30 68 138
30 69 33
30 70 42
30 71 126
30 72 62
30 73 112
30 74 92
30 75 164
30 76 146
30 77 8
30 78 139
30 79 114
30 80 158
30 81 42
30 82 151
30 83 98
30 84 191
30 85 123
30 86 184
30 87 114
30 88 87
30 89 154
30 90 80
30 91 53
30 92 165
30 93 107
30 94 2
30 95 33
30 96 60
30 97 32
30 98 91
30 99 137
31 32 67
31 33 173
31 34 158
31 35 101
31 36 130
31 37 46
31 38 41
31 39 71
31 40 156
31 41 164
31 42 130
31 43 138
31 44 113
31 45 134
31 46 27
31 47 126
31 48 182
31 49 138
31 50 134
31 51 77
31 52 168
31 53 186
31 54 139
31 55 111
31 56 80
31 57 83
31 58 109
31 59 143
31 60 101
31 61 96
31 62 22
31 63 89
31 64 170
31 65 39
31 66 48
31 67 137
31 68 23
31 69 22
31 70 91
31 71 152
31 72 125
31 73 177
31 74 183
31 75 15
31 76 106
31 77 71
31 78 88
31 79 113
31 80 105
31 81 65
31 82 47
31 83 36
31 84 119
31 85 135
31 86 30
31 87 131
31 88 2
31 89 137
31 90 144
31 91 154
31 92 152
31 93 57
31 94 128
31 95 90
31 96 16
31 97 95
31 98 24
31 99 126
32 33 61
32 34 19
32 35 189
32 36 130
32 37 70
32 38 86
32 39 180
32 40 120
32 41 86
32 42 159
32 43 110
32 44 174
32 45 11
32 46 37
32 47 144
32 48 188
32 49 169
32 50 94
32 51 166
32 52 184
32 53 61
32 54 60
32 55 15
32 56 132
32 57 158
32 58 62
32 59 131
32 60 157
32 61 91
32 62 32
32 63 34
32 64 3
32 65 177
32 66 24
32 67 78
32 68 115
32 69 140
32 70 174
32 71 28
32 72 87
32 73 8
32 74 103
32 75 122
32 76 87
32 77 196
32 78 65
32 79 200
32 80 15
32 81 77
32 82 11
32 83 39
32 84 166
32 85 134
32 86 28
32 87 185
32 88 4
32 89 183
32 90 80
32 91 64
32 92 181
32 93 107
32 94 183
32 95 186
32 96 145
32 97 92
32 98 81
32 99 88
33 34 2
33 35 125
33 36 81
33 37 153
33 38 141
33 39 104
33 40 185
33 41 62
33 42 80
33 43 174
33 44 135
33 45 63
33 46 148
33 47 23
33 48 70
33 49 104
33 50 113
33 51 174
33 52 141
33 53 125
33 54 54
33 55 101
33 56 21
33 57 80
33 58 119
33 59 175
33 60 126
33 61 74
33 62 83
33 63 189
33 64 71
33 65 129
33 66 182
33 67 42
33 68 32
33 69 146
33 70 51
33 71 182
33 72 169
33 73 189
33 74 141
33 75 107
33 76 114
33 77 103
33 78 179
33 79 26
33 80 63
33 81 22
33 82 168
33 83 112
33 84 12
33 85 76
33 86 98
33 87 98
33 88 17
33 89 125
33 90 176
33 91 0
33 92 35
33 93 125
33 94 157
33 95 181
33 96 199
33 97 78
33 98 187
33 99 102
34 35 156
34 36 178
34 37 195
34 38 12
34 39 194
34 40 119
34 41 190
34 42 50
34 43 54
34 44 56
34 45 185
34 46 126
34 47 30
34 48 132
34 49 22
34 50 166
34 51 9
34 52 56
34 53 84
34 54 7
34 55 196
34 56 187
34 57 148
34 58 104
34 59 30
34 60 99
34 61 153
34 62 93
34 63 156
34 64 172
34 65 119
34 66 112
34 67 84
34 68 106
34 69 195
34 70 12
34 71 50
34 72 124
34 73 152
34 74 92
34 75 59
34 76 159
34 77 148
34 78 125
34 79 198
34 80 51
34 81 24
34 82 47
34 83 194
34 84 118
34 85 6
34 86 35
34 87 137
34 88 127
34 89 89
34 90 57
34 91 11
34 92 89
34 93 186
34 94 22
34 95 34
34 96 185
34 97 50
34 98 95
34 99 139
35 36 163
35 37 30
35 38 151
35 39 0
35 40 143
35 41 40
35 42 76
35 43 162
35 44 137
35 45 19
35 46 69
35 47 96
35 48 56
35 49 44
35 50 42
35 51 74
35 52 170
35 53 1
35 54 163
35 55 56
35 56 3
35 57 126
35 58 126
35 59 30
35 60 146
35 61 48
35 62 198
35 63 14
35 64 156
35 65 150
35 66 127
35 67 31
35 68 91
35 69 49
35 70 32
35 71 180
35 72 48
35 73 119
35 74 198
35 75 121
35 76 172
35 77 62
35 78 25
35 79 45
35 80 9
35 81 102
35 82 77
35 83 162
35 84 144
35 85 49
35 86 129
35 87 163
35 88 194
35 89 97
35 90 67
35 91 172
35 92 84
35 93 29
35 94 121
35 95 79
35 96 193
35 97 159
35 98 182
35 99 65
36 37 41
36 38 120
36 39 188
36 40 145
36 41 94
36 42 75
36 43 83
36 44 116
36 45 184
36 46 124
36 47 144
36 48 104
36 49 103
36 50 39
36 51 191
36 52 191
36 53 135
36 54 79
36 55 0
36 56 61
36 57 28
36 58 64
36 59 119
36 60 136
36 61 53
36 62 37
36 63 70
36 64 41
36 65 136
36 66 48
36 67 97
36 68 134
36 69 4
36 70 26
36 71 64
36 72 50
36 73 51
36 74 145
36 75 68
36 76 146
36 77 80
36 78 165
36 79 106
36 80 59
36 81 113
36 82 88
36 83 158
36 84 95
36 85 66
36 86 140
36 87 54
36 88 82
36 89 125
36 90 165
36 91 160
36 92 182
36 93 114
36 94 159
36 95 14
36 96 96
36 97 152
36 98 159
36 99 130
37 38 183
37 39 42
37 40 14
37 41 191
37 42 85
37 43 81
37 44 181
37 45 187
37 46 14
37 47 82
37 48 5
37 49 139
37 50 44
37 51 189
37 52 128
37 53 85
37 54 65
37 55 89
37 56 45
37 57 71
37 58 39
37 59 146
37 60 77
37 61 127
37 62 78
37 63 181
37 64 110
37 65 117
37 66 27
37 67 189
37 68 189
37 69 60
37 70 81
37 71 171
37 72 190
37 73 116
37 74 118
37 75 183
37 76 86
37 77 82
37 78 76
37 79 171
37 80 171
37 81 103
37 82 147
37 83 73
37 84 169
37 85 179
37 86 106
37 87 32
37 88 134
37 89 180
37 90 26
37 91 102
37 92 129
37 93 176
37 94 113
37 95 176
37 96 190
37 97 139
37 98 41
37 99 111
38 39 171
38 40 36
38 41 183
38 42 36
38 43 38
38 44 4
38 45 22
38 46 97
38 47 112
38 48 175
38 49 108
38 50 55
38 51 89
38 52 104
38 53 71
38 54 96
38 55 186
38 56 17
38 57 79
38 58 35
38 59 121
38 60 130
38 61 96
38 62 31
38 63 197
38 64 107
38 65 22
38 66 117
38 67 36
38 68 153
38 69 179
38 70 144
38 71 25
38 72 151
38 73 60
38 74 49
38 75 87
38 76 164
38 77 40
38 78 184
38 79 1
38 80 121
38 81 97
38 82 172
38 83 146
38 84 87
38 85 118
38 86 23
38 87 160
38 88 41
38 89 59
38 90 103
38 91 193
38 92 114
38 93 132
38 94 4
38 95 173
38 96 191
38 97 32
38 98 37
38 99 131
39 40 92
39 41 173
39 42 13
39 43 14
39 44 155
39 45 188
39 46 33
39 47 41
39 48 70
39 49 115
39 50 124
39 51 12
39 52 147
39 53 28
39 54 85
39 55 196
39 56 144
39 57 99
39 58 108
39 59 35
39 60 32
39 61 151
39 62 183
39 63 142
39 64 140
39 65 148
39 66 113
39 67 6
39 68 186
39 69 32
39 70 44
39 71 107
39 72 183
39 73 117
39 74 31
39 75 37
39 76 86
39 77 107
39 78 181
39 79 13
39 80 36
39 81 180
39 82 193
39 83 65
39 84 40
39 85 78
39 86 177
39 87 118
39 88 55
39 89 127
39 90 200
39 91 146
39 92 22
39 93 29
39 94 129
39 95 3
39 96 18
39 97 193
39 98 168
39 99 43
40 41 22
40 42 112
40 43 93
40 44 106
40 45 172
40 46 129
40 47 83
40 48 131
40 49 0
40 50 23
40 51 69
40 52 125
40 53 147
40 54 5
40 55 151
40 56 106
40 57 138
40 58 72
40 59 199
40 60 92
40 61 116
40 62 59
40 63 117
40 64 58
40 65 166
40 66 138
40 67 31
40 68 151
40 69 180
40 70 162
40 71 52
40 72 104
40 73 112
40 74 130
40 75 194
40 76 160
40 77 196
40 78 133
40 79 81
40 80 193
40 81 13
40 82 68
40 83 143
40 84 96
40 85 61
40 86 12
40 87 69
40 88 66
40 89 55
40 90 165
40 91 158
40 92 30
40 93 139
40 94 1
40 95 166
40 96 24
40 97 172
40 98 93
40 99 197
41 42 194
41 43 79
41 44 0
41 45 27
41 46 115
41 47 140
41 48 118
41 49 143
41 50 180
41 51 183
41 52 66
41 53 127
41 54 52
41 55 193
41 56 115
41 57 72
41 58 165
41 59 33
41 60 171
41 61 113
41 62 63
41 63 180
41 64 29
41 65 21
41 66 88
41 67 193
41 68 24
41 69 153
41 70 4
41 71 191
41 72 142
41 73 31
41 74 186
41 75 36
41 76 70
41 77 167
41 78 72
41 79 168
41 80 124
41 81 5
41 82 88
41 83 152
41 84 93
41 85 129
41 86 60
41 87 48
41 88 105
41 89 171
41 90 93
41 91 197
41 92 75
41 93 192
41 94 19
41 95 17
41 96 194
41 97 37
41 98 142
41 99 29
42 43 32
42 44 183
42 45 34
42 46 118
42 47 100
42 48 45
42 49 69
42 50 21
42 51 111
42 52 144
42 53 142
42 54 198
42 55 96
42 56 181
42 57 115
42 58 23
42 59 104
42 60 22
42 61 41
42 62 57
42 63 136
42 64 137
42 65 107
42 66 171
42 67 124
42 68 198
42 69 131
42 70 69
42 71 155
42 72 159
42 73 76
42 74 40
42 75 187
42 76 177
42 77 107
42 78 129
42 79 125
42 80 180
42 81 9
42 82 66
42 83 58
42 84 77
42 85 135
42 86 44
42 87 45
42 88 15
42 89 34
42 90 164
42 91 22
42 92 199
42 93 57
42 94 39
42 95 105
42 96 68
42 97 186
42 98 199
42 99 34
43 44 165
43 45 84
43 46 156
43 47 116
43 48 133
43 49 194
43 50 152
43 51 175
43 52 184
43 53 100
43 54 179
43 55 181
43 56 151
43 57 139
43 58 124
43 59 184
43 60 3
43 61 89
43 62 135
43 63 4
43 64 110
43 65 180
43 66 73
43 67 50
43 68 45
43 69 138
43 70 125
43 71 73
43 72 189
43 73 111
43 74 144
43 75 76
43 76 196
43 77 118
43 78 24
43 79 39
43 80 37
43 81 123
43 82 183
43 83 75
43 84 152
43 85 159
43 86 128
43 87 13
43 88 95
43 89 158
43 90 130
43 91 29
43 92 176
43 93 150
43 94 200
43 95 126
43 96 100
43 97 160
43 98 95
43 99 19
44 45 75
44 46 38
44 47 16
44 48 182
44 49 118
44 50 128
44 51 15
44 52 39
44 53 171
44 54 165
44 55 76
44 56 144
44 57 97
44 58 147
44 59 149
44 60 126
44 61 105
44 62 157
44 63 188
44 64 93
44 65 174
44 66 149
44 67 70
44 68 169
44 69 136
44 70 118
44 71 169
44 72 104
44 73 171
44 74 25
44 75 157
44 76 124
44 77 36
44 78 72
44 79 132
44 80 132
44 81 157
44 82 70
44 83 27
44 84 189
44 85 178
44 86 155
44 87 140
44 88 135
44 89 147
44 90 42
44 91 189
44 92 138
44 93 188
44 94 46
44 95 61
44 96 173
44 97 136
44 98 26
44 99 96
45 46 110
45 47 155
45 48 175
45 49 73
45 50 11
45 51 141
45 52 164
45 53 43
45 54 68
45 55 119
45 56 16
45 57 47
45 58 58
45 59 11
45 60 73
45 61 91
45 62 12
45 63 107
45 64 82
45 65 112
45 66 83
45 67 90
45 68 172
45 69 56
45 70 193
45 71 71
45 72 24
45 73 0
45 74 110
45 75 178
45 76 27
45 77 194
45 78 99
45 79 181
45 80 118
45 81 48
45 82 119
45 83 105
45 84 159
45 85 44
45 86 160
45 87 115
45 88 104
45 89 164
45 90 82
45 91 55
45 92 140
45 93 65
45 94 51
45 95 170
45 96 194
45 97 40
45 98 157
45 99 47
46 47 113
46 48 65
46 49 97
46 50 61
46 51 54
46 52 159
46 53 17
46 54 42
46 55 139
46 56 197
46 57 110
46 58 198
46 59 70
46 60 65
46 61 35
46 62 98
46 63 52
46 64 41
46 65 137
46 66 198
46 67 56
46 68 93
46 69 171
46 70 181
46 71 63
46 72 98
46 73 171
46 74 29
46 75 0
46 76 99
46 77 103
46 78 166
46 79 117
46 80 25
46 81 111
46 82 24
46 83 2
46 84 51
46 85 154
46 86 146
46 87 181
46 88 163
46 89 182
46 90 178
46 91 154
46 92 44
46 93 60
46 94 81
46 95 64
46 96 200
46 97 176
46 98 142
46 99 94
47 48 84
47 49 95
47 50 6
47 51 53
47 52 30
47 53 114
47 54 9
47 55 35
47 56 85
47 57 61
47 58 160
47 59 162
47 60 190
47 61 17
47 62 53
47 63 79
47 64 92
47 65 31
47 66 52
47 67 119
47 68 17
47 69 99
47 70 154
47 71 104
47 72 193
47 73 127
47 74 140
47 75 78
47 76 7
47 77 123
47 78 6
47 79 82
47 80 180
47 81 68
47 82 178
47 83 122
47 84 120
47 85 35
47 86 69
47 87 11
47 88 199
47 89 43
47 90 1
47 91 141
47 92 16
47 93 92
47 94 197
47 95 187
47 96 188
47 97 141
47 98 161
47 99 3
48 49 191
48 50 58
48 51 173
48 52 137
48 53 150
48 54 34
48 55 116
48 56 96
48 57 60
48 58 51
48 59 28
48 60 30
48 61 78
48 62 102
48 63 175
48 64 169
48 65 94
48 66 63
48 67 144
48 68 22
48 69 23
48 70 90
48 71 19
48 72 70
48 73 167
48 74 82
48 75 124
48 76 164
48 77 3
48 78 104
48 79 142
48 80 37
48 81 70
48 82 179
48 83 26
48 84 117
48 85 167
48 86 46
48 87 104
48 88 123
48 89 79
48 90 119
48 91 117
48 92 24
48 93 53
48 94 179
48 95 181
48 96 158
48 97 94
48 98 67
48 99 100
49 50 195
49 51 187
49 52 59
49 53 63
49 54 44
49 55 163
49 56 68
49 57 26
49 58 194
49 59 40
49 60 46
49 61 121
49 62 101
49 63 36
49 64 96
49 65 182
49 66 164
49 67 25
49 68 86
49 69 138
49 70 52
49 71 53
49 72 46
49 73 156
49 74 19
49 75 4
49 76 174
49 77 175
49 78 53
49 79 74
49 80 4
49 81 190
49 82 39
49 83 134
49 84 45
49 85 7
49 86 109
49 87 44
49 88 137
49 89 82
49 90 127
49 91 8
49 92 70
49 93 32
49 94 50
49 95 151
49 96 20
49 97 156
49 98 172
49 99 88
50 51 154
50 52 135
50 53 28
50 54 20
50 55 108
50 56 35
50 57 38
50 58 60
50 59 86
50 60 127
50 61 72
50 62 42
50 63 35
50 64 163
50 65 34
50 66 22
50 67 196
50 68 154
50 69 144
50 70 94
50 71 120
50 72 161
50 73 83
50 74 90
50 75 195
50 76 62
50 77 101
50 78 141
50 79 98
50 80 104
50 81 145
50 82 185
50 83 166
50 84 12
50 85 134
50 86 173
50 87 74
50 88 103
50 89 184
50 90 195
50 91 56
50 92 188
50 93 197
50 94 71
50 95 11
50 96 88
50 97 65
50 98 21
50 99 178
51 52 113
51 53 16
51 54 7
51 55 106
51 56 76
51 57 81
51 58 133
51 59 165
51 60 114
51 61 126
51 62 144
51 63 28
51 64 60
51 65 82
51 66 134
51 67 74
51 68 185
51 69 182
51 70 106
51 71 104
51 72 92
51 73 81
51 74 195
51 75 30
51 76 197
51 77 188
51 78 33
51 79 91
51 80 145
51 81 142
51 82 188
51 83 26
51 84 22
51 85 174
51 86 55
51 87 38
51 88 79
51 89 39
51 90 24
51 91 147
51 92 60
51 93 121
51 94 166
51 95 50
51 96 60
51 97 3
51 98 151
51 99 9
52 53 145
52 54 139
52 55 13
52 56 2
52 57 165
52 58 180
52 59 140
52 60 105
52 61 104
52 62 24
52 63 190
52 64 71
52 65 108
52 66 52
52 67 47
52 68 93
52 69 97
52 70 199
52 71 36
52 72 135
52 73 48
52 74 15
52 75 150
52 76 42
52 77 180
52 78 10
52 79 140
52 80 125
52 81 167
52 82 60
52 83 113
52 84 72
52 85 176
52 86 94
52 87 145
52 88 99
52 89 82
52 90 10
52 91 38
52 92 11
52 93 13
52 94 128
52 95 77
52 96 191
52 97 102
52 98 83
52 99 79
53 54 69
53 55 15
53 56 52
53 57 94
53 58 103
53 59 2
53 60 34
53 61 56
53 62 147
53 63 132
53 64 143
53 65 54
53 66 80
53 67 107
53 68 90
53 69 169
53 70 187
53 71 143
53 72 107
53 73 173
53 74 62
53 75 87
53 76 174
53 77 48
53 78 121
53 79 163
53 80 5
53 81 12
53 82 157
53 83 92
53 84 75
53 85 174
53 86 3
53 87 117
53 88 19
53 89 121
53 90 21
53 91 155
53 92 137
53 93 153
53 94 50
53 95 173
53 96 18
53 97 192
53 98 25
53 99 90
54 55 53
54 56 181
54 57 77
54 58 172
54 59 173
54 60 97
54 61 89
54 62 114
54 63 124
54 64 58
54 65 9
54 66 170
54 67 5
54 68 131
54 69 6
54 70 3
54 71 60
54 72 163
54 73 168
54 74 198
54 75 24
54 76 181
54 77 117
54 78 130
54 79 195
54 80 143
54 81 169
54 82 86
54 83 109
54 84 99
54 85 50
54 86 76
54 87 9
54 88 173
54 89 29
54 90 49
54 91 180
54 92 157
54 93 24
54 94 190
54 95 123
54 96 114
54 97 119
54 98 39
54 99 170
55 56 100
55 57 124
55 58 153
55 59 8
55 60 61
55 61 130
55 62 1
55 63 173
55 64 65
55 65 193
55 66 56
55 67 77
55 68 99
55 69 168
55 70 126
55 71 188
55 72 64
55 73 70
55 74 145
55 75 154
55 76 146
55 77 61
55 78 57
55 79 116
55 80 55
55 81 7
55 82 91
55 83 128
55 84 197
55 85 92
55 86 74
55 87 138
55 88 119
55 89 115
55 90 123
55 91 138
55 92 123
55 93 37
55 94 155
55 95 158
55 96 180
55 97 100
55 98 113
55 99 130
56 57 22
56 58 44
56 59 94
56 60 106
56 61 141
56 62 106
56 63 90
56 64 118
56 65 98
56 66 114
56 67 188
56 68 32
56 69 165
56 70 121
56 71 151
56 72 195
56 73 98
56 74 5
56 75 107
56 76 10
56 77 23
56 78 16
56 79 29
56 80 88
56 81 189
56 82 197
56 83 38
56 84 102
56 85 171
56 86 24
56 87 107
56 88 75
56 89 161
56 90 131
56 91 110
56 92 104
56 93 163
56 94 62
56 95 196
56 96 162
56 97 183
56 98 178
56 99 31
57 58 100
57 59 50
57 60 172
57 61 98
57 62 136
57 63 78
57 64 168
57 65 194
57 66 56
57 67 145
57 68 150
57 69 59
57 70 9
57 71 7
57 72 181
57 73 85
57 74 125
57 75 98
57 76 71
57 77 68
57 78 84
57 79 124
57 80 137
57 81 48
57 82 85
57 83 194
57 84 9
57 85 72
57 86 16
57 87 150
57 88 172
57 89 27
57 90 156
57 91 15
57 92 196
57 93 36
57 94 179
57 95 120
57 96 191
57 97 169
57 98 141
57 99 102
58 59 184
58 60 5
58 61 96
58 62 141
58 63 85
58 64 170
58 65 19
58 66 200
58 67 166
58 68 165
58 69 137
58 70 27
58 71 40
58 72 18
58 73 7
58 74 56
58 75 39
58 76 44
58 77 117
58 78 137
58 79 68
58 80 197
58 81 110
58 82 108
58 83 14
58 84 51
58 85 136
58 86 189
58 87 89
58 88 121
58 89 7
58 90 46
58 91 187
58 92 177
58 93 175
58 94 36
58 95 141
58 96 56
58 97 194
58 98 190
58 99 4
59 60 153
59 61 117
59 62 122
59 63 183
59 64 153
59 65 129
59 66 75
59 67 17
59 68 67
59 69 171
59 70 21
59 71 200
59 72 91
59 73 153
59 74 126
59 75 100
59 76 42
59 77 155
59 78 191
59 79 174
59 80 150
59 81 174
59 82 103
59 83 78
59 84 31
59 85 53
59 86 193
59 87 44
59 88 179
59 89 110
59 90 159
59 91 176
59 92 158
59 93 19
59 94 164
59 95 169
59 96 70
59 97 105
59 98 103
59 99 32
60 61 51
60 62 167
60 63 172
60 64 169
60 65 3
60 66 112
60 67 83
60 68 66
60 69 192
60 70 90
60 71 61
60 72 21
60 73 26
60 74 68
60 75 105
60 76 31
60 77 125
60 78 69
60 79 24
60 80 132
60 81 161
60 82 53
60 83 154
60 84 18
60 85 41
60 86 21
60 87 113
60 88 5
60 89 84
60 90 134
60 91 71
60 92 45
60 93 116
60 94 196
60 95 164
60 96 122
60 97 186
60 98 105
60 99 26
61 62 144
61 63 66
61 64 39
61 65 53
61 66 22
61 67 7
61 68 5
61 69 17
61 70 106
61 71 164
61 72 115
61 73 86
61 74 138
61 75 137
61 76 127
61 77 141
61 78 130
61 79 173
61 80 188
61 81 200
61 82 49
61 83 132
61 84 96
61 85 149
61 86 117
61 87 148
61 88 149
61 89 62
61 90 163
61 91 80
61 92 46
61 93 26
61 94 63
61 95 196
61 96 76
61 97 67
61 98 106
61 99 157
62 63 129
62 64 117
62 65 121
62 66 105
62 67 37
62 68 0
62 69 187
62 70 56
62 71 76
62 72 65
62 73 182
62 74 75
62 75 185
62 76 110
62 77 10
62 78 84
62 79 101
62 80 101
62 81 115
62 82 71
62 83 22
62 84 165
62 85 71
62 86 31
62 87 7
62 88 56
62 89 196
62 90 119
62 91 113
62 92 57
62 93 6
62 94 40
62 95 28
62 96 45
62 97 197
62 98 150
62 99 34
63 64 42
63 65 183
63 66 151
63 67 174
63 68 183
63 69 178
63 70 171
63 71 24
63 72 63
63 73 159
63 74 157
63 75 143
63 76 181
63 77 107
63 78 136
63 79 178
63 80 153
63 81 44
63 82 137
63 83 49
63 84 189
63 85 85
63 86 99
63 87 38
63 88 146
63 89 85
63 90 145
63 91 22
63 92 168
63 93 61
63 94 37
63 95 76
63 96 41
63 97 89
63 98 43
63 99 132
64 65 68
64 66 33
64 67 180
64 68 185
64 69 164
64 70 63
64 71 134
64 72 176
64 73 47
64 74 8
64 75 18
64 76 116
64 77 88
64 78 51
64 79 188
64 80 11
64 81 173
64 82 116
64 83 30
64 84 6
64 85 111
64 86 196
64 87 40
64 88 141
64 89 171
64 90 113
64 91 136
64 92 64
64 93 126
64 94 97
64 95 161
64 96 131
64 97 179
64 98 21
64 99 135
65 66 26
65 67 80
65 68 9
65 69 144
65 70 97
65 71 132
65 72 199
65 73 87
65 74 136
65 75 169
65 76 134
65 77 60
65 78 56
65 79 19
65 80 79
65 81 12
65 82 126
65 83 13
65 84 178
65 85 186
65 86 199
65 87 40
65 88 96
65 89 78
65 90 131
65 91 141
65 92 173
65 93 103
65 94 115
65 95 194
65 96 70
65 97 117
65 98 61
65 99 113
66 67 164
66 68 62
66 69 195
66 70 142
66 71 200
66 72 63
66 73 54
66 74 64
66 75 177
66 76 92
66 77 163
66 78 20
66 79 54
66 80 21
66 81 137
66 82 7
66 83 130
66 84 113
66 85 68
66 86 142
66 87 179
66 88 144
66 89 156
66 90 129
66 91 200
66 92 147
66 93 27
66 94 103
66 95 52
66 96 85
66 97 53
66 98 75
66 99 24
67 68 160
67 69 127
67 70 136
67 71 82
67 72 183
67 73 3
67 74 87
67 75 65
67 76 2
67 77 152
67 78 169
67 79 94
67 80 142
67 81 49
67 82 126
67 83 141
67 84 112
67 85 149
67 86 68
67 87 9
67 88 103
67 89 11
67 90 138
67 91 164
67 92 48
67 93 132
67 94 102
67 95 170
67 96 109
67 97 117
67 98 48
67 99 81
68 69 171
68 70 157
68 71 172
68 72 31
68 73 34
68 74 161
68 75 16
68 76 94
68 77 85
68 78 73
68 79 46
68 80 58
68 81 34
68 82 170
68 83 172
68 84 187
68 85 117
68 86 103
68 87 6
68 88 184
68 89 26
68 90 53
68 91 8
68 92 157
68 93 123
68 94 110
68 95 126
68 96 160
68 97 163
68 98 33
68 99 140
69 70 157
69 71 105
69 72 57
69 73 148
69 74 81
69 75 3
69 76 101
69 77 176
69 78 3
69 79 101
69 80 121
69 81 103
69 82 21
69 83 41
69 84 123
69 85 55
69 86 6
69 87 10
69 88 145
69 89 22
69 90 0
69 91 173
69 92 122
69 93 96
69 94 103
69 95 102
69 96 148
69 97 121
69 98 170
69 99 197
70 71 141
70 72 19
70 73 99
70 74 164
70 75 133
70 76 26
70 77 11
70 78 176
70 79 93
70 80 133
70 81 52
70 82 142
70 83 130
70 84 184
70 85 194
70 86 125
70 87 56
70 88 91
70 89 159
70 90 15
70 91 146
70 92 101
70 93 22
70 94 146
70 95 137
70 96 12
70 97 193
70 98 167
70 99 4
71 72 10
71 73 21
71 74 3
71 75 106
71 76 21
71 77 10
71 78 2
71 79 54
71 80 188
71 81 29
71 82 158
71 83 70
71 84 116
71 85 181
71 86 22
71 87 156
71 88 169
71 89 9
71 90 112
71 91 28
71 92 91
71 93 163
71 94 178
71 95 95
71 96 69
71 97 6
71 98 197
71 99 165
72 73 0
72 74 78
72 75 122
72 76 197
72 77 131
72 78 51
72 79 25
72 80 106
72 81 134
72 82 166
72 83 190
72 84 62
72 85 187
72 86 184
72 87 50
72 88 7
72 89 194
72 90 169
72 91 98
72 92 135
72 93 104
72 94 25
72 95 194
72 96 96
72 97 29
72 98 125
72 99 6
73 74 111
73 75 93
73 76 158
73 77 23
73 78 181
73 79 34
73 80 190
73 81 76
73 82 9
73 83 86
73 84 18
73 85 30
73 86 25
73 87 165
73 88 125
73 89 109
73 90 184
73 91 157
73 92 121
73 93 131
73 94 77
73 95 114
73 96 29
73 97 84
73 98 72
73 99 83
74 75 52
74 76 131
74 77 60
74 78 18
74 79 178
74 80 78
74 81 141
74 82 96
74 83 187
74 84 38
74 85 45
74 86 141
74 87 28
74 88 175
74 89 69
74 90 17
74 91 46
74 92 36
74 93 71
74 94 10
74 95 20
74 96 49
74 97 170
74 98 191
74 99 184
75 76 200
75 77 199
75 78 4
75 79 66
75 80 106
75 81 75
75 82 39
75 83 67
75 84 131
75 85 39
75 86 35
75 87 112
75 88 154
75 89 105
75 90 37
75 91 176
75 92 23
75 93 9
75 94 48
75 95 6
75 96 143
75 97 98
75 98 1
75 99 155
76 77 145
76 78 184
76 79 91
76 80 131
76 81 58
76 82 145
76 83 165
76 84 91
76 85 41
76 86 155
76 87 147
76 88 150
76 89 87
76 90 63
76 91 150
76 92 5
76 93 63
76 94 192
76 95 125
76 96 177
76 97 126
76 98 115
76 99 66
77 78 138
77 79 50
77 80 11
77 81 85
77 82 51
77 83 118
77 84 23
77 85 134
77 86 78
77 87 34
77 88 123
77 89 121
77 90 195
77 91 170
77 92 126
77 93 64
77 94 128
77 95 29
77 96 15
77 97 29
77 98 28
77 99 8
78 79 195
78 80 181
78 81 121
78 82 30
78 83 23
78 84 52
78 85 95
78 86 128
78 87 19
78 88 169
78 89 59
78 90 108
78 91 58
78 92 79
78 93 137
78 94 87
78 95 120
78 96 29
78 97 144
78 98 92
78 99 65
79 80 103
79 81 77
79 82 54
79 83 127
79 84 196
79 85 177
79 86 32
79 87 31
79 88 119
79 89 81
79 90 32
79 91 67
79 92 132
79 93 88
79 94 39
79 95 48
79 96 127
79 97 178
79 98 137
79 99 151
80 81 144
80 82 115
80 83 153
80 84 66
80 85 195
80 86 3
80 87 126
80 88 89
80 89 135
80 90 32
80 91 22
80 92 126
80 93 45
80 94 94
80 95 104
80 96 51
80 97 164
80 98 170
80 99 63
81 82 185
81 83 197
81 84 58
81 85 112
81 86 87
81 87 57
81 88 35
81 89 150
81 90 107
81 91 59
81 92 87
81 93 180
81 94 137
81 95 82
81 96 105
81 97 24
81 98 62
81 99 150
82 83 19
82 84 35
82 85 197
82 86 40
82 87 128
82 88 85
82 89 176
82 90 162
82 91 101
82 92 20
82 93 144
82 94 139
82 95 1
82 96 39
82 97 181
82 98 94
82 99 40
83 84 96
83 85 174
83 86 80
83 87 141
83 88 188
83 89 22
83 90 99
83 91 94
83 92 130
83 93 15
83 94 39
83 95 65
83 96 83
83 97 168
83 98 70
83 99 83
84 85 118
84 86 167
84 87 121
84 88 41
84 89 61
84 90 125
84 91 91
84 92 124
84 93 35
84 94 22
84 95 84
84 96 185
84 97 44
84 98 113
84 99 172
85 86 63
85 87 181
85 88 156
85 89 8
85 90 128
85 91 156
85 92 41
85 93 106
85 94 190
85 95 26
85 96 0
85 97 58
85 98 80
85 99 76
86 87 97
86 88 181
86 89 60
86 90 139
86 91 43
86 92 12
86 93 130
86 94 1
86 95 22
86 96 119
86 97 47
86 98 141
86 99 78
87 88 47
87 89 148
87 90 88
87 91 79
87 92 175
87 93 84
87 94 6
87 95 98
87 96 21
87 97 108
87 98 95
87 99 56
88 89 86
88 90 189
88 91 126
88 92 75
88 93 90
88 94 53
88 95 171
88 96 69
88 97 128
88 98 137
88 99 74
89 90 188
89 91 132
89 92 175
89 93 89
89 94 84
89 95 176
89 96 33
89 97 72
89 98 73
89 99 100
90 91 118
90 92 169
90 93 175
90 94 74
90 95 59
90 96 107
90 97 101
90 98 74
90 99 77
91 92 39
91 93 166
91 94 18
91 95 77
91 96 149
91 97 179
91 98 62
91 99 140
92 93 110
92 94 20
92 95 104
92 96 180
92 97 147
92 98 120
92 99 48
93 94 131
93 95 60
93 96 157
93 97 2
93 98 70
93 99 101
94 95 24
94 96 91
94 97 183
94 98 172
94 99 193
95 96 115
95 97 5
95 98 141
95 99 0
