100 4625
0 1 114
0 2 12
0 3 15
0 4 151
0 5 33
0 6 7
0 7 37
0 8 93
0 9 117
0 10 4
0 11 185
0 12 68
0 13 127
0 14 68
0 15 177
0 16 52
0 17 114
0 18 47
0 19 15
0 20 142
0 21 47
0 22 29
0 23 35
0 24 109
0 25 115
0 26 59
0 27 71
0 28 148
0 29 91
0 30 11
0 31 162
0 32 22
0 33 44
0 34 90
0 35 114
0 36 143
0 37 188
0 38 79
0 39 139
0 40 12
0 41 29
0 42 145
0 43 111
0 44 145
0 45 198
0 46 142
0 47 95
0 48 74
0 49 18
0 50 51
0 51 168
0 52 32
0 53 34
0 54 168
0 55 196
0 56 83
0 57 19
0 58 167
0 59 71
0 60 192
0 61 145
0 62 60
0 63 144
0 64 133
0 65 169
0 66 161
0 67 96
0 68 93
0 69 11
0 70 131
0 71 121
0 72 97
0 73 111
0 74 167
0 75 79
0 76 7
0 77 135
0 78 180
0 79 85
0 80 125
0 81 172
0 82 51
0 83 41
0 84 114
0 85 166
0 86 188
0 87 73
0 88 135
0 89 6
0 90 127
0 91 60
0 92 122
0 93 123
0 94 90
0 95 52
0 96 86
0 97 132
0 98 43
0 99 180
1 2 148
1 3 0
1 4 55
1 5 189
1 6 0
1 7 35
1 8 4
1 9 158
1 10 107
1 11 27
1 12 33
1 13 142
1 14 78
1 15 3
1 16 150
1 17 5
1 18 150
1 19 42
1 20 67
1 21 200
1 22 125
1 23 121
1 24 46
1 25 168
1 26 196
1 27 6
1 28 176
1 29 8
1 30 33
1 31 61
1 32 32
1 33 56
1 34 51
1 35 47
1 36 7
1 37 123
1 38 74
1 39 87
1 40 169
1 41 35
1 42 132
1 43 164
1 44 22
1 45 191
1 46 35
1 47 150
1 48 23
1 49 145
1 50 163
1 51 77
1 52 28
1 53 166
1 54 187
1 55 75
1 56 44
1 57 167
1 58 67
1 59 117
1 60 106
1 61 143
1 62 81
1 63 34
1 64 22
1 65 146
1 66 160
1 67 81
1 68 190
1 69 105
1 70 122
1 71 69
1 72 120
1 73 150
1 74 161
1 75 25
1 76 4
1 77 6
1 78 20
1 79 58
1 80 85
1 81 113
1 82 21
1 83 128
1 84 77
1 85 116
1 86 21
1 87 50
1 88 18
1 89 182
1 90 81
1 91 199
1 92 161
1 93 7
1 94 88
1 95 48
1 96 54
1 97 5
1 98 174
1 99 130
2 3 172
2 4 73
2 5 99
2 6 173
2 7 44
2 8 180
2 9 148
2 10 188
2 11 34
2 12 95
2 13 165
2 14 91
2 15 6
2 16 140
2 17 31
2 18 169
2 19 191
2 20 81
2 21 96
2 22 150
2 23 160
2 24 35
2 25 179
2 26 3
2 27 8
2 28 68
2 29 141
2 30 152
2 31 36
2 32 101
2 33 133
2 34 114
2 35 16
2 36 21
2 37 180
2 38 195
2 39 5
2 40 130
2 41 20
2 42 39
2 43 186
2 44 169
2 45 67
2 46 165
2 47 99
2 48 20
2 49 111
2 50 32
2 51 173
2 52 104
2 53 170
2 54 162
2 55 56
2 56 100
2 57 21
2 58 173
2 59 82
2 60 158
2 61 41
2 62 167
2 63 155
2 64 167
2 65 72
2 66 97
2 67 114
2 68 6
2 69 56
2 70 125
2 71 64
2 72 60
2 73 74
2 74 140
2 75 67
2 76 148
2 77 56
2 78 74
2 79 161
2 80 145
2 81 189
2 82 145
2 83 88
2 84 127
2 85 63
2 86 87
2 87 132
2 88 74
2 89 12
2 90 51
2 91 144
2 92 153
2 93 198
2 94 117
2 95 96
2 96 53
2 97 193
2 98 111
2 99 170
3 4 51
3 5 38
3 6 187
3 7 3
3 8 85
3 9 120
3 10 33
3 11 194
3 12 92
3 13 128
3 14 159
3 15 92
3 16 179
3 17 159
3 18 168
3 19 189
3 20 148
3 21 167
3 22 11
3 23 191
3 24 136
3 25 3
3 26 56
3 27 17
3 28 168
3 29 115
3 30 168
3 31 48
3 32 144
3 33 52
3 34 54
3 35 61
3 36 90
3 37 136
3 38 47
3 39 38
3 40 22
3 41 80
3 42 172
3 43 103
3 44 68
3 45 77
3 46 26
3 47 91
3 48 129
3 49 153
3 50 176
3 51 108
3 52 196
3 53 143
3 54 97
3 55 58
3 56 118
3 57 53
3 58 155
3 59 63
3 60 72
3 61 177
3 62 81
3 63 11
3 64 142
3 65 165
3 66 112
3 67 129
3 68 88
3 69 128
3 70 36
3 71 140
3 72 85
3 73 87
3 74 193
3 75 62
3 76 60
3 77 121
3 78 98
3 79 128
3 80 107
3 81 136
3 82 73
3 83 92
3 84 114
3 85 25
3 86 9
3 87 95
3 88 80
3 89 57
3 90 200
3 91 132
3 92 58
3 93 151
3 94 172
3 95 76
3 96 160
3 97 150
3 98 187
3 99 44
4 5 82
4 6 39
4 7 182
4 8 180
4 9 38
4 10 146
4 11 21
4 12 133
4 13 37
4 14 135
4 15 81
4 16 156
4 17 29
4 18 111
4 19 116
4 20 10
4 21 147
4 22 26
4 23 87
4 24 117
4 25 168
4 26 197
4 27 45
4 28 163
4 29 23
4 30 62
4 31 67
4 32 96
4 33 4
4 34 152
4 35 81
4 36 25
4 37 77
4 38 34
4 39 109
4 40 33
4 41 38
4 42 142
4 43 143
4 44 124
4 45 164
4 46 0
4 47 197
4 48 47
4 49 200
4 50 0
4 51 43
4 52 176
4 53 23
4 54 149
4 55 37
4 56 63
4 57 157
4 58 92
4 59 109
4 60 51
4 61 21
4 62 157
4 63 141
4 64 173
4 65 109
4 66 104
4 67 35
4 68 57
4 69 131
4 70 82
4 71 171
4 72 152
4 73 22
4 74 44
4 75 113
4 76 132
4 77 16
4 78 169
4 79 31
4 80 186
4 81 54
4 82 157
4 83 70
4 84 90
4 85 73
4 86 152
4 87 17
4 88 119
4 89 180
4 90 52
4 91 82
4 92 119
4 93 125
4 94 16
4 95 79
4 96 39
4 97 194
4 98 3
4 99 146
5 6 54
5 7 195
5 8 164
5 9 145
5 10 7
5 11 190
5 12 188
5 13 47
5 14 199
5 15 3
5 16 152
5 17 57
5 18 0
5 19 134
5 20 17
5 21 180
5 22 96
5 23 17
5 24 2
5 25 90
5 26 198
5 27 168
5 28 101
5 29 113
5 30 134
5 31 159
5 32 124
5 33 169
5 34 151
5 35 119
5 36 82
5 37 102
5 38 99
5 39 137
5 40 100
5 41 123
5 42 131
5 43 81
5 44 172
5 45 65
5 46 136
5 47 145
5 48 73
5 49 104
5 50 14
5 51 94
5 52 188
5 53 117
5 54 31
5 55 55
5 56 132
5 57 171
5 58 128
5 59 3
5 60 195
5 61 65
5 62 102
5 63 165
5 64 198
5 65 125
5 66 131
5 67 99
5 68 5
5 69 29
5 70 199
5 71 143
5 72 120
5 73 79
5 74 18
5 75 13
5 76 112
5 77 45
5 78 0
5 79 38
5 80 191
5 81 10
5 82 103
5 83 115
5 84 81
5 85 144
5 86 125
5 87 121
5 88 0
5 89 14
5 90 108
5 91 166
5 92 157
5 93 34
5 94 59
5 95 174
5 96 109
5 97 142
5 98 106
5 99 69
6 7 33
6 8 165
6 9 73
6 10 194
6 11 123
6 12 34
6 13 27
6 14 122
6 15 176
6 16 3
6 17 57
6 18 179
6 19 112
6 20 199
6 21 72
6 22 136
6 23 140
6 24 129
6 25 26
6 26 194
6 27 166
6 28 162
6 29 168
6 30 13
6 31 94
6 32 129
6 33 122
6 34 179
6 35 158
6 36 15
6 37 54
6 38 183
6 39 199
6 40 168
6 41 36
6 42 111
6 43 84
6 44 100
6 45 190
6 46 151
6 47 18
6 48 65
6 49 31
6 50 26
6 51 61
6 52 106
6 53 26
6 54 134
6 55 9
6 56 44
6 57 192
6 58 50
6 59 179
6 60 30
6 61 23
6 62 63
6 63 79
6 64 45
6 65 197
6 66 89
6 67 55
6 68 54
6 69 49
6 70 3
6 71 130
6 72 32
6 73 34
6 74 139
6 75 7
6 76 62
6 77 25
6 78 144
6 79 189
6 80 66
6 81 149
6 82 180
6 83 43
6 84 41
6 85 180
6 86 174
6 87 165
6 88 107
6 89 179
6 90 174
6 91 135
6 92 78
6 93 185
6 94 166
6 95 88
6 96 82
6 97 21
6 98 90
6 99 153
7 8 183
7 9 134
7 10 137
7 11 2
7 12 24
7 13 115
7 14 24
7 15 91
7 16 153
7 17 2
7 18 56
7 19 156
7 20 34
7 21 139
7 22 94
7 23 35
7 24 159
7 25 92
7 26 104
7 27 167
7 28 5
7 29 108
7 30 151
7 31 64
7 32 5
7 33 92
7 34 159
7 35 114
7 36 111
7 37 47
7 38 131
7 39 154
7 40 195
7 41 27
7 42 38
7 43 188
7 44 30
7 45 95
7 46 194
7 47 24
7 48 173
7 49 166
7 50 136
7 51 2
7 52 196
7 53 141
7 54 112
7 55 5
7 56 124
7 57 163
7 58 51
7 59 132
7 60 72
7 61 199
7 62 122
7 63 6
7 64 127
7 65 79
7 66 98
7 67 70
7 68 175
7 69 52
7 70 36
7 71 157
7 72 168
7 73 176
7 74 92
7 75 16
7 76 73
7 77 139
7 78 106
7 79 122
7 80 151
7 81 113
7 82 73
7 83 84
7 84 33
7 85 163
7 86 23
7 87 10
7 88 97
7 89 199
7 90 3
7 91 141
7 92 59
7 93 119
7 94 56
7 95 57
7 96 128
7 97 186
7 98 183
7 99 62
8 9 142
8 10 52
8 11 103
8 12 132
8 13 21
8 14 85
8 15 160
8 16 124
8 17 119
8 18 190
8 19 183
8 20 122
8 21 85
8 22 17
8 23 56
8 24 147
8 25 133
8 26 55
8 27 175
8 28 139
8 29 90
8 30 198
8 31 142
8 32 120
8 33 168
8 34 74
8 35 175
8 36 115
8 37 0
8 38 31
8 39 164
8 40 145
8 41 94
8 42 131
8 43 36
8 44 121
8 45 83
8 46 39
8 47 163
8 48 166
8 49 79
8 50 1
8 51 11
8 52 134
8 53 191
8 54 49
8 55 62
8 56 100
8 57 20
8 58 134
8 59 124
8 60 187
8 61 94
8 62 200
8 63 3
8 64 95
8 65 167
8 66 160
8 67 96
8 68 16
8 69 14
8 70 171
8 71 109
8 72 93
8 73 157
8 74 171
8 75 40
8 76 67
8 77 31
8 78 168
8 79 109
8 80 92
8 81 104
8 82 99
8 83 126
8 84 118
8 85 43
8 86 94
8 87 122
8 88 9
8 89 198
8 90 198
8 91 133
8 92 76
8 93 90
8 94 61
8 95 187
8 96 64
8 97 27
8 98 0
8 99 100
9 10 24
9 11 44
9 12 149
9 13 42
9 14 85
9 15 112
9 16 175
9 17 93
9 18 56
9 19 159
9 20 117
9 21 151
9 22 32
9 23 1
9 24 140
9 25 98
9 26 180
9 27 110
9 28 23
9 29 114
9 30 63
9 31 159
9 32 47
9 33 3
9 34 27
9 35 54
9 36 42
9 37 116
9 38 143
9 39 195
9 40 150
9 41 176
9 42 186
9 43 127
9 44 83
9 45 147
9 46 182
9 47 170
9 48 190
9 49 31
9 50 4
9 51 65
9 52 157
9 53 158
9 54 56
9 55 194
9 56 58
9 57 109
9 58 24
9 59 103
9 60 140
9 61 108
9 62 127
9 63 54
9 64 200
9 65 1
9 66 74
9 67 64
9 68 16
9 69 167
9 70 196
9 71 112
9 72 62
9 73 127
9 74 141
9 75 137
9 76 116
9 77 109
9 78 161
9 79 192
9 80 88
9 81 192
9 82 90
9 83 102
9 84 65
9 85 156
9 86 149
9 87 78
9 88 183
9 89 35
9 90 177
9 91 9
9 92 13
9 93 31
9 94 48
9 95 53
9 96 70
9 97 56
9 98 25
9 99 141
10 11 89
10 12 152
10 13 84
10 14 104
10 15 55
10 16 133
10 17 68
10 18 39
10 19 35
10 20 96
10 21 129
10 22 47
10 23 95
10 24 68
10 25 139
10 26 108
10 27 125
10 28 198
10 29 147
10 30 47
10 31 186
10 32 74
10 33 88
10 34 26
10 35 5
10 36 23
10 37 188
10 38 161
10 39 188
10 40 33
10 41 95
10 42 131
10 43 97
10 44 172
10 45 65
10 46 119
10 47 47
10 48 16
10 49 39
10 50 165
10 51 178
10 52 122
10 53 88
10 54 54
10 55 7
10 56 87
10 57 164
10 58 193
10 59 91
10 60 136
10 61 80
10 62 48
10 63 1
10 64 37
10 65 182
10 66 163
10 67 12
10 68 7
10 69 18
10 70 117
10 71 172
10 72 189
10 73 129
10 74 152
10 75 177
10 76 51
10 77 78
10 78 170
10 79 41
10 80 184
10 81 125
10 82 191
10 83 38
10 84 28
10 85 190
10 86 179
10 87 140
10 88 189
10 89 58
10 90 38
10 91 116
10 92 99
10 93 13
10 94 77
10 95 114
10 96 14
10 97 10
10 98 155
10 99 41
11 12 121
11 13 108
11 14 66
11 15 106
11 16 193
11 17 138
11 18 193
11 19 66
11 20 191
11 21 118
11 22 12
11 23 160
11 24 104
11 25 109
11 26 199
11 27 115
11 28 80
11 29 127
11 30 56
11 31 190
11 32 68
11 33 35
11 34 90
11 35 12
11 36 193
11 37 146
11 38 88
11 39 16
11 40 148
11 41 193
11 42 65
11 43 55
11 44 126
11 45 96
11 46 72
11 47 19
11 48 46
11 49 85
11 50 70
11 51 52
11 52 92
11 53 162
11 54 175
11 55 181
11 56 8
11 57 67
11 58 179
11 59 6
11 60 44
11 61 178
11 62 18
11 63 57
11 64 64
11 65 130
11 66 82
11 67 46
11 68 69
11 69 13
11 70 38
11 71 176
11 72 102
11 73 99
11 74 54
11 75 43
11 76 161
11 77 30
11 78 84
11 79 106
11 80 16
11 81 147
11 82 33
11 83 133
11 84 191
11 85 49
11 86 136
11 87 58
11 88 162
11 89 42
11 90 58
11 91 9
11 92 108
11 93 2
11 94 15
11 95 42
11 96 70
11 97 44
11 98 165
11 99 35
12 13 32
12 14 104
12 15 89
12 16 171
12 17 17
12 18 139
12 19 120
12 20 82
12 21 193
12 22 164
12 23 180
12 24 128
12 25 189
12 26 40
12 27 73
12 28 178
12 29 142
12 30 24
12 31 167
12 32 173
12 33 46
12 34 48
12 35 8
12 36 145
12 37 1
12 38 7
12 39 178
12 40 183
12 41 105
12 42 98
12 43 7
12 44 53
12 45 137
12 46 105
12 47 159
12 48 19
12 49 108
12 50 29
12 51 24
12 52 73
12 53 184
12 54 160
12 55 60
12 56 73
12 57 80
12 58 88
12 59 136
12 60 112
12 61 7
12 62 58
12 63 156
12 64 111
12 65 13
12 66 39
12 67 47
12 68 199
12 69 103
12 70 36
12 71 155
12 72 116
12 73 142
12 74 58
12 75 13
12 76 190
12 77 170
12 78 110
12 79 128
12 80 44
12 81 88
12 82 24
12 83 37
12 84 33
12 85 44
12 86 66
12 87 77
12 88 117
12 89 74
12 90 74
12 91 197
12 92 188
12 93 142
12 94 29
12 95 137
12 96 156
12 97 44
12 98 126
12 99 188
13 14 50
13 15 109
13 16 84
13 17 3
13 18 148
13 19 68
13 20 25
13 21 97
13 22 168
13 23 68
13 24 54
13 25 94
13 26 38
13 27 198
13 28 107
13 29 91
13 30 177
13 31 150
13 32 155
13 33 19
13 34 127
13 35 0
13 36 21
13 37 70
13 38 164
13 39 42
13 40 165
13 41 58
13 42 85
13 43 193
13 44 148
13 45 99
13 46 169
13 47 38
13 48 195
13 49 46
13 50 135
13 51 117
13 52 139
13 53 51
13 54 155
13 55 117
13 56 147
13 57 21
13 58 74
13 59 94
13 60 79
13 61 58
13 62 133
13 63 70
13 64 0
13 65 49
13 66 148
13 67 40
13 68 46
13 69 120
13 70 65
13 71 148
13 72 116
13 73 67
13 74 116
13 75 76
13 76 200
13 77 132
13 78 16
13 79 193
13 80 126
13 81 43
13 82 143
13 83 9
13 84 33
13 85 155
13 86 183
13 87 159
13 88 149
13 89 45
13 90 190
13 91 50
13 92 176
13 93 9
13 94 62
13 95 10
13 96 133
13 97 161
13 98 7
13 99 113
14 15 153
14 16 195
14 17 47
14 18 146
14 19 149
14 20 84
14 21 86
14 22 124
14 23 149
14 24 191
14 25 119
14 26 155
14 27 33
14 28 180
14 29 85
14 30 164
14 31 133
14 32 19
14 33 142
14 34 105
14 35 85
14 36 44
14 37 180
14 38 59
14 39 23
14 40 200
14 41 116
14 42 168
14 43 190
14 44 101
14 45 68
14 46 184
14 47 124
14 48 146
14 49 43
14 50 140
14 51 94
14 52 187
14 53 157
14 54 81
14 55 67
14 56 100
14 57 22
14 58 76
14 59 46
14 60 200
14 61 197
14 62 32
14 63 149
14 64 86
14 65 191
14 66 22
14 67 39
14 68 191
14 69 191
14 70 38
14 71 115
14 72 104
14 73 80
14 74 172
14 75 20
14 76 195
14 77 163
14 78 107
14 79 68
14 80 120
14 81 92
14 82 158
14 83 73
14 84 171
14 85 92
14 86 154
14 87 95
14 88 123
14 89 190
14 90 119
14 91 187
14 92 29
14 93 21
14 94 23
14 95 174
14 96 183
14 97 35
14 98 54
14 99 10
15 16 139
15 17 28
15 18 174
15 19 194
15 20 114
15 21 13
15 22 172
15 23 66
15 24 55
15 25 143
15 26 2
15 27 87
15 28 83
15 29 76
15 30 107
15 31 73
15 32 76
15 33 128
15 34 40
15 35 17
15 36 109
15 37 163
15 38 108
15 39 182
15 40 185
15 41 8
15 42 140
15 43 183
15 44 120
15 45 113
15 46 111
15 47 172
15 48 150
15 49 77
15 50 12
15 51 199
15 52 71
15 53 32
15 54 110
15 55 130
15 56 185
15 57 69
15 58 64
15 59 17
15 60 165
15 61 133
15 62 140
15 63 113
15 64 28
15 65 45
15 66 24
15 67 136
15 68 135
15 69 162
15 70 124
15 71 138
15 72 12
15 73 12
15 74 149
15 75 72
15 76 121
15 77 140
15 78 45
15 79 4
15 80 146
15 81 170
15 82 88
15 83 179
15 84 115
15 85 100
15 86 98
15 87 171
15 88 130
15 89 21
15 90 162
15 91 45
15 92 189
15 93 111
15 94 76
15 95 146
15 96 64
15 97 52
15 98 41
15 99 159
16 17 132
16 18 100
16 19 82
16 20 76
16 21 62
16 22 86
16 23 124
16 24 164
16 25 187
16 26 37
16 27 188
16 28 152
16 29 80
16 30 80
16 31 180
16 32 146
16 33 126
16 34 154
16 35 121
16 36 65
16 37 34
16 38 93
16 39 98
16 40 200
16 41 22
16 42 113
16 43 35
16 44 51
16 45 0
16 46 191
16 47 67
16 48 61
16 49 186
16 50 122
16 51 109
16 52 17
16 53 1
16 54 143
16 55 165
16 56 17
16 57 146
16 58 72
16 59 38
16 60 150
16 61 120
16 62 163
16 63 145
16 64 173
16 65 135
16 66 7
16 67 95
16 68 182
16 69 147
16 70 120
16 71 182
16 72 39
16 73 54
16 74 85
16 75 138
16 76 40
16 77 200
16 78 104
16 79 195
16 80 160
16 81 149
16 82 61
16 83 123
16 84 157
16 85 140
16 86 120
16 87 185
16 88 77
16 89 101
16 90 143
16 91 107
16 92 116
16 93 195
16 94 154
16 95 73
16 96 161
16 97 186
16 98 27
16 99 12
17 18 52
17 19 151
17 20 165
17 21 63
17 22 38
17 23 92
17 24 33
17 25 73
17 26 195
17 27 153
17 28 100
17 29 42
17 30 155
17 31 127
17 32 95
17 33 54
17 34 186
17 35 30
17 36 18
17 37 157
17 38 197
17 39 94
17 40 39
17 41 73
17 42 144
17 43 25
17 44 120
17 45 61
17 46 157
17 47 40
17 48 105
17 49 58
17 50 84
17 51 34
17 52 126
17 53 77
17 54 120
17 55 69
17 56 120
17 57 30
17 58 112
17 59 154
17 60 200
17 61 39
17 62 49
17 63 130
17 64 66
17 65 136
17 66 57
17 67 185
17 68 188
17 69 137
17 70 194
17 71 109
17 72 43
17 73 11
17 74 73
17 75 106
17 76 107
17 77 59
17 78 60
17 79 133
17 80 148
17 81 73
17 82 102
17 83 152
17 84 88
17 85 79
17 86 83
17 87 110
17 88 36
17 89 112
17 90 79
17 91 40
17 92 61
17 93 152
17 94 78
17 95 79
17 96 177
17 97 166
17 98 4
17 99 88
18 19 36
18 20 185
18 21 104
18 22 174
18 23 66
18 24 3
18 25 187
18 26 179
18 27 169
18 28 168
18 29 169
18 30 3
18 31 56
18 32 86
18 33 96
18 34 89
18 35 63
18 36 110
18 37 40
18 38 160
18 39 121
18 40 11
18 41 107
18 42 144
18 43 84
18 44 144
18 45 32
18 46 42
18 47 21
18 48 182
18 49 14
18 50 193
18 51 184
18 52 106
18 53 8
18 54 12
18 55 1
18 56 156
18 57 15
18 58 127
18 59 173
18 60 192
18 61 12
18 62 54
18 63 14
18 64 34
18 65 128
18 66 80
18 67 55
18 68 22
18 69 183
18 70 146
18 71 109
18 72 83
18 73 193
18 74 180
18 75 72
18 76 110
18 77 88
18 78 109
18 79 41
18 80 26
18 81 131
18 82 66
18 83 0
18 84 8
18 85 60
18 86 149
18 87 3
18 88 24
18 89 80
18 90 24
18 91 54
18 92 114
18 93 118
18 94 140
18 95 158
18 96 149
18 97 19
18 98 1
18 99 81
19 20 164
19 21 181
19 22 135
19 23 79
19 24 32
19 25 172
19 26 86
19 27 137
19 28 184
19 29 20
19 30 61
19 31 166
19 32 5
19 33 30
19 34 170
19 35 88
19 36 111
19 37 195
19 38 195
19 39 37
19 40 180
19 41 172
19 42 62
19 43 149
19 44 110
19 45 70
19 46 69
19 47 92
19 48 122
19 49 51
19 50 122
19 51 106
19 52 63
19 53 195
19 54 44
19 55 191
19 56 144
19 57 187
19 58 41
19 59 28
19 60 56
19 61 25
19 62 198
19 63 115
19 64 155
19 65 77
19 66 106
19 67 126
19 68 90
19 69 136
19 70 110
19 71 42
19 72 93
19 73 155
19 74 34
19 75 71
19 76 49
19 77 198
19 78 13
19 79 169
19 80 23
19 81 147
19 82 64
19 83 119
19 84 144
19 85 91
19 86 73
19 87 167
19 88 179
19 89 1
19 90 166
19 91 170
19 92 66
19 93 162
19 94 33
19 95 51
19 96 179
19 97 33
19 98 19
19 99 88
20 21 158
20 22 10
20 23 189
20 24 14
20 25 177
20 26 190
20 27 108
20 28 150
20 29 72
20 30 17
20 31 19
20 32 17
20 33 64
20 34 102
20 35 88
20 36 158
20 37 151
20 38 172
20 39 158
20 40 41
20 41 120
20 42 7
20 43 115
20 44 53
20 45 75
20 46 101
20 47 115
20 48 34
20 49 182
20 50 138
20 51 3
20 52 143
20 53 18
20 54 174
20 55 87
20 56 158
20 57 128
20 58 163
20 59 83
20 60 44
20 61 34
20 62 41
20 63 96
20 64 94
20 65 51
20 66 113
20 67 35
20 68 74
20 69 193
20 70 41
20 71 57
20 72 155
20 73 69
20 74 144
20 75 53
20 76 167
20 77 116
20 78 81
20 79 72
20 80 196
20 81 29
20 82 31
20 83 171
20 84 4
20 85 40
20 86 166
20 87 52
20 88 9
20 89 146
20 90 186
20 91 9
20 92 110
20 93 82
20 94 197
20 95 86
20 96 75
20 97 193
20 98 155
20 99 179
21 22 140
21 23 56
21 24 17
21 25 183
21 26 151
21 27 46
21 28 180
21 29 193
21 30 39
21 31 170
21 32 37
21 33 156
21 34 70
21 35 40
21 36 168
21 37 95
21 38 61
21 39 192
21 40 146
21 41 108
21 42 18
21 43 161
21 44 107
21 45 52
21 46 156
21 47 109
21 48 90
21 49 172
21 50 85
21 51 200
21 52 157
21 53 39
21 54 181
21 55 75
21 56 181
21 57 60
21 58 140
21 59 171
21 60 6
21 61 190
21 62 177
21 63 183
21 64 192
21 65 56
21 66 175
21 67 166
21 68 178
21 69 14
21 70 158
21 71 186
21 72 91
21 73 9
21 74 87
21 75 14
21 76 133
21 77 115
21 78 64
21 79 69
21 80 168
21 81 32
21 82 11
21 83 168
21 84 197
21 85 42
21 86 199
21 87 88
21 88 62
21 89 86
21 90 174
21 91 162
21 92 156
21 93 71
21 94 4
21 95 64
21 96 1
21 97 51
21 98 33
21 99 183
22 23 80
22 24 117
22 25 22
22 26 85
22 27 136
22 28 197
22 29 135
22 30 187
22 31 175
22 32 133
22 33 137
22 34 143
22 35 13
22 36 142
22 37 185
22 38 188
22 39 88
22 40 106
22 41 15
22 42 166
22 43 171
22 44 186
22 45 29
22 46 147
22 47 65
22 48 179
22 49 163
22 50 136
22 51 129
22 52 171
22 53 186
22 54 149
22 55 137
22 56 66
22 57 167
22 58 1
22 59 22
22 60 170
22 61 200
22 62 170
22 63 197
22 64 198
22 65 199
22 66 180
22 67 34
22 68 131
22 69 48
22 70 44
22 71 197
22 72 168
22 73 194
22 74 188
22 75 172
22 76 45
22 77 87
22 78 169
22 79 41
22 80 155
22 81 163
22 82 74
22 83 147
22 84 76
22 85 88
22 86 81
22 87 170
22 88 40
22 89 73
22 90 125
22 91 177
22 92 10
22 93 142
22 94 67
22 95 39
22 96 194
22 97 80
22 98 72
22 99 87
23 24 186
23 25 134
23 26 107
23 27 63
23 28 175
23 29 27
23 30 125
23 31 187
23 32 77
23 33 173
23 34 15
23 35 64
23 36 4
23 37 35
23 38 158
23 39 123
23 40 9
23 41 91
23 42 148
23 43 97
23 44 62
23 45 182
23 46 26
23 47 20
23 48 70
23 49 112
23 50 0
23 51 70
23 52 98
23 53 130
23 54 32
23 55 8
23 56 121
23 57 20
23 58 67
23 59 72
23 60 158
23 61 6
23 62 54
23 63 52
23 64 42
23 65 107
23 66 41
23 67 34
23 68 77
23 69 190
23 70 18
23 71 122
23 72 117
23 73 155
23 74 28
23 75 24
23 76 115
23 77 156
23 78 89
23 79 167
23 80 185
23 81 96
23 82 140
23 83 82
23 84 77
23 85 171
23 86 160
23 87 109
23 88 177
23 89 71
23 90 78
23 91 179
23 92 124
23 93 99
23 94 120
23 95 54
23 96 50
23 97 79
23 98 71
23 99 116
24 25 55
24 26 81
24 27 198
24 28 139
24 29 8
24 30 188
24 31 151
24 32 102
24 33 80
24 34 95
24 35 44
24 36 84
24 37 140
24 38 176
24 39 115
24 40 35
24 41 89
24 42 177
24 43 173
24 44 88
24 45 58
24 46 58
24 47 145
24 48 114
24 49 64
24 50 190
24 51 38
24 52 113
24 53 99
24 54 167
24 55 20
24 56 137
24 57 42
24 58 134
24 59 47
24 60 184
24 61 80
24 62 35
24 63 91
24 64 87
24 65 118
24 66 155
24 67 146
24 68 30
24 69 31
24 70 181
24 71 127
24 72 16
24 73 95
24 74 93
24 75 122
24 76 184
24 77 87
24 78 48
24 79 163
24 80 177
24 81 185
24 82 192
24 83 36
24 84 65
24 85 65
24 86 58
24 87 197
24 88 48
24 89 126
24 90 186
24 91 5
24 92 177
24 93 3
24 94 197
24 95 79
24 96 134
24 97 151
24 98 79
24 99 25
25 26 179
25 27 77
25 28 123
25 29 105
25 30 51
25 31 53
25 32 69
25 33 161
25 34 130
25 35 41
25 36 178
25 37 50
25 38 40
25 39 42
25 40 50
25 41 35
25 42 124
25 43 111
25 44 27
25 45 14
25 46 78
25 47 113
25 48 42
25 49 44
25 50 81
25 51 126
25 52 54
25 53 86
25 54 196
25 55 146
25 56 103
25 57 47
25 58 123
25 59 196
25 60 61
25 61 114
25 62 93
25 63 98
25 64 107
25 65 165
25 66 78
25 67 50
25 68 32
25 69 69
25 70 78
25 71 139
25 72 37
25 73 112
25 74 38
25 75 67
25 76 190
25 77 135
25 78 27
25 79 50
25 80 6
25 81 167
25 82 160
25 83 25
25 84 66
25 85 158
25 86 37
25 87 145
25 88 67
25 89 83
25 90 158
25 91 50
25 92 161
25 93 97
25 94 188
25 95 121
25 96 123
25 97 33
25 98 123
25 99 67
26 27 12
26 28 156
26 29 65
26 30 126
26 31 13
26 32 82
26 33 118
26 34 120
26 35 72
26 36 141
26 37 173
26 38 6
26 39 132
26 40 137
26 41 10
26 42 152
26 43 182
26 44 144
26 45 174
26 46 150
26 47 1
26 48 120
26 49 86
26 50 44
26 51 18
26 52 161
26 53 4
26 54 35
26 55 199
26 56 4
26 57 102
26 58 20
26 59 60
26 60 122
26 61 193
26 62 182
26 63 126
26 64 142
26 65 173
26 66 93
26 67 131
26 68 117
26 69 114
26 70 71
26 71 81
26 72 110
26 73 172
26 74 167
26 75 117
26 76 119
26 77 179
26 78 72
26 79 157
26 80 189
26 81 119
26 82 186
26 83 168
26 84 84
26 85 54
26 86 99
26 87 149
26 88 54
26 89 150
26 90 40
26 91 80
26 92 149
26 93 100
26 94 114
26 95 63
26 96 125
26 97 37
26 98 181
26 99 198
27 28 159
27 29 18
27 30 72
27 31 54
27 32 101
27 33 191
27 34 46
27 35 107
27 36 174
27 37 69
27 38 114
27 39 89
27 40 3
27 41 172
27 42 158
27 43 144
27 44 22
27 45 148
27 46 200
27 47 69
27 48 21
27 49 9
27 50 136
27 51 6
27 52 159
27 53 155
27 54 8
27 55 9
27 56 87
27 57 171
27 58 86
27 59 154
27 60 73
27 61 139
27 62 138
27 63 83
27 64 69
27 65 89
27 66 92
27 67 129
27 68 146
27 69 176
27 70 63
27 71 32
27 72 48
27 73 145
27 74 90
27 75 177
27 76 196
27 77 16
27 78 154
27 79 102
27 80 194
27 81 152
27 82 74
27 83 99
27 84 149
27 85 154
27 86 166
27 87 132
27 88 99
27 89 19
27 90 99
27 91 142
27 92 95
27 93 159
27 94 110
27 95 65
27 96 199
27 97 15
27 98 154
27 99 107
28 29 186
28 30 44
28 31 125
28 32 155
28 33 84
28 34 99
28 35 30
28 36 102
28 37 25
28 38 62
28 39 49
28 40 1
28 41 45
28 42 36
28 43 184
28 44 193
28 45 75
28 46 141
28 47 87
28 48 142
28 49 47
28 50 94
28 51 186
28 52 42
28 53 88
28 54 158
28 55 58
28 56 8
28 57 158
28 58 113
28 59 22
28 60 177
28 61 110
28 62 175
28 63 160
28 64 1
28 65 60
28 66 109
28 67 29
28 68 34
28 69 74
28 70 25
28 71 160
28 72 156
28 73 124
28 74 67
28 75 6
28 76 0
28 77 24
28 78 199
28 79 163
28 80 133
28 81 173
28 82 162
28 83 8
28 84 75
28 85 146
28 86 144
28 87 161
28 88 61
28 89 75
28 90 39
28 91 120
28 92 151
28 93 12
28 94 130
28 95 195
28 96 108
28 97 22
28 98 39
28 99 130
29 30 92
29 31 154
29 32 39
29 33 68
29 34 174
29 35 179
29 36 63
29 37 14
29 38 63
29 39 25
29 40 21
29 41 63
29 42 9
29 43 130
29 44 75
29 45 29
29 46 137
29 47 121
29 48 172
29 49 92
29 50 25
29 51 155
29 52 173
29 53 98
29 54 115
29 55 141
29 56 79
29 57 190
29 58 52
29 59 149
29 60 10
29 61 3
29 62 96
29 63 70
29 64 160
29 65 115
29 66 86
29 67 51
29 68 112
29 69 159
29 70 134
29 71 148
29 72 185
29 73 60
29 74 171
29 75 50
29 76 135
29 77 69
29 78 116
29 79 20
29 80 151
29 81 136
29 82 177
29 83 197
29 84 31
29 85 106
29 86 143
29 87 3
29 88 103
29 89 15
29 90 20
29 91 174
29 92 185
29 93 142
29 94 157
29 95 83
29 96 139
29 97 175
29 98 82
29 99 179
30 31 4
30 32 11
30 33 36
30 34 86
30 35 137
30 36 178
30 37 189
30 38 185
30 39 33
30 40 6
30 41 168
30 42 60
30 43 97
30 44 117
30 45 45
30 46 144
30 47 187
30 48 100
30 49 188
30 50 85
30 51 78
30 52 37
30 53 149
30 54 98
30 55 187
30 56 123
30 57 127
30 58 31
30 59 3
30 60 59
30 61 33
30 62 174
30 63 142
30 64 124
30 65 55
30 66 5
30 67 76
30 68 187
30 69 87
30 70 151
30 71 78
30 72 33
30 73 81
30 74 94
30 75 21
30 76 22
30 77 127
30 78 119
30 79 193
30 80 74
30 81 19
30 82 9
30 83 179
30 84 87
30 85 190
30 86 41
30 87 155
30 88 42
30 89 164
30 90 178
30 91 23
30 92 1
30 93 160
30 94 7
30 95 177
30 96 102
30 97 103
30 98 141
30 99 83
31 32 128
31 33 73
31 34 94
31 35 182
31 36 109
31 37 177
31 38 165
31 39 110
31 40 106
31 41 152
31 42 106
31 43 107
31 44 46
31 45 182
31 46 192
31 47 188
31 48 160
31 49 164
31 50 8
31 51 154
31 52 151
31 53 38
31 54 171
31 55 55
31 56 100
31 57 98
31 58 39
31 59 69
31 60 193
31 61 166
31 62 121
31 63 115
31 64 116
31 65 11
31 66 161
31 67 139
31 68 43
31 69 98
31 70 72
31 71 68
31 72 56
31 73 200
31 74 152
31 75 101
31 76 105
31 77 184
31 78 50
31 79 171
31 80 36
31 81 10
31 82 55
31 83 156
31 84 188
31 85 197
31 86 13
31 87 178
31 88 89
31 89 60
31 90 96
31 91 151
31 92 143
31 93 173
31 94 52
31 95 35
31 96 40
31 97 30
31 98 102
31 99 14
32 33 12
32 34 6
32 35 97
32 36 25
32 37 100
32 38 82
32 39 184
32 40 57
32 41 72
32 42 145
32 43 155
32 44 156
32 45 171
32 46 49
32 47 200
32 48 138
32 49 79
32 50 198
32 51 186
32 52 123
32 53 140
32 54 78
32 55 86
32 56 151
32 57 45
32 58 76
32 59 192
32 60 92
32 61 105
32 62 165
32 63 157
32 64 12
32 65 95
32 66 60
32 67 89
32 68 61
32 69 35
32 70 185
32 71 190
32 72 12
32 73 168
32 74 145
32 75 96
32 76 87
32 77 196
32 78 124
32 79 181
32 80 130
32 81 32
32 82 65
32 83 14
32 84 15
32 85 110
32 86 100
32 87 119
32 88 192
32 89 3
32 90 112
32 91 171
32 92 151
32 93 173
32 94 166
32 95 128
32 96 93
32 97 154
32 98 82
32 99 111
33 34 81
33 35 153
33 36 30
33 37 10
33 38 93
33 39 24
33 40 198
33 41 127
33 42 54
33 43 85
33 44 142
33 45 1
33 46 28
33 47 107
33 48 121
33 49 149
33 50 39
33 51 91
33 52 113
33 53 22
33 54 10
33 55 19
33 56 182
33 57 187
33 58 190
33 59 65
33 60 14
33 61 66
33 62 79
33 63 39
33 64 115
33 65 50
33 66 183
33 67 82
33 68 171
33 69 76
33 70 23
33 71 110
33 72 120
33 73 144
33 74 55
33 75 173
33 76 135
33 77 187
33 78 132
33 79 128
33 80 49
33 81 198
33 82 101
33 83 156
33 84 97
33 85 128
33 86 3
33 87 11
33 88 184
33 89 108
33 90 19
33 91 80
33 92 48
33 93 67
33 94 129
33 95 92
33 96 185
33 97 50
33 98 8
33 99 124
34 35 159
34 36 138
34 37 131
34 38 125
34 39 139
34 40 94
34 41 108
34 42 1
34 43 68
34 44 28
34 45 7
34 46 79
34 47 183
34 48 48
34 49 102
34 50 43
34 51 22
34 52 23
34 53 51
34 54 144
34 55 20
34 56 36
34 57 13
34 58 164
34 59 91
34 60 36
34 61 103
34 62 131
34 63 176
34 64 152
34 65 132
34 66 176
34 67 90
34 68 110
34 69 110
34 70 30
34 71 79
34 72 197
34 73 148
34 74 194
34 75 61
34 76 86
34 77 132
34 78 192
34 79 45
34 80 116
34 81 154
34 82 118
34 83 65
34 84 200
34 85 193
34 86 85
34 87 95
34 88 14
34 89 191
34 90 81
34 91 184
34 92 154
34 93 145
34 94 43
34 95 87
34 96 120
34 97 186
34 98 65
34 99 106
35 36 64
35 37 62
35 38 184
35 39 3
35 40 76
35 41 46
35 42 156
35 43 193
35 44 117
35 45 151
35 46 102
35 47 25
35 48 81
35 49 21
35 50 38
35 51 160
35 52 25
35 53 126
35 54 133
35 55 41
35 56 198
35 57 92
35 58 176
35 59 144
35 60 131
35 61 48
35 62 184
35 63 149
35 64 110
35 65 10
35 66 56
35 67 176
35 68 169
35 69 59
35 70 42
35 71 109
35 72 168
35 73 147
35 74 34
35 75 6
35 76 50
35 77 75
35 78 121
35 79 86
35 80 12
35 81 179
35 82 178
35 83 170
35 84 34
35 85 104
35 86 44
35 87 75
35 88 175
35 89 123
35 90 12
35 91 192
35 92 14
35 93 76
35 94 135
35 95 142
35 96 111
35 97 76
35 98 124
35 99 20
36 37 91
36 38 154
36 39 185
36 40 89
36 41 20
36 42 156
36 43 112
36 44 161
36 45 108
36 46 141
36 47 66
36 48 92
36 49 75
36 50 187
36 51 67
36 52 138
36 53 169
36 54 28
36 55 41
36 56 9
36 57 159
36 58 129
36 59 107
36 60 18
36 61 82
36 62 42
36 63 188
36 64 127
36 65 144
36 66 111
36 67 1
36 68 178
36 69 3
36 70 105
36 71 94
36 72 131
36 73 124
36 74 37
36 75 64
36 76 96
36 77 9
36 78 12
36 79 200
36 80 136
36 81 99
36 82 191
36 83 30
36 84 35
36 85 108
36 86 46
36 87 12
36 88 170
36 89 114
36 90 171
36 91 7
36 92 25
36 93 178
36 94 107
36 95 192
36 96 73
36 97 34
36 98 144
36 99 137
37 38 153
37 39 105
37 40 192
37 41 191
37 42 137
37 43 77
37 44 66
37 45 27
37 46 183
37 47 47
37 48 77
37 49 74
37 50 155
37 51 168
37 52 61
37 53 35
37 54 124
37 55 107
37 56 164
37 57 155
37 58 41
37 59 128
37 60 17
37 61 147
37 62 82
37 63 140
37 64 34
37 65 31
37 66 56
37 67 28
37 68 65
37 69 127
37 70 70
37 71 7
37 72 172
37 73 7
37 74 107
37 75 20
37 76 149
37 77 130
37 78 174
37 79 167
37 80 52
37 81 21
37 82 33
37 83 133
37 84 159
37 85 180
37 86 131
37 87 124
37 88 190
37 89 63
37 90 136
37 91 66
37 92 24
37 93 3
37 94 127
37 95 196
37 96 152
37 97 23
37 98 134
37 99 28
38 39 60
38 40 63
38 41 185
38 42 22
38 43 63
38 44 123
38 45 49
38 46 80
38 47 81
38 48 85
38 49 106
38 50 130
38 51 88
38 52 196
38 53 49
38 54 25
38 55 24
38 56 158
38 57 5
38 58 61
38 59 161
38 60 171
38 61 163
38 62 6
38 63 81
38 64 178
38 65 106
38 66 110
38 67 89
38 68 188
38 69 147
38 70 134
38 71 176
38 72 159
38 73 189
38 74 3
38 75 93
38 76 132
38 77 3
38 78 50
38 79 180
38 80 81
38 81 45
38 82 162
38 83 81
38 84 22
38 85 121
38 86 123
38 87 135
38 88 197
38 89 54
38 90 100
38 91 117
38 92 104
38 93 43
38 94 133
38 95 103
38 96 71
38 97 46
38 98 134
38 99 57
39 40 134
39 41 89
39 42 123
39 43 29
39 44 142
39 45 72
39 46 102
39 47 7
39 48 36
39 49 175
39 50 160
39 51 141
39 52 97
39 53 135
39 54 64
39 55 147
39 56 97
39 57 18
39 58 174
39 59 96
39 60 4
39 61 62
39 62 60
39 63 151
39 64 32
39 65 14
39 66 181
39 67 156
39 68 189
39 69 183
39 70 80
39 71 89
39 72 93
39 73 109
39 74 111
39 75 51
39 76 80
39 77 84
39 78 54
39 79 106
39 80 173
39 81 52
39 82 28
39 83 109
39 84 184
39 85 120
39 86 1
39 87 149
39 88 161
39 89 66
39 90 38
39 91 199
39 92 34
39 93 105
39 94 187
39 95 70
39 96 27
39 97 187
39 98 166
39 99 195
40 41 97
40 42 107
40 43 158
40 44 90
40 45 138
40 46 176
40 47 191
40 48 20
40 49 101
40 50 124
40 51 69
40 52 1
40 53 95
40 54 89
40 55 154
40 56 157
40 57 139
40 58 13
40 59 68
40 60 132
40 61 103
40 62 22
40 63 143
40 64 17
40 65 88
40 66 97
40 67 95
40 68 124
40 69 128
40 70 55
40 71 92
40 72 50
40 73 25
40 74 17
40 75 58
40 76 192
40 77 187
40 78 25
40 79 2
40 80 157
40 81 134
40 82 141
40 83 55
40 84 130
40 85 111
40 86 64
40 87 171
40 88 126
40 89 124
40 90 20
40 91 152
40 92 48
40 93 64
40 94 37
40 95 145
40 96 30
40 97 59
40 98 91
40 99 172
41 42 70
41 43 122
41 44 78
41 45 118
41 46 178
41 47 56
41 48 23
41 49 99
41 50 180
41 51 181
41 52 36
41 53 199
41 54 153
41 55 33
41 56 74
41 57 95
41 58 150
41 59 178
41 60 28
41 61 60
41 62 197
41 63 129
41 64 30
41 65 113
41 66 150
41 67 21
41 68 113
41 69 99
41 70 147
41 71 55
41 72 178
41 73 51
41 74 26
41 75 85
41 76 177
41 77 89
41 78 55
41 79 82
41 80 94
41 81 198
41 82 167
41 83 185
41 84 189
41 85 125
41 86 120
41 87 26
41 88 49
41 89 178
41 90 54
41 91 85
41 92 30
41 93 164
41 94 109
41 95 181
41 96 35
41 97 48
41 98 167
41 99 51
42 43 110
42 44 200
42 45 155
42 46 44
42 47 43
42 48 87
42 49 192
42 50 142
42 51 127
42 52 13
42 53 65
42 54 160
42 55 111
42 56 179
42 57 132
42 58 73
42 59 81
42 60 156
42 61 50
42 62 31
42 63 150
42 64 181
42 65 24
42 66 103
42 67 147
42 68 54
42 69 20
42 70 184
42 71 186
42 72 168
42 73 193
42 74 53
42 75 120
42 76 160
42 77 8
42 78 167
42 79 0
42 80 6
42 81 173
42 82 168
42 83 3
42 84 24
42 85 45
42 86 83
42 87 13
42 88 40
42 89 74
42 90 147
42 91 85
42 92 200
42 93 165
42 94 115
42 95 111
42 96 49
42 97 78
42 98 130
42 99 160
43 44 32
43 45 177
43 46 117
43 47 97
43 48 23
43 49 60
43 50 44
43 51 45
43 52 173
43 53 185
43 54 90
43 55 111
43 56 120
43 57 145
43 58 107
43 59 133
43 60 10
43 61 88
43 62 127
43 63 149
43 64 178
43 65 133
43 66 81
43 67 103
43 68 15
43 69 145
43 70 153
43 71 56
43 72 5
43 73 16
43 74 7
43 75 103
43 76 184
43 77 165
43 78 145
43 79 136
43 80 160
43 81 119
43 82 91
43 83 162
43 84 33
43 85 179
43 86 115
43 87 93
43 88 34
43 89 169
43 90 110
43 91 164
43 92 144
43 93 66
43 94 4
43 95 99
43 96 139
43 97 35
43 98 152
43 99 186
44 45 21
44 46 163
44 47 56
44 48 192
44 49 72
44 50 76
44 51 161
44 52 61
44 53 139
44 54 29
44 55 0
44 56 66
44 57 167
44 58 56
44 59 62
44 60 85
44 61 68
44 62 150
44 63 35
44 64 141
44 65 190
44 66 21
44 67 102
44 68 49
44 69 199
44 70 171
44 71 82
44 72 86
44 73 1
44 74 196
44 75 151
44 76 99
44 77 103
44 78 11
44 79 181
44 80 156
44 81 150
44 82 66
44 83 137
44 84 34
44 85 33
44 86 75
44 87 190
44 88 32
44 89 136
44 90 51
44 91 112
44 92 81
44 93 44
44 94 145
44 95 56
44 96 183
44 97 59
44 98 14
44 99 119
45 46 85
45 47 189
45 48 109
45 49 183
45 50 192
45 51 196
45 52 198
45 53 127
45 54 96
45 55 48
45 56 148
45 57 67
45 58 162
45 59 52
45 60 52
45 61 171
45 62 37
45 63 57
45 64 23
45 65 33
45 66 73
45 67 176
45 68 12
45 69 2
45 70 72
45 71 132
45 72 12
45 73 58
45 74 194
45 75 141
45 76 150
45 77 153
45 78 37
45 79 182
45 80 35
45 81 147
45 82 50
45 83 77
45 84 31
45 85 57
45 86 169
45 87 40
45 88 106
45 89 190
45 90 78
45 91 37
45 92 158
45 93 191
45 94 153
45 95 38
45 96 18
45 97 41
45 98 33
45 99 92
46 47 49
46 48 76
46 49 161
46 50 145
46 51 133
46 52 173
46 53 59
46 54 82
46 55 189
46 56 7
46 57 93
46 58 147
46 59 34
46 60 109
46 61 173
46 62 58
46 63 105
46 64 41
46 65 150
46 66 167
46 67 147
46 68 184
46 69 49
46 70 55
46 71 183
46 72 58
46 73 26
46 74 129
46 75 92
46 76 26
46 77 64
46 78 93
46 79 114
46 80 191
46 81 132
46 82 89
46 83 95
46 84 192
46 85 39
46 86 68
46 87 174
46 88 148
46 89 139
46 90 21
46 91 94
46 92 22
46 93 117
46 94 105
46 95 51
46 96 112
46 97 61
46 98 79
46 99 174
47 48 182
47 49 163
47 50 151
47 51 44
47 52 98
47 53 21
47 54 149
47 55 164
47 56 65
47 57 93
47 58 115
47 59 46
47 60 29
47 61 17
47 62 181
47 63 31
47 64 195
47 65 186
47 66 44
47 67 119
47 68 111
47 69 66
47 70 177
47 71 182
47 72 178
47 73 74
47 74 22
47 75 43
47 76 192
47 77 28
47 78 51
47 79 157
47 80 133
47 81 83
47 82 140
47 83 49
47 84 37
47 85 89
47 86 75
47 87 61
47 88 166
47 89 167
47 90 56
47 91 160
47 92 189
47 93 175
47 94 131
47 95 196
47 96 5
47 97 63
47 98 180
47 99 59
48 49 172
48 50 14
48 51 71
48 52 8
48 53 143
48 54 16
48 55 138
48 56 139
48 57 52
48 58 6
48 59 159
48 60 44
48 61 127
48 62 77
48 63 17
48 64 141
48 65 141
48 66 96
48 67 27
48 68 13
48 69 96
48 70 11
48 71 142
48 72 73
48 73 89
48 74 64
48 75 193
48 76 176
48 77 169
48 78 168
48 79 142
48 80 19
48 81 106
48 82 83
48 83 24
48 84 75
48 85 22
48 86 67
48 87 152
48 88 91
48 89 147
48 90 4
48 91 199
48 92 158
48 93 51
48 94 13
48 95 164
48 96 69
48 97 171
48 98 145
48 99 35
49 50 17
49 51 132
49 52 94
49 53 117
49 54 103
49 55 104
49 56 179
49 57 89
49 58 45
49 59 165
49 60 71
49 61 71
49 62 143
49 63 27
49 64 65
49 65 193
49 66 54
49 67 46
49 68 45
49 69 109
49 70 160
49 71 41
49 72 146
49 73 171
49 74 56
49 75 27
49 76 56
49 77 134
49 78 141
49 79 150
49 80 26
49 81 119
49 82 198
49 83 77
49 84 102
49 85 104
49 86 131
49 87 188
49 88 108
49 89 73
49 90 183
49 91 181
49 92 39
49 93 131
49 94 96
49 95 194
49 96 159
49 97 61
49 98 57
49 99 78
50 51 200
50 52 141
50 53 174
50 54 12
50 55 19
50 56 90
50 57 166
50 58 132
50 59 5
50 60 197
50 61 194
50 62 182
50 63 122
50 64 190
50 65 45
50 66 145
50 67 137
50 68 100
50 69 77
50 70 101
50 71 33
50 72 156
50 73 126
50 74 133
50 75 144
50 76 198
50 77 179
50 78 90
50 79 88
50 80 90
50 81 75
50 82 101
50 83 128
50 84 128
50 85 37
50 86 35
50 87 67
50 88 142
50 89 160
50 90 83
50 91 62
50 92 176
50 93 53
50 94 184
50 95 52
50 96 60
50 97 184
50 98 24
50 99 145
51 52 84
51 53 21
51 54 74
51 55 30
51 56 78
51 57 127
51 58 172
51 59 8
51 60 128
51 61 84
51 62 161
51 63 156
51 64 193
51 65 169
51 66 146
51 67 57
51 68 1
51 69 196
51 70 170
51 71 195
51 72 20
51 73 96
51 74 156
51 75 126
51 76 60
51 77 122
51 78 38
51 79 182
51 80 157
51 81 9
51 82 175
51 83 129
51 84 47
51 85 120
51 86 180
51 87 167
51 88 69
51 89 162
51 90 184
51 91 105
51 92 43
51 93 21
51 94 138
51 95 179
51 96 149
51 97 78
51 98 75
51 99 18
52 53 62
52 54 156
52 55 55
52 56 75
52 57 43
52 58 96
52 59 147
52 60 0
52 61 1
52 62 137
52 63 11
52 64 9
52 65 132
52 66 155
52 67 50
52 68 68
52 69 118
52 70 25
52 71 35
52 72 26
52 73 31
52 74 88
52 75 76
52 76 18
52 77 163
52 78 160
52 79 7
52 80 37
52 81 15
52 82 59
52 83 181
52 84 7
52 85 48
52 86 65
52 87 160
52 88 9
52 89 169
52 90 16
52 91 56
52 92 139
52 93 113
52 94 180
52 95 159
52 96 67
52 97 150
52 98 47
52 99 52
53 54 89
53 55 165
53 56 151
53 57 171
53 58 92
53 59 166
53 60 189
53 61 70
53 62 169
53 63 108
53 64 13
53 65 188
53 66 0
53 67 5
53 68 53
53 69 144
53 70 94
53 71 92
53 72 70
53 73 64
53 74 132
53 75 134
53 76 92
53 77 31
53 78 156
53 79 24
53 80 197
53 81 115
53 82 13
53 83 121
53 84 68
53 85 116
53 86 151
53 87 138
53 88 121
53 89 13
53 90 18
53 91 87
53 92 172
53 93 112
53 94 33
53 95 76
53 96 116
53 97 189
53 98 187
53 99 45
54 55 11
54 56 7
54 57 50
54 58 171
54 59 113
54 60 39
54 61 92
54 62 27
54 63 131
54 64 193
54 65 103
54 66 1
54 67 126
54 68 116
54 69 141
54 70 140
54 71 99
54 72 197
54 73 22
54 74 178
54 75 94
54 76 85
54 77 119
54 78 151
54 79 134
54 80 66
54 81 85
54 82 146
54 83 73
54 84 152
54 85 143
54 86 18
54 87 4
54 88 64
54 89 87
54 90 8
54 91 190
54 92 165
54 93 80
54 94 45
54 95 120
54 96 163
54 97 56
54 98 152
54 99 81
55 56 180
55 57 170
55 58 68
55 59 197
55 60 126
55 61 38
55 62 102
55 63 95
55 64 134
55 65 194
55 66 84
55 67 41
55 68 100
55 69 90
55 70 12
55 71 40
55 72 96
55 73 62
55 74 123
55 75 102
55 76 27
55 77 115
55 78 16
55 79 200
55 80 5
55 81 39
55 82 50
55 83 165
55 84 109
55 85 177
55 86 104
55 87 61
55 88 145
55 89 42
55 90 30
55 91 118
55 92 158
55 93 83
55 94 96
55 95 27
55 96 132
55 97 149
55 98 168
55 99 7
56 57 168
56 58 42
56 59 146
56 60 197
56 61 1
56 62 117
56 63 46
56 64 109
56 65 144
56 66 196
56 67 134
56 68 172
56 69 118
56 70 105
56 71 141
56 72 175
56 73 119
56 74 99
56 75 193
56 76 27
56 77 178
56 78 189
56 79 173
56 80 48
56 81 43
56 82 43
56 83 94
56 84 158
56 85 20
56 86 68
56 87 18
56 88 187
56 89 13
56 90 169
56 91 45
56 92 118
56 93 0
56 94 98
56 95 32
56 96 25
56 97 129
56 98 86
56 99 20
57 58 164
57 59 67
57 60 182
57 61 191
57 62 125
57 63 177
57 64 190
57 65 81
57 66 70
57 67 123
57 68 79
57 69 137
57 70 74
57 71 118
57 72 157
57 73 117
57 74 184
57 75 145
57 76 137
57 77 84
57 78 126
57 79 26
57 80 105
57 81 56
57 82 93
57 83 186
57 84 199
57 85 36
57 86 44
57 87 8
57 88 27
57 89 133
57 90 55
57 91 155
57 92 5
57 93 67
57 94 182
57 95 89
57 96 103
57 97 157
57 98 22
57 99 175
58 59 168
58 60 53
58 61 99
58 62 163
58 63 153
58 64 133
58 65 47
58 66 196
58 67 33
58 68 123
58 69 37
58 70 40
58 71 54
58 72 93
58 73 70
58 74 20
58 75 182
58 76 171
58 77 135
58 78 195
58 79 38
58 80 17
58 81 84
58 82 2
58 83 92
58 84 117
58 85 118
58 86 16
58 87 56
58 88 100
58 89 88
58 90 77
58 91 48
58 92 98
58 93 107
58 94 193
58 95 128
58 96 2
58 97 44
58 98 188
58 99 92
59 60 178
59 61 1
59 62 47
59 63 5
59 64 177
59 65 152
59 66 7
59 67 29
59 68 162
59 69 84
59 70 57
59 71 173
59 72 13
59 73 37
59 74 109
59 75 175
59 76 179
59 77 190
59 78 50
59 79 76
59 80 46
59 81 61
59 82 186
59 83 12
59 84 5
59 85 142
59 86 177
59 87 183
59 88 43
59 89 78
59 90 170
59 91 80
59 92 99
59 93 60
59 94 69
59 95 139
59 96 4
59 97 90
59 98 57
59 99 168
60 61 26
60 62 142
60 63 177
60 64 72
60 65 53
60 66 169
60 67 152
60 68 13
60 69 16
60 70 124
60 71 94
60 72 63
60 73 2
60 74 116
60 75 179
60 76 54
60 77 83
60 78 50
60 79 146
60 80 132
60 81 100
60 82 144
60 83 112
60 84 108
60 85 199
60 86 146
60 87 22
60 88 0
60 89 15
60 90 104
60 91 80
60 92 37
60 93 34
60 94 50
60 95 149
60 96 16
60 97 174
60 98 121
60 99 103
61 62 127
61 63 193
61 64 107
61 65 9
61 66 88
61 67 165
61 68 11
61 69 126
61 70 194
61 71 83
61 72 124
61 73 44
61 74 98
61 75 40
61 76 191
61 77 160
61 78 143
61 79 109
61 80 86
61 81 114
61 82 75
61 83 98
61 84 24
61 85 147
61 86 128
61 87 119
61 88 193
61 89 162
61 90 193
61 91 194
61 92 20
61 93 60
61 94 167
61 95 1
61 96 30
61 97 8
61 98 63
61 99 139
62 63 116
62 64 174
62 65 169
62 66 183
62 67 132
62 68 110
62 69 179
62 70 130
62 71 178
62 72 46
62 73 41
62 74 164
62 75 148
62 76 172
62 77 185
62 78 28
62 79 84
62 80 97
62 81 176
62 82 93
62 83 177
62 84 196
62 85 110
62 86 95
62 87 104
62 88 107
62 89 87
62 90 191
62 91 129
62 92 60
62 93 169
62 94 23
62 95 30
62 96 138
62 97 63
62 98 15
62 99 33
63 64 62
63 65 2
63 66 119
63 67 26
63 68 122
63 69 95
63 70 47
63 71 7
63 72 46
63 73 127
63 74 180
63 75 4
63 76 148
63 77 180
63 78 33
63 79 37
63 80 175
63 81 76
63 82 179
63 83 103
63 84 125
63 85 78
63 86 144
63 87 197
63 88 59
63 89 149
63 90 156
63 91 37
63 92 8
63 93 194
63 94 11
63 95 128
63 96 63
63 97 54
63 98 152
63 99 200
64 65 52
64 66 40
64 67 146
64 68 168
64 69 22
64 70 170
64 71 113
64 72 181
64 73 123
64 74 137
64 75 168
64 76 36
64 77 21
64 78 117
64 79 31
64 80 85
64 81 57
64 82 196
64 83 162
64 84 36
64 85 14
64 86 197
64 87 155
64 88 66
64 89 63
64 90 198
64 91 198
64 92 23
64 93 90
64 94 187
64 95 65
64 96 109
64 97 79
64 98 27
64 99 19
65 66 121
65 67 172
65 68 133
65 69 59
65 70 28
65 71 25
65 72 148
65 73 112
65 74 199
65 75 158
65 76 104
65 77 30
65 78 127
65 79 135
65 80 75
65 81 23
65 82 104
65 83 30
65 84 117
65 85 164
65 86 61
65 87 59
65 88 105
65 89 92
65 90 159
65 91 62
65 92 182
65 93 6
65 94 103
65 95 131
65 96 188
65 97 22
65 98 3
65 99 34
66 67 13
66 68 120
66 69 17
66 70 47
66 71 69
66 72 79
66 73 149
66 74 81
66 75 80
66 76 1
66 77 177
66 78 23
66 79 141
66 80 30
66 81 20
66 82 94
66 83 129
66 84 55
66 85 187
66 86 43
66 87 153
66 88 56
66 89 55
66 90 13
66 91 116
66 92 65
66 93 8
66 94 176
66 95 110
66 96 151
66 97 0
66 98 40
66 99 116
67 68 96
67 69 172
67 70 65
67 71 42
67 72 15
67 73 33
67 74 182
67 75 161
67 76 5
67 77 149
67 78 36
67 79 73
67 80 52
67 81 3
67 82 78
67 83 13
67 84 177
67 85 13
67 86 21
67 87 28
67 88 121
67 89 27
67 90 95
67 91 41
67 92 20
67 93 54
67 94 150
67 95 22
67 96 40
67 97 87
67 98 42
67 99 42
68 69 104
68 70 55
68 71 44
68 72 31
68 73 0
68 74 52
68 75 38
68 76 105
68 77 184
68 78 118
68 79 152
68 80 9
68 81 57
68 82 60
68 83 33
68 84 12
68 85 103
68 86 87
68 87 169
68 88 184
68 89 86
68 90 86
68 91 137
68 92 71
68 93 189
68 94 7
68 95 153
68 96 86
68 97 12
68 98 48
68 99 70
69 70 76
69 71 62
69 72 130
69 73 74
69 74 73
69 75 48
69 76 194
69 77 40
69 78 43
69 79 184
69 80 12
69 81 181
69 82 103
69 83 184
69 84 93
69 85 142
69 86 152
69 87 98
69 88 67
69 89 73
69 90 170
69 91 178
69 92 86
69 93 63
69 94 29
69 95 139
69 96 196
69 97 76
69 98 183
69 99 173
70 71 183
70 72 132
70 73 94
70 74 79
70 75 70
70 76 45
70 77 16
70 78 170
70 79 144
70 80 69
70 81 33
70 82 89
70 83 193
70 84 67
70 85 112
70 86 103
70 87 167
70 88 146
70 89 167
70 90 101
70 91 170
70 92 77
70 93 20
70 94 150
70 95 125
70 96 81
70 97 60
70 98 74
70 99 40
71 72 38
71 73 123
71 74 4
71 75 59
71 76 126
71 77 156
71 78 124
71 79 23
71 80 183
71 81 61
71 82 162
71 83 131
71 84 60
71 85 144
71 86 50
71 87 61
71 88 105
71 89 159
71 90 164
71 91 103
71 92 4
71 93 152
71 94 136
71 95 22
71 96 170
71 97 63
71 98 68
71 99 67
72 73 161
72 74 18
72 75 95
72 76 29
72 77 193
72 78 113
72 79 195
72 80 119
72 81 8
72 82 18
72 83 69
72 84 191
72 85 113
72 86 127
72 87 119
72 88 173
72 89 18
72 90 39
72 91 91
72 92 124
72 93 78
72 94 86
72 95 3
72 96 21
72 97 85
72 98 165
72 99 45
73 74 12
73 75 52
73 76 199
73 77 154
73 78 41
73 79 194
73 80 29
73 81 89
73 82 162
73 83 174
73 84 94
73 85 80
73 86 148
73 87 21
73 88 165
73 89 5
73 90 89
73 91 145
73 92 127
73 93 171
73 94 89
73 95 52
73 96 42
73 97 161
73 98 96
73 99 146
