100 4797
0 1 183
0 2 9
0 3 74
0 4 116
0 5 121
0 6 151
0 7 47
0 8 61
0 9 64
0 10 43
0 11 177
0 12 200
0 13 59
0 14 157
0 15 155
0 16 141
0 17 59
0 18 120
0 19 102
0 20 96
0 21 127
0 22 150
0 23 58
0 24 154
0 25 99
0 26 178
0 27 152
0 28 129
0 29 91
0 30 183
0 31 193
0 32 148
0 33 3
0 34 59
0 35 119
0 36 113
0 37 4
0 38 193
0 39 180
0 40 195
0 41 62
0 42 3
0 43 91
0 44 127
0 45 170
0 46 63
0 47 154
0 48 150
0 49 24
0 50 91
0 51 44
0 52 56
0 53 43
0 54 143
0 55 74
0 56 88
0 57 27
0 58 150
0 59 85
0 60 76
0 61 188
0 62 40
0 63 136
0 64 69
0 65 117
0 66 184
0 67 1
0 68 193
0 69 32
0 70 61
0 71 153
0 72 13
0 73 14
0 74 119
0 75 120
0 76 49
0 77 121
0 78 42
0 79 136
0 80 141
0 81 25
0 82 159
0 83 22
0 84 24
0 85 146
0 86 65
0 87 34
0 88 63
0 89 6
0 90 15
0 91 129
0 92 138
0 93 189
0 94 159
0 95 109
0 96 164
0 97 109
0 98 140
0 99 46
1 2 173
1 3 75
1 4 115
1 5 90
1 6 71
1 7 97
1 8 90
1 9 71
1 10 117
1 11 50
1 12 5
1 13 11
1 14 95
1 15 146
1 16 191
1 17 7
1 18 108
1 19 121
1 20 50
1 21 173
1 22 139
1 23 155
1 24 68
1 25 24
1 26 44
1 27 113
1 28 139
1 29 152
1 30 49
1 31 123
1 32 124
1 33 122
1 34 193
1 35 134
1 36 11
1 37 145
1 38 186
1 39 101
1 40 66
1 41 84
1 42 110
1 43 119
1 44 101
1 45 129
1 46 94
1 47 30
1 48 159
1 49 66
1 50 27
1 51 7
1 52 139
1 53 86
1 54 174
1 55 40
1 56 94
1 57 49
1 58 57
1 59 187
1 60 11
1 61 56
1 62 143
1 63 192
1 64 19
1 65 181
1 66 32
1 67 95
1 68 12
1 69 178
1 70 108
1 71 70
1 72 73
1 73 96
1 74 84
1 75 192
1 76 90
1 77 113
1 78 78
1 79 69
1 80 24
1 81 12
1 82 140
1 83 88
1 84 8
1 85 194
1 86 173
1 87 47
1 88 124
1 89 83
1 90 38
1 91 23
1 92 67
1 93 200
1 94 74
1 95 98
1 96 74
1 97 25
1 98 116
1 99 93
2 3 67
2 4 8
2 5 147
2 6 173
2 7 2
2 8 193
2 9 65
2 10 32
2 11 104
2 12 49
2 13 33
2 14 78
2 15 101
2 16 157
2 17 37
2 18 2
2 19 138
2 20 161
2 21 108
2 22 29
2 23 167
2 24 112
2 25 128
2 26 125
2 27 160
2 28 37
2 29 190
2 30 141
2 31 165
2 32 192
2 33 91
2 34 80
2 35 32
2 36 165
2 37 164
2 38 58
2 39 143
2 40 186
2 41 46
2 42 44
2 43 61
2 44 99
2 45 156
2 46 17
2 47 178
2 48 132
2 49 68
2 50 95
2 51 94
2 52 123
2 53 86
2 54 123
2 55 188
2 56 121
2 57 80
2 58 75
2 59 125
2 60 20
2 61 67
2 62 69
2 63 94
2 64 87
2 65 187
2 66 80
2 67 127
2 68 43
2 69 9
2 70 120
2 71 178
2 72 104
2 73 189
2 74 64
2 75 152
2 76 78
2 77 164
2 78 127
2 79 16
2 80 134
2 81 188
2 82 178
2 83 81
2 84 128
2 85 11
2 86 82
2 87 4
2 88 116
2 89 170
2 90 176
2 91 90
2 92 191
2 93 6
2 94 168
2 95 171
2 96 18
2 97 41
2 98 144
2 99 11
3 4 159
3 5 169
3 6 4
3 7 56
3 8 103
3 9 133
3 10 106
3 11 86
3 12 56
3 13 55
3 14 188
3 15 11
3 16 123
3 17 69
3 18 66
3 19 0
3 20 153
3 21 0
3 22 58
3 23 54
3 24 95
3 25 164
3 26 48
3 27 167
3 28 33
3 29 38
3 30 190
3 31 112
3 32 140
3 33 161
3 34 32
3 35 115
3 36 70
3 37 57
3 38 7
3 39 164
3 40 63
3 41 54
3 42 19
3 43 151
3 44 132
3 45 72
3 46 13
3 47 123
3 48 199
3 49 6
3 50 35
3 51 147
3 52 111
3 53 64
3 54 135
3 55 200
3 56 28
3 57 111
3 58 92
3 59 79
3 60 162
3 61 59
3 62 163
3 63 191
3 64 133
3 65 12
3 66 188
3 67 111
3 68 116
3 69 98
3 70 158
3 71 170
3 72 79
3 73 192
3 74 168
3 75 157
3 76 67
3 77 122
3 78 136
3 79 1
3 80 49
3 81 12
3 82 22
3 83 21
3 84 127
3 85 128
3 86 76
3 87 69
3 88 186
3 89 193
3 90 44
3 91 140
3 92 125
3 93 141
3 94 73
3 95 106
3 96 49
3 97 79
3 98 135
3 99 50
4 5 29
4 6 16
4 7 52
4 8 2
4 9 111
4 10 139
4 11 25
4 12 178
4 13 119
4 14 170
4 15 94
4 16 33
4 17 77
4 18 184
4 19 137
4 20 41
4 21 66
4 22 146
4 23 121
4 24 19
4 25 115
4 26 177
4 27 99
4 28 27
4 29 68
4 30 118
4 31 153
4 32 162
4 33 45
4 34 66
4 35 61
4 36 181
4 37 188
4 38 9
4 39 44
4 40 10
4 41 34
4 42 163
4 43 161
4 44 32
4 45 187
4 46 124
4 47 117
4 48 92
4 49 106
4 50 80
4 51 191
4 52 175
4 53 74
4 54 194
4 55 131
4 56 142
4 57 81
4 58 30
4 59 44
4 60 193
4 61 78
4 62 83
4 63 76
4 64 31
4 65 17
4 66 166
4 67 197
4 68 13
4 69 55
4 70 141
4 71 78
4 72 92
4 73 146
4 74 115
4 75 158
4 76 65
4 77 138
4 78 101
4 79 48
4 80 139
4 81 176
4 82 63
4 83 111
4 84 50
4 85 92
4 86 5
4 87 180
4 88 97
4 89 133
4 90 34
4 91 157
4 92 86
4 93 62
4 94 45
4 95 118
4 96 135
4 97 150
4 98 172
4 99 46
5 6 51
5 7 5
5 8 125
5 9 180
5 10 118
5 11 170
5 12 112
5 13 72
5 14 120
5 15 154
5 16 64
5 17 4
5 18 185
5 19 63
5 20 171
5 21 75
5 22 47
5 23 199
5 24 51
5 25 149
5 26 88
5 27 80
5 28 36
5 29 56
5 30 21
5 31 9
5 32 82
5 33 6
5 34 138
5 35 112
5 36 171
5 37 58
5 38 48
5 39 50
5 40 1
5 41 161
5 42 26
5 43 16
5 44 35
5 45 25
5 46 136
5 47 63
5 48 58
5 49 82
5 50 34
5 51 89
5 52 138
5 53 165
5 54 2
5 55 2
5 56 105
5 57 200
5 58 169
5 59 103
5 60 10
5 61 179
5 62 152
5 63 116
5 64 185
5 65 23
5 66 157
5 67 134
5 68 124
5 69 171
5 70 35
5 71 156
5 72 85
5 73 109
5 74 102
5 75 196
5 76 39
5 77 179
5 78 139
5 79 84
5 80 55
5 81 88
5 82 6
5 83 28
5 84 41
5 85 152
5 86 70
5 87 88
5 88 192
5 89 153
5 90 140
5 91 38
5 92 67
5 93 167
5 94 41
5 95 118
5 96 59
5 97 11
5 98 184
5 99 147
6 7 60
6 8 37
6 9 19
6 10 187
6 11 128
6 12 168
6 13 17
6 14 91
6 15 47
6 16 71
6 17 183
6 18 17
6 19 114
6 20 17
6 21 176
6 22 100
6 23 129
6 24 83
6 25 98
6 26 32
6 27 73
6 28 136
6 29 143
6 30 185
6 31 35
6 32 78
6 33 129
6 34 165
6 35 28
6 36 12
6 37 195
6 38 8
6 39 47
6 40 18
6 41 157
6 42 172
6 43 200
6 44 30
6 45 143
6 46 175
6 47 82
6 48 136
6 49 160
6 50 90
6 51 143
6 52 105
6 53 112
6 54 64
6 55 133
6 56 160
6 57 5
6 58 75
6 59 115
6 60 85
6 61 21
6 62 82
6 63 119
6 64 78
6 65 140
6 66 36
6 67 100
6 68 69
6 69 68
6 70 161
6 71 140
6 72 82
6 73 89
6 74 179
6 75 4
6 76 154
6 77 166
6 78 92
6 79 55
6 80 11
6 81 11
6 82 172
6 83 58
6 84 130
6 85 83
6 86 163
6 87 85
6 88 9
6 89 112
6 90 125
6 91 175
6 92 9
6 93 163
6 94 57
6 95 78
6 96 96
6 97 181
6 98 55
6 99 117
7 8 8
7 9 191
7 10 94
7 11 30
7 12 93
7 13 30
7 14 78
7 15 83
7 16 12
7 17 97
7 18 14
7 19 127
7 20 184
7 21 47
7 22 194
7 23 80
7 24 68
7 25 148
7 26 200
7 27 107
7 28 134
7 29 75
7 30 113
7 31 165
7 32 66
7 33 95
7 34 196
7 35 146
7 36 129
7 37 158
7 38 11
7 39 150
7 40 46
7 41 5
7 42 9
7 43 104
7 44 186
7 45 99
7 46 11
7 47 99
7 48 113
7 49 2
7 50 113
7 51 72
7 52 37
7 53 138
7 54 111
7 55 37
7 56 8
7 57 41
7 58 163
7 59 188
7 60 134
7 61 114
7 62 174
7 63 52
7 64 103
7 65 186
7 66 1
7 67 149
7 68 162
7 69 91
7 70 63
7 71 47
7 72 130
7 73 134
7 74 188
7 75 79
7 76 177
7 77 114
7 78 116
7 79 46
7 80 103
7 81 71
7 82 21
7 83 117
7 84 28
7 85 149
7 86 48
7 87 138
7 88 178
7 89 140
7 90 107
7 91 173
7 92 129
7 93 56
7 94 12
7 95 33
7 96 35
7 97 71
7 98 158
7 99 105
8 9 111
8 10 137
8 11 78
8 12 160
8 13 115
8 14 61
8 15 46
8 16 175
8 17 196
8 18 121
8 19 169
8 20 93
8 21 49
8 22 95
8 23 193
8 24 118
8 25 17
8 26 10
8 27 19
8 28 150
8 29 81
8 30 135
8 31 41
8 32 190
8 33 55
8 34 173
8 35 172
8 36 72
8 37 17
8 38 123
8 39 2
8 40 59
8 41 13
8 42 107
8 43 72
8 44 190
8 45 24
8 46 157
8 47 152
8 48 126
8 49 73
8 50 23
8 51 13
8 52 190
8 53 39
8 54 179
8 55 30
8 56 98
8 57 39
8 58 168
8 59 65
8 60 14
8 61 140
8 62 4
8 63 142
8 64 87
8 65 145
8 66 99
8 67 64
8 68 28
8 69 122
8 70 43
8 71 102
8 72 32
8 73 124
8 74 53
8 75 14
8 76 112
8 77 82
8 78 29
8 79 77
8 80 190
8 81 12
8 82 36
8 83 98
8 84 9
8 85 175
8 86 197
8 87 55
8 88 102
8 89 162
8 90 82
8 91 172
8 92 159
8 93 18
8 94 186
8 95 36
8 96 165
8 97 66
8 98 149
8 99 9
9 10 198
9 11 7
9 12 126
9 13 170
9 14 52
9 15 133
9 16 47
9 17 37
9 18 187
9 19 54
9 20 20
9 21 40
9 22 177
9 23 168
9 24 49
9 25 101
9 26 11
9 27 2
9 28 179
9 29 11
9 30 149
9 31 171
9 32 94
9 33 39
9 34 168
9 35 165
9 36 170
9 37 125
9 38 129
9 39 15
9 40 68
9 41 126
9 42 46
9 43 118
9 44 129
9 45 109
9 46 77
9 47 152
9 48 27
9 49 1
9 50 88
9 51 59
9 52 128
9 53 130
9 54 129
9 55 120
9 56 76
9 57 30
9 58 128
9 59 126
9 60 170
9 61 18
9 62 120
9 63 50
9 64 16
9 65 6
9 66 103
9 67 95
9 68 56
9 69 167
9 70 97
9 71 92
9 72 101
9 73 162
9 74 7
9 75 29
9 76 195
9 77 57
9 78 61
9 79 150
9 80 175
9 81 42
9 82 68
9 83 190
9 84 83
9 85 175
9 86 159
9 87 157
9 88 54
9 89 61
9 90 103
9 91 45
9 92 13
9 93 100
9 94 103
9 95 121
9 96 66
9 97 83
9 98 102
9 99 138
10 11 110
10 12 153
10 13 90
10 14 192
10 15 194
10 16 169
10 17 68
10 18 189
10 19 94
10 20 119
10 21 20
10 22 58
10 23 87
10 24 19
10 25 43
10 26 179
10 27 37
10 28 109
10 29 2
10 30 83
10 31 37
10 32 176
10 33 120
10 34 15
10 35 56
10 36 40
10 37 53
10 38 103
10 39 193
10 40 7
10 41 49
10 42 120
10 43 36
10 44 3
10 45 18
10 46 163
10 47 164
10 48 22
10 49 190
10 50 23
10 51 44
10 52 180
10 53 151
10 54 150
10 55 16
10 56 192
10 57 76
10 58 24
10 59 109
10 60 69
10 61 73
10 62 122
10 63 12
10 64 3
10 65 154
10 66 85
10 67 11
10 68 138
10 69 127
10 70 29
10 71 93
10 72 43
10 73 196
10 74 176
10 75 4
10 76 21
10 77 63
10 78 93
10 79 36
10 80 195
10 81 74
10 82 195
10 83 23
10 84 150
10 85 66
10 86 153
10 87 94
10 88 168
10 89 18
10 90 186
10 91 89
10 92 37
10 93 176
10 94 100
10 95 192
10 96 70
10 97 26
10 98 114
10 99 100
11 12 47
11 13 68
11 14 29
11 15 23
11 16 175
11 17 57
11 18 70
11 19 25
11 20 127
11 21 104
11 22 184
11 23 58
11 24 66
11 25 198
11 26 181
11 27 188
11 28 106
11 29 106
11 30 153
11 31 30
11 32 4
11 33 106
11 34 57
11 35 87
11 36 159
11 37 146
11 38 170
11 39 30
11 40 24
11 41 183
11 42 98
11 43 175
11 44 93
11 45 108
11 46 108
11 47 39
11 48 176
11 49 20
11 50 20
11 51 16
11 52 158
11 53 142
11 54 111
11 55 46
11 56 175
11 57 54
11 58 158
11 59 50
11 60 88
11 61 91
11 62 61
11 63 125
11 64 14
11 65 87
11 66 189
11 67 92
11 68 42
11 69 82
11 70 94
11 71 67
11 72 14
11 73 158
11 74 151
11 75 19
11 76 30
11 77 105
11 78 187
11 79 173
11 80 39
11 81 96
11 82 28
11 83 80
11 84 126
11 85 145
11 86 161
11 87 110
11 88 57
11 89 64
11 90 126
11 91 126
11 92 60
11 93 177
11 94 159
11 95 128
11 96 177
11 97 189
11 98 179
11 99 151
12 13 88
12 14 10
12 15 90
12 16 149
12 17 58
12 18 23
12 19 84
12 20 133
12 21 185
12 22 198
12 23 2
12 24 26
12 25 175
12 26 91
12 27 138
12 28 193
12 29 128
12 30 162
12 31 63
12 32 83
12 33 21
12 34 35
12 35 89
12 36 22
12 37 190
12 38 61
12 39 90
12 40 56
12 41 123
12 42 171
12 43 99
12 44 27
12 45 45
12 46 26
12 47 0
12 48 5
12 49 195
12 50 194
12 51 169
12 52 89
12 53 122
12 54 136
12 55 98
12 56 121
12 57 187
12 58 139
12 59 141
12 60 145
12 61 116
12 62 178
12 63 171
12 64 32
12 65 154
12 66 67
12 67 16
12 68 188
12 69 69
12 70 47
12 71 84
12 72 74
12 73 28
12 74 3
12 75 100
12 76 104
12 77 157
12 78 121
12 79 189
12 80 142
12 81 86
12 82 46
12 83 112
12 84 66
12 85 160
12 86 5
12 87 155
12 88 77
12 89 77
12 90 10
12 91 134
12 92 2
12 93 75
12 94 92
12 95 186
12 96 174
12 97 169
12 98 136
12 99 10
13 14 115
13 15 20
13 16 194
13 17 127
13 18 9
13 19 85
13 20 89
13 21 128
13 22 87
13 23 125
13 24 123
13 25 104
13 26 36
13 27 37
13 28 27
13 29 162
13 30 61
13 31 125
13 32 153
13 33 164
13 34 61
13 35 150
13 36 64
13 37 132
13 38 135
13 39 192
13 40 73
13 41 69
13 42 35
13 43 45
13 44 51
13 45 175
13 46 165
13 47 152
13 48 63
13 49 122
13 50 1
13 51 163
13 52 113
13 53 81
13 54 46
13 55 5
13 56 169
13 57 50
13 58 42
13 59 35
13 60 23
13 61 9
13 62 177
13 63 96
13 64 123
13 65 8
13 66 177
13 67 181
13 68 23
13 69 119
13 70 6
13 71 91
13 72 68
13 73 184
13 74 164
13 75 29
13 76 9
13 77 8
13 78 81
13 79 178
13 80 200
13 81 106
13 82 165
13 83 93
13 84 104
13 85 60
13 86 86
13 87 111
13 88 98
13 89 118
13 90 67
13 91 140
13 92 136
13 93 126
13 94 145
13 95 1
13 96 131
13 97 157
13 98 168
13 99 104
14 15 40
14 16 119
14 17 47
14 18 138
14 19 94
14 20 20
14 21 118
14 22 66
14 23 34
14 24 197
14 25 60
14 26 155
14 27 131
14 28 158
14 29 99
14 30 118
14 31 53
14 32 49
14 33 118
14 34 54
14 35 8
14 36 57
14 37 200
14 38 82
14 39 146
14 40 183
14 41 103
14 42 31
14 43 161
14 44 26
14 45 154
14 46 97
14 47 4
14 48 54
14 49 15
14 50 33
14 51 81
14 52 148
14 53 56
14 54 130
14 55 48
14 56 36
14 57 101
14 58 153
14 59 169
14 60 45
14 61 179
14 62 127
14 63 195
14 64 176
14 65 124
14 66 104
14 67 119
14 68 180
14 69 185
14 70 62
14 71 10
14 72 119
14 73 33
14 74 25
14 75 152
14 76 2
14 77 194
14 78 128
14 79 75
14 80 37
14 81 30
14 82 46
14 83 4
14 84 41
14 85 19
14 86 141
14 87 148
14 88 139
14 89 11
14 90 63
14 91 141
14 92 130
14 93 35
14 94 11
14 95 50
14 96 69
14 97 103
14 98 190
14 99 75
15 16 69
15 17 10
15 18 132
15 19 42
15 20 13
15 21 184
15 22 185
15 23 19
15 24 111
15 25 10
15 26 68
15 27 6
15 28 177
15 29 83
15 30 36
15 31 103
15 32 55
15 33 59
15 34 84
15 35 49
15 36 106
15 37 157
15 38 159
15 39 15
15 40 54
15 41 70
15 42 146
15 43 192
15 44 198
15 45 110
15 46 65
15 47 102
15 48 132
15 49 187
15 50 129
15 51 171
15 52 4
15 53 162
15 54 178
15 55 154
15 56 175
15 57 171
15 58 135
15 59 139
15 60 76
15 61 53
15 62 191
15 63 148
15 64 66
15 65 163
15 66 61
15 67 2
15 68 64
15 69 147
15 70 80
15 71 67
15 72 4
15 73 192
15 74 92
15 75 126
15 76 114
15 77 37
15 78 3
15 79 120
15 80 154
15 81 194
15 82 162
15 83 81
15 84 10
15 85 87
15 86 91
15 87 141
15 88 130
15 89 139
15 90 37
15 91 113
15 92 9
15 93 151
15 94 42
15 95 112
15 96 11
15 97 92
15 98 137
15 99 191
16 17 50
16 18 115
16 19 115
16 20 9
16 21 179
16 22 122
16 23 50
16 24 46
16 25 175
16 26 169
16 27 79
16 28 80
16 29 38
16 30 158
16 31 153
16 32 65
16 33 47
16 34 100
16 35 188
16 36 130
16 37 28
16 38 133
16 39 125
16 40 174
16 41 168
16 42 105
16 43 85
16 44 169
16 45 189
16 46 31
16 47 80
16 48 106
16 49 64
16 50 83
16 51 144
16 52 163
16 53 10
16 54 136
16 55 19
16 56 20
16 57 95
16 58 179
16 59 84
16 60 118
16 61 16
16 62 162
16 63 154
16 64 24
16 65 62
16 66 195
16 67 71
16 68 156
16 69 100
16 70 20
16 71 81
16 72 84
16 73 69
16 74 165
16 75 78
16 76 176
16 77 166
16 78 14
16 79 162
16 80 149
16 81 16
16 82 70
16 83 189
16 84 136
16 85 163
16 86 66
16 87 54
16 88 33
16 89 101
16 90 125
16 91 40
16 92 172
16 93 64
16 94 19
16 95 157
16 96 145
16 97 51
16 98 149
16 99 188
17 18 10
17 19 10
17 20 163
17 21 58
17 22 84
17 23 108
17 24 135
17 25 50
17 26 188
17 27 103
17 28 4
17 29 101
17 30 54
17 31 158
17 32 170
17 33 85
17 34 176
17 35 178
17 36 92
17 37 104
17 38 159
17 39 124
17 40 173
17 41 150
17 42 179
17 43 130
17 44 156
17 45 157
17 46 193
17 47 143
17 48 77
17 49 123
17 50 136
17 51 195
17 52 135
17 53 170
17 54 20
17 55 35
17 56 2
17 57 105
17 58 63
17 59 36
17 60 55
17 61 179
17 62 155
17 63 166
17 64 192
17 65 117
17 66 184
17 67 143
17 68 184
17 69 24
17 70 115
17 71 171
17 72 160
17 73 132
17 74 58
17 75 105
17 76 103
17 77 82
17 78 45
17 79 162
17 80 19
17 81 176
17 82 118
17 83 11
17 84 181
17 85 65
17 86 96
17 87 30
17 88 168
17 89 188
17 90 11
17 91 167
17 92 100
17 93 171
17 94 193
17 95 77
17 96 63
17 97 40
17 98 198
17 99 9
18 19 33
18 20 117
18 21 69
18 22 144
18 23 38
18 24 75
18 25 95
18 26 46
18 27 99
18 28 4
18 29 45
18 30 70
18 31 45
18 32 21
18 33 7
18 34 114
18 35 155
18 36 4
18 37 180
18 38 72
18 39 2
18 40 113
18 41 1
18 42 104
18 43 148
18 44 78
18 45 108
18 46 173
18 47 13
18 48 33
18 49 126
18 50 14
18 51 90
18 52 51
18 53 27
18 54 184
18 55 96
18 56 86
18 57 108
18 58 59
18 59 116
18 60 177
18 61 25
18 62 165
18 63 25
18 64 164
18 65 197
18 66 187
18 67 95
18 68 98
18 69 94
18 70 63
18 71 141
18 72 121
18 73 144
18 74 161
18 75 156
18 76 48
18 77 89
18 78 6
18 79 184
18 80 67
18 81 199
18 82 50
18 83 52
18 84 16
18 85 193
18 86 3
18 87 83
18 88 198
18 89 183
18 90 148
18 91 188
18 92 72
18 93 177
18 94 176
18 95 6
18 96 45
18 97 192
18 98 110
18 99 61
19 20 181
19 21 162
19 22 20
19 23 196
19 24 150
19 25 37
19 26 98
19 27 113
19 28 94
19 29 188
19 30 195
19 31 2
19 32 34
19 33 182
19 34 47
19 35 159
19 36 79
19 37 21
19 38 167
19 39 160
19 40 106
19 41 93
19 42 53
19 43 76
19 44 35
19 45 18
19 46 142
19 47 46
19 48 171
19 49 137
19 50 150
19 51 146
19 52 172
19 53 139
19 54 171
19 55 12
19 56 144
19 57 56
19 58 183
19 59 121
19 60 137
19 61 81
19 62 133
19 63 179
19 64 48
19 65 198
19 66 155
19 67 14
19 68 185
19 69 79
19 70 4
19 71 190
19 72 163
19 73 129
19 74 146
19 75 124
19 76 177
19 77 77
19 78 137
19 79 54
19 80 3
19 81 178
19 82 150
19 83 196
19 84 33
19 85 35
19 86 175
19 87 109
19 88 119
19 89 184
19 90 8
19 91 194
19 92 35
19 93 112
19 94 170
19 95 138
19 96 78
19 97 80
19 98 41
19 99 21
20 21 82
20 22 87
20 23 47
20 24 91
20 25 36
20 26 46
20 27 40
20 28 173
20 29 17
20 30 122
20 31 164
20 32 142
20 33 171
20 34 139
20 35 151
20 36 148
20 37 145
20 38 154
20 39 69
20 40 14
20 41 91
20 42 19
20 43 36
20 44 113
20 45 38
20 46 168
20 47 185
20 48 5
20 49 30
20 50 61
20 51 151
20 52 182
20 53 91
20 54 58
20 55 16
20 56 111
20 57 145
20 58 131
20 59 79
20 60 167
20 61 92
20 62 73
20 63 112
20 64 41
20 65 52
20 66 74
20 67 132
20 68 2
20 69 53
20 70 136
20 71 167
20 72 38
20 73 163
20 74 65
20 75 82
20 76 51
20 77 160
20 78 159
20 79 19
20 80 195
20 81 162
20 82 44
20 83 117
20 84 161
20 85 105
20 86 200
20 87 74
20 88 193
20 89 51
20 90 49
20 91 146
20 92 164
20 93 186
20 94 60
20 95 161
20 96 43
20 97 84
20 98 47
20 99 179
21 22 130
21 23 27
21 24 97
21 25 112
21 26 146
21 27 128
21 28 42
21 29 180
21 30 169
21 31 177
21 32 185
21 33 191
21 34 135
21 35 149
21 36 161
21 37 191
21 38 74
21 39 107
21 40 106
21 41 68
21 42 16
21 43 188
21 44 1
21 45 152
21 46 33
21 47 86
21 48 168
21 49 174
21 50 2
21 51 14
21 52 162
21 53 39
21 54 3
21 55 164
21 56 159
21 57 139
21 58 17
21 59 80
21 60 10
21 61 15
21 62 47
21 63 80
21 64 49
21 65 33
21 66 113
21 67 138
21 68 34
21 69 21
21 70 118
21 71 84
21 72 151
21 73 141
21 74 55
21 75 171
21 76 2
21 77 168
21 78 14
21 79 19
21 80 15
21 81 92
21 82 121
21 83 157
21 84 128
21 85 44
21 86 16
21 87 146
21 88 152
21 89 97
21 90 185
21 91 85
21 92 163
21 93 112
21 94 43
21 95 155
21 96 17
21 97 33
21 98 58
21 99 67
22 23 153
22 24 105
22 25 200
22 26 105
22 27 50
22 28 52
22 29 136
22 30 154
22 31 196
22 32 23
22 33 172
22 34 66
22 35 40
22 36 107
22 37 44
22 38 167
22 39 14
22 40 193
22 41 192
22 42 27
22 43 74
22 44 33
22 45 126
22 46 85
22 47 180
22 48 98
22 49 142
22 50 147
22 51 49
22 52 188
22 53 56
22 54 120
22 55 131
22 56 99
22 57 85
22 58 15
22 59 53
22 60 190
22 61 106
22 62 158
22 63 86
22 64 97
22 65 29
22 66 199
22 67 137
22 68 167
22 69 188
22 70 167
22 71 137
22 72 152
22 73 130
22 74 41
22 75 177
22 76 30
22 77 9
22 78 61
22 79 27
22 80 19
22 81 38
22 82 1
22 83 140
22 84 102
22 85 86
22 86 171
22 87 73
22 88 134
22 89 83
22 90 143
22 91 71
22 92 179
22 93 20
22 94 167
22 95 7
22 96 84
22 97 93
22 98 77
22 99 95
23 24 185
23 25 98
23 26 41
23 27 12
23 28 112
23 29 34
23 30 180
23 31 9
23 32 132
23 33 140
23 34 44
23 35 50
23 36 86
23 37 152
23 38 152
23 39 147
23 40 34
23 41 51
23 42 77
23 43 23
23 44 56
23 45 63
23 46 18
23 47 156
23 48 75
23 49 62
23 50 106
23 51 194
23 52 128
23 53 105
23 54 108
23 55 88
23 56 113
23 57 100
23 58 67
23 59 51
23 60 92
23 61 4
23 62 152
23 63 78
23 64 148
23 65 134
23 66 187
23 67 108
23 68 82
23 69 129
23 70 80
23 71 145
23 72 31
23 73 163
23 74 123
23 75 163
23 76 129
23 77 142
23 78 85
23 79 159
23 80 2
23 81 60
23 82 53
23 83 96
23 84 112
23 85 137
23 86 141
23 87 136
23 88 192
23 89 36
23 90 144
23 91 124
23 92 164
23 93 195
23 94 115
23 95 100
23 96 137
23 97 55
23 98 123
23 99 75
24 25 15
24 26 150
24 27 143
24 28 58
24 29 32
24 30 142
24 31 10
24 32 129
24 33 38
24 34 124
24 35 152
24 36 60
24 37 104
24 38 146
24 39 81
24 40 102
24 41 56
24 42 188
24 43 47
24 44 19
24 45 86
24 46 163
24 47 71
24 48 115
24 49 175
24 50 82
24 51 152
24 52 65
24 53 200
24 54 86
24 55 131
24 56 153
24 57 142
24 58 14
24 59 89
24 60 3
24 61 76
24 62 127
24 63 13
24 64 103
24 65 68
24 66 149
24 67 126
24 68 200
24 69 17
24 70 133
24 71 154
24 72 64
24 73 80
24 74 187
24 75 72
24 76 64
24 77 158
24 78 120
24 79 97
24 80 6
24 81 16
24 82 38
24 83 10
24 84 197
24 85 72
24 86 98
24 87 190
24 88 95
24 89 198
24 90 152
24 91 42
24 92 101
24 93 74
24 94 37
24 95 133
24 96 2
24 97 18
24 98 4
24 99 69
25 26 16
25 27 189
25 28 54
25 29 40
25 30 125
25 31 198
25 32 127
25 33 177
25 34 191
25 35 72
25 36 32
25 37 190
25 38 180
25 39 22
25 40 128
25 41 195
25 42 24
25 43 91
25 44 180
25 45 73
25 46 49
25 47 54
25 48 114
25 49 154
25 50 158
25 51 114
25 52 196
25 53 109
25 54 50
25 55 178
25 56 114
25 57 71
25 58 47
25 59 144
25 60 184
25 61 56
25 62 200
25 63 165
25 64 171
25 65 0
25 66 84
25 67 121
25 68 173
25 69 67
25 70 114
25 71 107
25 72 48
25 73 83
25 74 19
25 75 29
25 76 63
25 77 38
25 78 97
25 79 87
25 80 46
25 81 193
25 82 147
25 83 128
25 84 113
25 85 85
25 86 169
25 87 109
25 88 61
25 89 52
25 90 116
25 91 197
25 92 143
25 93 99
25 94 67
25 95 2
25 96 5
25 97 22
25 98 45
25 99 191
26 27 100
26 28 159
26 29 159
26 30 22
26 31 61
26 32 54
26 33 10
26 34 86
26 35 83
26 36 10
26 37 10
26 38 76
26 39 181
26 40 79
26 41 125
26 42 33
26 43 107
26 44 168
26 45 172
26 46 136
26 47 136
26 48 179
26 49 169
26 50 132
26 51 97
26 52 179
26 53 46
26 54 129
26 55 142
26 56 135
26 57 178
26 58 114
26 59 45
26 60 196
26 61 44
26 62 32
26 63 54
26 64 172
26 65 125
26 66 149
26 67 137
26 68 181
26 69 0
26 70 73
26 71 25
26 72 156
26 73 33
26 74 172
26 75 79
26 76 159
26 77 57
26 78 105
26 79 171
26 80 184
26 81 32
26 82 113
26 83 14
26 84 200
26 85 56
26 86 83
26 87 19
26 88 179
26 89 98
26 90 12
26 91 37
26 92 132
26 93 125
26 94 153
26 95 107
26 96 123
26 97 118
26 98 69
26 99 50
27 28 92
27 29 81
27 30 170
27 31 63
27 32 169
27 33 84
27 34 128
27 35 174
27 36 107
27 37 140
27 38 73
27 39 160
27 40 95
27 41 101
27 42 179
27 43 177
27 44 96
27 45 156
27 46 102
27 47 15
27 48 197
27 49 159
27 50 150
27 51 69
27 52 200
27 53 153
27 54 124
27 55 56
27 56 28
27 57 105
27 58 74
27 59 27
27 60 7
27 61 169
27 62 48
27 63 197
27 64 191
27 65 156
27 66 126
27 67 49
27 68 73
27 69 78
27 70 192
27 71 139
27 72 113
27 73 195
27 74 18
27 75 11
27 76 6
27 77 47
27 78 119
27 79 107
27 80 194
27 81 26
27 82 66
27 83 80
27 84 51
27 85 8
27 86 102
27 87 93
27 88 0
27 89 135
27 90 168
27 91 23
27 92 32
27 93 174
27 94 83
27 95 67
27 96 3
27 97 200
27 98 198
27 99 82
28 29 170
28 30 100
28 31 20
28 32 100
28 33 73
28 34 74
28 35 121
28 36 98
28 37 158
28 38 144
28 39 69
28 40 117
28 41 175
28 42 49
28 43 126
28 44 179
28 45 0
28 46 46
28 47 1
28 48 1
28 49 200
28 50 49
28 51 184
28 52 188
28 53 135
28 54 67
28 55 58
28 56 109
28 57 114
28 58 76
28 59 161
28 60 4
28 61 2
28 62 127
28 63 89
28 64 174
28 65 5
28 66 92
28 67 13
28 68 137
28 69 160
28 70 67
28 71 120
28 72 115
28 73 70
28 74 77
28 75 72
28 76 37
28 77 86
28 78 64
28 79 95
28 80 159
28 81 159
28 82 187
28 83 79
28 84 111
28 85 177
28 86 96
28 87 184
28 88 127
28 89 196
28 90 128
28 91 121
28 92 150
28 93 92
28 94 75
28 95 65
28 96 86
28 97 21
28 98 185
28 99 60
29 30 59
29 31 39
29 32 15
29 33 70
29 34 26
29 35 2
29 36 164
29 37 128
29 38 28
29 39 135
29 40 43
29 41 94
29 42 145
29 43 139
29 44 29
29 45 8
29 46 114
29 47 190
29 48 34
29 49 160
29 50 102
29 51 106
29 52 66
29 53 117
29 54 112
29 55 121
29 56 94
29 57 86
29 58 149
29 59 135
29 60 48
29 61 46
29 62 85
29 63 43
29 64 91
29 65 129
29 66 59
29 67 144
29 68 147
29 69 166
29 70 185
29 71 200
29 72 103
29 73 101
29 74 145
29 75 76
29 76 172
29 77 199
29 78 80
29 79 11
29 80 92
29 81 90
29 82 134
29 83 126
29 84 118
29 85 189
29 86 171
29 87 23
29 88 151
29 89 113
29 90 89
29 91 91
29 92 57
29 93 48
29 94 8
29 95 134
29 96 76
29 97 146
29 98 24
29 99 134
30 31 109
30 32 140
30 33 29
30 34 133
30 35 20
30 36 126
30 37 94
30 38 21
30 39 134
30 40 102
30 41 152
30 42 64
30 43 1
30 44 179
30 45 197
30 46 77
30 47 92
30 48 138
30 49 62
30 50 26
30 51 40
30 52 172
30 53 113
30 54 113
30 55 4
30 56 165
30 57 126
30 58 13
30 59 200
30 60 160
30 61 96
30 62 82
30 63 59
30 64 124
30 65 112
30 66 90
30 67 51
30 68 49
30 69 62
30 70 101
30 71 60
30 72 175
30 73 19
30 74 1
30 75 142
30 76 193
30 77 28
30 78 162
30 79 175
30 80 45
30 81 158
30 82 62
30 83 9
30 84 112
30 85 136
30 86 24
30 87 109
30 88 172
30 89 91
30 90 131
30 91 92
30 92 77
30 93 85
30 94 17
30 95 142
30 96 137
30 97 23
30 98 187
30 99 156
31 32 161
31 33 190
31 34 176
31 35 45
31 36 166
31 37 139
31 38 172
31 39 101
31 40 188
31 41 52
31 42 110
31 43 144
31 44 17
31 45 101
31 46 187
31 47 101
31 48 106
31 49 68
31 50 8
31 51 143
31 52 129
31 53 185
31 54 80
31 55 57
31 56 93
31 57 32
31 58 21
31 59 200
31 60 17
31 61 115
31 62 102
31 63 189
31 64 128
31 65 165
31 66 67
31 67 156
31 68 90
31 69 182
31 70 179
31 71 99
31 72 134
31 73 109
31 74 111
31 75 129
31 76 0
31 77 97
31 78 3
31 79 88
31 80 29
31 81 62
31 82 74
31 83 131
31 84 10
31 85 159
31 86 1
31 87 12
31 88 120
31 89 85
31 90 10
31 91 27
31 92 196
31 93 27
31 94 165
31 95 194
31 96 128
31 97 105
31 98 76
31 99 106
32 33 79
32 34 50
32 35 110
32 36 186
32 37 166
32 38 150
32 39 121
32 40 198
32 41 189
32 42 14
32 43 173
32 44 32
32 45 153
32 46 180
32 47 124
32 48 170
32 49 64
32 50 75
32 51 2
32 52 87
32 53 83
32 54 6
32 55 137
32 56 107
32 57 41
32 58 28
32 59 20
32 60 171
32 61 47
32 62 66
32 63 84
32 64 187
32 65 46
32 66 184
32 67 107
32 68 142
32 69 107
32 70 33
32 71 49
32 72 118
32 73 170
32 74 27
32 75 181
32 76 61
32 77 115
32 78 99
32 79 22
32 80 163
32 81 158
32 82 136
32 83 12
32 84 95
32 85 144
32 86 159
32 87 122
32 88 70
32 89 73
32 90 149
32 91 32
32 92 194
32 93 118
32 94 54
32 95 113
32 96 145
32 97 112
32 98 112
32 99 70
33 34 104
33 35 132
33 36 28
33 37 37
33 38 68
33 39 122
33 40 160
33 41 28
33 42 36
33 43 170
33 44 176
33 45 124
33 46 56
33 47 187
33 48 54
33 49 38
33 50 90
33 51 129
33 52 106
33 53 170
33 54 160
33 55 95
33 56 110
33 57 86
33 58 17
33 59 23
33 60 83
33 61 100
33 62 107
33 63 53
33 64 77
33 65 168
33 66 195
33 67 41
33 68 134
33 69 138
33 70 34
33 71 117
33 72 182
33 73 198
33 74 132
33 75 139
33 76 124
33 77 87
33 78 44
33 79 78
33 80 119
33 81 127
33 82 5
33 83 172
33 84 162
33 85 49
33 86 144
33 87 133
33 88 131
33 89 187
33 90 28
33 91 171
33 92 40
33 93 24
33 94 138
33 95 2
33 96 73
33 97 104
33 98 174
33 99 37
34 35 62
34 36 179
34 37 81
34 38 190
34 39 74
34 40 193
34 41 195
34 42 7
34 43 200
34 44 166
34 45 26
34 46 194
34 47 186
34 48 195
34 49 5
34 50 47
34 51 118
34 52 33
34 53 156
34 54 85
34 55 108
34 56 84
34 57 40
34 58 33
34 59 95
34 60 42
34 61 17
34 62 4
34 63 10
34 64 70
34 65 118
34 66 143
34 67 25
34 68 128
34 69 33
34 70 87
34 71 165
34 72 73
34 73 96
34 74 65
34 75 60
34 76 41
34 77 37
34 78 83
34 79 53
34 80 2
34 81 200
34 82 51
34 83 41
34 84 150
34 85 17
34 86 148
34 87 176
34 88 60
34 89 177
34 90 33
34 91 105
34 92 130
34 93 114
34 94 136
34 95 134
34 96 198
34 97 7
34 98 80
34 99 39
35 36 83
35 37 160
35 38 51
35 39 150
35 40 175
35 41 18
35 42 0
35 43 191
35 44 196
35 45 35
35 46 160
35 47 20
35 48 122
35 49 69
35 50 31
35 51 18
35 52 101
35 53 58
35 54 81
35 55 149
35 56 197
35 57 17
35 58 175
35 59 161
35 60 46
35 61 23
35 62 76
35 63 180
35 64 169
35 65 168
35 66 178
35 67 191
35 68 109
35 69 10
35 70 71
35 71 37
35 72 140
35 73 38
35 74 78
35 75 196
35 76 32
35 77 162
35 78 82
35 79 124
35 80 59
35 81 168
35 82 92
35 83 133
35 84 19
35 85 0
35 86 134
35 87 72
35 88 17
35 89 29
35 90 69
35 91 66
35 92 191
35 93 155
35 94 159
35 95 178
35 96 102
35 97 127
35 98 180
35 99 26
36 37 107
36 38 63
36 39 66
36 40 157
36 41 97
36 42 54
36 43 53
36 44 73
36 45 46
36 46 44
36 47 155
36 48 144
36 49 167
36 50 74
36 51 56
36 52 15
36 53 66
36 54 100
36 55 24
36 56 94
36 57 148
36 58 170
36 59 169
36 60 97
36 61 64
36 62 45
36 63 25
36 64 10
36 65 2
36 66 68
36 67 53
36 68 141
36 69 163
36 70 195
36 71 162
36 72 27
36 73 56
36 74 18
36 75 93
36 76 19
36 77 20
36 78 199
36 79 39
36 80 52
36 81 200
36 82 159
36 83 181
36 84 62
36 85 29
36 86 75
36 87 33
36 88 195
36 89 195
36 90 122
36 91 135
36 92 143
36 93 43
36 94 145
36 95 153
36 96 27
36 97 9
36 98 101
36 99 154
37 38 58
37 39 120
37 40 114
37 41 18
37 42 87
37 43 7
37 44 1
37 45 170
37 46 29
37 47 14
37 48 117
37 49 137
37 50 137
37 51 150
37 52 107
37 53 184
37 54 67
37 55 69
37 56 65
37 57 13
37 58 153
37 59 107
37 60 37
37 61 132
37 62 19
37 63 179
37 64 63
37 65 108
37 66 183
37 67 61
37 68 11
37 69 173
37 70 165
37 71 125
37 72 82
37 73 71
37 74 11
37 75 195
37 76 155
37 77 52
37 78 71
37 79 133
37 80 174
37 81 199
37 82 32
37 83 20
37 84 147
37 85 119
37 86 185
37 87 30
37 88 104
37 89 107
37 90 167
37 91 180
37 92 99
37 93 81
37 94 11
37 95 181
37 96 156
37 97 75
37 98 121
37 99 122
38 39 135
38 40 188
38 41 15
38 42 164
38 43 57
38 44 54
38 45 102
38 46 9
38 47 81
38 48 70
38 49 164
38 50 13
38 51 62
38 52 169
38 53 42
38 54 42
38 55 153
38 56 122
38 57 48
38 58 63
38 59 189
38 60 171
38 61 46
38 62 153
38 63 89
38 64 147
38 65 6
38 66 167
38 67 175
38 68 25
38 69 71
38 70 94
38 71 167
38 72 57
38 73 40
38 74 76
38 75 72
38 76 168
38 77 186
38 78 181
38 79 58
38 80 195
38 81 42
38 82 125
38 83 97
38 84 172
38 85 198
38 86 20
38 87 120
38 88 168
38 89 42
38 90 5
38 91 57
38 92 26
38 93 99
38 94 91
38 95 181
38 96 156
38 97 19
38 98 143
38 99 182
39 40 172
39 41 47
39 42 117
39 43 54
39 44 101
39 45 90
39 46 104
39 47 77
39 48 74
39 49 146
39 50 44
39 51 118
39 52 141
39 53 154
39 54 176
39 55 143
39 56 154
39 57 157
39 58 127
39 59 104
39 60 106
39 61 36
39 62 173
39 63 107
39 64 25
39 65 143
39 66 29
39 67 25
39 68 37
39 69 32
39 70 102
39 71 132
39 72 1
39 73 95
39 74 103
39 75 177
39 76 27
39 77 33
39 78 23
39 79 30
39 80 45
39 81 49
39 82 124
39 83 112
39 84 174
39 85 44
39 86 73
39 87 134
39 88 127
39 89 129
39 90 193
39 91 8
39 92 16
39 93 105
39 94 122
39 95 117
39 96 52
39 97 163
39 98 118
39 99 86
40 41 198
40 42 131
40 43 83
40 44 176
40 45 154
40 46 97
40 47 127
40 48 133
40 49 176
40 50 53
40 51 19
40 52 111
40 53 151
40 54 75
40 55 93
40 56 165
40 57 17
40 58 0
40 59 106
40 60 192
40 61 128
40 62 168
40 63 45
40 64 186
40 65 84
40 66 176
40 67 169
40 68 65
40 69 189
40 70 123
40 71 115
40 72 44
40 73 41
40 74 184
40 75 82
40 76 180
40 77 125
40 78 52
40 79 42
40 80 86
40 81 65
40 82 154
40 83 105
40 84 13
40 85 179
40 86 108
40 87 187
40 88 133
40 89 127
40 90 108
40 91 136
40 92 65
40 93 152
40 94 6
40 95 49
40 96 133
40 97 164
40 98 111
40 99 98
41 42 194
41 43 180
41 44 102
41 45 193
41 46 33
41 47 128
41 48 74
41 49 97
41 50 57
41 51 13
41 52 123
41 53 75
41 54 129
41 55 107
41 56 56
41 57 111
41 58 138
41 59 193
41 60 192
41 61 29
41 62 39
41 63 179
41 64 43
41 65 145
41 66 0
41 67 82
41 68 109
41 69 118
41 70 136
41 71 19
41 72 22
41 73 91
41 74 105
41 75 199
41 76 165
41 77 171
41 78 176
41 79 184
41 80 45
41 81 83
41 82 25
41 83 24
41 84 87
41 85 21
41 86 17
41 87 34
41 88 82
41 89 76
41 90 184
41 91 136
41 92 108
41 93 176
41 94 46
41 95 6
41 96 152
41 97 81
41 98 96
41 99 123
42 43 99
42 44 173
42 45 198
42 46 77
42 47 164
42 48 77
42 49 192
42 50 23
42 51 151
42 52 51
42 53 136
42 54 9
42 55 20
42 56 50
42 57 169
42 58 110
42 59 49
42 60 123
42 61 118
42 62 25
42 63 54
42 64 149
42 65 75
42 66 52
42 67 33
42 68 13
42 69 193
42 70 103
42 71 173
42 72 183
42 73 35
42 74 187
42 75 43
42 76 75
42 77 2
42 78 80
42 79 176
42 80 178
42 81 142
42 82 79
42 83 31
42 84 102
42 85 129
42 86 168
42 87 66
42 88 36
42 89 125
42 90 200
42 91 36
42 92 160
42 93 66
42 94 189
42 95 49
42 96 54
42 97 191
42 98 62
42 99 164
43 44 73
43 45 196
43 46 116
43 47 104
43 48 117
43 49 41
43 50 42
43 51 161
43 52 39
43 53 194
43 54 55
43 55 165
43 56 2
43 57 193
43 58 160
43 59 98
43 60 148
43 61 170
43 62 59
43 63 87
43 64 69
43 65 19
43 66 78
43 67 45
43 68 101
43 69 51
43 70 52
43 71 61
43 72 52
43 73 65
43 74 78
43 75 133
43 76 175
43 77 138
43 78 147
43 79 97
43 80 192
43 81 70
43 82 88
43 83 197
43 84 156
43 85 182
43 86 118
43 87 56
43 88 159
43 89 130
43 90 22
43 91 26
43 92 87
43 93 147
43 94 167
43 95 42
43 96 105
43 97 160
43 98 34
43 99 62
44 45 178
44 46 32
44 47 126
44 48 76
44 49 68
44 50 68
44 51 122
44 52 122
44 53 37
44 54 120
44 55 94
44 56 71
44 57 109
44 58 164
44 59 118
44 60 179
44 61 45
44 62 167
44 63 161
44 64 28
44 65 14
44 66 150
44 67 183
44 68 22
44 69 99
44 70 101
44 71 11
44 72 191
44 73 52
44 74 148
44 75 110
44 76 45
44 77 31
44 78 98
44 79 83
44 80 46
44 81 144
44 82 18
44 83 108
44 84 21
44 85 159
44 86 89
44 87 9
44 88 100
44 89 168
44 90 84
44 91 166
44 92 194
44 93 158
44 94 198
44 95 82
44 96 11
44 97 108
44 98 21
44 99 105
45 46 45
45 47 154
45 48 49
45 49 197
45 50 37
45 51 135
45 52 11
45 53 28
45 54 133
45 55 165
45 56 42
45 57 139
45 58 113
45 59 136
45 60 38
45 61 193
45 62 140
45 63 63
45 64 185
45 65 130
45 66 96
45 67 192
45 68 79
45 69 161
45 70 82
45 71 2
45 72 42
45 73 135
45 74 181
45 75 104
45 76 126
45 77 57
45 78 104
45 79 123
45 80 8
45 81 195
45 82 85
45 83 45
45 84 190
45 85 28
45 86 106
45 87 115
45 88 131
45 89 0
45 90 140
45 91 198
45 92 83
45 93 187
45 94 44
45 95 32
45 96 41
45 97 30
45 98 167
45 99 3
46 47 95
46 48 124
46 49 101
46 50 125
46 51 13
46 52 49
46 53 8
46 54 181
46 55 5
46 56 158
46 57 105
46 58 156
46 59 140
46 60 12
46 61 61
46 62 105
46 63 151
46 64 7
46 65 17
46 66 90
46 67 190
46 68 129
46 69 42
46 70 84
46 71 4
46 72 150
46 73 30
46 74 63
46 75 63
46 76 195
46 77 35
46 78 51
46 79 185
46 80 121
46 81 71
46 82 102
46 83 41
46 84 176
46 85 13
46 86 124
46 87 45
46 88 28
46 89 129
46 90 43
46 91 47
46 92 102
46 93 101
46 94 121
46 95 188
46 96 101
46 97 101
46 98 196
46 99 96
47 48 64
47 49 2
47 50 70
47 51 50
47 52 124
47 53 41
47 54 99
47 55 70
47 56 24
47 57 140
47 58 158
47 59 32
47 60 192
47 61 95
47 62 160
47 63 159
47 64 29
47 65 173
47 66 6
47 67 95
47 68 150
47 69 110
47 70 154
47 71 0
47 72 123
47 73 184
47 74 97
47 75 114
47 76 48
47 77 68
47 78 65
47 79 113
47 80 157
47 81 31
47 82 94
47 83 190
47 84 87
47 85 100
47 86 196
47 87 124
47 88 152
47 89 127
47 90 77
47 91 15
47 92 53
47 93 61
47 94 140
47 95 162
47 96 169
47 97 39
47 98 151
47 99 130
48 49 187
48 50 98
48 51 90
48 52 181
48 53 108
48 54 9
48 55 154
48 56 141
48 57 25
48 58 117
48 59 87
48 60 62
48 61 163
48 62 160
48 63 154
48 64 110
48 65 77
48 66 158
48 67 31
48 68 83
48 69 34
48 70 12
48 71 102
48 72 76
48 73 51
48 74 142
48 75 167
48 76 163
48 77 64
48 78 114
48 79 34
48 80 182
48 81 112
48 82 43
48 83 156
48 84 124
48 85 147
48 86 175
48 87 132
48 88 182
48 89 96
48 90 131
48 91 200
48 92 127
48 93 134
48 94 18
48 95 111
48 96 176
48 97 33
48 98 44
48 99 14
49 50 114
49 51 169
49 52 135
49 53 10
49 54 155
49 55 12
49 56 109
49 57 151
49 58 176
49 59 175
49 60 12
49 61 157
49 62 96
49 63 139
49 64 177
49 65 21
49 66 173
49 67 15
49 68 72
49 69 15
49 70 34
49 71 86
49 72 135
49 73 10
49 74 109
49 75 187
49 76 137
49 77 46
49 78 36
49 79 168
49 80 109
49 81 8
49 82 169
49 83 45
49 84 113
49 85 90
49 86 47
49 87 154
49 88 132
49 89 16
49 90 46
49 91 9
49 92 185
49 93 88
49 94 144
49 95 180
49 96 157
49 97 90
49 98 79
49 99 16
50 51 112
50 52 177
50 53 82
50 54 89
50 55 111
50 56 59
50 57 23
50 58 69
50 59 155
50 60 57
50 61 38
50 62 71
50 63 168
50 64 164
50 65 61
50 66 198
50 67 86
50 68 192
50 69 128
50 70 131
50 71 56
50 72 141
50 73 73
50 74 164
50 75 155
50 76 142
50 77 187
50 78 32
50 79 164
50 80 31
50 81 133
50 82 132
50 83 194
50 84 8
50 85 177
50 86 142
50 87 82
50 88 112
50 89 158
50 90 36
50 91 186
50 92 60
50 93 145
50 94 197
50 95 62
50 96 19
50 97 36
50 98 36
50 99 134
51 52 183
51 53 56
51 54 106
51 55 158
51 56 77
51 57 61
51 58 164
51 59 38
51 60 140
51 61 112
51 62 126
51 63 26
51 64 129
51 65 122
51 66 117
51 67 195
51 68 102
51 69 114
51 70 53
51 71 55
51 72 114
51 73 1
51 74 161
51 75 129
51 76 154
51 77 18
51 78 73
51 79 30
51 80 121
51 81 14
51 82 119
51 83 152
51 84 28
51 85 93
51 86 78
51 87 160
51 88 113
51 89 22
51 90 182
51 91 156
51 92 177
51 93 133
51 94 172
51 95 126
51 96 90
51 97 186
51 98 143
51 99 119
52 53 128
52 54 135
52 55 124
52 56 196
52 57 34
52 58 155
52 59 133
52 60 32
52 61 77
52 62 72
52 63 26
52 64 2
52 65 79
52 66 36
52 67 145
52 68 172
52 69 181
52 70 95
52 71 96
52 72 40
52 73 185
52 74 106
52 75 151
52 76 103
52 77 97
52 78 200
52 79 130
52 80 113
52 81 26
52 82 49
52 83 35
52 84 37
52 85 103
52 86 125
52 87 57
52 88 181
52 89 159
52 90 139
52 91 9
52 92 86
52 93 197
52 94 26
52 95 177
52 96 0
52 97 95
52 98 30
52 99 102
53 54 118
53 55 63
53 56 76
53 57 32
53 58 150
53 59 124
53 60 196
53 61 170
53 62 28
53 63 156
53 64 51
53 65 60
53 66 133
53 67 178
53 68 34
53 69 155
53 70 6
53 71 39
53 72 194
53 73 128
53 74 136
53 75 147
53 76 132
53 77 2
53 78 185
53 79 167
53 80 69
53 81 44
53 82 127
53 83 184
53 84 9
53 85 157
53 86 113
53 87 44
53 88 70
53 89 62
53 90 5
53 91 35
53 92 145
53 93 86
53 94 66
53 95 191
53 96 24
53 97 4
53 98 175
53 99 45
54 55 33
54 56 199
54 57 2
54 58 44
54 59 156
54 60 86
54 61 10
54 62 67
54 63 100
54 64 0
54 65 101
54 66 172
54 67 199
54 68 97
54 69 41
54 70 38
54 71 92
54 72 108
54 73 92
54 74 58
54 75 160
54 76 100
54 77 118
54 78 164
54 79 190
54 80 114
54 81 175
54 82 26
54 83 137
54 84 173
54 85 165
54 86 185
54 87 0
54 88 69
54 89 58
54 90 74
54 91 35
54 92 35
54 93 192
54 94 142
54 95 107
54 96 196
54 97 147
54 98 27
54 99 65
55 56 140
55 57 161
55 58 88
55 59 140
55 60 3
55 61 145
55 62 180
55 63 193
55 64 144
55 65 178
55 66 156
55 67 72
55 68 148
55 69 133
55 70 5
55 71 3
55 72 104
55 73 84
55 74 61
55 75 112
55 76 51
55 77 89
55 78 130
55 79 67
55 80 33
55 81 155
55 82 94
55 83 113
55 84 77
55 85 76
55 86 26
55 87 88
55 88 36
55 89 192
55 90 180
55 91 16
55 92 133
55 93 7
55 94 104
55 95 38
55 96 175
55 97 173
55 98 143
55 99 93
56 57 129
56 58 87
56 59 116
56 60 103
56 61 157
56 62 63
56 63 65
56 64 150
56 65 14
56 66 155
56 67 61
56 68 167
56 69 168
56 70 1
56 71 101
56 72 23
56 73 153
56 74 79
56 75 200
56 76 75
56 77 199
56 78 146
56 79 1
56 80 33
56 81 152
56 82 43
56 83 33
56 84 96
56 85 38
56 86 30
56 87 179
56 88 106
56 89 13
56 90 115
56 91 59
56 92 144
56 93 77
56 94 97
56 95 116
56 96 58
56 97 107
56 98 158
56 99 27
57 58 115
57 59 25
57 60 83
57 61 4
57 62 99
57 63 186
57 64 1
57 65 199
57 66 129
57 67 115
57 68 15
57 69 186
57 70 16
57 71 172
57 72 155
57 73 121
57 74 3
57 75 175
57 76 74
57 77 141
57 78 34
57 79 147
57 80 183
57 81 65
57 82 119
57 83 180
57 84 57
57 85 115
57 86 80
57 87 133
57 88 91
57 89 122
57 90 66
57 91 59
57 92 89
57 93 159
57 94 153
57 95 123
57 96 63
57 97 66
57 98 8
57 99 77
58 59 40
58 60 43
58 61 75
58 62 63
58 63 69
58 64 51
58 65 191
58 66 131
58 67 119
58 68 26
58 69 169
58 70 67
58 71 130
58 72 39
58 73 163
58 74 44
58 75 56
58 76 96
58 77 63
58 78 145
58 79 159
58 80 61
58 81 113
58 82 16
58 83 168
58 84 31
58 85 162
58 86 35
58 87 132
58 88 37
58 89 68
58 90 103
58 91 43
58 92 86
58 93 189
58 94 186
58 95 174
58 96 78
58 97 147
58 98 70
58 99 76
59 60 59
59 61 186
59 62 185
59 63 22
59 64 98
59 65 168
59 66 104
59 67 184
59 68 53
59 69 80
59 70 36
59 71 176
59 72 184
59 73 195
59 74 71
59 75 70
59 76 31
59 77 154
59 78 128
59 79 80
59 80 80
59 81 183
59 82 152
59 83 198
59 84 79
59 85 136
59 86 191
59 87 53
59 88 26
59 89 133
59 90 59
59 91 29
59 92 166
59 93 75
59 94 145
59 95 137
59 96 50
59 97 77
59 98 73
59 99 196
60 61 58
60 62 57
60 63 94
60 64 7
60 65 98
60 66 182
60 67 135
60 68 46
60 69 10
60 70 186
60 71 127
60 72 22
60 73 79
60 74 11
60 75 100
60 76 2
60 77 91
60 78 166
60 79 140
60 80 18
60 81 171
60 82 13
60 83 169
60 84 104
60 85 166
60 86 7
60 87 188
60 88 7
60 89 8
60 90 199
60 91 144
60 92 145
60 93 113
60 94 101
60 95 32
60 96 72
60 97 60
60 98 135
60 99 14
61 62 69
61 63 50
61 64 57
61 65 110
61 66 146
61 67 79
61 68 140
61 69 94
61 70 51
61 71 22
61 72 29
61 73 114
61 74 41
61 75 29
61 76 169
61 77 76
61 78 192
61 79 135
61 80 189
61 81 128
61 82 136
61 83 43
61 84 182
61 85 150
61 86 78
61 87 75
61 88 118
61 89 82
61 90 72
61 91 159
61 92 178
61 93 107
61 94 141
61 95 175
61 96 162
61 97 33
61 98 174
61 99 142
62 63 97
62 64 86
62 65 41
62 66 134
62 67 142
62 68 70
62 69 79
62 70 161
62 71 64
62 72 27
62 73 100
62 74 3
62 75 137
62 76 157
62 77 187
62 78 108
62 79 167
62 80 14
62 81 168
62 82 147
62 83 124
62 84 129
62 85 182
62 86 82
62 87 2
62 88 7
62 89 18
62 90 47
62 91 150
62 92 196
62 93 144
62 94 80
62 95 99
62 96 187
62 97 194
62 98 26
62 99 172
63 64 89
63 65 145
63 66 3
63 67 41
63 68 124
63 69 100
63 70 154
63 71 49
63 72 30
63 73 23
63 74 174
63 75 63
63 76 187
63 77 162
63 78 165
63 79 192
63 80 174
63 81 184
63 82 57
63 83 190
63 84 156
63 85 196
63 86 4
63 87 19
63 88 38
63 89 82
63 90 82
63 91 61
63 92 38
63 93 109
63 94 63
63 95 16
63 96 10
63 97 75
63 98 44
63 99 141
64 65 20
64 66 196
64 67 115
64 68 146
64 69 10
64 70 21
64 71 34
64 72 72
64 73 5
64 74 196
64 75 146
64 76 60
64 77 136
64 78 27
64 79 122
64 80 149
64 81 43
64 82 146
64 83 196
64 84 174
64 85 151
64 86 76
64 87 35
64 88 81
64 89 3
64 90 12
64 91 182
64 92 43
64 93 142
64 94 170
64 95 21
64 96 111
64 97 160
64 98 181
64 99 12
65 66 181
65 67 11
65 68 181
65 69 48
65 70 155
65 71 43
65 72 29
65 73 43
65 74 192
65 75 65
65 76 173
65 77 174
65 78 185
65 79 40
65 80 59
65 81 142
65 82 188
65 83 167
65 84 122
65 85 174
65 86 41
65 87 18
65 88 4
65 89 111
65 90 4
65 91 163
65 92 185
65 93 18
65 94 8
65 95 163
65 96 24
65 97 27
65 98 90
65 99 148
66 67 90
66 68 178
66 69 89
66 70 175
66 71 68
66 72 11
66 73 200
66 74 64
66 75 16
66 76 61
66 77 72
66 78 0
66 79 197
66 80 120
66 81 150
66 82 53
66 83 56
66 84 27
66 85 49
66 86 106
66 87 127
66 88 176
66 89 191
66 90 127
66 91 14
66 92 154
66 93 118
66 94 164
66 95 55
66 96 61
66 97 22
66 98 169
66 99 161
67 68 31
67 69 84
67 70 59
67 71 108
67 72 65
67 73 61
67 74 142
67 75 76
67 76 93
67 77 153
67 78 192
67 79 46
67 80 37
67 81 107
67 82 31
67 83 82
67 84 194
67 85 3
67 86 144
67 87 173
67 88 102
67 89 133
67 90 89
67 91 200
67 92 7
67 93 147
67 94 1
67 95 58
67 96 163
67 97 199
67 98 81
67 99 189
68 69 18
68 70 150
68 71 23
68 72 145
68 73 125
68 74 174
68 75 86
68 76 35
68 77 117
68 78 122
68 79 66
68 80 112
68 81 182
68 82 173
68 83 10
68 84 166
68 85 8
68 86 159
68 87 146
68 88 29
68 89 27
68 90 90
68 91 21
68 92 176
68 93 119
68 94 22
68 95 67
68 96 30
68 97 141
68 98 47
68 99 1
69 70 68
69 71 72
69 72 142
69 73 143
69 74 78
69 75 35
69 76 78
69 77 158
69 78 172
69 79 158
69 80 104
69 81 87
69 82 118
69 83 98
69 84 3
69 85 41
69 86 36
69 87 110
69 88 174
69 89 74
69 90 178
69 91 104
69 92 196
69 93 90
69 94 105
69 95 4
69 96 195
69 97 32
69 98 57
69 99 148
70 71 12
70 72 153
70 73 0
70 74 57
70 75 150
70 76 26
70 77 12
70 78 180
70 79 139
70 80 67
70 81 23
70 82 48
70 83 177
70 84 77
70 85 79
70 86 88
70 87 21
70 88 30
70 89 175
70 90 152
70 91 194
70 92 9
70 93 117
70 94 176
70 95 112
70 96 142
70 97 197
70 98 4
70 99 0
71 72 93
71 73 172
71 74 54
71 75 177
71 76 68
71 77 1
71 78 30
71 79 56
71 80 3
71 81 80
71 82 94
71 83 179
71 84 157
71 85 20
71 86 30
71 87 115
71 88 35
71 89 180
71 90 135
71 91 160
71 92 53
71 93 171
71 94 133
71 95 169
71 96 149
71 97 97
71 98 163
71 99 149
72 73 3
72 74 135
72 75 93
72 76 93
72 77 98
72 78 38
72 79 159
72 80 5
72 81 36
72 82 115
72 83 34
72 84 164
72 85 95
72 86 80
72 87 117
72 88 46
72 89 40
72 90 179
72 91 15
72 92 114
72 93 21
72 94 171
72 95 129
72 96 90
72 97 52
72 98 14
72 99 4
73 74 156
73 75 169
73 76 140
73 77 169
73 78 0
73 79 140
73 80 50
73 81 13
73 82 37
73 83 195
73 84 162
73 85 120
73 86 32
73 87 65
73 88 52
73 89 104
73 90 166
73 91 129
73 92 133
73 93 130
73 94 78
73 95 12
73 96 154
73 97 68
73 98 7
73 99 150
74 75 30
74 76 183
74 77 138
74 78 98
74 79 85
74 80 143
74 81 116
74 82 188
74 83 171
74 84 162
74 85 172
74 86 172
74 87 139
74 88 132
74 89 193
74 90 101
74 91 49
74 92 76
74 93 21
74 94 90
74 95 19
74 96 112
74 97 151
74 98 152
74 99 65
75 76 36
75 77 66
75 78 70
75 79 178
75 80 135
75 81 37
75 82 140
75 83 52
75 84 15
75 85 58
75 86 192
75 87 135
75 88 34
75 89 77
75 90 22
75 91 9
75 92 9
75 93 32
75 94 189
75 95 60
75 96 146
75 97 10
75 98 59
75 99 148
76 77 114
76 78 163
76 79 192
76 80 42
76 81 138
76 82 127
76 83 180
76 84 197
76 85 54
76 86 88
76 87 152
76 88 69
76 89 84
76 90 111
76 91 125
76 92 195
76 93 5
76 94 195
76 95 68
76 96 159
76 97 147
76 98 20
76 99 26
77 78 166
77 79 107
77 80 126
77 81 116
77 82 141
77 83 95
77 84 101
77 85 80
77 86 193
77 87 30
77 88 51
77 89 150
77 90 178
77 91 177
77 92 113
77 93 79
77 94 4
77 95 171
77 96 111
77 97 187
77 98 104
77 99 120
78 79 184
78 80 101
78 81 57
78 82 183
78 83 198
78 84 124
78 85 194
78 86 32
78 87 114
78 88 64
78 89 27
78 90 181
78 91 158
78 92 73
78 93 141
78 94 131
78 95 35
78 96 27
78 97 132
78 98 33
78 99 36
79 80 188
79 81 126
79 82 40
79 83 118
79 84 184
79 85 11
79 86 87
79 87 58
79 88 162
79 89 100
79 90 0
79 91 67
79 92 189
79 93 129
79 94 141
79 95 21
79 96 148
79 97 84
79 98 4
79 99 55
80 81 185
80 82 189
80 83 68
80 84 75
80 85 22
80 86 174
80 87 44
80 88 116
80 89 124
80 90 92
80 91 133
80 92 166
80 93 52
80 94 18
80 95 41
80 96 53
80 97 165
80 98 15
80 99 93
81 82 43
81 83 186
81 84 178
81 85 101
81 86 52
81 87 131
81 88 14
81 89 152
81 90 3
81 91 157
81 92 196
81 93 141
81 94 161
81 95 42
81 96 79
81 97 62
81 98 90
81 99 133
