100 4760
0 1 173
0 2 192
0 3 77
0 4 13
0 5 90
0 6 18
0 7 46
0 8 24
0 9 168
0 10 147
0 11 32
0 12 148
0 13 20
0 14 47
0 15 89
0 16 26
0 17 22
0 18 200
0 19 20
0 20 128
0 21 91
0 22 15
0 23 192
0 24 95
0 25 107
0 26 165
0 27 75
0 28 7
0 29 2
0 30 87
0 31 180
0 32 175
0 33 2
0 34 62
0 35 139
0 36 2
0 37 12
0 38 111
0 39 47
0 40 142
0 41 59
0 42 79
0 43 58
0 44 69
0 45 166
0 46 78
0 47 151
0 48 5
0 49 126
0 50 185
0 51 99
0 52 108
0 53 200
0 54 115
0 55 199
0 56 5
0 57 174
0 58 141
0 59 153
0 60 108
0 61 36
0 62 18
0 63 185
0 64 73
0 65 117
0 66 147
0 67 197
0 68 48
0 69 46
0 70 55
0 71 10
0 72 49
0 73 27
0 74 161
0 75 9
0 76 84
0 77 183
0 78 111
0 79 24
0 80 105
0 81 140
0 82 151
0 83 22
0 84 137
0 85 102
0 86 180
0 87 167
0 88 87
0 89 14
0 90 8
0 91 66
0 92 135
0 93 171
0 94 92
0 95 127
0 96 134
0 97 78
0 98 3
0 99 155
1 2 25
1 3 37
1 4 10
1 5 90
1 6 30
1 7 128
1 8 127
1 9 118
1 10 92
1 11 68
1 12 12
1 13 13
1 14 64
1 15 172
1 16 92
1 17 21
1 18 24
1 19 16
1 20 153
1 21 18
1 22 22
1 23 68
1 24 34
1 25 60
1 26 136
1 27 137
1 28 129
1 29 0
1 30 148
1 31 1
1 32 191
1 33 57
1 34 1
1 35 13
1 36 73
1 37 172
1 38 40
1 39 79
1 40 138
1 41 108
1 42 59
1 43 113
1 44 157
1 45 28
1 46 172
1 47 136
1 48 135
1 49 58
1 50 149
1 51 50
1 52 163
1 53 132
1 54 55
1 55 165
1 56 110
1 57 176
1 58 78
1 59 84
1 60 196
1 61 75
1 62 140
1 63 150
1 64 157
1 65 18
1 66 165
1 67 150
1 68 191
1 69 190
1 70 122
1 71 27
1 72 156
1 73 85
1 74 123
1 75 20
1 76 132
1 77 28
1 78 171
1 79 104
1 80 25
1 81 9
1 82 56
1 83 137
1 84 36
1 85 142
1 86 9
1 87 79
1 88 74
1 89 114
1 90 76
1 91 100
1 92 89
1 93 108
1 94 21
1 95 77
1 96 129
1 97 151
1 98 116
1 99 158
2 3 31
2 4 170
2 5 35
2 6 42
2 7 56
2 8 55
2 9 12
2 10 163
2 11 9
2 12 52
2 13 113
2 14 1
2 15 96
2 16 101
2 17 73
2 18 80
2 19 101
2 20 196
2 21 192
2 22 109
2 23 188
2 24 115
2 25 69
2 26 182
2 27 91
2 28 11
2 29 94
2 30 141
2 31 192
2 32 92
2 33 161
2 34 25
2 35 60
2 36 183
2 37 3
2 38 2
2 39 112
2 40 135
2 41 127
2 42 182
2 43 82
2 44 117
2 45 139
2 46 9
2 47 5
2 48 74
2 49 82
2 50 142
2 51 138
2 52 68
2 53 194
2 54 143
2 55 145
2 56 49
2 57 148
2 58 69
2 59 126
2 60 199
2 61 4
2 62 52
2 63 88
2 64 96
2 65 67
2 66 94
2 67 7
2 68 42
2 69 84
2 70 42
2 71 108
2 72 110
2 73 42
2 74 173
2 75 103
2 76 197
2 77 47
2 78 5
2 79 51
2 80 193
2 81 67
2 82 192
2 83 122
2 84 103
2 85 69
2 86 186
2 87 178
2 88 136
2 89 36
2 90 7
2 91 38
2 92 81
2 93 82
2 94 187
2 95 28
2 96 138
2 97 11
2 98 96
2 99 168
3 4 112
3 5 30
3 6 106
3 7 28
3 8 192
3 9 106
3 10 147
3 11 19
3 12 54
3 13 87
3 14 130
3 15 66
3 16 167
3 17 80
3 18 128
3 19 174
3 20 147
3 21 49
3 22 37
3 23 52
3 24 196
3 25 162
3 26 139
3 27 156
3 28 123
3 29 46
3 30 80
3 31 111
3 32 137
3 33 155
3 34 88
3 35 146
3 36 177
3 37 6
3 38 45
3 39 86
3 40 114
3 41 126
3 42 142
3 43 106
3 44 53
3 45 152
3 46 160
3 47 93
3 48 5
3 49 8
3 50 41
3 51 13
3 52 136
3 53 44
3 54 96
3 55 99
3 56 62
3 57 34
3 58 53
3 59 172
3 60 46
3 61 78
3 62 51
3 63 49
3 64 108
3 65 79
3 66 39
3 67 71
3 68 178
3 69 71
3 70 160
3 71 12
3 72 2
3 73 69
3 74 10
3 75 45
3 76 169
3 77 158
3 78 128
3 79 104
3 80 38
3 81 141
3 82 116
3 83 46
3 84 158
3 85 50
3 86 29
3 87 153
3 88 187
3 89 25
3 90 189
3 91 150
3 92 136
3 93 68
3 94 46
3 95 197
3 96 164
3 97 52
3 98 6
3 99 51
4 5 74
4 6 95
4 7 129
4 8 39
4 9 135
4 10 60
4 11 65
4 12 121
4 13 33
4 14 163
4 15 179
4 16 175
4 17 188
4 18 24
4 19 151
4 20 139
4 21 144
4 22 106
4 23 114
4 24 131
4 25 117
4 26 95
4 27 118
4 28 37
4 29 153
4 30 86
4 31 64
4 32 194
4 33 67
4 34 46
4 35 141
4 36 24
4 37 6
4 38 6
4 39 134
4 40 68
4 41 133
4 42 89
4 43 123
4 44 55
4 45 157
4 46 10
4 47 173
4 48 27
4 49 22
4 50 75
4 51 42
4 52 135
4 53 9
4 54 134
4 55 174
4 56 175
4 57 73
4 58 44
4 59 186
4 60 50
4 61 145
4 62 22
4 63 73
4 64 131
4 65 81
4 66 50
4 67 102
4 68 158
4 69 28
4 70 155
4 71 8
4 72 87
4 73 180
4 74 54
4 75 174
4 76 2
4 77 174
4 78 135
4 79 130
4 80 168
4 81 21
4 82 110
4 83 44
4 84 192
4 85 142
4 86 112
4 87 4
4 88 132
4 89 122
4 90 43
4 91 29
4 92 14
4 93 48
4 94 126
4 95 95
4 96 12
4 97 133
4 98 156
4 99 37
5 6 99
5 7 20
5 8 162
5 9 178
5 10 167
5 11 83
5 12 113
5 13 13
5 14 48
5 15 32
5 16 23
5 17 9
5 18 123
5 19 28
5 20 31
5 21 67
5 22 135
5 23 97
5 24 133
5 25 122
5 26 192
5 27 38
5 28 135
5 29 130
5 30 131
5 31 4
5 32 197
5 33 26
5 34 182
5 35 97
5 36 60
5 37 10
5 38 111
5 39 55
5 40 31
5 41 193
5 42 105
5 43 62
5 44 75
5 45 2
5 46 6
5 47 29
5 48 13
5 49 56
5 50 104
5 51 72
5 52 60
5 53 128
5 54 159
5 55 100
5 56 180
5 57 178
5 58 141
5 59 149
5 60 140
5 61 42
5 62 131
5 63 169
5 64 68
5 65 26
5 66 100
5 67 192
5 68 136
5 69 47
5 70 19
5 71 172
5 72 130
5 73 86
5 74 37
5 75 151
5 76 28
5 77 139
5 78 140
5 79 103
5 80 122
5 81 115
5 82 0
5 83 38
5 84 156
5 85 176
5 86 100
5 87 136
5 88 140
5 89 151
5 90 106
5 91 72
5 92 80
5 93 107
5 94 23
5 95 150
5 96 176
5 97 138
5 98 160
5 99 55
6 7 151
6 8 168
6 9 195
6 10 32
6 11 98
6 12 35
6 13 43
6 14 159
6 15 200
6 16 73
6 17 74
6 18 28
6 19 97
6 20 156
6 21 122
6 22 87
6 23 163
6 24 155
6 25 116
6 26 10
6 27 106
6 28 200
6 29 173
6 30 46
6 31 169
6 32 61
6 33 123
6 34 83
6 35 74
6 36 100
6 37 91
6 38 23
6 39 182
6 40 49
6 41 127
6 42 65
6 43 18
6 44 88
6 45 55
6 46 186
6 47 176
6 48 158
6 49 102
6 50 142
6 51 143
6 52 60
6 53 110
6 54 174
6 55 54
6 56 135
6 57 140
6 58 52
6 59 134
6 60 149
6 61 50
6 62 4
6 63 152
6 64 160
6 65 67
6 66 19
6 67 164
6 68 35
6 69 131
6 70 137
6 71 102
6 72 102
6 73 153
6 74 122
6 75 188
6 76 181
6 77 191
6 78 138
6 79 49
6 80 58
6 81 199
6 82 140
6 83 150
6 84 190
6 85 62
6 86 190
6 87 148
6 88 186
6 89 175
6 90 38
6 91 60
6 92 10
6 93 128
6 94 155
6 95 193
6 96 160
6 97 100
6 98 37
6 99 119
7 8 104
7 9 130
7 10 42
7 11 153
7 12 39
7 13 164
7 14 163
7 15 162
7 16 96
7 17 24
7 18 163
7 19 156
7 20 58
7 21 126
7 22 107
7 23 60
7 24 36
7 25 161
7 26 42
7 27 5
7 28 124
7 29 140
7 30 33
7 31 134
7 32 104
7 33 133
7 34 189
7 35 146
7 36 146
7 37 178
7 38 99
7 39 178
7 40 79
7 41 125
7 42 86
7 43 124
7 44 145
7 45 166
7 46 85
7 47 92
7 48 126
7 49 149
7 50 128
7 51 160
7 52 5
7 53 111
7 54 126
7 55 158
7 56 171
7 57 4
7 58 191
7 59 114
7 60 108
7 61 130
7 62 126
7 63 113
7 64 161
7 65 54
7 66 120
7 67 120
7 68 172
7 69 121
7 70 52
7 71 193
7 72 48
7 73 160
7 74 170
7 75 118
7 76 106
7 77 158
7 78 156
7 79 193
7 80 147
7 81 175
7 82 170
7 83 14
7 84 198
7 85 191
7 86 13
7 87 2
7 88 121
7 89 76
7 90 9
7 91 126
7 92 23
7 93 59
7 94 163
7 95 13
7 96 182
7 97 83
7 98 6
7 99 8
8 9 52
8 10 109
8 11 192
8 12 2
8 13 176
8 14 34
8 15 120
8 16 114
8 17 50
8 18 18
8 19 109
8 20 190
8 21 197
8 22 70
8 23 67
8 24 103
8 25 189
8 26 57
8 27 94
8 28 57
8 29 54
8 30 22
8 31 156
8 32 76
8 33 12
8 34 38
8 35 123
8 36 15
8 37 38
8 38 137
8 39 86
8 40 62
8 41 142
8 42 131
8 43 149
8 44 67
8 45 134
8 46 63
8 47 152
8 48 92
8 49 181
8 50 98
8 51 173
8 52 31
8 53 132
8 54 159
8 55 0
8 56 33
8 57 186
8 58 7
8 59 126
8 60 3
8 61 149
8 62 158
8 63 103
8 64 159
8 65 83
8 66 73
8 67 64
8 68 42
8 69 3
8 70 158
8 71 159
8 72 100
8 73 149
8 74 65
8 75 55
8 76 179
8 77 195
8 78 163
8 79 138
8 80 164
8 81 140
8 82 111
8 83 134
8 84 73
8 85 33
8 86 79
8 87 145
8 88 18
8 89 159
8 90 153
8 91 32
8 92 195
8 93 19
8 94 33
8 95 63
8 96 89
8 97 150
8 98 19
8 99 74
9 10 55
9 11 162
9 12 6
9 13 83
9 14 182
9 15 12
9 16 10
9 17 37
9 18 193
9 19 173
9 20 108
9 21 90
9 22 41
9 23 119
9 24 46
9 25 56
9 26 149
9 27 50
9 28 177
9 29 10
9 30 168
9 31 108
9 32 123
9 33 141
9 34 6
9 35 11
9 36 146
9 37 3
9 38 84
9 39 24
9 40 183
9 41 46
9 42 46
9 43 105
9 44 182
9 45 200
9 46 195
9 47 134
9 48 164
9 49 188
9 50 21
9 51 171
9 52 162
9 53 156
9 54 87
9 55 74
9 56 70
9 57 5
9 58 166
9 59 26
9 60 123
9 61 24
9 62 126
9 63 122
9 64 144
9 65 149
9 66 132
9 67 199
9 68 130
9 69 89
9 70 159
9 71 56
9 72 135
9 73 131
9 74 62
9 75 99
9 76 5
9 77 27
9 78 91
9 79 163
9 80 183
9 81 85
9 82 9
9 83 107
9 84 198
9 85 29
9 86 143
9 87 17
9 88 68
9 89 97
9 90 130
9 91 9
9 92 125
9 93 51
9 94 126
9 95 3
9 96 14
9 97 63
9 98 71
9 99 162
10 11 0
10 12 108
10 13 190
10 14 33
10 15 118
10 16 136
10 17 19
10 18 67
10 19 56
10 20 84
10 21 186
10 22 166
10 23 36
10 24 36
10 25 183
10 26 157
10 27 163
10 28 119
10 29 160
10 30 169
10 31 169
10 32 134
10 33 77
10 34 44
10 35 197
10 36 196
10 37 30
10 38 64
10 39 12
10 40 164
10 41 191
10 42 48
10 43 94
10 44 68
10 45 172
10 46 11
10 47 184
10 48 165
10 49 43
10 50 96
10 51 60
10 52 46
10 53 75
10 54 54
10 55 71
10 56 16
10 57 68
10 58 188
10 59 102
10 60 135
10 61 136
10 62 184
10 63 106
10 64 47
10 65 168
10 66 54
10 67 128
10 68 4
10 69 125
10 70 181
10 71 16
10 72 81
10 73 120
10 74 12
10 75 13
10 76 192
10 77 7
10 78 58
10 79 74
10 80 45
10 81 97
10 82 158
10 83 181
10 84 180
10 85 188
10 86 153
10 87 149
10 88 102
10 89 0
10 90 148
10 91 25
10 92 192
10 93 49
10 94 80
10 95 146
10 96 132
10 97 104
10 98 85
10 99 126
11 12 106
11 13 152
11 14 84
11 15 112
11 16 2
11 17 103
11 18 144
11 19 13
11 20 39
11 21 149
11 22 192
11 23 10
11 24 50
11 25 114
11 26 37
11 27 170
11 28 185
11 29 10
11 30 93
11 31 127
11 32 55
11 33 47
11 34 7
11 35 58
11 36 88
11 37 44
11 38 100
11 39 3
11 40 142
11 41 53
11 42 128
11 43 106
11 44 24
11 45 16
11 46 130
11 47 86
11 48 5
11 49 13
11 50 93
11 51 28
11 52 97
11 53 16
11 54 41
11 55 135
11 56 137
11 57 77
11 58 147
11 59 142
11 60 121
11 61 21
11 62 171
11 63 12
11 64 170
11 65 8
11 66 138
11 67 197
11 68 177
11 69 138
11 70 15
11 71 28
11 72 105
11 73 159
11 74 84
11 75 25
11 76 185
11 77 23
11 78 54
11 79 128
11 80 125
11 81 199
11 82 11
11 83 188
11 84 146
11 85 200
11 86 125
11 87 25
11 88 129
11 89 133
11 90 89
11 91 1
11 92 180
11 93 125
11 94 195
11 95 121
11 96 178
11 97 63
11 98 6
11 99 0
12 13 36
12 14 89
12 15 71
12 16 32
12 17 64
12 18 66
12 19 198
12 20 67
12 21 169
12 22 105
12 23 71
12 24 73
12 25 140
12 26 158
12 27 174
12 28 74
12 29 124
12 30 160
12 31 89
12 32 155
12 33 41
12 34 35
12 35 175
12 36 52
12 37 97
12 38 149
12 39 192
12 40 122
12 41 138
12 42 142
12 43 49
12 44 172
12 45 172
12 46 112
12 47 62
12 48 163
12 49 5
12 50 54
12 51 172
12 52 139
12 53 0
12 54 79
12 55 17
12 56 175
12 57 114
12 58 61
12 59 38
12 60 140
12 61 40
12 62 147
12 63 31
12 64 154
12 65 199
12 66 66
12 67 139
12 68 131
12 69 48
12 70 180
12 71 199
12 72 132
12 73 138
12 74 150
12 75 58
12 76 39
12 77 92
12 78 139
12 79 70
12 80 24
12 81 193
12 82 141
12 83 141
12 84 82
12 85 198
12 86 89
12 87 91
12 88 95
12 89 83
12 90 143
12 91 168
12 92 66
12 93 160
12 94 73
12 95 165
12 96 143
12 97 32
12 98 124
12 99 154
13 14 64
13 15 164
13 16 177
13 17 143
13 18 52
13 19 97
13 20 7
13 21 62
13 22 86
13 23 26
13 24 193
13 25 138
13 26 79
13 27 91
13 28 8
13 29 78
13 30 164
13 31 19
13 32 120
13 33 111
13 34 134
13 35 116
13 36 113
13 37 159
13 38 11
13 39 162
13 40 66
13 41 167
13 42 135
13 43 150
13 44 110
13 45 116
13 46 176
13 47 78
13 48 103
13 49 102
13 50 43
13 51 23
13 52 4
13 53 123
13 54 62
13 55 183
13 56 86
13 57 67
13 58 114
13 59 173
13 60 147
13 61 179
13 62 80
13 63 13
13 64 36
13 65 88
13 66 6
13 67 126
13 68 87
13 69 44
13 70 42
13 71 17
13 72 150
13 73 96
13 74 75
13 75 140
13 76 119
13 77 172
13 78 23
13 79 109
13 80 43
13 81 7
13 82 16
13 83 169
13 84 101
13 85 12
13 86 198
13 87 157
13 88 32
13 89 180
13 90 64
13 91 151
13 92 167
13 93 133
13 94 70
13 95 150
13 96 9
13 97 79
13 98 129
13 99 134
14 15 8
14 16 110
14 17 155
14 18 54
14 19 130
14 20 72
14 21 40
14 22 87
14 23 174
14 24 138
14 25 49
14 26 150
14 27 107
14 28 129
14 29 70
14 30 170
14 31 51
14 32 134
14 33 70
14 34 52
14 35 197
14 36 76
14 37 123
14 38 178
14 39 135
14 40 105
14 41 178
14 42 182
14 43 105
14 44 156
14 45 84
14 46 193
14 47 126
14 48 69
14 49 192
14 50 93
14 51 166
14 52 188
14 53 26
14 54 64
14 55 189
14 56 42
14 57 96
14 58 193
14 59 6
14 60 145
14 61 108
14 62 88
14 63 72
14 64 128
14 65 167
14 66 141
14 67 55
14 68 74
14 69 21
14 70 79
14 71 132
14 72 172
14 73 156
14 74 188
14 75 51
14 76 14
14 77 104
14 78 142
14 79 79
14 80 151
14 81 99
14 82 58
14 83 13
14 84 164
14 85 22
14 86 189
14 87 112
14 88 100
14 89 171
14 90 190
14 91 169
14 92 187
14 93 29
14 94 61
14 95 76
14 96 164
14 97 36
14 98 4
14 99 156
15 16 177
15 17 129
15 18 184
15 19 105
15 20 188
15 21 186
15 22 111
15 23 74
15 24 11
15 25 180
15 26 35
15 27 54
15 28 103
15 29 112
15 30 106
15 31 130
15 32 88
15 33 85
15 34 58
15 35 14
15 36 62
15 37 153
15 38 121
15 39 139
15 40 184
15 41 48
15 42 134
15 43 175
15 44 129
15 45 103
15 46 115
15 47 121
15 48 187
15 49 76
15 50 107
15 51 22
15 52 163
15 53 2
15 54 45
15 55 182
15 56 97
15 57 163
15 58 117
15 59 139
15 60 170
15 61 183
15 62 160
15 63 11
15 64 161
15 65 55
15 66 167
15 67 191
15 68 130
15 69 33
15 70 191
15 71 75
15 72 99
15 73 57
15 74 71
15 75 7
15 76 138
15 77 111
15 78 35
15 79 113
15 80 5
15 81 137
15 82 69
15 83 7
15 84 15
15 85 114
15 86 36
15 87 36
15 88 155
15 89 83
15 90 19
15 91 13
15 92 152
15 93 113
15 94 103
15 95 9
15 96 183
15 97 23
15 98 37
15 99 149
16 17 18
16 18 5
16 19 115
16 20 200
16 21 167
16 22 45
16 23 79
16 24 126
16 25 177
16 26 148
16 27 199
16 28 69
16 29 160
16 30 46
16 31 181
16 32 117
16 33 84
16 34 48
16 35 4
16 36 97
16 37 125
16 38 106
16 39 55
16 40 26
16 41 74
16 42 76
16 43 142
16 44 8
16 45 146
16 46 176
16 47 58
16 48 51
16 49 23
16 50 161
16 51 86
16 52 108
16 53 15
16 54 102
16 55 31
16 56 160
16 57 16
16 58 152
16 59 37
16 60 10
16 61 147
16 62 177
16 63 150
16 64 51
16 65 44
16 66 33
16 67 4
16 68 164
16 69 121
16 70 100
16 71 180
16 72 134
16 73 34
16 74 29
16 75 143
16 76 85
16 77 184
16 78 117
16 79 0
16 80 1
16 81 127
16 82 5
16 83 187
16 84 184
16 85 40
16 86 188
16 87 11
16 88 67
16 89 35
16 90 37
16 91 55
16 92 95
16 93 105
16 94 195
16 95 127
16 96 50
16 97 192
16 98 18
16 99 163
17 18 0
17 19 83
17 20 114
17 21 57
17 22 59
17 23 7
17 24 9
17 25 74
17 26 82
17 27 176
17 28 58
17 29 93
17 30 134
17 31 134
17 32 148
17 33 36
17 34 163
17 35 179
17 36 33
17 37 83
17 38 185
17 39 1
17 40 39
17 41 100
17 42 156
17 43 61
17 44 194
17 45 148
17 46 113
17 47 166
17 48 85
17 49 93
17 50 19
17 51 131
17 52 166
17 53 26
17 54 166
17 55 15
17 56 185
17 57 64
17 58 156
17 59 178
17 60 58
17 61 148
17 62 7
17 63 150
17 64 43
17 65 27
17 66 110
17 67 50
17 68 184
17 69 137
17 70 77
17 71 162
17 72 187
17 73 156
17 74 174
17 75 168
17 76 90
17 77 60
17 78 104
17 79 189
17 80 151
17 81 179
17 82 20
17 83 94
17 84 110
17 85 178
17 86 170
17 87 123
17 88 166
17 89 47
17 90 38
17 91 170
17 92 138
17 93 174
17 94 91
17 95 89
17 96 13
17 97 81
17 98 30
17 99 9
18 19 153
18 20 67
18 21 140
18 22 193
18 23 9
18 24 148
18 25 32
18 26 89
18 27 183
18 28 185
18 29 170
18 30 109
18 31 0
18 32 135
18 33 40
18 34 71
18 35 118
18 36 186
18 37 12
18 38 133
18 39 141
18 40 109
18 41 63
18 42 150
18 43 46
18 44 19
18 45 124
18 46 32
18 47 9
18 48 173
18 49 96
18 50 5
18 51 118
18 52 155
18 53 27
18 54 127
18 55 116
18 56 163
18 57 19
18 58 65
18 59 103
18 60 43
18 61 63
18 62 133
18 63 106
18 64 29
18 65 148
18 66 20
18 67 72
18 68 112
18 69 55
18 70 160
18 71 60
18 72 125
18 73 149
18 74 144
18 75 95
18 76 3
18 77 78
18 78 124
18 79 27
18 80 18
18 81 132
18 82 18
18 83 39
18 84 176
18 85 112
18 86 147
18 87 111
18 88 83
18 89 138
18 90 124
18 91 49
18 92 18
18 93 126
18 94 94
18 95 38
18 96 31
18 97 199
18 98 27
18 99 165
19 20 44
19 21 98
19 22 29
19 23 144
19 24 10
19 25 31
19 26 172
19 27 100
19 28 84
19 29 48
19 30 4
19 31 92
19 32 130
19 33 99
19 34 149
19 35 136
19 36 150
19 37 179
19 38 161
19 39 101
19 40 72
19 41 16
19 42 12
19 43 150
19 44 160
19 45 125
19 46 118
19 47 163
19 48 12
19 49 130
19 50 14
19 51 170
19 52 75
19 53 134
19 54 151
19 55 9
19 56 196
19 57 95
19 58 62
19 59 37
19 60 94
19 61 118
19 62 41
19 63 35
19 64 81
19 65 116
19 66 176
19 67 83
19 68 192
19 69 130
19 70 1
19 71 173
19 72 93
19 73 20
19 74 175
19 75 36
19 76 1
19 77 66
19 78 11
19 79 52
19 80 84
19 81 5
19 82 133
19 83 199
19 84 35
19 85 65
19 86 199
19 87 143
19 88 71
19 89 131
19 90 168
19 91 142
19 92 64
19 93 81
19 94 107
19 95 117
19 96 90
19 97 171
19 98 177
19 99 25
20 21 65
20 22 104
20 23 58
20 24 196
20 25 51
20 26 167
20 27 168
20 28 75
20 29 197
20 30 9
20 31 171
20 32 125
20 33 127
20 34 195
20 35 121
20 36 80
20 37 112
20 38 191
20 39 156
20 40 48
20 41 52
20 42 99
20 43 105
20 44 138
20 45 143
20 46 135
20 47 7
20 48 21
20 49 187
20 50 55
20 51 9
20 52 84
20 53 130
20 54 116
20 55 34
20 56 199
20 57 19
20 58 192
20 59 82
20 60 109
20 61 184
20 62 141
20 63 179
20 64 60
20 65 67
20 66 171
20 67 109
20 68 42
20 69 54
20 70 44
20 71 83
20 72 42
20 73 169
20 74 169
20 75 45
20 76 61
20 77 168
20 78 42
20 79 38
20 80 74
20 81 180
20 82 177
20 83 168
20 84 138
20 85 156
20 86 163
20 87 184
20 88 95
20 89 173
20 90 148
20 91 35
20 92 3
20 93 5
20 94 68
20 95 129
20 96 136
20 97 106
20 98 158
20 99 167
21 22 1
21 23 143
21 24 19
21 25 145
21 26 136
21 27 122
21 28 178
21 29 148
21 30 126
21 31 32
21 32 190
21 33 82
21 34 70
21 35 159
21 36 36
21 37 162
21 38 158
21 39 162
21 40 8
21 41 194
21 42 94
21 43 127
21 44 44
21 45 118
21 46 197
21 47 69
21 48 102
21 49 9
21 50 159
21 51 135
21 52 115
21 53 39
21 54 90
21 55 120
21 56 28
21 57 11
21 58 113
21 59 150
21 60 53
21 61 188
21 62 160
21 63 158
21 64 191
21 65 73
21 66 85
21 67 195
21 68 72
21 69 196
21 70 172
21 71 42
21 72 194
21 73 135
21 74 168
21 75 172
21 76 173
21 77 8
21 78 118
21 79 45
21 80 73
21 81 117
21 82 199
21 83 128
21 84 94
21 85 89
21 86 50
21 87 177
21 88 16
21 89 20
21 90 17
21 91 9
21 92 178
21 93 77
21 94 79
21 95 83
21 96 17
21 97 119
21 98 96
21 99 44
22 23 32
22 24 115
22 25 97
22 26 58
22 27 123
22 28 182
22 29 32
22 30 114
22 31 101
22 32 62
22 33 183
22 34 26
22 35 2
22 36 46
22 37 2
22 38 124
22 39 27
22 40 131
22 41 130
22 42 90
22 43 117
22 44 142
22 45 84
22 46 8
22 47 62
22 48 76
22 49 80
22 50 109
22 51 66
22 52 15
22 53 19
22 54 196
22 55 135
22 56 4
22 57 149
22 58 48
22 59 101
22 60 196
22 61 18
22 62 110
22 63 91
22 64 49
22 65 104
22 66 46
22 67 65
22 68 153
22 69 194
22 70 102
22 71 194
22 72 78
22 73 24
22 74 44
22 75 167
22 76 110
22 77 14
22 78 22
22 79 19
22 80 103
22 81 68
22 82 133
22 83 158
22 84 57
22 85 158
22 86 90
22 87 76
22 88 152
22 89 40
22 90 153
22 91 33
22 92 23
22 93 97
22 94 46
22 95 97
22 96 26
22 97 137
22 98 9
22 99 54
23 24 30
23 25 52
23 26 23
23 27 67
23 28 1
23 29 135
23 30 138
23 31 125
23 32 196
23 33 43
23 34 54
23 35 69
23 36 54
23 37 151
23 38 40
23 39 172
23 40 133
23 41 169
23 42 73
23 43 86
23 44 147
23 45 78
23 46 128
23 47 51
23 48 182
23 49 71
23 50 12
23 51 189
23 52 113
23 53 187
23 54 138
23 55 4
23 56 192
23 57 95
23 58 153
23 59 27
23 60 186
23 61 161
23 62 29
23 63 126
23 64 62
23 65 44
23 66 70
23 67 101
23 68 85
23 69 91
23 70 103
23 71 55
23 72 9
23 73 192
23 74 46
23 75 157
23 76 199
23 77 157
23 78 188
23 79 155
23 80 132
23 81 193
23 82 28
23 83 2
23 84 5
23 85 105
23 86 111
23 87 179
23 88 154
23 89 87
23 90 161
23 91 130
23 92 14
23 93 23
23 94 143
23 95 117
23 96 184
23 97 83
23 98 130
23 99 154
24 25 119
24 26 60
24 27 79
24 28 97
24 29 80
24 30 158
24 31 47
24 32 117
24 33 123
24 34 166
24 35 81
24 36 25
24 37 40
24 38 72
24 39 166
24 40 39
24 41 39
24 42 144
24 43 3
24 44 192
24 45 10
24 46 180
24 47 4
24 48 20
24 49 44
24 50 96
24 51 53
24 52 93
24 53 183
24 54 22
24 55 174
24 56 186
24 57 14
24 58 79
24 59 18
24 60 102
24 61 85
24 62 110
24 63 130
24 64 98
24 65 192
24 66 91
24 67 144
24 68 195
24 69 86
24 70 145
24 71 50
24 72 195
24 73 34
24 74 192
24 75 21
24 76 46
24 77 177
24 78 39
24 79 31
24 80 136
24 81 25
24 82 110
24 83 200
24 84 104
24 85 168
24 86 40
24 87 196
24 88 122
24 89 0
24 90 121
24 91 122
24 92 198
24 93 124
24 94 200
24 95 79
24 96 147
24 97 74
24 98 61
24 99 49
25 26 134
25 27 93
25 28 133
25 29 9
25 30 1
25 31 175
25 32 32
25 33 44
25 34 189
25 35 136
25 36 195
25 37 3
25 38 167
25 39 41
25 40 84
25 41 91
25 42 19
25 43 84
25 44 67
25 45 99
25 46 56
25 47 132
25 48 198
25 49 101
25 50 31
25 51 197
25 52 128
25 53 43
25 54 65
25 55 84
25 56 188
25 57 43
25 58 10
25 59 99
25 60 17
25 61 18
25 62 102
25 63 156
25 64 94
25 65 196
25 66 171
25 67 95
25 68 32
25 69 114
25 70 43
25 71 158
25 72 111
25 73 20
25 74 54
25 75 182
25 76 137
25 77 56
25 78 143
25 79 64
25 80 87
25 81 17
25 82 58
25 83 66
25 84 62
25 85 59
25 86 121
25 87 114
25 88 7
25 89 57
25 90 25
25 91 106
25 92 14
25 93 2
25 94 144
25 95 152
25 96 89
25 97 28
25 98 64
25 99 158
26 27 90
26 28 122
26 29 22
26 30 21
26 31 193
26 32 66
26 33 126
26 34 168
26 35 149
26 36 142
26 37 24
26 38 99
26 39 33
26 40 185
26 41 187
26 42 175
26 43 46
26 44 16
26 45 54
26 46 75
26 47 83
26 48 9
26 49 29
26 50 134
26 51 82
26 52 91
26 53 148
26 54 188
26 55 101
26 56 187
26 57 120
26 58 115
26 59 116
26 60 162
26 61 172
26 62 119
26 63 107
26 64 57
26 65 26
26 66 181
26 67 191
26 68 164
26 69 59
26 70 92
26 71 149
26 72 191
26 73 137
26 74 65
26 75 166
26 76 30
26 77 128
26 78 99
26 79 60
26 80 144
26 81 118
26 82 112
26 83 115
26 84 14
26 85 155
26 86 0
26 87 38
26 88 54
26 89 38
26 90 42
26 91 19
26 92 80
26 93 44
26 94 1
26 95 138
26 96 97
26 97 127
26 98 33
26 99 165
27 28 107
27 29 102
27 30 59
27 31 95
27 32 176
27 33 142
27 34 139
27 35 107
27 36 11
27 37 50
27 38 110
27 39 99
27 40 26
27 41 144
27 42 54
27 43 94
27 44 121
27 45 36
27 46 111
27 47 104
27 48 5
27 49 4
27 50 105
27 51 42
27 52 139
27 53 112
27 54 108
27 55 158
27 56 88
27 57 146
27 58 48
27 59 173
27 60 174
27 61 155
27 62 93
27 63 146
27 64 124
27 65 189
27 66 101
27 67 135
27 68 175
27 69 178
27 70 73
27 71 97
27 72 173
27 73 156
27 74 121
27 75 3
27 76 172
27 77 21
27 78 6
27 79 124
27 80 105
27 81 184
27 82 73
27 83 126
27 84 199
27 85 198
27 86 153
27 87 87
27 88 136
27 89 149
27 90 185
27 91 23
27 92 101
27 93 161
27 94 167
27 95 104
27 96 66
27 97 81
27 98 157
27 99 139
28 29 123
28 30 126
28 31 161
28 32 92
28 33 183
28 34 65
28 35 104
28 36 140
28 37 124
28 38 117
28 39 123
28 40 13
28 41 30
28 42 163
28 43 129
28 44 71
28 45 185
28 46 43
28 47 114
28 48 200
28 49 121
28 50 143
28 51 191
28 52 21
28 53 67
28 54 38
28 55 113
28 56 8
28 57 58
28 58 81
28 59 60
28 60 145
28 61 134
28 62 84
28 63 50
28 64 83
28 65 8
28 66 146
28 67 107
28 68 181
28 69 161
28 70 125
28 71 34
28 72 49
28 73 113
28 74 138
28 75 51
28 76 104
28 77 82
28 78 31
28 79 60
28 80 117
28 81 22
28 82 77
28 83 5
28 84 175
28 85 32
28 86 65
28 87 161
28 88 52
28 89 74
28 90 90
28 91 170
28 92 98
28 93 191
28 94 195
28 95 13
28 96 81
28 97 169
28 98 45
28 99 41
29 30 162
29 31 35
29 32 9
29 33 82
29 34 103
29 35 66
29 36 113
29 37 50
29 38 100
29 39 163
29 40 36
29 41 100
29 42 5
29 43 33
29 44 117
29 45 198
29 46 75
29 47 176
29 48 14
29 49 5
29 50 139
29 51 129
29 52 153
29 53 37
29 54 36
29 55 125
29 56 39
29 57 24
29 58 186
29 59 7
29 60 10
29 61 63
29 62 128
29 63 21
29 64 97
29 65 32
29 66 154
29 67 142
29 68 138
29 69 195
29 70 49
29 71 79
29 72 52
29 73 18
29 74 195
29 75 33
29 76 36
29 77 91
29 78 25
29 79 59
29 80 70
29 81 77
29 82 107
29 83 118
29 84 103
29 85 127
29 86 61
29 87 37
29 88 152
29 89 23
29 90 89
29 91 44
29 92 69
29 93 124
29 94 153
29 95 118
29 96 88
29 97 36
29 98 58
29 99 93
30 31 81
30 32 40
30 33 75
30 34 35
30 35 17
30 36 158
30 37 11
30 38 130
30 39 94
30 40 183
30 41 175
30 42 155
30 43 101
30 44 96
30 45 154
30 46 186
30 47 143
30 48 145
30 49 90
30 50 191
30 51 148
30 52 100
30 53 47
30 54 41
30 55 78
30 56 170
30 57 125
30 58 159
30 59 19
30 60 57
30 61 135
30 62 2
30 63 91
30 64 153
30 65 65
30 66 90
30 67 23
30 68 90
30 69 126
30 70 122
30 71 185
30 72 107
30 73 194
30 74 59
30 75 39
30 76 21
30 77 139
30 78 153
30 79 18
30 80 74
30 81 173
30 82 38
30 83 53
30 84 171
30 85 50
30 86 42
30 87 89
30 88 73
30 89 151
30 90 2
30 91 16
30 92 188
30 93 132
30 94 13
30 95 129
30 96 1
30 97 147
30 98 108
30 99 62
31 32 51
31 33 106
31 34 124
31 35 90
31 36 56
31 37 151
31 38 180
31 39 45
31 40 67
31 41 89
31 42 37
31 43 120
31 44 6
31 45 145
31 46 177
31 47 155
31 48 34
31 49 200
31 50 58
31 51 83
31 52 42
31 53 164
31 54 71
31 55 133
31 56 55
31 57 161
31 58 7
31 59 169
31 60 84
31 61 101
31 62 105
31 63 182
31 64 94
31 65 146
31 66 14
31 67 25
31 68 161
31 69 12
31 70 200
31 71 83
31 72 18
31 73 125
31 74 115
31 75 176
31 76 100
31 77 135
31 78 108
31 79 163
31 80 185
31 81 89
31 82 158
31 83 165
31 84 53
31 85 126
31 86 136
31 87 151
31 88 26
31 89 7
31 90 102
31 91 102
31 92 162
31 93 74
31 94 76
31 95 54
31 96 102
31 97 190
31 98 21
31 99 2
32 33 118
32 34 172
32 35 13
32 36 133
32 37 56
32 38 78
32 39 12
32 40 72
32 41 188
32 42 109
32 43 21
32 44 109
32 45 166
32 46 166
32 47 191
32 48 36
32 49 69
32 50 74
32 51 138
32 52 165
32 53 4
32 54 183
32 55 65
32 56 183
32 57 51
32 58 67
32 59 39
32 60 172
32 61 23
32 62 69
32 63 120
32 64 82
32 65 47
32 66 50
32 67 38
32 68 148
32 69 80
32 70 191
32 71 118
32 72 96
32 73 124
32 74 172
32 75 128
32 76 106
32 77 170
32 78 167
32 79 56
32 80 81
32 81 4
32 82 199
32 83 53
32 84 104
32 85 80
32 86 108
32 87 142
32 88 132
32 89 176
32 90 128
32 91 12
32 92 167
32 93 181
32 94 14
32 95 119
32 96 26
32 97 139
32 98 122
32 99 1
33 34 44
33 35 56
33 36 7
33 37 43
33 38 14
33 39 164
33 40 97
33 41 2
33 42 10
33 43 47
33 44 154
33 45 89
33 46 42
33 47 100
33 48 127
33 49 49
33 50 117
33 51 9
33 52 46
33 53 68
33 54 128
33 55 133
33 56 62
33 57 155
33 58 110
33 59 140
33 60 87
33 61 156
33 62 64
33 63 4
33 64 61
33 65 129
33 66 16
33 67 179
33 68 188
33 69 141
33 70 77
33 71 129
33 72 158
33 73 92
33 74 83
33 75 1
33 76 80
33 77 200
33 78 35
33 79 181
33 80 172
33 81 49
33 82 63
33 83 39
33 84 9
33 85 73
33 86 110
33 87 147
33 88 182
33 89 23
33 90 122
33 91 159
33 92 169
33 93 111
33 94 67
33 95 71
33 96 38
33 97 0
33 98 83
33 99 165
34 35 5
34 36 181
34 37 124
34 38 74
34 39 157
34 40 196
34 41 31
34 42 50
34 43 116
34 44 186
34 45 35
34 46 68
34 47 7
34 48 91
34 49 102
34 50 14
34 51 165
34 52 6
34 53 3
34 54 144
34 55 79
34 56 182
34 57 30
34 58 78
34 59 137
34 60 135
34 61 105
34 62 121
34 63 123
34 64 119
34 65 167
34 66 61
34 67 89
34 68 198
34 69 165
34 70 1
34 71 146
34 72 21
34 73 192
34 74 62
34 75 61
34 76 60
34 77 181
34 78 116
34 79 120
34 80 22
34 81 51
34 82 17
34 83 155
34 84 51
34 85 126
34 86 99
34 87 76
34 88 163
34 89 10
34 90 148
34 91 171
34 92 139
34 93 121
34 94 99
34 95 170
34 96 181
34 97 119
34 98 156
34 99 151
35 36 189
35 37 160
35 38 64
35 39 133
35 40 75
35 41 164
35 42 142
35 43 36
35 44 109
35 45 128
35 46 167
35 47 70
35 48 11
35 49 80
35 50 107
35 51 96
35 52 163
35 53 178
35 54 84
35 55 130
35 56 166
35 57 112
35 58 53
35 59 24
35 60 42
35 61 29
35 62 106
35 63 17
35 64 162
35 65 24
35 66 147
35 67 44
35 68 56
35 69 164
35 70 98
35 71 156
35 72 138
35 73 28
35 74 53
35 75 66
35 76 20
35 77 118
35 78 126
35 79 132
35 80 197
35 81 165
35 82 63
35 83 40
35 84 149
35 85 180
35 86 163
35 87 2
35 88 138
35 89 24
35 90 167
35 91 17
35 92 160
35 93 78
35 94 130
35 95 13
35 96 1
35 97 68
35 98 67
35 99 179
36 37 44
36 38 50
36 39 17
36 40 121
36 41 4
36 42 114
36 43 124
36 44 7
36 45 197
36 46 17
36 47 16
36 48 13
36 49 196
36 50 138
36 51 28
36 52 97
36 53 149
36 54 182
36 55 116
36 56 6
36 57 182
36 58 112
36 59 179
36 60 83
36 61 149
36 62 90
36 63 120
36 64 107
36 65 5
36 66 72
36 67 75
36 68 144
36 69 36
36 70 31
36 71 70
36 72 80
36 73 61
36 74 139
36 75 62
36 76 30
36 77 66
36 78 157
36 79 47
36 80 110
36 81 156
36 82 54
36 83 198
36 84 87
36 85 5
36 86 60
36 87 120
36 88 5
36 89 91
36 90 123
36 91 22
36 92 162
36 93 137
36 94 159
36 95 81
36 96 116
36 97 55
36 98 28
36 99 197
37 38 161
37 39 86
37 40 165
37 41 8
37 42 49
37 43 189
37 44 142
37 45 24
37 46 179
37 47 37
37 48 30
37 49 115
37 50 81
37 51 173
37 52 78
37 53 118
37 54 171
37 55 59
37 56 109
37 57 46
37 58 3
37 59 101
37 60 29
37 61 49
37 62 192
37 63 184
37 64 26
37 65 41
37 66 29
37 67 67
37 68 96
37 69 54
37 70 82
37 71 157
37 72 89
37 73 43
37 74 187
37 75 80
37 76 171
37 77 43
37 78 99
37 79 109
37 80 198
37 81 188
37 82 78
37 83 150
37 84 86
37 85 196
37 86 64
37 87 131
37 88 52
37 89 166
37 90 141
37 91 102
37 92 184
37 93 192
37 94 152
37 95 28
37 96 35
37 97 26
37 98 112
37 99 84
38 39 50
38 40 161
38 41 158
38 42 115
38 43 41
38 44 134
38 45 147
38 46 19
38 47 55
38 48 130
38 49 140
38 50 174
38 51 56
38 52 12
38 53 9
38 54 34
38 55 21
38 56 198
38 57 77
38 58 148
38 59 49
38 60 122
38 61 76
38 62 71
38 63 102
38 64 52
38 65 134
38 66 170
38 67 131
38 68 49
38 69 42
38 70 72
38 71 63
38 72 169
38 73 94
38 74 156
38 75 130
38 76 189
38 77 170
38 78 34
38 79 48
38 80 48
38 81 120
38 82 159
38 83 3
38 84 184
38 85 54
38 86 124
38 87 80
38 88 157
38 89 147
38 90 28
38 91 28
38 92 117
38 93 50
38 94 0
38 95 156
38 96 146
38 97 167
38 98 36
38 99 190
39 40 55
39 41 17
39 42 132
39 43 168
39 44 24
39 45 24
39 46 197
39 47 22
39 48 150
39 49 84
39 50 146
39 51 149
39 52 67
39 53 77
39 54 6
39 55 36
39 56 85
39 57 143
39 58 21
39 59 74
39 60 20
39 61 20
39 62 121
39 63 51
39 64 107
39 65 198
39 66 198
39 67 63
39 68 161
39 69 151
39 70 106
39 71 148
39 72 115
39 73 192
39 74 186
39 75 21
39 76 32
39 77 117
39 78 24
39 79 114
39 80 41
39 81 143
39 82 137
39 83 87
39 84 153
39 85 98
39 86 126
39 87 148
39 88 68
39 89 156
39 90 93
39 91 172
39 92 31
39 93 74
39 94 21
39 95 75
39 96 28
39 97 38
39 98 21
39 99 22
40 41 162
40 42 12
40 43 43
40 44 118
40 45 107
40 46 168
40 47 149
40 48 1
40 49 14
40 50 144
40 51 45
40 52 191
40 53 75
40 54 90
40 55 20
40 56 11
40 57 83
40 58 55
40 59 51
40 60 28
40 61 91
40 62 180
40 63 91
40 64 182
40 65 152
40 66 162
40 67 76
40 68 178
40 69 129
40 70 157
40 71 123
40 72 114
40 73 15
40 74 143
40 75 103
40 76 185
40 77 182
40 78 14
40 79 63
40 80 61
40 81 77
40 82 38
40 83 182
40 84 31
40 85 47
40 86 161
40 87 81
40 88 69
40 89 131
40 90 7
40 91 148
40 92 87
40 93 152
40 94 112
40 95 64
40 96 35
40 97 199
40 98 4
40 99 62
41 42 108
41 43 168
41 44 193
41 45 172
41 46 60
41 47 137
41 48 143
41 49 59
41 50 64
41 51 5
41 52 163
41 53 188
41 54 3
41 55 89
41 56 174
41 57 84
41 58 72
41 59 72
41 60 153
41 61 126
41 62 128
41 63 57
41 64 87
41 65 114
41 66 88
41 67 11
41 68 54
41 69 166
41 70 117
41 71 19
41 72 109
41 73 164
41 74 15
41 75 154
41 76 147
41 77 153
41 78 114
41 79 92
41 80 44
41 81 151
41 82 170
41 83 185
41 84 82
41 85 128
41 86 47
41 87 41
41 88 158
41 89 192
41 90 45
41 91 128
41 92 123
41 93 63
41 94 71
41 95 45
41 96 21
41 97 47
41 98 75
41 99 10
42 43 9
42 44 107
42 45 159
42 46 98
42 47 134
42 48 188
42 49 14
42 50 164
42 51 7
42 52 96
42 53 87
42 54 123
42 55 186
42 56 28
42 57 59
42 58 162
42 59 33
42 60 108
42 61 100
42 62 8
42 63 145
42 64 153
42 65 118
42 66 11
42 67 185
42 68 95
42 69 85
42 70 37
42 71 10
42 72 169
42 73 123
42 74 195
42 75 105
42 76 90
42 77 49
42 78 151
42 79 56
42 80 77
42 81 39
42 82 104
42 83 68
42 84 62
42 85 50
42 86 29
42 87 142
42 88 182
42 89 122
42 90 197
42 91 89
42 92 76
42 93 186
42 94 76
42 95 56
42 96 104
42 97 70
42 98 194
42 99 19
43 44 68
43 45 68
43 46 177
43 47 150
43 48 18
43 49 177
43 50 149
43 51 140
43 52 51
43 53 144
43 54 40
43 55 71
43 56 12
43 57 109
43 58 17
43 59 11
43 60 188
43 61 84
43 62 15
43 63 179
43 64 166
43 65 47
43 66 34
43 67 143
43 68 197
43 69 97
43 70 191
43 71 135
43 72 39
43 73 179
43 74 152
43 75 10
43 76 189
43 77 128
43 78 196
43 79 159
43 80 180
43 81 97
43 82 188
43 83 17
43 84 150
43 85 198
43 86 87
43 87 1
43 88 158
43 89 62
43 90 55
43 91 119
43 92 159
43 93 89
43 94 146
43 95 40
43 96 46
43 97 60
43 98 128
43 99 79
44 45 131
44 46 23
44 47 6
44 48 87
44 49 35
44 50 32
44 51 176
44 52 139
44 53 28
44 54 86
44 55 156
44 56 95
44 57 193
44 58 100
44 59 17
44 60 21
44 61 153
44 62 61
44 63 105
44 64 152
44 65 111
44 66 182
44 67 43
44 68 137
44 69 100
44 70 123
44 71 138
44 72 51
44 73 9
44 74 151
44 75 126
44 76 53
44 77 199
44 78 98
44 79 68
44 80 19
44 81 82
44 82 30
44 83 161
44 84 9
44 85 138
44 86 89
44 87 165
44 88 42
44 89 9
44 90 188
44 91 48
44 92 70
44 93 150
44 94 133
44 95 170
44 96 48
44 97 143
44 98 142
44 99 125
45 46 146
45 47 98
45 48 0
45 49 191
45 50 154
45 51 108
45 52 87
45 53 139
45 54 150
45 55 39
45 56 0
45 57 85
45 58 51
45 59 193
45 60 54
45 61 165
45 62 164
45 63 52
45 64 60
45 65 28
45 66 34
45 67 162
45 68 155
45 69 45
45 70 9
45 71 171
45 72 31
45 73 36
45 74 41
45 75 176
45 76 64
45 77 113
45 78 140
45 79 61
45 80 118
45 81 23
45 82 194
45 83 76
45 84 23
45 85 187
45 86 67
45 87 118
45 88 138
45 89 8
45 90 152
45 91 68
45 92 92
45 93 151
45 94 127
45 95 144
45 96 111
45 97 92
45 98 29
45 99 166
46 47 190
46 48 137
46 49 12
46 50 34
46 51 183
46 52 151
46 53 191
46 54 135
46 55 57
46 56 126
46 57 144
46 58 142
46 59 44
46 60 67
46 61 17
46 62 4
46 63 78
46 64 183
46 65 153
46 66 28
46 67 150
46 68 152
46 69 37
46 70 66
46 71 143
46 72 52
46 73 86
46 74 142
46 75 13
46 76 79
46 77 24
46 78 148
46 79 109
46 80 112
46 81 115
46 82 162
46 83 34
46 84 63
46 85 73
46 86 183
46 87 159
46 88 155
46 89 163
46 90 2
46 91 60
46 92 144
46 93 71
46 94 101
46 95 188
46 96 145
46 97 101
46 98 93
46 99 108
47 48 24
47 49 21
47 50 29
47 51 146
47 52 135
47 53 109
47 54 153
47 55 153
47 56 13
47 57 148
47 58 186
47 59 76
47 60 73
47 61 104
47 62 138
47 63 96
47 64 81
47 65 181
47 66 25
47 67 122
47 68 140
47 69 57
47 70 59
47 71 40
47 72 133
47 73 52
47 74 39
47 75 167
47 76 61
47 77 139
47 78 129
47 79 68
47 80 92
47 81 147
47 82 82
47 83 105
47 84 83
47 85 23
47 86 30
47 87 20
47 88 54
47 89 165
47 90 169
47 91 6
47 92 82
47 93 195
47 94 186
47 95 83
47 96 70
47 97 51
47 98 58
47 99 102
48 49 125
48 50 189
48 51 143
48 52 100
48 53 169
48 54 90
48 55 182
48 56 58
48 57 75
48 58 188
48 59 81
48 60 130
48 61 162
48 62 97
48 63 8
48 64 169
48 65 151
48 66 140
48 67 145
48 68 180
48 69 19
48 70 138
48 71 178
48 72 8
48 73 21
48 74 155
48 75 36
48 76 15
48 77 159
48 78 41
48 79 145
48 80 162
48 81 100
48 82 174
48 83 166
48 84 148
48 85 17
48 86 41
48 87 8
48 88 160
48 89 160
48 90 170
48 91 25
48 92 182
48 93 1
48 94 167
48 95 199
48 96 195
48 97 38
48 98 165
48 99 0
49 50 81
49 51 193
49 52 188
49 53 193
49 54 135
49 55 81
49 56 93
49 57 120
49 58 50
49 59 33
49 60 184
49 61 46
49 62 150
49 63 186
49 64 166
49 65 91
49 66 189
49 67 161
49 68 124
49 69 81
49 70 58
49 71 114
49 72 83
49 73 55
49 74 112
49 75 122
49 76 120
49 77 53
49 78 96
49 79 128
49 80 136
49 81 116
49 82 104
49 83 130
49 84 51
49 85 92
49 86 3
49 87 174
49 88 132
49 89 132
49 90 136
49 91 75
49 92 156
49 93 6
49 94 72
49 95 20
49 96 168
49 97 44
49 98 39
49 99 112
50 51 131
50 52 161
50 53 111
50 54 170
50 55 137
50 56 139
50 57 139
50 58 152
50 59 129
50 60 165
50 61 29
50 62 181
50 63 43
50 64 192
50 65 145
50 66 51
50 67 14
50 68 56
50 69 79
50 70 178
50 71 113
50 72 56
50 73 43
50 74 120
50 75 9
50 76 0
50 77 59
50 78 180
50 79 17
50 80 194
50 81 146
50 82 80
50 83 199
50 84 143
50 85 174
50 86 143
50 87 105
50 88 41
50 89 29
50 90 187
50 91 183
50 92 33
50 93 151
50 94 164
50 95 167
50 96 55
50 97 199
50 98 59
50 99 141
51 52 192
51 53 18
51 54 16
51 55 93
51 56 194
51 57 12
51 58 117
51 59 138
51 60 94
51 61 26
51 62 41
51 63 118
51 64 197
51 65 63
51 66 56
51 67 12
51 68 193
51 69 166
51 70 63
51 71 82
51 72 40
51 73 55
51 74 11
51 75 32
51 76 5
51 77 168
51 78 57
51 79 72
51 80 23
51 81 43
51 82 5
51 83 102
51 84 37
51 85 162
51 86 116
51 87 172
51 88 188
51 89 80
51 90 75
51 91 42
51 92 186
51 93 182
51 94 144
51 95 72
51 96 166
51 97 156
51 98 83
51 99 168
52 53 16
52 54 84
52 55 65
52 56 197
52 57 174
52 58 194
52 59 200
52 60 4
52 61 102
52 62 17
52 63 71
52 64 172
52 65 41
52 66 120
52 67 187
52 68 92
52 69 54
52 70 86
52 71 141
52 72 14
52 73 76
52 74 198
52 75 162
52 76 57
52 77 38
52 78 82
52 79 188
52 80 158
52 81 57
52 82 154
52 83 88
52 84 182
52 85 29
52 86 124
52 87 26
52 88 33
52 89 138
52 90 44
52 91 123
52 92 57
52 93 199
52 94 179
52 95 168
52 96 92
52 97 0
52 98 105
52 99 180
53 54 147
53 55 80
53 56 58
53 57 44
53 58 72
53 59 187
53 60 118
53 61 26
53 62 171
53 63 55
53 64 93
53 65 55
53 66 194
53 67 149
53 68 14
53 69 68
53 70 156
53 71 9
53 72 71
53 73 187
53 74 126
53 75 87
53 76 34
53 77 186
53 78 21
53 79 14
53 80 44
53 81 104
53 82 46
53 83 163
53 84 1
53 85 30
53 86 196
53 87 8
53 88 122
53 89 9
53 90 191
53 91 75
53 92 74
53 93 112
53 94 0
53 95 149
53 96 83
53 97 73
53 98 127
53 99 114
54 55 16
54 56 32
54 57 85
54 58 72
54 59 105
54 60 49
54 61 10
54 62 156
54 63 171
54 64 9
54 65 161
54 66 20
54 67 6
54 68 184
54 69 56
54 70 98
54 71 111
54 72 103
54 73 109
54 74 9
54 75 45
54 76 116
54 77 55
54 78 178
54 79 52
54 80 17
54 81 178
54 82 146
54 83 63
54 84 59
54 85 108
54 86 163
54 87 34
54 88 176
54 89 84
54 90 143
54 91 93
54 92 0
54 93 154
54 94 0
54 95 61
54 96 118
54 97 193
54 98 169
54 99 72
55 56 98
55 57 82
55 58 28
55 59 90
55 60 83
55 61 134
55 62 8
55 63 139
55 64 45
55 65 16
55 66 23
55 67 120
55 68 178
55 69 109
55 70 70
55 71 34
55 72 66
55 73 110
55 74 50
55 75 71
55 76 9
55 77 13
55 78 160
55 79 154
55 80 70
55 81 124
55 82 132
55 83 180
55 84 139
55 85 187
55 86 133
55 87 106
55 88 159
55 89 142
55 90 114
55 91 147
55 92 25
55 93 49
55 94 62
55 95 161
55 96 48
55 97 103
55 98 179
55 99 129
56 57 200
56 58 142
56 59 157
56 60 165
56 61 48
56 62 29
56 63 69
56 64 143
56 65 20
56 66 182
56 67 96
56 68 148
56 69 3
56 70 166
56 71 39
56 72 198
56 73 164
56 74 34
56 75 147
56 76 107
56 77 40
56 78 20
56 79 92
56 80 87
56 81 176
56 82 57
56 83 108
56 84 25
56 85 9
56 86 177
56 87 92
56 88 73
56 89 163
56 90 148
56 91 159
56 92 115
56 93 65
56 94 88
56 95 170
56 96 183
56 97 140
56 98 124
56 99 188
57 58 76
57 59 66
57 60 57
57 61 165
57 62 166
57 63 94
57 64 184
57 65 172
57 66 99
57 67 174
57 68 127
57 69 133
57 70 123
57 71 63
57 72 135
57 73 122
57 74 136
57 75 195
57 76 28
57 77 101
57 78 110
57 79 183
57 80 3
57 81 155
57 82 154
57 83 184
57 84 26
57 85 96
57 86 70
57 87 152
57 88 124
57 89 132
57 90 50
57 91 85
57 92 80
57 93 1
57 94 168
57 95 94
57 96 32
57 97 60
57 98 141
57 99 181
58 59 168
58 60 99
58 61 129
58 62 182
58 63 1
58 64 14
58 65 175
58 66 1
58 67 171
58 68 53
58 69 73
58 70 64
58 71 130
58 72 195
58 73 176
58 74 43
58 75 199
58 76 114
58 77 44
58 78 60
58 79 93
58 80 177
58 81 168
58 82 155
58 83 31
58 84 80
58 85 162
58 86 79
58 87 119
58 88 61
58 89 163
58 90 130
58 91 87
58 92 55
58 93 199
58 94 74
58 95 192
58 96 105
58 97 1
58 98 28
58 99 146
59 60 78
59 61 184
59 62 22
59 63 34
59 64 94
59 65 99
59 66 165
59 67 185
59 68 163
59 69 166
59 70 117
59 71 130
59 72 18
59 73 67
59 74 27
59 75 69
59 76 163
59 77 104
59 78 73
59 79 106
59 80 167
59 81 161
59 82 48
59 83 52
59 84 183
59 85 132
59 86 39
59 87 119
59 88 14
59 89 39
59 90 168
59 91 51
59 92 67
59 93 77
59 94 17
59 95 125
59 96 57
59 97 196
59 98 67
59 99 85
60 61 135
60 62 182
60 63 55
60 64 109
60 65 7
60 66 137
60 67 118
60 68 163
60 69 180
60 70 194
60 71 0
60 72 95
60 73 110
60 74 101
60 75 54
60 76 26
60 77 115
60 78 131
60 79 55
60 80 15
60 81 180
60 82 145
60 83 94
60 84 21
60 85 23
60 86 181
60 87 67
60 88 91
60 89 19
60 90 78
60 91 114
60 92 140
60 93 19
60 94 64
60 95 60
60 96 197
60 97 80
60 98 164
60 99 142
61 62 18
61 63 95
61 64 122
61 65 148
61 66 186
61 67 1
61 68 67
61 69 149
61 70 38
61 71 46
61 72 81
61 73 92
61 74 67
61 75 19
61 76 67
61 77 31
61 78 150
61 79 137
61 80 177
61 81 186
61 82 35
61 83 87
61 84 28
61 85 186
61 86 96
61 87 84
61 88 174
61 89 144
61 90 32
61 91 1
61 92 2
61 93 130
61 94 58
61 95 152
61 96 129
61 97 47
61 98 30
61 99 100
62 63 144
62 64 30
62 65 196
62 66 111
62 67 55
62 68 184
62 69 124
62 70 160
62 71 41
62 72 131
62 73 26
62 74 142
62 75 44
62 76 27
62 77 193
62 78 170
62 79 24
62 80 120
62 81 190
62 82 130
62 83 133
62 84 191
62 85 169
62 86 48
62 87 130
62 88 197
62 89 109
62 90 42
62 91 108
62 92 114
62 93 160
62 94 58
62 95 108
62 96 42
62 97 131
62 98 77
62 99 134
63 64 150
63 65 125
63 66 106
63 67 48
63 68 196
63 69 27
63 70 110
63 71 24
63 72 179
63 73 90
63 74 191
63 75 36
63 76 165
63 77 67
63 78 40
63 79 42
63 80 149
63 81 36
63 82 77
63 83 164
63 84 187
63 85 142
63 86 107
63 87 25
63 88 171
63 89 52
63 90 99
63 91 24
63 92 81
63 93 98
63 94 165
63 95 130
63 96 10
63 97 115
63 98 189
63 99 190
64 65 180
64 66 102
64 67 14
64 68 44
64 69 106
64 70 70
64 71 47
64 72 61
64 73 46
64 74 80
64 75 104
64 76 172
64 77 133
64 78 16
64 79 102
64 80 176
64 81 16
64 82 116
64 83 194
64 84 130
64 85 55
64 86 130
64 87 191
64 88 81
64 89 192
64 90 123
64 91 105
64 92 132
64 93 134
64 94 1
64 95 2
64 96 69
64 97 189
64 98 66
64 99 70
65 66 79
65 67 171
65 68 118
65 69 49
65 70 166
65 71 183
65 72 94
65 73 116
65 74 54
65 75 4
65 76 13
65 77 191
65 78 190
65 79 101
65 80 38
65 81 23
65 82 56
65 83 39
65 84 132
65 85 105
65 86 145
65 87 93
65 88 182
65 89 100
65 90 192
65 91 39
65 92 163
65 93 40
65 94 51
65 95 117
65 96 186
65 97 112
65 98 96
65 99 32
66 67 35
66 68 109
66 69 135
66 70 138
66 71 89
66 72 60
66 73 180
66 74 144
66 75 162
66 76 199
66 77 22
66 78 198
66 79 170
66 80 5
66 81 22
66 82 132
66 83 165
66 84 135
66 85 189
66 86 36
66 87 29
66 88 9
66 89 162
66 90 104
66 91 152
66 92 141
66 93 9
66 94 63
66 95 38
66 96 98
66 97 3
66 98 199
66 99 121
67 68 81
67 69 118
67 70 16
67 71 89
67 72 164
67 73 53
67 74 165
67 75 29
67 76 132
67 77 191
67 78 101
67 79 15
67 80 115
67 81 91
67 82 126
67 83 180
67 84 8
67 85 139
67 86 166
67 87 104
67 88 24
67 89 128
67 90 65
67 91 157
67 92 114
67 93 145
67 94 155
67 95 134
67 96 63
67 97 136
67 98 136
67 99 168
68 69 166
68 70 105
68 71 39
68 72 114
68 73 36
68 74 73
68 75 139
68 76 135
68 77 57
68 78 64
68 79 181
68 80 140
68 81 188
68 82 44
68 83 66
68 84 200
68 85 19
68 86 52
68 87 50
68 88 158
68 89 20
68 90 75
68 91 24
68 92 90
68 93 0
68 94 187
68 95 107
68 96 51
68 97 138
68 98 162
68 99 87
69 70 187
69 71 43
69 72 132
69 73 70
69 74 101
69 75 70
69 76 69
69 77 105
69 78 92
69 79 190
69 80 184
69 81 101
69 82 131
69 83 28
69 84 153
69 85 120
69 86 160
69 87 14
69 88 167
69 89 194
69 90 186
69 91 129
69 92 59
69 93 86
69 94 24
69 95 27
69 96 97
69 97 186
69 98 123
69 99 183
70 71 181
70 72 9
70 73 168
70 74 12
70 75 50
70 76 88
70 77 155
70 78 10
70 79 147
70 80 59
70 81 143
70 82 20
70 83 102
70 84 146
70 85 190
70 86 44
70 87 100
70 88 108
70 89 177
70 90 90
70 91 81
70 92 198
70 93 43
70 94 197
70 95 186
70 96 166
70 97 139
70 98 75
70 99 156
71 72 23
71 73 78
71 74 168
71 75 4
71 76 11
71 77 14
71 78 31
71 79 148
71 80 36
71 81 76
71 82 181
71 83 150
71 84 177
71 85 14
71 86 197
71 87 83
71 88 35
71 89 25
71 90 23
71 91 3
71 92 108
71 93 112
71 94 78
71 95 13
71 96 90
71 97 167
71 98 172
71 99 62
72 73 63
72 74 147
72 75 134
72 76 105
72 77 136
72 78 199
72 79 143
72 80 187
72 81 13
72 82 65
72 83 116
72 84 70
72 85 180
72 86 45
72 87 52
72 88 152
72 89 28
72 90 170
72 91 1
72 92 34
72 93 165
72 94 9
72 95 20
72 96 3
72 97 47
72 98 200
72 99 10
73 74 76
73 75 18
73 76 100
73 77 185
73 78 34
73 79 153
73 80 38
73 81 134
73 82 34
73 83 115
73 84 160
73 85 195
73 86 196
73 87 176
73 88 194
73 89 35
73 90 123
73 91 129
73 92 28
73 93 36
73 94 161
73 95 83
73 96 2
73 97 100
73 98 44
73 99 142
74 75 60
74 76 98
74 77 42
74 78 34
74 79 146
74 80 157
74 81 13
74 82 107
74 83 54
74 84 24
74 85 18
74 86 89
74 87 7
74 88 95
74 89 194
74 90 26
74 91 86
74 92 91
74 93 188
74 94 131
74 95 173
74 96 1
74 97 92
74 98 2
74 99 148
75 76 140
75 77 69
75 78 170
75 79 166
75 80 107
75 81 99
75 82 88
75 83 85
75 84 6
75 85 143
75 86 78
75 87 85
75 88 53
75 89 65
75 90 125
75 91 127
75 92 25
75 93 56
75 94 124
75 95 166
75 96 137
75 97 187
75 98 20
75 99 16
76 77 178
76 78 140
76 79 187
76 80 78
76 81 107
76 82 73
76 83 179
76 84 1
76 85 87
76 86 34
76 87 21
76 88 74
76 89 167
76 90 67
76 91 12
76 92 40
76 93 13
76 94 167
76 95 76
76 96 99
76 97 27
76 98 93
76 99 99
77 78 9
77 79 110
77 80 88
77 81 174
77 82 163
77 83 112
77 84 94
77 85 196
77 86 66
77 87 98
77 88 61
77 89 162
77 90 18
77 91 30
77 92 199
77 93 47
77 94 132
77 95 95
77 96 75
77 97 123
77 98 161
77 99 41
78 79 182
78 80 109
78 81 16
78 82 189
78 83 185
78 84 169
78 85 151
78 86 65
78 87 150
78 88 1
78 89 102
78 90 20
78 91 36
78 92 106
78 93 70
78 94 135
78 95 167
78 96 96
78 97 122
78 98 166
78 99 134
79 80 176
79 81 191
79 82 111
79 83 171
79 84 152
79 85 187
79 86 179
79 87 63
79 88 165
79 89 83
79 90 51
79 91 81
79 92 82
79 93 105
79 94 148
79 95 86
79 96 165
79 97 136
79 98 195
79 99 51
