100 3960
0 1 121
0 2 198
0 3 68
0 4 110
0 5 45
0 6 140
0 7 154
0 8 64
0 9 165
0 10 125
0 11 42
0 12 32
0 13 66
0 14 23
0 15 108
0 16 147
0 17 137
0 18 21
0 19 190
0 20 46
0 21 170
0 22 37
0 23 11
0 24 15
0 25 43
0 26 7
0 27 62
0 28 42
0 29 155
0 30 42
0 31 10
0 32 115
0 33 20
0 34 113
0 35 54
0 36 172
0 37 161
0 38 82
0 39 8
0 40 134
0 41 14
0 42 23
0 43 171
0 44 41
0 45 19
0 46 77
0 47 12
0 48 200
0 49 110
0 50 52
0 51 87
0 52 35
0 53 4
0 54 12
0 55 68
0 56 79
0 57 167
0 58 63
0 59 56
0 60 75
0 61 39
0 62 16
0 63 127
0 64 9
0 65 18
0 66 167
0 67 200
0 68 120
0 69 191
0 70 21
0 71 13
0 72 122
0 73 82
0 74 44
0 75 164
0 76 193
0 77 76
0 78 12
0 79 127
0 80 63
0 81 99
0 82 191
0 83 182
0 84 177
0 85 59
0 86 154
0 87 187
0 88 8
0 89 43
0 90 90
0 91 144
0 92 28
0 93 158
0 94 146
0 95 9
0 96 115
0 97 166
0 98 122
0 99 31
1 2 93
1 3 137
1 4 139
1 5 143
1 6 129
1 7 131
1 8 155
1 9 40
1 10 1
1 11 13
1 12 182
1 13 20
1 14 76
1 15 186
1 16 132
1 17 71
1 18 192
1 19 133
1 20 39
1 21 200
1 22 7
1 23 153
1 24 115
1 25 67
1 26 50
1 27 54
1 28 21
1 29 162
1 30 88
1 31 108
1 32 159
1 33 7
1 34 153
1 35 69
1 36 12
1 37 72
1 38 108
1 39 188
1 40 170
1 41 111
1 42 30
1 43 180
1 44 7
1 45 164
1 46 52
1 47 174
1 48 80
1 49 23
1 50 110
1 51 198
1 52 75
1 53 99
1 54 195
1 55 56
1 56 171
1 57 147
1 58 139
1 59 31
1 60 157
1 61 92
1 62 81
1 63 115
1 64 33
1 65 50
1 66 69
1 67 129
1 68 73
1 69 107
1 70 89
1 71 42
1 72 53
1 73 179
1 74 141
1 75 66
1 76 21
1 77 24
1 78 118
1 79 52
1 80 18
1 81 77
1 82 127
1 83 192
1 84 117
1 85 143
1 86 28
1 87 2
1 88 13
1 89 166
1 90 27
1 91 100
1 92 163
1 93 22
1 94 171
1 95 106
1 96 183
1 97 176
1 98 13
1 99 127
2 3 35
2 4 139
2 5 54
2 6 160
2 7 43
2 8 166
2 9 16
2 10 160
2 11 110
2 12 104
2 13 107
2 14 86
2 15 185
2 16 52
2 17 90
2 18 8
2 19 193
2 20 81
2 21 47
2 22 168
2 23 173
2 24 11
2 25 68
2 26 87
2 27 92
2 28 86
2 29 17
2 30 161
2 31 70
2 32 39
2 33 105
2 34 136
2 35 136
2 36 37
2 37 197
2 38 134
2 39 105
2 40 197
2 41 31
2 42 60
2 43 1
2 44 21
2 45 53
2 46 122
2 47 155
2 48 25
2 49 110
2 50 105
2 51 70
2 52 177
2 53 1
2 54 197
2 55 192
2 56 21
2 57 195
2 58 37
2 59 107
2 60 101
2 61 40
2 62 17
2 63 133
2 64 69
2 65 5
2 66 176
2 67 20
2 68 76
2 69 162
2 70 95
2 71 11
2 72 196
2 73 148
2 74 192
2 75 77
2 76 124
2 77 199
2 78 51
2 79 116
2 80 26
2 81 128
2 82 122
2 83 20
2 84 185
2 85 94
2 86 151
2 87 58
2 88 81
2 89 57
2 90 41
2 91 178
2 92 85
2 93 24
2 94 72
2 95 163
2 96 87
2 97 140
2 98 60
2 99 161
3 4 43
3 5 30
3 6 177
3 7 102
3 8 117
3 9 167
3 10 88
3 11 133
3 12 131
3 13 121
3 14 45
3 15 32
3 16 75
3 17 39
3 18 78
3 19 93
3 20 21
3 21 163
3 22 90
3 23 162
3 24 33
3 25 98
3 26 178
3 27 84
3 28 29
3 29 157
3 30 144
3 31 69
3 32 177
3 33 149
3 34 23
3 35 149
3 36 182
3 37 103
3 38 200
3 39 144
3 40 23
3 41 91
3 42 4
3 43 29
3 44 101
3 45 118
3 46 125
3 47 94
3 48 11
3 49 104
3 50 143
3 51 169
3 52 12
3 53 131
3 54 104
3 55 92
3 56 121
3 57 188
3 58 99
3 59 38
3 60 138
3 61 94
3 62 10
3 63 62
3 64 95
3 65 69
3 66 33
3 67 79
3 68 175
3 69 121
3 70 78
3 71 136
3 72 17
3 73 36
3 74 150
3 75 93
3 76 54
3 77 106
3 78 54
3 79 23
3 80 154
3 81 77
3 82 141
3 83 167
3 84 111
3 85 69
3 86 34
3 87 188
3 88 151
3 89 26
3 90 178
3 91 147
3 92 164
3 93 114
3 94 199
3 95 100
3 96 167
3 97 97
3 98 172
3 99 172
4 5 195
4 6 38
4 7 160
4 8 137
4 9 140
4 10 158
4 11 42
4 12 65
4 13 31
4 14 200
4 15 93
4 16 198
4 17 84
4 18 171
4 19 152
4 20 20
4 21 79
4 22 106
4 23 46
4 24 43
4 25 29
4 26 64
4 27 9
4 28 140
4 29 58
4 30 117
4 31 18
4 32 68
4 33 175
4 34 162
4 35 122
4 36 71
4 37 138
4 38 23
4 39 17
4 40 149
4 41 193
4 42 64
4 43 34
4 44 58
4 45 146
4 46 2
4 47 6
4 48 160
4 49 61
4 50 133
4 51 101
4 52 33
4 53 169
4 54 109
4 55 183
4 56 118
4 57 18
4 58 190
4 59 141
4 60 98
4 61 183
4 62 13
4 63 114
4 64 155
4 65 114
4 66 150
4 67 7
4 68 138
4 69 28
4 70 70
4 71 152
4 72 146
4 73 26
4 74 16
4 75 20
4 76 24
4 77 113
4 78 73
4 79 16
4 80 186
4 81 89
4 82 123
4 83 73
4 84 155
4 85 168
4 86 172
4 87 65
4 88 140
4 89 138
4 90 175
4 91 92
4 92 106
4 93 170
4 94 87
4 95 198
4 96 2
4 97 2
4 98 23
4 99 72
5 6 91
5 7 10
5 8 22
5 9 189
5 10 34
5 11 154
5 12 50
5 13 28
5 14 85
5 15 172
5 16 43
5 17 62
5 18 185
5 19 26
5 20 189
5 21 62
5 22 147
5 23 0
5 24 196
5 25 61
5 26 192
5 27 132
5 28 49
5 29 135
5 30 81
5 31 112
5 32 42
5 33 19
5 34 6
5 35 141
5 36 16
5 37 40
5 38 200
5 39 38
5 40 137
5 41 182
5 42 7
5 43 84
5 44 132
5 45 132
5 46 88
5 47 144
5 48 107
5 49 161
5 50 143
5 51 129
5 52 180
5 53 144
5 54 2
5 55 63
5 56 109
5 57 9
5 58 98
5 59 22
5 60 141
5 61 102
5 62 39
5 63 167
5 64 200
5 65 30
5 66 112
5 67 130
5 68 90
5 69 163
5 70 13
5 71 126
5 72 195
5 73 67
5 74 24
5 75 146
5 76 136
5 77 130
5 78 96
5 79 188
5 80 144
5 81 160
5 82 147
5 83 135
5 84 183
5 85 75
5 86 14
5 87 35
5 88 32
5 89 62
5 90 49
5 91 149
5 92 19
5 93 60
5 94 24
5 95 157
5 96 58
5 97 150
5 98 139
5 99 86
6 7 17
6 8 16
6 9 102
6 10 127
6 11 150
6 12 90
6 13 160
6 14 78
6 15 109
6 16 198
6 17 194
6 18 82
6 19 132
6 20 98
6 21 73
6 22 134
6 23 191
6 24 118
6 25 9
6 26 60
6 27 122
6 28 169
6 29 4
6 30 163
6 31 77
6 32 168
6 33 15
6 34 163
6 35 32
6 36 10
6 37 32
6 38 178
6 39 150
6 40 200
6 41 193
6 42 55
6 43 129
6 44 179
6 45 96
6 46 71
6 47 189
6 48 129
6 49 178
6 50 40
6 51 160
6 52 125
6 53 94
6 54 61
6 55 88
6 56 117
6 57 74
6 58 76
6 59 162
6 60 181
6 61 108
6 62 136
6 63 197
6 64 40
6 65 138
6 66 126
6 67 28
6 68 38
6 69 100
6 70 188
6 71 108
6 72 185
6 73 155
6 74 86
6 75 115
6 76 5
6 77 109
6 78 35
6 79 65
6 80 121
6 81 129
6 82 120
6 83 168
6 84 53
6 85 175
6 86 3
6 87 118
6 88 23
6 89 9
6 90 153
6 91 139
6 92 150
6 93 187
6 94 63
6 95 5
6 96 107
6 97 71
6 98 26
6 99 159
7 8 112
7 9 9
7 10 48
7 11 27
7 12 124
7 13 24
7 14 137
7 15 141
7 16 175
7 17 186
7 18 114
7 19 132
7 20 35
7 21 84
7 22 194
7 23 37
7 24 12
7 25 74
7 26 51
7 27 107
7 28 143
7 29 141
7 30 113
7 31 1
7 32 32
7 33 72
7 34 138
7 35 101
7 36 126
7 37 113
7 38 175
7 39 27
7 40 16
7 41 185
7 42 77
7 43 141
7 44 52
7 45 40
7 46 92
7 47 27
7 48 114
7 49 31
7 50 46
7 51 76
7 52 115
7 53 79
7 54 112
7 55 94
7 56 4
7 57 80
7 58 91
7 59 81
7 60 20
7 61 46
7 62 45
7 63 170
7 64 150
7 65 16
7 66 55
7 67 118
7 68 165
7 69 71
7 70 175
7 71 124
7 72 88
7 73 154
7 74 133
7 75 80
7 76 115
7 77 105
7 78 149
7 79 178
7 80 158
7 81 72
7 82 84
7 83 124
7 84 35
7 85 182
7 86 140
7 87 170
7 88 75
7 89 13
7 90 68
7 91 176
7 92 181
7 93 173
7 94 176
7 95 36
7 96 198
7 97 68
7 98 72
7 99 38
8 9 58
8 10 183
8 11 19
8 12 125
8 13 181
8 14 113
8 15 33
8 16 190
8 17 113
8 18 21
8 19 137
8 20 51
8 21 195
8 22 35
8 23 42
8 24 184
8 25 81
8 26 98
8 27 114
8 28 161
8 29 89
8 30 53
8 31 8
8 32 124
8 33 175
8 34 68
8 35 41
8 36 108
8 37 89
8 38 188
8 39 171
8 40 106
8 41 147
8 42 108
8 43 142
8 44 67
8 45 198
8 46 177
8 47 10
8 48 134
8 49 15
8 50 46
8 51 78
8 52 176
8 53 158
8 54 155
8 55 62
8 56 149
8 57 143
8 58 163
8 59 4
8 60 104
8 61 90
8 62 4
8 63 199
8 64 74
8 65 19
8 66 160
8 67 153
8 68 166
8 69 152
8 70 135
8 71 106
8 72 25
8 73 21
8 74 72
8 75 186
8 76 152
8 77 96
8 78 198
8 79 15
8 80 193
8 81 159
8 82 182
8 83 160
8 84 162
8 85 139
8 86 148
8 87 125
8 88 55
8 89 188
8 90 45
8 91 76
8 92 108
8 93 170
8 94 104
8 95 141
8 96 97
8 97 134
8 98 18
8 99 4
9 10 81
9 11 156
9 12 107
9 13 114
9 14 181
9 15 6
9 16 188
9 17 110
9 18 75
9 19 179
9 20 55
9 21 172
9 22 80
9 23 17
9 24 9
9 25 62
9 26 171
9 27 17
9 28 102
9 29 126
9 30 1
9 31 149
9 32 152
9 33 66
9 34 140
9 35 64
9 36 52
9 37 136
9 38 158
9 39 52
9 40 191
9 41 19
9 42 5
9 43 153
9 44 110
9 45 118
9 46 109
9 47 111
9 48 155
9 49 0
9 50 5
9 51 161
9 52 194
9 53 197
9 54 178
9 55 90
9 56 25
9 57 46
9 58 55
9 59 80
9 60 43
9 61 147
9 62 60
9 63 25
9 64 87
9 65 36
9 66 119
9 67 9
9 68 106
9 69 196
9 70 187
9 71 54
9 72 90
9 73 114
9 74 84
9 75 42
9 76 194
9 77 148
9 78 4
9 79 77
9 80 135
9 81 124
9 82 138
9 83 135
9 84 10
9 85 75
9 86 193
9 87 107
9 88 189
9 89 36
9 90 104
9 91 12
9 92 113
9 93 200
9 94 176
9 95 97
9 96 114
9 97 107
9 98 181
9 99 75
10 11 149
10 12 113
10 13 127
10 14 30
10 15 43
10 16 27
10 17 54
10 18 28
10 19 29
10 20 152
10 21 81
10 22 184
10 23 119
10 24 115
10 25 57
10 26 117
10 27 100
10 28 89
10 29 60
10 30 194
10 31 169
10 32 176
10 33 115
10 34 153
10 35 38
10 36 22
10 37 30
10 38 49
10 39 158
10 40 19
10 41 162
10 42 48
10 43 100
10 44 176
10 45 12
10 46 50
10 47 51
10 48 109
10 49 185
10 50 51
10 51 182
10 52 73
10 53 118
10 54 33
10 55 39
10 56 109
10 57 159
10 58 123
10 59 79
10 60 131
10 61 24
10 62 57
10 63 0
10 64 117
10 65 127
10 66 172
10 67 124
10 68 184
10 69 103
10 70 108
10 71 48
10 72 108
10 73 12
10 74 79
10 75 88
10 76 187
10 77 73
10 78 162
10 79 48
10 80 28
10 81 41
10 82 33
10 83 81
10 84 111
10 85 186
10 86 152
10 87 26
10 88 176
10 89 13
10 90 114
10 91 53
10 92 58
10 93 34
10 94 86
10 95 82
10 96 71
10 97 175
10 98 96
10 99 89
11 12 185
11 13 18
11 14 63
11 15 23
11 16 104
11 17 89
11 18 144
11 19 109
11 20 38
11 21 92
11 22 92
11 23 130
11 24 29
11 25 155
11 26 174
11 27 193
11 28 156
11 29 175
11 30 27
11 31 83
11 32 159
11 33 126
11 34 62
11 35 39
11 36 85
11 37 148
11 38 52
11 39 6
11 40 99
11 41 24
11 42 68
11 43 164
11 44 67
11 45 149
11 46 169
11 47 46
11 48 99
11 49 50
11 50 2
11 51 67
11 52 145
11 53 157
11 54 129
11 55 198
11 56 176
11 57 104
11 58 164
11 59 46
11 60 185
11 61 153
11 62 84
11 63 132
11 64 6
11 65 169
11 66 110
11 67 32
11 68 162
11 69 149
11 70 77
11 71 89
11 72 167
11 73 92
11 74 189
11 75 192
11 76 101
11 77 150
11 78 171
11 79 84
11 80 37
11 81 133
11 82 195
11 83 117
11 84 163
11 85 37
11 86 46
11 87 135
11 88 59
11 89 151
11 90 181
11 91 42
11 92 78
11 93 165
11 94 151
11 95 1
11 96 89
11 97 109
11 98 110
11 99 78
12 13 195
12 14 1
12 15 99
12 16 49
12 17 60
12 18 196
12 19 16
12 20 78
12 21 22
12 22 65
12 23 43
12 24 106
12 25 1
12 26 75
12 27 194
12 28 72
12 29 4
12 30 42
12 31 141
12 32 103
12 33 16
12 34 14
12 35 25
12 36 39
12 37 186
12 38 156
12 39 125
12 40 59
12 41 174
12 42 193
12 43 72
12 44 165
12 45 35
12 46 106
12 47 17
12 48 24
12 49 113
12 50 120
12 51 8
12 52 114
12 53 154
12 54 93
12 55 14
12 56 132
12 57 82
12 58 8
12 59 60
12 60 79
12 61 119
12 62 189
12 63 109
12 64 189
12 65 56
12 66 175
12 67 171
12 68 66
12 69 115
12 70 4
12 71 110
12 72 189
12 73 13
12 74 155
12 75 129
12 76 99
12 77 91
12 78 61
12 79 160
12 80 103
12 81 174
12 82 160
12 83 66
12 84 148
12 85 60
12 86 188
12 87 103
12 88 147
12 89 73
12 90 120
12 91 29
12 92 87
12 93 14
12 94 27
12 95 134
12 96 41
12 97 5
12 98 155
12 99 159
13 14 81
13 15 120
13 16 96
13 17 34
13 18 117
13 19 95
13 20 80
13 21 0
13 22 95
13 23 95
13 24 119
13 25 150
13 26 61
13 27 17
13 28 198
13 29 75
13 30 126
13 31 119
13 32 36
13 33 32
13 34 32
13 35 156
13 36 171
13 37 122
13 38 124
13 39 60
13 40 100
13 41 195
13 42 32
13 43 2
13 44 17
13 45 0
13 46 23
13 47 59
13 48 178
13 49 34
13 50 53
13 51 86
13 52 150
13 53 54
13 54 126
13 55 4
13 56 84
13 57 138
13 58 181
13 59 65
13 60 119
13 61 173
13 62 102
13 63 58
13 64 89
13 65 7
13 66 97
13 67 35
13 68 138
13 69 142
13 70 29
13 71 40
13 72 163
13 73 38
13 74 8
13 75 178
13 76 98
13 77 130
13 78 125
13 79 81
13 80 56
13 81 6
13 82 25
13 83 11
13 84 88
13 85 106
13 86 78
13 87 104
13 88 172
13 89 120
13 90 166
13 91 178
13 92 169
13 93 160
13 94 97
13 95 171
13 96 138
13 97 187
13 98 114
13 99 161
14 15 77
14 16 177
14 17 197
14 18 77
14 19 179
14 20 96
14 21 135
14 22 63
14 23 184
14 24 181
14 25 24
14 26 83
14 27 169
14 28 164
14 29 177
14 30 32
14 31 15
14 32 144
14 33 144
14 34 149
14 35 179
14 36 176
14 37 181
14 38 102
14 39 2
14 40 183
14 41 155
14 42 145
14 43 64
14 44 96
14 45 100
14 46 81
14 47 172
14 48 174
14 49 137
14 50 24
14 51 83
14 52 197
14 53 54
14 54 164
14 55 162
14 56 148
14 57 190
14 58 110
14 59 141
14 60 3
14 61 72
14 62 12
14 63 94
14 64 51
14 65 132
14 66 28
14 67 72
14 68 160
14 69 124
14 70 198
14 71 59
14 72 61
14 73 33
14 74 166
14 75 87
14 76 1
14 77 197
14 78 107
14 79 95
14 80 125
14 81 181
14 82 116
14 83 28
14 84 102
14 85 98
14 86 167
14 87 175
14 88 19
14 89 39
14 90 167
14 91 126
14 92 18
14 93 46
14 94 37
14 95 137
14 96 1
14 97 88
14 98 38
14 99 185
15 16 189
15 17 173
15 18 114
15 19 145
15 20 134
15 21 82
15 22 133
15 23 52
15 24 107
15 25 121
15 26 116
15 27 99
15 28 144
15 29 198
15 30 92
15 31 64
15 32 180
15 33 1
15 34 60
15 35 54
15 36 135
15 37 171
15 38 169
15 39 137
15 40 32
15 41 52
15 42 23
15 43 120
15 44 127
15 45 135
15 46 101
15 47 142
15 48 0
15 49 168
15 50 38
15 51 5
15 52 143
15 53 192
15 54 12
15 55 38
15 56 101
15 57 15
15 58 52
15 59 49
15 60 11
15 61 198
15 62 77
15 63 130
15 64 76
15 65 70
15 66 132
15 67 30
15 68 72
15 69 158
15 70 151
15 71 48
15 72 62
15 73 45
15 74 192
15 75 92
15 76 37
15 77 142
15 78 101
15 79 32
15 80 151
15 81 174
15 82 187
15 83 38
15 84 154
15 85 113
15 86 49
15 87 170
15 88 127
15 89 94
15 90 39
15 91 190
15 92 185
15 93 54
15 94 188
15 95 59
15 96 165
15 97 29
15 98 16
15 99 26
16 17 95
16 18 104
16 19 126
16 20 32
16 21 48
16 22 193
16 23 47
16 24 170
16 25 3
16 26 146
16 27 73
16 28 131
16 29 35
16 30 150
16 31 141
16 32 174
16 33 127
16 34 60
16 35 120
16 36 186
16 37 170
16 38 180
16 39 32
16 40 41
16 41 133
16 42 59
16 43 85
16 44 94
16 45 117
16 46 190
16 47 197
16 48 22
16 49 139
16 50 73
16 51 6
16 52 38
16 53 30
16 54 72
16 55 112
16 56 48
16 57 134
16 58 106
16 59 37
16 60 54
16 61 170
16 62 91
16 63 143
16 64 53
16 65 49
16 66 171
16 67 183
16 68 126
16 69 8
16 70 27
16 71 136
16 72 102
16 73 197
16 74 164
16 75 177
16 76 197
16 77 148
16 78 193
16 79 87
16 80 7
16 81 167
16 82 132
16 83 18
16 84 80
16 85 168
16 86 43
16 87 99
16 88 152
16 89 22
16 90 128
16 91 113
16 92 91
16 93 124
16 94 34
16 95 34
16 96 28
16 97 98
16 98 129
16 99 92
17 18 25
17 19 194
17 20 43
17 21 118
17 22 100
17 23 84
17 24 19
17 25 118
17 26 19
17 27 174
17 28 3
17 29 188
17 30 81
17 31 18
17 32 152
17 33 190
17 34 116
17 35 175
17 36 55
17 37 80
17 38 102
17 39 153
17 40 160
17 41 177
17 42 145
17 43 103
17 44 147
17 45 32
17 46 8
17 47 12
17 48 132
17 49 135
17 50 31
17 51 127
17 52 132
17 53 150
17 54 89
17 55 51
17 56 147
17 57 56
17 58 152
17 59 99
17 60 141
17 61 22
17 62 132
17 63 194
17 64 69
17 65 26
17 66 89
17 67 184
17 68 99
17 69 93
17 70 81
17 71 188
17 72 178
17 73 186
17 74 171
17 75 43
17 76 25
17 77 58
17 78 53
17 79 115
17 80 40
17 81 104
17 82 107
17 83 58
17 84 95
17 85 48
17 86 167
17 87 88
17 88 74
17 89 107
17 90 95
17 91 186
17 92 39
17 93 120
17 94 192
17 95 192
17 96 56
17 97 179
17 98 0
17 99 157
18 19 40
18 20 110
18 21 140
18 22 127
18 23 113
18 24 129
18 25 192
18 26 85
18 27 184
18 28 71
18 29 192
18 30 61
18 31 187
18 32 16
18 33 11
18 34 75
18 35 48
18 36 155
18 37 85
18 38 180
18 39 111
18 40 23
18 41 60
18 42 173
18 43 193
18 44 101
18 45 152
18 46 117
18 47 87
18 48 177
18 49 148
18 50 82
18 51 148
18 52 69
18 53 114
18 54 84
18 55 151
18 56 14
18 57 41
18 58 63
18 59 166
18 60 169
18 61 198
18 62 21
18 63 193
18 64 10
18 65 95
18 66 195
18 67 184
18 68 125
18 69 110
18 70 143
18 71 103
18 72 14
18 73 81
18 74 156
18 75 71
18 76 173
18 77 53
18 78 111
18 79 132
18 80 184
18 81 186
18 82 116
18 83 95
18 84 150
18 85 101
18 86 103
18 87 121
18 88 35
18 89 168
18 90 65
18 91 126
18 92 53
18 93 121
18 94 50
18 95 81
18 96 166
18 97 73
18 98 112
18 99 120
19 20 65
19 21 74
19 22 72
19 23 41
19 24 131
19 25 90
19 26 73
19 27 156
19 28 70
19 29 112
19 30 74
19 31 49
19 32 111
19 33 133
19 34 16
19 35 171
19 36 10
19 37 150
19 38 136
19 39 91
19 40 168
19 41 145
19 42 142
19 43 43
19 44 103
19 45 78
19 46 25
19 47 113
19 48 30
19 49 0
19 50 168
19 51 66
19 52 160
19 53 9
19 54 40
19 55 181
19 56 115
19 57 151
19 58 137
19 59 104
19 60 24
19 61 142
19 62 48
19 63 82
19 64 53
19 65 190
19 66 96
19 67 164
19 68 8
19 69 127
19 70 4
19 71 61
19 72 188
19 73 176
19 74 85
19 75 87
19 76 188
19 77 133
19 78 22
19 79 165
19 80 109
19 81 52
19 82 62
19 83 139
19 84 91
19 85 104
19 86 118
19 87 170
19 88 6
19 89 93
19 90 129
19 91 174
19 92 1
19 93 101
19 94 11
19 95 183
19 96 43
19 97 45
19 98 34
19 99 124
20 21 122
20 22 57
20 23 70
20 24 8
20 25 183
20 26 156
20 27 98
20 28 168
20 29 103
20 30 158
20 31 153
20 32 124
20 33 44
20 34 111
20 35 120
20 36 23
20 37 139
20 38 109
20 39 62
20 40 56
20 41 188
20 42 185
20 43 2
20 44 110
20 45 60
20 46 124
20 47 33
20 48 28
20 49 144
20 50 59
20 51 95
20 52 144
20 53 79
20 54 170
20 55 112
20 56 73
20 57 73
20 58 104
20 59 57
20 60 163
20 61 153
20 62 4
20 63 189
20 64 199
20 65 150
20 66 120
20 67 166
20 68 43
20 69 71
20 70 174
20 71 192
20 72 125
20 73 85
20 74 28
20 75 118
20 76 164
20 77 191
20 78 19
20 79 177
20 80 38
20 81 99
20 82 138
20 83 17
20 84 2
20 85 175
20 86 92
20 87 59
20 88 57
20 89 62
20 90 189
20 91 70
20 92 85
20 93 51
20 94 10
20 95 119
20 96 73
20 97 192
20 98 155
20 99 142
21 22 166
21 23 58
21 24 184
21 25 134
21 26 110
21 27 167
21 28 114
21 29 138
21 30 180
21 31 37
21 32 199
21 33 75
21 34 166
21 35 22
21 36 14
21 37 77
21 38 126
21 39 184
21 40 114
21 41 68
21 42 26
21 43 130
21 44 174
21 45 8
21 46 180
21 47 120
21 48 120
21 49 192
21 50 178
21 51 173
21 52 200
21 53 13
21 54 193
21 55 88
21 56 135
21 57 147
21 58 80
21 59 102
21 60 47
21 61 98
21 62 13
21 63 17
21 64 137
21 65 159
21 66 84
21 67 154
21 68 76
21 69 77
21 70 61
21 71 194
21 72 128
21 73 34
21 74 9
21 75 123
21 76 50
21 77 159
21 78 120
21 79 171
21 80 105
21 81 104
21 82 141
21 83 160
21 84 193
21 85 32
21 86 79
21 87 87
21 88 64
21 89 69
21 90 127
21 91 15
21 92 132
21 93 5
21 94 118
21 95 45
21 96 12
21 97 64
21 98 6
21 99 166
22 23 0
22 24 194
22 25 189
22 26 74
22 27 54
22 28 92
22 29 105
22 30 178
22 31 180
22 32 44
22 33 69
22 34 159
22 35 93
22 36 101
22 37 66
22 38 91
22 39 37
22 40 83
22 41 154
22 42 120
22 43 170
22 44 34
22 45 165
22 46 190
22 47 173
22 48 79
22 49 92
22 50 43
22 51 27
22 52 105
22 53 38
22 54 145
22 55 104
22 56 9
22 57 85
22 58 182
22 59 165
22 60 180
22 61 188
22 62 193
22 63 1
22 64 95
22 65 68
22 66 37
22 67 54
22 68 149
22 69 119
22 70 126
22 71 12
22 72 186
22 73 190
22 74 23
22 75 172
22 76 59
22 77 87
22 78 41
22 79 189
22 80 75
22 81 152
22 82 110
22 83 193
22 84 25
22 85 23
22 86 104
22 87 86
22 88 91
22 89 53
22 90 147
22 91 117
22 92 73
22 93 60
22 94 76
22 95 185
22 96 169
22 97 197
22 98 65
22 99 95
23 24 50
23 25 156
23 26 14
23 27 55
23 28 79
23 29 142
23 30 105
23 31 113
23 32 176
23 33 144
23 34 159
23 35 163
23 36 198
23 37 30
23 38 137
23 39 95
23 40 92
23 41 96
23 42 167
23 43 195
23 44 170
23 45 199
23 46 68
23 47 164
23 48 80
23 49 102
23 50 7
23 51 197
23 52 144
23 53 18
23 54 85
23 55 160
23 56 78
23 57 50
23 58 15
23 59 100
23 60 16
23 61 137
23 62 124
23 63 117
23 64 192
23 65 74
23 66 97
23 67 118
23 68 153
23 69 101
23 70 10
23 71 101
23 72 35
23 73 88
23 74 140
23 75 45
23 76 40
23 77 67
23 78 2
23 79 107
23 80 45
23 81 147
23 82 129
23 83 62
23 84 145
23 85 61
23 86 85
23 87 42
23 88 26
23 89 101
23 90 25
23 91 70
23 92 33
23 93 129
23 94 134
23 95 10
23 96 25
23 97 48
23 98 99
23 99 45
24 25 95
24 26 62
24 27 172
24 28 95
24 29 8
24 30 60
24 31 37
24 32 118
24 33 180
24 34 172
24 35 132
24 36 54
24 37 119
24 38 111
24 39 170
24 40 57
24 41 183
24 42 34
24 43 178
24 44 0
24 45 55
24 46 165
24 47 185
24 48 181
24 49 74
24 50 137
24 51 150
24 52 114
24 53 188
24 54 67
24 55 181
24 56 108
24 57 78
24 58 96
24 59 153
24 60 138
24 61 19
24 62 104
24 63 76
24 64 177
24 65 102
24 66 141
24 67 111
24 68 164
24 69 118
24 70 77
24 71 186
24 72 92
24 73 198
24 74 143
24 75 56
24 76 115
24 77 127
24 78 69
24 79 115
24 80 3
24 81 23
24 82 172
24 83 166
24 84 175
24 85 180
24 86 31
24 87 100
24 88 167
24 89 44
24 90 129
24 91 165
24 92 52
24 93 135
24 94 100
24 95 52
24 96 137
24 97 193
24 98 195
24 99 122
25 26 77
25 27 34
25 28 166
25 29 115
25 30 76
25 31 34
25 32 178
25 33 100
25 34 81
25 35 199
25 36 197
25 37 97
25 38 20
25 39 143
25 40 118
25 41 107
25 42 155
25 43 66
25 44 19
25 45 24
25 46 199
25 47 55
25 48 146
25 49 97
25 50 98
25 51 47
25 52 142
25 53 7
25 54 103
25 55 84
25 56 125
25 57 73
25 58 119
25 59 71
25 60 66
25 61 200
25 62 81
25 63 54
25 64 179
25 65 149
25 66 58
25 67 56
25 68 88
25 69 156
25 70 199
25 71 61
25 72 199
25 73 183
25 74 19
25 75 184
25 76 21
25 77 120
25 78 24
25 79 50
25 80 67
25 81 92
25 82 38
25 83 90
25 84 93
25 85 41
25 86 152
25 87 187
25 88 167
25 89 107
25 90 150
25 91 102
25 92 42
25 93 46
25 94 130
25 95 189
25 96 39
25 97 111
25 98 147
25 99 11
26 27 163
26 28 158
26 29 79
26 30 75
26 31 182
26 32 190
26 33 42
26 34 174
26 35 158
26 36 137
26 37 200
26 38 123
26 39 126
26 40 56
26 41 4
26 42 13
26 43 48
26 44 66
26 45 135
26 46 159
26 47 63
26 48 12
26 49 73
26 50 164
26 51 178
26 52 65
26 53 0
26 54 80
26 55 77
26 56 91
26 57 70
26 58 192
26 59 160
26 60 192
26 61 31
26 62 158
26 63 47
26 64 193
26 65 26
26 66 58
26 67 196
26 68 188
26 69 195
26 70 78
26 71 106
26 72 74
26 73 167
26 74 195
26 75 157
26 76 164
26 77 19
26 78 106
26 79 24
26 80 183
26 81 135
26 82 151
26 83 87
26 84 23
26 85 115
26 86 118
26 87 104
26 88 56
26 89 79
26 90 54
26 91 195
26 92 179
26 93 0
26 94 123
26 95 131
26 96 144
26 97 125
26 98 174
26 99 81
27 28 48
27 29 20
27 30 52
27 31 101
27 32 27
27 33 47
27 34 187
27 35 155
27 36 20
27 37 95
27 38 59
27 39 40
27 40 195
27 41 199
27 42 103
27 43 42
27 44 109
27 45 80
27 46 109
27 47 187
27 48 10
27 49 188
27 50 41
27 51 197
27 52 106
27 53 37
27 54 107
27 55 94
27 56 20
27 57 139
27 58 58
27 59 11
27 60 61
27 61 169
27 62 155
27 63 109
27 64 178
27 65 115
27 66 140
27 67 200
27 68 156
27 69 132
27 70 67
27 71 32
27 72 45
27 73 18
27 74 48
27 75 195
27 76 139
27 77 192
27 78 16
27 79 111
27 80 39
27 81 105
27 82 20
27 83 2
27 84 90
27 85 51
27 86 22
27 87 194
27 88 183
27 89 9
27 90 74
27 91 122
27 92 61
27 93 90
27 94 134
27 95 131
27 96 156
27 97 144
27 98 169
27 99 29
28 29 15
28 30 17
28 31 18
28 32 55
28 33 0
28 34 137
28 35 120
28 36 79
28 37 54
28 38 21
28 39 8
28 40 64
28 41 9
28 42 40
28 43 76
28 44 148
28 45 58
28 46 9
28 47 180
28 48 90
28 49 30
28 50 118
28 51 22
28 52 184
28 53 39
28 54 164
28 55 187
28 56 47
28 57 152
28 58 19
28 59 85
28 60 190
28 61 4
28 62 92
28 63 172
28 64 9
28 65 92
28 66 15
28 67 86
28 68 61
28 69 68
28 70 69
28 71 14
28 72 98
28 73 72
28 74 50
28 75 33
28 76 10
28 77 84
28 78 151
28 79 82
28 80 105
28 81 110
28 82 28
28 83 9
28 84 164
28 85 50
28 86 94
28 87 87
28 88 179
28 89 54
28 90 152
28 91 1
28 92 16
28 93 62
28 94 161
28 95 147
28 96 91
28 97 187
28 98 0
28 99 38
29 30 78
29 31 50
29 32 126
29 33 58
29 34 188
29 35 129
29 36 91
29 37 192
29 38 132
29 39 106
29 40 172
29 41 31
29 42 139
29 43 47
29 44 116
29 45 192
29 46 55
29 47 64
29 48 114
29 49 186
29 50 51
29 51 181
29 52 90
29 53 130
29 54 153
29 55 36
29 56 91
29 57 1
29 58 99
29 59 138
29 60 139
29 61 161
29 62 26
29 63 37
29 64 85
29 65 95
29 66 126
29 67 150
29 68 29
29 69 71
29 70 187
29 71 200
29 72 89
29 73 50
29 74 176
29 75 37
29 76 12
29 77 96
29 78 18
29 79 13
29 80 64
29 81 62
29 82 6
29 83 88
29 84 50
29 85 178
29 86 199
29 87 24
29 88 103
29 89 157
29 90 179
29 91 180
29 92 185
29 93 187
29 94 57
29 95 114
29 96 78
29 97 200
29 98 77
29 99 200
30 31 82
30 32 39
30 33 14
30 34 49
30 35 85
30 36 42
30 37 23
30 38 115
30 39 92
30 40 83
30 41 161
30 42 116
30 43 129
30 44 29
30 45 118
30 46 115
30 47 151
30 48 68
30 49 147
30 50 146
30 51 124
30 52 65
30 53 196
30 54 126
30 55 84
30 56 48
30 57 119
30 58 64
30 59 159
30 60 30
30 61 117
30 62 111
30 63 9
30 64 160
30 65 170
30 66 21
30 67 162
30 68 138
30 69 38
30 70 191
30 71 97
30 72 105
30 73 170
30 74 44
30 75 199
30 76 20
30 77 175
30 78 0
30 79 60
30 80 155
30 81 111
30 82 172
30 83 167
30 84 198
30 85 16
30 86 55
30 87 184
30 88 160
30 89 76
30 90 186
30 91 194
30 92 8
30 93 87
30 94 34
30 95 124
30 96 149
30 97 81
30 98 147
30 99 0
31 32 90
31 33 36
31 34 8
31 35 54
31 36 152
31 37 78
31 38 122
31 39 40
31 40 192
31 41 115
31 42 176
31 43 61
31 44 118
31 45 26
31 46 23
31 47 113
31 48 75
31 49 40
31 50 172
31 51 92
31 52 126
31 53 68
31 54 29
31 55 142
31 56 78
31 57 32
31 58 172
31 59 109
31 60 39
31 61 15
31 62 4
31 63 96
31 64 111
31 65 125
31 66 106
31 67 172
31 68 76
31 69 131
31 70 88
31 71 147
31 72 170
31 73 44
31 74 38
31 75 104
31 76 75
31 77 113
31 78 116
31 79 73
31 80 196
31 81 178
31 82 175
31 83 127
31 84 10
31 85 82
31 86 169
31 87 56
31 88 92
31 89 161
31 90 87
31 91 4
31 92 127
31 93 63
31 94 96
31 95 180
31 96 66
31 97 181
31 98 106
31 99 138
32 33 164
32 34 35
32 35 1
32 36 48
32 37 62
32 38 128
32 39 11
32 40 161
32 41 146
32 42 22
32 43 115
32 44 115
32 45 79
32 46 99
32 47 89
32 48 99
32 49 57
32 50 62
32 51 24
32 52 40
32 53 187
32 54 112
32 55 15
32 56 176
32 57 138
32 58 96
32 59 113
32 60 52
32 61 1
32 62 162
32 63 73
32 64 0
32 65 190
32 66 41
32 67 96
32 68 14
32 69 49
32 70 127
32 71 111
32 72 199
32 73 117
32 74 40
32 75 58
32 76 68
32 77 100
32 78 93
32 79 8
32 80 116
32 81 89
32 82 116
32 83 151
32 84 129
32 85 35
32 86 72
32 87 116
32 88 115
32 89 13
32 90 15
32 91 125
32 92 78
32 93 50
32 94 93
32 95 84
32 96 122
32 97 110
32 98 102
32 99 178
33 34 2
33 35 32
33 36 47
33 37 115
33 38 58
33 39 13
33 40 26
33 41 78
33 42 163
33 43 133
33 44 125
33 45 106
33 46 63
33 47 110
33 48 4
33 49 82
33 50 179
33 51 97
33 52 116
33 53 170
33 54 155
33 55 166
33 56 22
33 57 148
33 58 60
33 59 129
33 60 4
33 61 197
33 62 104
33 63 142
33 64 31
33 65 114
33 66 41
33 67 44
33 68 136
33 69 171
33 70 152
33 71 42
33 72 128
33 73 195
33 74 134
33 75 152
33 76 171
33 77 88
33 78 54
33 79 64
33 80 90
33 81 17
33 82 76
33 83 175
33 84 168
33 85 185
33 86 60
33 87 182
33 88 131
33 89 152
33 90 28
33 91 66
33 92 158
33 93 59
33 94 57
33 95 89
33 96 64
33 97 192
33 98 82
33 99 109
34 35 72
34 36 37
34 37 44
34 38 135
34 39 39
34 40 72
34 41 87
34 42 5
34 43 190
34 44 166
34 45 121
34 46 167
34 47 155
34 48 116
34 49 37
34 50 200
34 51 14
34 52 113
34 53 27
34 54 150
34 55 4
34 56 111
34 57 57
34 58 76
34 59 8
34 60 155
34 61 148
34 62 185
34 63 73
34 64 182
34 65 76
34 66 157
34 67 153
34 68 176
34 69 113
34 70 52
34 71 177
34 72 154
34 73 14
34 74 157
34 75 46
34 76 46
34 77 190
34 78 114
34 79 176
34 80 185
34 81 157
34 82 92
34 83 96
34 84 2
34 85 112
34 86 182
34 87 117
34 88 121
34 89 100
34 90 170
34 91 112
34 92 26
34 93 106
34 94 23
34 95 51
34 96 17
34 97 106
34 98 68
34 99 98
35 36 9
35 37 161
35 38 30
35 39 148
35 40 70
35 41 174
35 42 115
35 43 105
35 44 60
35 45 38
35 46 195
35 47 84
35 48 80
35 49 138
35 50 175
35 51 82
35 52 140
35 53 50
35 54 122
35 55 172
35 56 72
35 57 3
35 58 44
35 59 2
35 60 44
35 61 200
35 62 173
35 63 194
35 64 52
35 65 163
35 66 23
35 67 89
35 68 200
35 69 24
35 70 173
35 71 73
35 72 145
35 73 12
35 74 159
35 75 143
35 76 40
35 77 129
35 78 151
35 79 53
35 80 9
35 81 184
35 82 185
35 83 189
35 84 87
35 85 121
35 86 185
35 87 60
35 88 107
35 89 96
35 90 123
35 91 75
35 92 143
35 93 186
35 94 9
35 95 39
35 96 26
35 97 90
35 98 185
35 99 62
36 37 151
36 38 172
36 39 183
36 40 129
36 41 147
36 42 170
36 43 90
36 44 140
36 45 142
36 46 26
36 47 93
36 48 157
36 49 57
36 50 18
36 51 12
36 52 98
36 53 58
36 54 11
36 55 132
36 56 200
36 57 59
36 58 116
36 59 111
36 60 49
36 61 42
36 62 60
36 63 11
36 64 148
36 65 135
36 66 155
36 67 172
36 68 85
36 69 104
36 70 99
36 71 77
36 72 66
36 73 119
36 74 71
36 75 109
36 76 41
36 77 162
36 78 87
36 79 188
36 80 123
36 81 143
36 82 2
36 83 155
36 84 2
36 85 34
36 86 147
36 87 179
36 88 168
36 89 17
36 90 164
36 91 131
36 92 141
36 93 184
36 94 76
36 95 140
36 96 66
36 97 89
36 98 119
36 99 109
37 38 12
37 39 81
37 40 2
37 41 67
37 42 187
37 43 174
37 44 54
37 45 147
37 46 129
37 47 90
37 48 46
37 49 64
37 50 20
37 51 39
37 52 104
37 53 174
37 54 23
37 55 77
37 56 130
37 57 97
37 58 156
37 59 19
37 60 38
37 61 66
37 62 102
37 63 91
37 64 107
37 65 17
37 66 198
37 67 103
37 68 51
37 69 159
37 70 128
37 71 148
37 72 78
37 73 111
37 74 192
37 75 159
37 76 71
37 77 101
37 78 195
37 79 59
37 80 160
37 81 27
37 82 97
37 83 67
37 84 125
37 85 55
37 86 143
37 87 100
37 88 126
37 89 40
37 90 40
37 91 74
37 92 33
37 93 94
37 94 106
37 95 183
37 96 17
37 97 42
37 98 74
37 99 129
38 39 122
38 40 134
38 41 192
38 42 42
38 43 6
38 44 192
38 45 85
38 46 6
38 47 58
38 48 108
38 49 18
38 50 39
38 51 9
38 52 156
38 53 188
38 54 158
38 55 79
38 56 137
38 57 148
38 58 41
38 59 94
38 60 76
38 61 39
38 62 84
38 63 168
38 64 110
38 65 132
38 66 12
38 67 95
38 68 181
38 69 119
38 70 137
38 71 131
38 72 72
38 73 163
38 74 186
38 75 54
38 76 190
38 77 175
38 78 191
38 79 101
38 80 178
38 81 0
38 82 33
38 83 18
38 84 92
38 85 156
38 86 72
38 87 116
38 88 197
38 89 130
38 90 188
38 91 146
38 92 186
38 93 189
38 94 85
38 95 67
38 96 144
38 97 126
38 98 68
38 99 194
39 40 183
39 41 72
39 42 178
39 43 10
39 44 5
39 45 200
39 46 107
39 47 112
39 48 52
39 49 165
39 50 161
39 51 68
39 52 93
39 53 18
39 54 125
39 55 179
39 56 43
39 57 191
39 58 10
39 59 160
39 60 174
39 61 79
39 62 4
39 63 5
39 64 52
39 65 84
39 66 158
39 67 100
39 68 62
39 69 100
39 70 167
39 71 163
39 72 119
39 73 91
39 74 37
39 75 96
39 76 111
39 77 173
39 78 128
39 79 140
39 80 67
39 81 147
39 82 168
39 83 177
39 84 5
39 85 59
39 86 177
39 87 79
39 88 192
39 89 194
39 90 117
39 91 106
39 92 78
39 93 138
39 94 158
39 95 87
39 96 65
39 97 30
39 98 74
39 99 170
40 41 17
40 42 154
40 43 112
40 44 37
40 45 194
40 46 139
40 47 80
40 48 140
40 49 98
40 50 171
40 51 103
40 52 130
40 53 148
40 54 88
40 55 114
40 56 0
40 57 144
40 58 99
40 59 157
40 60 54
40 61 72
40 62 18
40 63 73
40 64 89
40 65 76
40 66 181
40 67 199
40 68 180
40 69 78
40 70 19
40 71 179
40 72 89
40 73 45
40 74 90
40 75 200
40 76 10
40 77 194
40 78 26
40 79 12
40 80 150
40 81 84
40 82 163
40 83 137
40 84 186
40 85 23
40 86 73
40 87 27
40 88 36
40 89 90
40 90 134
40 91 17
40 92 23
40 93 135
40 94 175
40 95 32
40 96 180
40 97 105
40 98 68
40 99 45
41 42 78
41 43 175
41 44 76
41 45 33
41 46 31
41 47 62
41 48 31
41 49 40
41 50 38
41 51 109
41 52 186
41 53 48
41 54 163
41 55 36
41 56 94
41 57 51
41 58 133
41 59 1
41 60 90
41 61 24
41 62 29
41 63 154
41 64 183
41 65 163
41 66 68
41 67 146
41 68 192
41 69 13
41 70 181
41 71 84
41 72 15
41 73 123
41 74 178
41 75 123
41 76 21
41 77 50
41 78 103
41 79 31
41 80 154
41 81 6
41 82 60
41 83 17
41 84 184
41 85 150
41 86 175
41 87 118
41 88 18
41 89 173
41 90 77
41 91 136
41 92 166
41 93 4
41 94 22
41 95 197
41 96 55
41 97 11
41 98 15
41 99 178
42 43 52
42 44 115
42 45 183
42 46 90
42 47 47
42 48 16
42 49 165
42 50 200
42 51 91
42 52 38
42 53 31
42 54 70
42 55 53
42 56 163
42 57 93
42 58 76
42 59 125
42 60 21
42 61 48
42 62 167
42 63 172
42 64 187
42 65 23
42 66 24
42 67 190
42 68 21
42 69 101
42 70 13
42 71 16
42 72 186
42 73 16
42 74 137
42 75 97
42 76 164
42 77 84
42 78 189
42 79 61
42 80 53
42 81 72
42 82 169
42 83 151
42 84 145
42 85 180
42 86 173
42 87 11
42 88 93
42 89 161
42 90 142
42 91 61
42 92 24
42 93 191
42 94 10
42 95 194
42 96 155
42 97 157
42 98 0
42 99 102
43 44 191
43 45 28
43 46 116
43 47 175
43 48 135
43 49 43
43 50 82
43 51 57
43 52 4
43 53 157
43 54 187
43 55 37
43 56 146
43 57 31
43 58 6
43 59 43
43 60 184
43 61 16
43 62 85
43 63 50
43 64 4
43 65 105
43 66 99
43 67 80
43 68 142
43 69 177
43 70 55
43 71 109
43 72 42
43 73 53
43 74 67
43 75 196
43 76 123
43 77 57
43 78 78
43 79 135
43 80 113
43 81 16
43 82 90
43 83 32
43 84 48
43 85 71
43 86 152
43 87 94
43 88 185
43 89 197
43 90 110
43 91 23
43 92 141
43 93 26
43 94 50
43 95 64
43 96 169
43 97 194
43 98 122
43 99 198
44 45 60
44 46 39
44 47 166
44 48 40
44 49 2
44 50 122
44 51 194
44 52 76
44 53 23
44 54 47
44 55 131
44 56 161
44 57 31
44 58 145
44 59 122
44 60 17
44 61 199
44 62 21
44 63 172
44 64 127
44 65 187
44 66 147
44 67 38
44 68 29
44 69 184
44 70 8
44 71 41
44 72 65
44 73 160
44 74 9
44 75 163
44 76 110
44 77 184
44 78 160
44 79 115
44 80 106
44 81 63
44 82 95
44 83 95
44 84 177
44 85 128
44 86 105
44 87 112
44 88 82
44 89 88
44 90 168
44 91 18
44 92 143
44 93 180
44 94 185
44 95 126
44 96 17
44 97 112
44 98 172
44 99 65
45 46 186
45 47 108
45 48 161
45 49 88
45 50 87
45 51 84
45 52 116
45 53 182
45 54 94
45 55 87
45 56 116
45 57 168
45 58 56
45 59 31
45 60 153
45 61 122
45 62 8
45 63 183
45 64 11
45 65 141
45 66 157
45 67 74
45 68 68
45 69 61
45 70 0
45 71 98
45 72 118
45 73 40
45 74 186
45 75 173
45 76 25
45 77 183
45 78 175
45 79 93
45 80 155
45 81 15
45 82 105
45 83 65
45 84 143
45 85 5
45 86 16
45 87 46
45 88 128
45 89 168
45 90 75
45 91 79
45 92 2
45 93 16
45 94 27
45 95 75
45 96 41
45 97 140
45 98 149
45 99 79
46 47 80
46 48 138
46 49 93
46 50 11
46 51 48
46 52 41
46 53 194
46 54 27
46 55 174
46 56 120
46 57 147
46 58 162
46 59 184
46 60 27
46 61 87
46 62 200
46 63 47
46 64 140
46 65 8
46 66 61
46 67 177
46 68 32
46 69 182
46 70 43
46 71 10
46 72 147
46 73 99
46 74 49
46 75 141
46 76 91
46 77 177
46 78 195
46 79 127
46 80 8
46 81 104
46 82 12
46 83 114
46 84 58
46 85 174
46 86 118
46 87 113
46 88 46
46 89 103
46 90 145
46 91 25
46 92 82
46 93 154
46 94 145
46 95 99
46 96 168
46 97 58
46 98 180
46 99 71
47 48 152
47 49 78
47 50 163
47 51 152
47 52 188
47 53 9
47 54 194
47 55 22
47 56 180
47 57 92
47 58 18
47 59 1
47 60 10
47 61 141
47 62 65
47 63 73
47 64 92
47 65 197
47 66 107
47 67 182
47 68 40
47 69 175
47 70 44
47 71 175
47 72 106
47 73 123
47 74 53
47 75 160
47 76 167
47 77 74
47 78 86
47 79 9
47 80 84
47 81 90
47 82 57
47 83 188
47 84 191
47 85 2
47 86 82
47 87 149
47 88 40
47 89 159
47 90 47
47 91 114
47 92 150
47 93 42
47 94 34
47 95 40
47 96 102
47 97 118
47 98 32
47 99 29
48 49 178
48 50 103
48 51 150
48 52 11
48 53 54
48 54 68
48 55 112
48 56 25
48 57 46
48 58 197
48 59 129
48 60 181
48 61 5
48 62 20
48 63 40
48 64 130
48 65 164
48 66 151
48 67 8
48 68 199
48 69 82
48 70 131
48 71 82
48 72 123
48 73 77
48 74 102
48 75 14
48 76 98
48 77 124
48 78 54
48 79 8
48 80 127
48 81 38
48 82 18
48 83 176
48 84 18
48 85 5
48 86 95
48 87 191
48 88 111
48 89 106
48 90 54
48 91 177
48 92 52
48 93 84
48 94 127
48 95 94
48 96 53
48 97 20
48 98 181
48 99 132
49 50 9
49 51 78
49 52 59
49 53 47
49 54 66
49 55 1
49 56 116
49 57 149
49 58 19
49 59 84
49 60 127
49 61 138
49 62 87
49 63 108
49 64 21
49 65 102
49 66 53
49 67 55
49 68 84
49 69 11
49 70 159
49 71 178
49 72 168
49 73 180
49 74 16
49 75 180
49 76 23
49 77 200
49 78 148
49 79 187
49 80 32
49 81 119
49 82 182
49 83 145
49 84 81
49 85 18
49 86 111
49 87 195
49 88 49
49 89 60
49 90 178
49 91 43
49 92 39
49 93 127
49 94 40
49 95 128
49 96 43
49 97 135
49 98 24
49 99 195
50 51 106
50 52 6
50 53 145
50 54 187
50 55 26
50 56 146
50 57 58
50 58 50
50 59 189
50 60 180
50 61 22
50 62 91
50 63 150
50 64 94
50 65 64
50 66 167
50 67 74
50 68 64
50 69 100
50 70 172
50 71 67
50 72 15
50 73 171
50 74 154
50 75 12
50 76 96
50 77 107
50 78 45
50 79 88
50 80 110
50 81 148
50 82 78
50 83 37
50 84 56
50 85 125
50 86 93
50 87 157
50 88 162
50 89 60
50 90 115
50 91 155
50 92 123
50 93 178
50 94 169
50 95 29
50 96 143
50 97 151
50 98 138
50 99 117
51 52 77
51 53 33
51 54 119
51 55 15
51 56 21
51 57 147
51 58 129
51 59 120
51 60 117
51 61 153
51 62 81
51 63 189
51 64 56
51 65 98
51 66 176
51 67 184
51 68 0
51 69 164
51 70 153
51 71 158
51 72 66
51 73 128
51 74 103
51 75 17
51 76 120
51 77 153
51 78 80
51 79 28
51 80 37
51 81 108
51 82 88
51 83 72
51 84 60
51 85 117
51 86 131
51 87 154
51 88 18
51 89 143
51 90 14
51 91 154
51 92 198
51 93 59
51 94 192
51 95 114
51 96 199
51 97 52
51 98 165
51 99 191
52 53 186
52 54 176
52 55 177
52 56 151
52 57 18
52 58 53
52 59 60
52 60 27
52 61 22
52 62 150
52 63 200
52 64 176
52 65 62
52 66 145
52 67 45
52 68 84
52 69 152
52 70 82
52 71 19
52 72 8
52 73 20
52 74 185
52 75 122
52 76 148
52 77 199
52 78 42
52 79 4
52 80 93
52 81 77
52 82 167
52 83 21
52 84 15
52 85 156
52 86 107
52 87 78
52 88 108
52 89 61
52 90 68
52 91 71
52 92 160
52 93 112
52 94 18
52 95 149
52 96 42
52 97 23
52 98 35
52 99 126
53 54 61
53 55 74
53 56 162
53 57 66
53 58 194
53 59 166
53 60 34
53 61 144
53 62 38
53 63 93
53 64 33
53 65 68
53 66 169
53 67 96
53 68 43
53 69 147
53 70 165
53 71 32
53 72 56
53 73 115
53 74 100
53 75 71
53 76 15
53 77 29
53 78 140
53 79 116
53 80 108
53 81 109
53 82 19
53 83 104
53 84 33
53 85 126
53 86 49
53 87 101
53 88 35
53 89 25
53 90 57
53 91 59
53 92 154
53 93 20
53 94 189
53 95 65
53 96 82
53 97 107
53 98 104
53 99 17
54 55 180
54 56 42
54 57 140
54 58 154
54 59 57
54 60 76
54 61 198
54 62 175
54 63 66
54 64 132
54 65 3
54 66 141
54 67 63
54 68 126
54 69 199
54 70 71
54 71 133
54 72 34
54 73 24
54 74 13
54 75 177
54 76 35
54 77 15
54 78 5
54 79 176
54 80 157
54 81 125
54 82 20
54 83 180
54 84 6
54 85 158
54 86 113
54 87 29
54 88 2
54 89 82
54 90 197
54 91 5
54 92 18
54 93 90
54 94 86
54 95 163
54 96 74
54 97 56
54 98 186
54 99 80
