100 4779
0 1 196
0 2 57
0 3 85
0 4 152
0 5 61
0 6 40
0 7 71
0 8 95
0 9 11
0 10 168
0 11 125
0 12 162
0 13 182
0 14 72
0 15 26
0 16 50
0 17 129
0 18 34
0 19 37
0 20 108
0 21 155
0 22 118
0 23 96
0 24 19
0 25 131
0 26 77
0 27 134
0 28 46
0 29 58
0 30 161
0 31 159
0 32 40
0 33 21
0 34 92
0 35 153
0 36 148
0 37 45
0 38 200
0 39 80
0 40 144
0 41 59
0 42 58
0 43 172
0 44 103
0 45 89
0 46 49
0 47 161
0 48 28
0 49 114
0 50 98
0 51 143
0 52 64
0 53 149
0 54 132
0 55 174
0 56 152
0 57 50
0 58 124
0 59 191
0 60 164
0 61 41
0 62 61
0 63 190
0 64 122
0 65 89
0 66 41
0 67 8
0 68 127
0 69 33
0 70 159
0 71 67
0 72 34
0 73 144
0 74 146
0 75 191
0 76 142
0 77 172
0 78 167
0 79 121
0 80 181
0 81 198
0 82 76
0 83 193
0 84 15
0 85 5
0 86 10
0 87 26
0 88 145
0 89 56
0 90 137
0 91 186
0 92 99
0 93 196
0 94 130
0 95 168
0 96 177
0 97 61
0 98 79
0 99 14
1 2 86
1 3 114
1 4 177
1 5 156
1 6 158
1 7 62
1 8 45
1 9 74
1 10 56
1 11 183
1 12 73
1 13 176
1 14 116
1 15 93
1 16 181
1 17 187
1 18 52
1 19 14
1 20 14
1 21 56
1 22 131
1 23 136
1 24 143
1 25 55
1 26 57
1 27 24
1 28 60
1 29 25
1 30 74
1 31 168
1 32 31
1 33 43
1 34 185
1 35 42
1 36 194
1 37 52
1 38 140
1 39 152
1 40 154
1 41 10
1 42 40
1 43 69
1 44 9
1 45 165
1 46 29
1 47 134
1 48 99
1 49 14
1 50 101
1 51 25
1 52 70
1 53 24
1 54 83
1 55 94
1 56 24
1 57 176
1 58 91
1 59 81
1 60 3
1 61 183
1 62 152
1 63 153
1 64 156
1 65 182
1 66 82
1 67 48
1 68 122
1 69 174
1 70 24
1 71 181
1 72 104
1 73 142
1 74 42
1 75 105
1 76 2
1 77 111
1 78 171
1 79 54
1 80 44
1 81 138
1 82 24
1 83 14
1 84 40
1 85 38
1 86 107
1 87 36
1 88 6
1 89 27
1 90 133
1 91 173
1 92 190
1 93 190
1 94 146
1 95 48
1 96 195
1 97 62
1 98 153
1 99 95
2 3 149
2 4 143
2 5 198
2 6 188
2 7 135
2 8 85
2 9 187
2 10 138
2 11 57
2 12 99
2 13 151
2 14 41
2 15 6
2 16 55
2 17 156
2 18 175
2 19 101
2 20 200
2 21 144
2 22 78
2 23 51
2 24 168
2 25 79
2 26 111
2 27 17
2 28 24
2 29 51
2 30 119
2 31 189
2 32 186
2 33 48
2 34 119
2 35 168
2 36 152
2 37 194
2 38 71
2 39 37
2 40 13
2 41 163
2 42 174
2 43 135
2 44 194
2 45 200
2 46 72
2 47 79
2 48 106
2 49 44
2 50 49
2 51 107
2 52 196
2 53 188
2 54 152
2 55 35
2 56 176
2 57 79
2 58 162
2 59 113
2 60 168
2 61 22
2 62 21
2 63 53
2 64 65
2 65 114
2 66 87
2 67 172
2 68 27
2 69 69
2 70 18
2 71 18
2 72 107
2 73 167
2 74 134
2 75 168
2 76 8
2 77 146
2 78 119
2 79 46
2 80 16
2 81 55
2 82 11
2 83 85
2 84 112
2 85 19
2 86 87
2 87 42
2 88 88
2 89 120
2 90 147
2 91 166
2 92 167
2 93 194
2 94 151
2 95 158
2 96 146
2 97 84
2 98 140
2 99 195
3 4 69
3 5 81
3 6 194
3 7 178
3 8 117
3 9 108
3 10 157
3 11 108
3 12 53
3 13 21
3 14 61
3 15 195
3 16 90
3 17 55
3 18 3
3 19 161
3 20 177
3 21 74
3 22 151
3 23 34
3 24 36
3 25 70
3 26 112
3 27 157
3 28 69
3 29 36
3 30 176
3 31 188
3 32 164
3 33 59
3 34 58
3 35 178
3 36 112
3 37 156
3 38 9
3 39 187
3 40 75
3 41 41
3 42 99
3 43 123
3 44 194
3 45 50
3 46 103
3 47 155
3 48 113
3 49 87
3 50 111
3 51 192
3 52 80
3 53 117
3 54 96
3 55 10
3 56 148
3 57 128
3 58 158
3 59 80
3 60 152
3 61 139
3 62 33
3 63 30
3 64 179
3 65 145
3 66 179
3 67 148
3 68 162
3 69 185
3 70 108
3 71 54
3 72 131
3 73 86
3 74 114
3 75 139
3 76 58
3 77 115
3 78 56
3 79 94
3 80 36
3 81 41
3 82 79
3 83 160
3 84 181
3 85 95
3 86 59
3 87 67
3 88 187
3 89 143
3 90 74
3 91 108
3 92 142
3 93 92
3 94 66
3 95 47
3 96 37
3 97 121
3 98 29
3 99 139
4 5 182
4 6 15
4 7 52
4 8 60
4 9 190
4 10 50
4 11 155
4 12 58
4 13 147
4 14 142
4 15 42
4 16 55
4 17 29
4 18 175
4 19 145
4 20 141
4 21 110
4 22 39
4 23 12
4 24 110
4 25 180
4 26 194
4 27 89
4 28 193
4 29 80
4 30 78
4 31 129
4 32 57
4 33 194
4 34 90
4 35 161
4 36 39
4 37 199
4 38 181
4 39 59
4 40 88
4 41 132
4 42 151
4 43 177
4 44 0
4 45 152
4 46 164
4 47 191
4 48 41
4 49 137
4 50 100
4 51 19
4 52 161
4 53 0
4 54 43
4 55 134
4 56 74
4 57 132
4 58 175
4 59 95
4 60 125
4 61 160
4 62 1
4 63 76
4 64 34
4 65 139
4 66 77
4 67 86
4 68 15
4 69 5
4 70 31
4 71 22
4 72 167
4 73 29
4 74 173
4 75 179
4 76 132
4 77 5
4 78 113
4 79 112
4 80 154
4 81 193
4 82 39
4 83 132
4 84 28
4 85 5
4 86 110
4 87 129
4 88 176
4 89 19
4 90 130
4 91 167
4 92 122
4 93 15
4 94 151
4 95 172
4 96 110
4 97 23
4 98 103
4 99 17
5 6 92
5 7 151
5 8 131
5 9 110
5 10 128
5 11 143
5 12 83
5 13 56
5 14 136
5 15 197
5 16 68
5 17 73
5 18 52
5 19 5
5 20 193
5 21 11
5 22 157
5 23 133
5 24 10
5 25 22
5 26 11
5 27 30
5 28 128
5 29 8
5 30 68
5 31 2
5 32 154
5 33 56
5 34 48
5 35 90
5 36 71
5 37 76
5 38 178
5 39 64
5 40 115
5 41 27
5 42 99
5 43 189
5 44 110
5 45 141
5 46 191
5 47 182
5 48 119
5 49 161
5 50 3
5 51 197
5 52 129
5 53 85
5 54 132
5 55 126
5 56 123
5 57 122
5 58 134
5 59 77
5 60 53
5 61 7
5 62 43
5 63 84
5 64 163
5 65 92
5 66 59
5 67 77
5 68 91
5 69 103
5 70 145
5 71 77
5 72 142
5 73 117
5 74 178
5 75 67
5 76 0
5 77 39
5 78 82
5 79 91
5 80 115
5 81 135
5 82 195
5 83 177
5 84 79
5 85 58
5 86 194
5 87 91
5 88 59
5 89 160
5 90 58
5 91 191
5 92 172
5 93 116
5 94 177
5 95 28
5 96 108
5 97 190
5 98 131
5 99 62
6 7 151
6 8 100
6 9 152
6 10 90
6 11 124
6 12 143
6 13 19
6 14 114
6 15 84
6 16 17
6 17 23
6 18 162
6 19 90
6 20 60
6 21 161
6 22 39
6 23 23
6 24 154
6 25 35
6 26 124
6 27 37
6 28 133
6 29 99
6 30 4
6 31 104
6 32 141
6 33 29
6 34 1
6 35 42
6 36 152
6 37 101
6 38 110
6 39 45
6 40 102
6 41 156
6 42 152
6 43 151
6 44 106
6 45 142
6 46 75
6 47 125
6 48 4
6 49 196
6 50 99
6 51 17
6 52 85
6 53 97
6 54 30
6 55 116
6 56 43
6 57 43
6 58 53
6 59 176
6 60 161
6 61 53
6 62 53
6 63 135
6 64 175
6 65 115
6 66 176
6 67 194
6 68 84
6 69 73
6 70 71
6 71 168
6 72 183
6 73 7
6 74 19
6 75 88
6 76 56
6 77 18
6 78 13
6 79 59
6 80 5
6 81 53
6 82 44
6 83 195
6 84 15
6 85 186
6 86 117
6 87 122
6 88 1
6 89 83
6 90 33
6 91 142
6 92 146
6 93 159
6 94 78
6 95 162
6 96 42
6 97 48
6 98 58
6 99 171
7 8 95
7 9 76
7 10 54
7 11 97
7 12 99
7 13 169
7 14 182
7 15 131
7 16 175
7 17 143
7 18 54
7 19 127
7 20 42
7 21 106
7 22 176
7 23 47
7 24 138
7 25 21
7 26 81
7 27 121
7 28 171
7 29 199
7 30 158
7 31 160
7 32 28
7 33 14
7 34 104
7 35 154
7 36 42
7 37 22
7 38 77
7 39 54
7 40 166
7 41 41
7 42 183
7 43 78
7 44 119
7 45 42
7 46 24
7 47 61
7 48 130
7 49 65
7 50 195
7 51 129
7 52 33
7 53 84
7 54 34
7 55 47
7 56 62
7 57 33
7 58 193
7 59 176
7 60 163
7 61 23
7 62 41
7 63 41
7 64 182
7 65 171
7 66 19
7 67 71
7 68 182
7 69 69
7 70 119
7 71 81
7 72 55
7 73 132
7 74 185
7 75 116
7 76 171
7 77 131
7 78 113
7 79 24
7 80 151
7 81 37
7 82 59
7 83 8
7 84 137
7 85 21
7 86 7
7 87 159
7 88 47
7 89 121
7 90 195
7 91 170
7 92 135
7 93 102
7 94 3
7 95 137
7 96 31
7 97 4
7 98 53
7 99 126
8 9 52
8 10 115
8 11 88
8 12 99
8 13 28
8 14 112
8 15 168
8 16 15
8 17 184
8 18 24
8 19 56
8 20 14
8 21 197
8 22 75
8 23 96
8 24 34
8 25 166
8 26 22
8 27 37
8 28 145
8 29 78
8 30 148
8 31 129
8 32 96
8 33 87
8 34 107
8 35 68
8 36 59
8 37 30
8 38 169
8 39 11
8 40 140
8 41 191
8 42 101
8 43 167
8 44 93
8 45 41
8 46 150
8 47 70
8 48 36
8 49 53
8 50 192
8 51 179
8 52 64
8 53 55
8 54 70
8 55 5
8 56 83
8 57 57
8 58 155
8 59 60
8 60 3
8 61 73
8 62 66
8 63 65
8 64 24
8 65 71
8 66 34
8 67 94
8 68 82
8 69 27
8 70 107
8 71 5
8 72 186
8 73 72
8 74 170
8 75 183
8 76 179
8 77 165
8 78 78
8 79 176
8 80 136
8 81 140
8 82 102
8 83 10
8 84 152
8 85 140
8 86 162
8 87 160
8 88 88
8 89 156
8 90 69
8 91 67
8 92 154
8 93 108
8 94 141
8 95 166
8 96 140
8 97 69
8 98 4
8 99 145
9 10 198
9 11 4
9 12 87
9 13 4
9 14 199
9 15 38
9 16 85
9 17 5
9 18 58
9 19 187
9 20 186
9 21 171
9 22 90
9 23 143
9 24 186
9 25 105
9 26 168
9 27 99
9 28 37
9 29 151
9 30 151
9 31 40
9 32 122
9 33 171
9 34 193
9 35 136
9 36 176
9 37 188
9 38 170
9 39 131
9 40 194
9 41 181
9 42 124
9 43 91
9 44 78
9 45 194
9 46 166
9 47 112
9 48 82
9 49 70
9 50 46
9 51 65
9 52 180
9 53 41
9 54 113
9 55 59
9 56 128
9 57 149
9 58 180
9 59 128
9 60 95
9 61 42
9 62 89
9 63 170
9 64 52
9 65 161
9 66 118
9 67 98
9 68 112
9 69 8
9 70 180
9 71 35
9 72 69
9 73 63
9 74 45
9 75 168
9 76 36
9 77 167
9 78 55
9 79 174
9 80 142
9 81 196
9 82 62
9 83 94
9 84 181
9 85 89
9 86 11
9 87 150
9 88 162
9 89 43
9 90 38
9 91 133
9 92 170
9 93 158
9 94 143
9 95 97
9 96 125
9 97 195
9 98 160
9 99 58
10 11 51
10 12 118
10 13 21
10 14 97
10 15 115
10 16 171
10 17 85
10 18 126
10 19 12
10 20 139
10 21 165
10 22 119
10 23 143
10 24 113
10 25 103
10 26 178
10 27 36
10 28 93
10 29 168
10 30 2
10 31 66
10 32 31
10 33 130
10 34 7
10 35 32
10 36 184
10 37 74
10 38 21
10 39 126
10 40 117
10 41 36
10 42 167
10 43 0
10 44 88
10 45 34
10 46 177
10 47 135
10 48 167
10 49 194
10 50 141
10 51 1
10 52 118
10 53 122
10 54 178
10 55 170
10 56 114
10 57 107
10 58 50
10 59 124
10 60 137
10 61 178
10 62 100
10 63 132
10 64 23
10 65 110
10 66 40
10 67 39
10 68 118
10 69 62
10 70 142
10 71 9
10 72 86
10 73 175
10 74 71
10 75 162
10 76 24
10 77 174
10 78 115
10 79 61
10 80 85
10 81 81
10 82 53
10 83 54
10 84 9
10 85 54
10 86 83
10 87 46
10 88 158
10 89 0
10 90 60
10 91 141
10 92 78
10 93 16
10 94 60
10 95 148
10 96 90
10 97 17
10 98 105
10 99 45
11 12 44
11 13 185
11 14 154
11 15 48
11 16 53
11 17 161
11 18 147
11 19 192
11 20 194
11 21 167
11 22 95
11 23 65
11 24 53
11 25 117
11 26 61
11 27 195
11 28 30
11 29 87
11 30 45
11 31 50
11 32 71
11 33 1
11 34 194
11 35 69
11 36 144
11 37 130
11 38 118
11 39 95
11 40 34
11 41 130
11 42 143
11 43 192
11 44 6
11 45 102
11 46 109
11 47 47
11 48 120
11 49 144
11 50 162
11 51 154
11 52 9
11 53 128
11 54 91
11 55 65
11 56 184
11 57 28
11 58 79
11 59 50
11 60 121
11 61 126
11 62 144
11 63 166
11 64 12
11 65 52
11 66 21
11 67 173
11 68 72
11 69 128
11 70 179
11 71 133
11 72 36
11 73 153
11 74 32
11 75 102
11 76 180
11 77 89
11 78 123
11 79 42
11 80 3
11 81 57
11 82 162
11 83 144
11 84 19
11 85 34
11 86 83
11 87 52
11 88 159
11 89 4
11 90 181
11 91 55
11 92 78
11 93 86
11 94 175
11 95 38
11 96 181
11 97 110
11 98 28
11 99 5
12 13 115
12 14 25
12 15 22
12 16 133
12 17 164
12 18 158
12 19 6
12 20 140
12 21 24
12 22 8
12 23 57
12 24 78
12 25 63
12 26 116
12 27 182
12 28 177
12 29 142
12 30 11
12 31 157
12 32 77
12 33 158
12 34 169
12 35 140
12 36 130
12 37 18
12 38 151
12 39 22
12 40 172
12 41 4
12 42 79
12 43 199
12 44 6
12 45 40
12 46 93
12 47 21
12 48 9
12 49 67
12 50 115
12 51 8
12 52 86
12 53 180
12 54 28
12 55 74
12 56 69
12 57 106
12 58 153
12 59 90
12 60 107
12 61 33
12 62 69
12 63 148
12 64 161
12 65 165
12 66 189
12 67 199
12 68 95
12 69 49
12 70 0
12 71 162
12 72 47
12 73 121
12 74 183
12 75 104
12 76 134
12 77 192
12 78 179
12 79 169
12 80 128
12 81 81
12 82 147
12 83 98
12 84 128
12 85 171
12 86 80
12 87 10
12 88 159
12 89 155
12 90 72
12 91 168
12 92 20
12 93 67
12 94 172
12 95 191
12 96 188
12 97 137
12 98 17
12 99 18
13 14 150
13 15 134
13 16 182
13 17 153
13 18 102
13 19 34
13 20 120
13 21 4
13 22 108
13 23 86
13 24 33
13 25 128
13 26 190
13 27 6
13 28 144
13 29 177
13 30 80
13 31 77
13 32 117
13 33 98
13 34 96
13 35 39
13 36 134
13 37 31
13 38 122
13 39 100
13 40 180
13 41 172
13 42 193
13 43 27
13 44 64
13 45 47
13 46 130
13 47 58
13 48 168
13 49 70
13 50 199
13 51 39
13 52 1
13 53 194
13 54 161
13 55 176
13 56 124
13 57 70
13 58 12
13 59 186
13 60 24
13 61 176
13 62 117
13 63 89
13 64 9
13 65 69
13 66 150
13 67 26
13 68 42
13 69 15
13 70 191
13 71 123
13 72 32
13 73 89
13 74 148
13 75 71
13 76 62
13 77 101
13 78 105
13 79 137
13 80 109
13 81 69
13 82 51
13 83 145
13 84 152
13 85 132
13 86 193
13 87 124
13 88 4
13 89 10
13 90 29
13 91 168
13 92 38
13 93 10
13 94 140
13 95 175
13 96 10
13 97 95
13 98 80
13 99 197
14 15 47
14 16 196
14 17 160
14 18 30
14 19 198
14 20 21
14 21 185
14 22 73
14 23 83
14 24 10
14 25 55
14 26 186
14 27 15
14 28 71
14 29 103
14 30 35
14 31 28
14 32 86
14 33 96
14 34 190
14 35 104
14 36 139
14 37 7
14 38 133
14 39 151
14 40 56
14 41 29
14 42 92
14 43 0
14 44 188
14 45 145
14 46 163
14 47 75
14 48 122
14 49 157
14 50 110
14 51 131
14 52 78
14 53 187
14 54 88
14 55 70
14 56 174
14 57 6
14 58 73
14 59 64
14 60 70
14 61 111
14 62 101
14 63 77
14 64 167
14 65 77
14 66 144
14 67 40
14 68 177
14 69 143
14 70 34
14 71 74
14 72 20
14 73 14
14 74 40
14 75 78
14 76 11
14 77 136
14 78 133
14 79 200
14 80 1
14 81 13
14 82 74
14 83 145
14 84 12
14 85 49
14 86 193
14 87 20
14 88 132
14 89 158
14 90 194
14 91 126
14 92 89
14 93 110
14 94 119
14 95 104
14 96 134
14 97 15
14 98 81
14 99 144
15 16 73
15 17 149
15 18 192
15 19 71
15 20 24
15 21 28
15 22 97
15 23 79
15 24 16
15 25 41
15 26 117
15 27 81
15 28 160
15 29 69
15 30 102
15 31 192
15 32 137
15 33 7
15 34 143
15 35 87
15 36 24
15 37 68
15 38 77
15 39 146
15 40 6
15 41 52
15 42 173
15 43 2
15 44 67
15 45 52
15 46 117
15 47 34
15 48 12
15 49 146
15 50 184
15 51 129
15 52 128
15 53 100
15 54 164
15 55 132
15 56 171
15 57 142
15 58 84
15 59 55
15 60 161
15 61 129
15 62 89
15 63 137
15 64 152
15 65 98
15 66 30
15 67 93
15 68 2
15 69 4
15 70 197
15 71 38
15 72 59
15 73 195
15 74 182
15 75 111
15 76 193
15 77 27
15 78 30
15 79 41
15 80 12
15 81 44
15 82 103
15 83 186
15 84 29
15 85 38
15 86 57
15 87 182
15 88 32
15 89 155
15 90 85
15 91 169
15 92 168
15 93 3
15 94 131
15 95 58
15 96 97
15 97 28
15 98 41
15 99 109
16 17 67
16 18 197
16 19 186
16 20 34
16 21 27
16 22 147
16 23 136
16 24 150
16 25 88
16 26 108
16 27 199
16 28 105
16 29 121
16 30 5
16 31 122
16 32 175
16 33 78
16 34 148
16 35 36
16 36 182
16 37 45
16 38 182
16 39 109
16 40 73
16 41 151
16 42 113
16 43 37
16 44 53
16 45 0
16 46 119
16 47 141
16 48 47
16 49 83
16 50 162
16 51 100
16 52 104
16 53 130
16 54 118
16 55 15
16 56 16
16 57 71
16 58 183
16 59 184
16 60 159
16 61 167
16 62 22
16 63 129
16 64 172
16 65 136
16 66 21
16 67 199
16 68 58
16 69 15
16 70 187
16 71 138
16 72 124
16 73 121
16 74 95
16 75 70
16 76 183
16 77 197
16 78 197
16 79 77
16 80 146
16 81 41
16 82 175
16 83 96
16 84 184
16 85 160
16 86 4
16 87 190
16 88 32
16 89 199
16 90 111
16 91 155
16 92 81
16 93 0
16 94 82
16 95 127
16 96 197
16 97 185
16 98 41
16 99 149
17 18 68
17 19 97
17 20 20
17 21 23
17 22 57
17 23 125
17 24 89
17 25 78
17 26 131
17 27 196
17 28 103
17 29 183
17 30 121
17 31 154
17 32 123
17 33 78
17 34 144
17 35 130
17 36 119
17 37 141
17 38 199
17 39 199
17 40 17
17 41 21
17 42 92
17 43 68
17 44 127
17 45 44
17 46 158
17 47 136
17 48 91
17 49 73
17 50 163
17 51 83
17 52 159
17 53 34
17 54 200
17 55 1
17 56 132
17 57 98
17 58 11
17 59 17
17 60 155
17 61 90
17 62 162
17 63 179
17 64 58
17 65 40
17 66 184
17 67 199
17 68 177
17 69 95
17 70 107
17 71 162
17 72 87
17 73 37
17 74 48
17 75 22
17 76 104
17 77 50
17 78 10
17 79 24
17 80 36
17 81 200
17 82 92
17 83 60
17 84 86
17 85 86
17 86 107
17 87 194
17 88 173
17 89 12
17 90 46
17 91 95
17 92 191
17 93 170
17 94 195
17 95 26
17 96 39
17 97 64
17 98 144
17 99 43
18 19 73
18 20 127
18 21 16
18 22 86
18 23 113
18 24 185
18 25 193
18 26 30
18 27 73
18 28 142
18 29 98
18 30 90
18 31 193
18 32 169
18 33 115
18 34 38
18 35 63
18 36 75
18 37 4
18 38 8
18 39 13
18 40 174
18 41 96
18 42 42
18 43 50
18 44 3
18 45 89
18 46 64
18 47 107
18 48 6
18 49 166
18 50 107
18 51 139
18 52 81
18 53 91
18 54 184
18 55 157
18 56 7
18 57 138
18 58 123
18 59 30
18 60 47
18 61 146
18 62 157
18 63 82
18 64 38
18 65 197
18 66 76
18 67 158
18 68 196
18 69 119
18 70 9
18 71 121
18 72 15
18 73 147
18 74 72
18 75 29
18 76 160
18 77 77
18 78 33
18 79 20
18 80 110
18 81 27
18 82 118
18 83 118
18 84 124
18 85 37
18 86 124
18 87 28
18 88 15
18 89 83
18 90 131
18 91 72
18 92 122
18 93 70
18 94 86
18 95 159
18 96 38
18 97 77
18 98 7
18 99 125
19 20 189
19 21 133
19 22 107
19 23 134
19 24 13
19 25 38
19 26 59
19 27 128
19 28 153
19 29 132
19 30 152
19 31 5
19 32 34
19 33 97
19 34 8
19 35 194
19 36 196
19 37 127
19 38 116
19 39 158
19 40 53
19 41 193
19 42 107
19 43 168
19 44 171
19 45 126
19 46 123
19 47 188
19 48 11
19 49 156
19 50 114
19 51 108
19 52 152
19 53 180
19 54 156
19 55 181
19 56 7
19 57 79
19 58 156
19 59 190
19 60 74
19 61 39
19 62 184
19 63 31
19 64 63
19 65 126
19 66 44
19 67 173
19 68 173
19 69 72
19 70 33
19 71 139
19 72 79
19 73 47
19 74 192
19 75 130
19 76 159
19 77 189
19 78 18
19 79 192
19 80 52
19 81 71
19 82 45
19 83 185
19 84 46
19 85 55
19 86 92
19 87 47
19 88 47
19 89 179
19 90 196
19 91 34
19 92 180
19 93 10
19 94 113
19 95 167
19 96 4
19 97 165
19 98 26
19 99 145
20 21 124
20 22 169
20 23 80
20 24 57
20 25 68
20 26 94
20 27 124
20 28 37
20 29 186
20 30 60
20 31 134
20 32 28
20 33 68
20 34 120
20 35 107
20 36 154
20 37 119
20 38 75
20 39 84
20 40 94
20 41 142
20 42 151
20 43 139
20 44 111
20 45 74
20 46 111
20 47 142
20 48 12
20 49 117
20 50 189
20 51 112
20 52 116
20 53 67
20 54 113
20 55 69
20 56 52
20 57 194
20 58 149
20 59 52
20 60 130
20 61 53
20 62 3
20 63 130
20 64 1
20 65 78
20 66 147
20 67 10
20 68 181
20 69 132
20 70 100
20 71 36
20 72 194
20 73 91
20 74 11
20 75 118
20 76 88
20 77 185
20 78 40
20 79 89
20 80 12
20 81 138
20 82 32
20 83 174
20 84 25
20 85 43
20 86 195
20 87 67
20 88 112
20 89 113
20 90 127
20 91 123
20 92 96
20 93 74
20 94 43
20 95 196
20 96 200
20 97 124
20 98 104
20 99 106
21 22 89
21 23 178
21 24 163
21 25 9
21 26 127
21 27 127
21 28 9
21 29 134
21 30 47
21 31 97
21 32 192
21 33 73
21 34 119
21 35 43
21 36 24
21 37 163
21 38 108
21 39 77
21 40 34
21 41 100
21 42 115
21 43 178
21 44 18
21 45 18
21 46 189
21 47 30
21 48 135
21 49 133
21 50 13
21 51 96
21 52 183
21 53 45
21 54 115
21 55 130
21 56 57
21 57 87
21 58 40
21 59 74
21 60 192
21 61 63
21 62 144
21 63 171
21 64 89
21 65 72
21 66 94
21 67 146
21 68 47
21 69 49
21 70 139
21 71 184
21 72 139
21 73 17
21 74 21
21 75 149
21 76 10
21 77 116
21 78 100
21 79 75
21 80 104
21 81 70
21 82 129
21 83 44
21 84 94
21 85 98
21 86 157
21 87 182
21 88 121
21 89 167
21 90 164
21 91 96
21 92 44
21 93 124
21 94 65
21 95 116
21 96 33
21 97 5
21 98 162
21 99 181
22 23 5
22 24 15
22 25 155
22 26 131
22 27 101
22 28 54
22 29 151
22 30 73
22 31 104
22 32 161
22 33 30
22 34 184
22 35 9
22 36 129
22 37 77
22 38 25
22 39 157
22 40 120
22 41 46
22 42 189
22 43 54
22 44 41
22 45 126
22 46 53
22 47 87
22 48 157
22 49 72
22 50 155
22 51 164
22 52 39
22 53 172
22 54 11
22 55 115
22 56 55
22 57 62
22 58 33
22 59 68
22 60 41
22 61 141
22 62 90
22 63 167
22 64 46
22 65 170
22 66 138
22 67 100
22 68 143
22 69 143
22 70 117
22 71 72
22 72 153
22 73 46
22 74 54
22 75 195
22 76 183
22 77 185
22 78 92
22 79 99
22 80 122
22 81 52
22 82 24
22 83 166
22 84 34
22 85 73
22 86 181
22 87 41
22 88 32
22 89 99
22 90 196
22 91 97
22 92 100
22 93 24
22 94 54
22 95 0
22 96 117
22 97 125
22 98 199
22 99 25
23 24 153
23 25 91
23 26 154
23 27 172
23 28 101
23 29 14
23 30 109
23 31 96
23 32 82
23 33 175
23 34 14
23 35 118
23 36 158
23 37 50
23 38 89
23 39 158
23 40 139
23 41 177
23 42 85
23 43 102
23 44 151
23 45 50
23 46 12
23 47 27
23 48 114
23 49 194
23 50 44
23 51 136
23 52 81
23 53 0
23 54 118
23 55 163
23 56 69
23 57 92
23 58 11
23 59 107
23 60 143
23 61 141
23 62 146
23 63 43
23 64 121
23 65 18
23 66 6
23 67 150
23 68 46
23 69 138
23 70 40
23 71 9
23 72 74
23 73 97
23 74 119
23 75 2
23 76 93
23 77 186
23 78 180
23 79 114
23 80 193
23 81 127
23 82 165
23 83 39
23 84 56
23 85 89
23 86 130
23 87 105
23 88 138
23 89 130
23 90 28
23 91 166
23 92 144
23 93 175
23 94 69
23 95 28
23 96 180
23 97 91
23 98 123
23 99 154
24 25 184
24 26 68
24 27 146
24 28 91
24 29 49
24 30 64
24 31 177
24 32 166
24 33 72
24 34 113
24 35 34
24 36 45
24 37 28
24 38 75
24 39 85
24 40 147
24 41 14
24 42 18
24 43 71
24 44 185
24 45 122
24 46 182
24 47 196
24 48 176
24 49 173
24 50 191
24 51 102
24 52 54
24 53 22
24 54 0
24 55 151
24 56 195
24 57 185
24 58 65
24 59 60
24 60 151
24 61 196
24 62 123
24 63 186
24 64 177
24 65 31
24 66 102
24 67 60
24 68 33
24 69 91
24 70 170
24 71 75
24 72 169
24 73 49
24 74 179
24 75 146
24 76 166
24 77 45
24 78 146
24 79 169
24 80 83
24 81 151
24 82 146
24 83 93
24 84 37
24 85 123
24 86 111
24 87 105
24 88 178
24 89 77
24 90 172
24 91 54
24 92 179
24 93 72
24 94 46
24 95 140
24 96 77
24 97 94
24 98 65
24 99 10
25 26 26
25 27 192
25 28 100
25 29 187
25 30 36
25 31 20
25 32 170
25 33 19
25 34 87
25 35 181
25 36 12
25 37 130
25 38 187
25 39 110
25 40 162
25 41 188
25 42 58
25 43 31
25 44 164
25 45 102
25 46 164
25 47 111
25 48 190
25 49 195
25 50 164
25 51 83
25 52 152
25 53 34
25 54 144
25 55 58
25 56 83
25 57 181
25 58 24
25 59 61
25 60 8
25 61 79
25 62 82
25 63 115
25 64 86
25 65 7
25 66 140
25 67 174
25 68 97
25 69 14
25 70 9
25 71 160
25 72 104
25 73 106
25 74 44
25 75 134
25 76 191
25 77 199
25 78 150
25 79 180
25 80 169
25 81 183
25 82 36
25 83 64
25 84 117
25 85 27
25 86 99
25 87 43
25 88 144
25 89 145
25 90 59
25 91 60
25 92 15
25 93 159
25 94 158
25 95 73
25 96 170
25 97 78
25 98 161
25 99 155
26 27 104
26 28 61
26 29 181
26 30 184
26 31 176
26 32 89
26 33 3
26 34 143
26 35 63
26 36 88
26 37 182
26 38 116
26 39 114
26 40 171
26 41 170
26 42 24
26 43 195
26 44 5
26 45 26
26 46 140
26 47 83
26 48 123
26 49 176
26 50 75
26 51 171
26 52 107
26 53 36
26 54 134
26 55 192
26 56 125
26 57 49
26 58 78
26 59 79
26 60 100
26 61 172
26 62 180
26 63 82
26 64 94
26 65 39
26 66 83
26 67 196
26 68 6
26 69 136
26 70 39
26 71 104
26 72 14
26 73 157
26 74 39
26 75 32
26 76 127
26 77 196
26 78 111
26 79 79
26 80 142
26 81 31
26 82 86
26 83 130
26 84 44
26 85 145
26 86 0
26 87 98
26 88 19
26 89 83
26 90 90
26 91 135
26 92 98
26 93 64
26 94 134
26 95 188
26 96 30
26 97 115
26 98 152
26 99 137
27 28 165
27 29 140
27 30 184
27 31 180
27 32 16
27 33 81
27 34 91
27 35 113
27 36 12
27 37 41
27 38 47
27 39 54
27 40 186
27 41 160
27 42 155
27 43 99
27 44 153
27 45 84
27 46 126
27 47 50
27 48 190
27 49 57
27 50 51
27 51 160
27 52 61
27 53 16
27 54 146
27 55 173
27 56 160
27 57 7
27 58 189
27 59 177
27 60 121
27 61 151
27 62 155
27 63 179
27 64 5
27 65 175
27 66 40
27 67 111
27 68 174
27 69 43
27 70 6
27 71 191
27 72 89
27 73 118
27 74 74
27 75 190
27 76 117
27 77 94
27 78 21
27 79 57
27 80 97
27 81 133
27 82 139
27 83 24
27 84 39
27 85 197
27 86 109
27 87 94
27 88 40
27 89 119
27 90 125
27 91 34
27 92 136
27 93 152
27 94 90
27 95 34
27 96 178
27 97 34
27 98 181
27 99 115
28 29 13
28 30 61
28 31 76
28 32 171
28 33 164
28 34 39
28 35 48
28 36 58
28 37 76
28 38 101
28 39 42
28 40 189
28 41 91
28 42 176
28 43 156
28 44 9
28 45 180
28 46 195
28 47 74
28 48 132
28 49 84
28 50 123
28 51 132
28 52 75
28 53 199
28 54 81
28 55 81
28 56 63
28 57 20
28 58 169
28 59 189
28 60 29
28 61 133
28 62 41
28 63 87
28 64 66
28 65 105
28 66 197
28 67 10
28 68 109
28 69 17
28 70 129
28 71 195
28 72 70
28 73 5
28 74 172
28 75 29
28 76 77
28 77 181
28 78 2
28 79 64
28 80 136
28 81 136
28 82 123
28 83 53
28 84 163
28 85 140
28 86 28
28 87 67
28 88 37
28 89 19
28 90 20
28 91 122
28 92 122
28 93 72
28 94 10
28 95 18
28 96 150
28 97 175
28 98 133
28 99 77
29 30 140
29 31 114
29 32 182
29 33 113
29 34 113
29 35 63
29 36 128
29 37 44
29 38 35
29 39 200
29 40 163
29 41 129
29 42 114
29 43 47
29 44 196
29 45 123
29 46 188
29 47 105
29 48 120
29 49 135
29 50 116
29 51 163
29 52 10
29 53 172
29 54 34
29 55 52
29 56 38
29 57 20
29 58 135
29 59 114
29 60 116
29 61 30
29 62 134
29 63 46
29 64 200
29 65 171
29 66 114
29 67 98
29 68 105
29 69 97
29 70 54
29 71 25
29 72 155
29 73 54
29 74 75
29 75 130
29 76 165
29 77 77
29 78 13
29 79 17
29 80 100
29 81 7
29 82 176
29 83 157
29 84 9
29 85 136
29 86 103
29 87 51
29 88 75
29 89 126
29 90 73
29 91 60
29 92 93
29 93 137
29 94 31
29 95 62
29 96 57
29 97 102
29 98 21
29 99 130
30 31 37
30 32 36
30 33 147
30 34 128
30 35 63
30 36 129
30 37 195
30 38 157
30 39 107
30 40 177
30 41 101
30 42 149
30 43 79
30 44 79
30 45 22
30 46 50
30 47 29
30 48 145
30 49 197
30 50 154
30 51 13
30 52 180
30 53 125
30 54 70
30 55 35
30 56 188
30 57 197
30 58 52
30 59 7
30 60 2
30 61 5
30 62 86
30 63 20
30 64 25
30 65 13
30 66 172
30 67 34
30 68 145
30 69 177
30 70 90
30 71 158
30 72 113
30 73 90
30 74 28
30 75 148
30 76 8
30 77 108
30 78 23
30 79 163
30 80 24
30 81 176
30 82 198
30 83 39
30 84 123
30 85 109
30 86 115
30 87 47
30 88 1
30 89 186
30 90 42
30 91 2
30 92 120
30 93 175
30 94 48
30 95 51
30 96 149
30 97 80
30 98 168
30 99 188
31 32 155
31 33 53
31 34 35
31 35 153
31 36 161
31 37 61
31 38 77
31 39 167
31 40 42
31 41 59
31 42 193
31 43 173
31 44 91
31 45 147
31 46 177
31 47 62
31 48 121
31 49 180
31 50 68
31 51 113
31 52 147
31 53 143
31 54 20
31 55 157
31 56 17
31 57 14
31 58 143
31 59 3
31 60 74
31 61 110
31 62 43
31 63 47
31 64 135
31 65 21
31 66 2
31 67 130
31 68 14
31 69 62
31 70 39
31 71 137
31 72 35
31 73 170
31 74 163
31 75 78
31 76 44
31 77 180
31 78 117
31 79 83
31 80 190
31 81 192
31 82 143
31 83 164
31 84 26
31 85 167
31 86 182
31 87 165
31 88 141
31 89 13
31 90 110
31 91 133
31 92 182
31 93 63
31 94 11
31 95 61
31 96 142
31 97 111
31 98 40
31 99 92
32 33 159
32 34 134
32 35 136
32 36 12
32 37 192
32 38 27
32 39 170
32 40 198
32 41 117
32 42 26
32 43 36
32 44 179
32 45 130
32 46 78
32 47 120
32 48 114
32 49 176
32 50 174
32 51 81
32 52 30
32 53 10
32 54 168
32 55 87
32 56 84
32 57 124
32 58 190
32 59 58
32 60 119
32 61 116
32 62 168
32 63 17
32 64 99
32 65 191
32 66 180
32 67 86
32 68 75
32 69 90
32 70 70
32 71 89
32 72 87
32 73 196
32 74 81
32 75 184
32 76 173
32 77 54
32 78 107
32 79 144
32 80 3
32 81 63
32 82 87
32 83 94
32 84 175
32 85 24
32 86 88
32 87 109
32 88 100
32 89 69
32 90 104
32 91 182
32 92 139
32 93 152
32 94 199
32 95 74
32 96 47
32 97 43
32 98 37
32 99 32
33 34 168
33 35 109
33 36 131
33 37 195
33 38 51
33 39 19
33 40 36
33 41 170
33 42 182
33 43 42
33 44 155
33 45 24
33 46 176
33 47 102
33 48 170
33 49 17
33 50 45
33 51 31
33 52 76
33 53 131
33 54 163
33 55 29
33 56 33
33 57 144
33 58 151
33 59 123
33 60 172
33 61 195
33 62 193
33 63 6
33 64 144
33 65 186
33 66 2
33 67 47
33 68 111
33 69 27
33 70 156
33 71 139
33 72 93
33 73 54
33 74 58
33 75 31
33 76 165
33 77 59
33 78 6
33 79 109
33 80 72
33 81 96
33 82 112
33 83 30
33 84 37
33 85 42
33 86 51
33 87 169
33 88 3
33 89 167
33 90 172
33 91 150
33 92 34
33 93 198
33 94 120
33 95 26
33 96 104
33 97 53
33 98 14
33 99 129
34 35 134
34 36 143
34 37 67
34 38 75
34 39 162
34 40 50
34 41 9
34 42 99
34 43 103
34 44 59
34 45 99
34 46 64
34 47 128
34 48 37
34 49 37
34 50 166
34 51 11
34 52 160
34 53 102
34 54 140
34 55 8
34 56 139
34 57 88
34 58 156
34 59 61
34 60 60
34 61 100
34 62 85
34 63 90
34 64 196
34 65 74
34 66 110
34 67 65
34 68 28
34 69 84
34 70 160
34 71 55
34 72 164
34 73 157
34 74 91
34 75 74
34 76 177
34 77 42
34 78 97
34 79 114
34 80 141
34 81 113
34 82 157
34 83 150
34 84 74
34 85 79
34 86 34
34 87 152
34 88 145
34 89 42
34 90 98
34 91 9
34 92 62
34 93 12
34 94 85
34 95 92
34 96 139
34 97 105
34 98 22
34 99 84
35 36 111
35 37 35
35 38 153
35 39 102
35 40 186
35 41 199
35 42 129
35 43 125
35 44 123
35 45 125
35 46 138
35 47 157
35 48 105
35 49 9
35 50 27
35 51 5
35 52 164
35 53 147
35 54 175
35 55 169
35 56 165
35 57 17
35 58 129
35 59 81
35 60 102
35 61 168
35 62 185
35 63 96
35 64 166
35 65 156
35 66 161
35 67 93
35 68 139
35 69 185
35 70 54
35 71 3
35 72 166
35 73 186
35 74 183
35 75 87
35 76 106
35 77 189
35 78 97
35 79 184
35 80 200
35 81 112
35 82 103
35 83 181
35 84 169
35 85 197
35 86 8
35 87 102
35 88 66
35 89 88
35 90 84
35 91 53
35 92 9
35 93 17
35 94 143
35 95 169
35 96 150
35 97 116
35 98 15
35 99 145
36 37 184
36 38 8
36 39 21
36 40 18
36 41 55
36 42 129
36 43 65
36 44 74
36 45 153
36 46 59
36 47 191
36 48 177
36 49 31
36 50 120
36 51 135
36 52 187
36 53 85
36 54 110
36 55 120
36 56 60
36 57 107
36 58 12
36 59 71
36 60 68
36 61 134
36 62 12
36 63 58
36 64 182
36 65 87
36 66 165
36 67 133
36 68 76
36 69 20
36 70 101
36 71 93
36 72 80
36 73 43
36 74 112
36 75 118
36 76 151
36 77 147
36 78 75
36 79 152
36 80 18
36 81 127
36 82 9
36 83 66
36 84 56
36 85 174
36 86 88
36 87 167
36 88 36
36 89 153
36 90 106
36 91 95
36 92 121
36 93 126
36 94 51
36 95 55
36 96 103
36 97 47
36 98 178
36 99 156
37 38 189
37 39 152
37 40 174
37 41 111
37 42 56
37 43 133
37 44 132
37 45 125
37 46 10
37 47 8
37 48 186
37 49 38
37 50 159
37 51 105
37 52 49
37 53 200
37 54 94
37 55 106
37 56 97
37 57 29
37 58 199
37 59 154
37 60 27
37 61 12
37 62 64
37 63 53
37 64 91
37 65 83
37 66 68
37 67 91
37 68 125
37 69 86
37 70 54
37 71 138
37 72 160
37 73 45
37 74 7
37 75 195
37 76 28
37 77 74
37 78 198
37 79 19
37 80 176
37 81 93
37 82 178
37 83 42
37 84 153
37 85 83
37 86 45
37 87 127
37 88 132
37 89 116
37 90 174
37 91 130
37 92 38
37 93 145
37 94 136
37 95 73
37 96 79
37 97 106
37 98 12
37 99 192
38 39 183
38 40 84
38 41 154
38 42 100
38 43 16
38 44 132
38 45 31
38 46 109
38 47 179
38 48 137
38 49 145
38 50 90
38 51 41
38 52 189
38 53 171
38 54 173
38 55 94
38 56 181
38 57 92
38 58 5
38 59 199
38 60 197
38 61 30
38 62 112
38 63 31
38 64 18
38 65 47
38 66 88
38 67 189
38 68 20
38 69 146
38 70 20
38 71 197
38 72 73
38 73 21
38 74 77
38 75 85
38 76 160
38 77 171
38 78 185
38 79 51
38 80 14
38 81 178
38 82 51
38 83 31
38 84 158
38 85 103
38 86 197
38 87 108
38 88 163
38 89 10
38 90 81
38 91 165
38 92 37
38 93 196
38 94 56
38 95 196
38 96 189
38 97 187
38 98 182
38 99 65
39 40 123
39 41 184
39 42 184
39 43 115
39 44 70
39 45 191
39 46 44
39 47 20
39 48 89
39 49 107
39 50 75
39 51 55
39 52 183
39 53 136
39 54 30
39 55 193
39 56 161
39 57 4
39 58 107
39 59 154
39 60 63
39 61 130
39 62 53
39 63 161
39 64 41
39 65 95
39 66 144
39 67 159
39 68 45
39 69 5
39 70 9
39 71 113
39 72 144
39 73 28
39 74 16
39 75 57
39 76 69
39 77 152
39 78 7
39 79 112
39 80 74
39 81 112
39 82 132
39 83 177
39 84 62
39 85 130
39 86 97
39 87 24
39 88 126
39 89 5
39 90 84
39 91 155
39 92 122
39 93 28
39 94 153
39 95 24
39 96 14
39 97 120
39 98 17
39 99 19
40 41 28
40 42 73
40 43 79
40 44 117
40 45 134
40 46 28
40 47 86
40 48 38
40 49 22
40 50 195
40 51 52
40 52 179
40 53 102
40 54 130
40 55 13
40 56 90
40 57 33
40 58 194
40 59 97
40 60 37
40 61 4
40 62 27
40 63 89
40 64 181
40 65 190
40 66 104
40 67 41
40 68 46
40 69 157
40 70 17
40 71 124
40 72 39
40 73 98
40 74 25
40 75 155
40 76 179
40 77 66
40 78 160
40 79 114
40 80 41
40 81 153
40 82 195
40 83 10
40 84 64
40 85 171
40 86 151
40 87 197
40 88 23
40 89 50
40 90 69
40 91 91
40 92 53
40 93 179
40 94 91
40 95 9
40 96 150
40 97 51
40 98 49
40 99 182
41 42 164
41 43 29
41 44 178
41 45 49
41 46 113
41 47 7
41 48 107
41 49 136
41 50 142
41 51 22
41 52 165
41 53 150
41 54 199
41 55 169
41 56 94
41 57 11
41 58 26
41 59 28
41 60 73
41 61 71
41 62 87
41 63 99
41 64 106
41 65 15
41 66 63
41 67 160
41 68 126
41 69 135
41 70 20
41 71 115
41 72 129
41 73 160
41 74 89
41 75 27
41 76 142
41 77 90
41 78 97
41 79 49
41 80 126
41 81 70
41 82 131
41 83 126
41 84 13
41 85 97
41 86 23
41 87 8
41 88 1
41 89 141
41 90 69
41 91 132
41 92 48
41 93 134
41 94 117
41 95 70
41 96 148
41 97 28
41 98 141
41 99 157
42 43 112
42 44 110
42 45 130
42 46 8
42 47 81
42 48 82
42 49 95
42 50 57
42 51 172
42 52 136
42 53 12
42 54 41
42 55 106
42 56 172
42 57 67
42 58 50
42 59 123
42 60 6
42 61 157
42 62 71
42 63 170
42 64 122
42 65 32
42 66 9
42 67 96
42 68 49
42 69 39
42 70 127
42 71 36
42 72 108
42 73 195
42 74 109
42 75 108
42 76 148
42 77 196
42 78 175
42 79 84
42 80 9
42 81 193
42 82 155
42 83 61
42 84 136
42 85 194
42 86 46
42 87 127
42 88 88
42 89 62
42 90 94
42 91 59
42 92 160
42 93 4
42 94 53
42 95 159
42 96 199
42 97 100
42 98 115
42 99 21
43 44 92
43 45 149
43 46 5
43 47 60
43 48 156
43 49 12
43 50 159
43 51 0
43 52 23
43 53 40
43 54 137
43 55 18
43 56 95
43 57 168
43 58 99
43 59 182
43 60 48
43 61 75
43 62 106
43 63 142
43 64 88
43 65 31
43 66 7
43 67 71
43 68 87
43 69 38
43 70 169
43 71 143
43 72 135
43 73 115
43 74 56
43 75 179
43 76 176
43 77 82
43 78 190
43 79 173
43 80 39
43 81 145
43 82 31
43 83 87
43 84 96
43 85 77
43 86 27
43 87 20
43 88 149
43 89 105
43 90 34
43 91 175
43 92 37
43 93 18
43 94 70
43 95 190
43 96 44
43 97 18
43 98 103
43 99 184
44 45 78
44 46 34
44 47 21
44 48 135
44 49 36
44 50 2
44 51 70
44 52 81
44 53 25
44 54 11
44 55 68
44 56 114
44 57 4
44 58 190
44 59 40
44 60 112
44 61 199
44 62 24
44 63 42
44 64 120
44 65 115
44 66 81
44 67 200
44 68 122
44 69 150
44 70 92
44 71 122
44 72 140
44 73 175
44 74 27
44 75 63
44 76 134
44 77 89
44 78 10
44 79 161
44 80 132
44 81 55
44 82 16
44 83 141
44 84 109
44 85 131
44 86 20
44 87 190
44 88 124
44 89 168
44 90 90
44 91 154
44 92 123
44 93 81
44 94 3
44 95 37
44 96 51
44 97 63
44 98 189
44 99 187
45 46 47
45 47 103
45 48 98
45 49 28
45 50 197
45 51 193
45 52 25
45 53 133
45 54 65
45 55 176
45 56 115
45 57 22
45 58 126
45 59 127
45 60 15
45 61 98
45 62 82
45 63 75
45 64 172
45 65 100
45 66 85
45 67 17
45 68 159
45 69 147
45 70 42
45 71 98
45 72 55
45 73 147
45 74 186
45 75 106
45 76 58
45 77 60
45 78 73
45 79 98
45 80 129
45 81 28
45 82 25
45 83 55
45 84 57
45 85 26
45 86 8
45 87 148
45 88 175
45 89 34
45 90 125
45 91 13
45 92 94
45 93 143
45 94 119
45 95 103
45 96 126
45 97 126
45 98 102
45 99 166
46 47 184
46 48 155
46 49 200
46 50 177
46 51 76
46 52 159
46 53 140
46 54 45
46 55 114
46 56 25
46 57 21
46 58 139
46 59 57
46 60 125
46 61 140
46 62 88
46 63 148
46 64 174
46 65 4
46 66 138
46 67 13
46 68 121
46 69 175
46 70 176
46 71 190
46 72 196
46 73 49
46 74 181
46 75 93
46 76 116
46 77 52
46 78 75
46 79 199
46 80 116
46 81 162
46 82 94
46 83 191
46 84 74
46 85 186
46 86 11
46 87 172
46 88 106
46 89 199
46 90 149
46 91 86
46 92 164
46 93 73
46 94 90
46 95 161
46 96 120
46 97 73
46 98 85
46 99 35
47 48 72
47 49 131
47 50 192
47 51 35
47 52 102
47 53 157
47 54 105
47 55 38
47 56 163
47 57 119
47 58 177
47 59 108
47 60 162
47 61 39
47 62 86
47 63 169
47 64 200
47 65 88
47 66 9
47 67 107
47 68 87
47 69 23
47 70 188
47 71 32
47 72 53
47 73 85
47 74 91
47 75 122
47 76 143
47 77 144
47 78 154
47 79 126
47 80 36
47 81 157
47 82 125
47 83 108
47 84 83
47 85 123
47 86 66
47 87 5
47 88 52
47 89 104
47 90 32
47 91 141
47 92 53
47 93 200
47 94 45
47 95 197
47 96 12
47 97 110
47 98 2
47 99 64
48 49 41
48 50 177
48 51 49
48 52 128
48 53 79
48 54 24
48 55 80
48 56 81
48 57 186
48 58 139
48 59 142
48 60 113
48 61 132
48 62 158
48 63 116
48 64 183
48 65 51
48 66 8
48 67 166
48 68 127
48 69 34
48 70 193
48 71 163
48 72 181
48 73 123
48 74 169
48 75 163
48 76 162
48 77 171
48 78 114
48 79 55
48 80 91
48 81 106
48 82 74
48 83 86
48 84 59
48 85 160
48 86 133
48 87 51
48 88 114
48 89 31
48 90 13
48 91 196
48 92 188
48 93 103
48 94 16
48 95 67
48 96 106
48 97 85
48 98 64
48 99 135
49 50 45
49 51 17
49 52 190
49 53 109
49 54 147
49 55 86
49 56 6
49 57 13
49 58 41
49 59 84
49 60 114
49 61 35
49 62 42
49 63 76
49 64 198
49 65 112
49 66 200
49 67 152
49 68 35
49 69 133
49 70 101
49 71 25
49 72 78
49 73 7
49 74 176
49 75 36
49 76 173
49 77 160
49 78 91
49 79 10
49 80 64
49 81 17
49 82 62
49 83 28
49 84 94
49 85 27
49 86 70
49 87 82
49 88 61
49 89 16
49 90 139
49 91 68
49 92 175
49 93 126
49 94 117
49 95 183
49 96 34
49 97 128
49 98 87
49 99 155
50 51 2
50 52 181
50 53 184
50 54 17
50 55 190
50 56 142
50 57 16
50 58 44
50 59 101
50 60 59
50 61 36
50 62 21
50 63 154
50 64 97
50 65 127
50 66 189
50 67 64
50 68 159
50 69 152
50 70 45
50 71 99
50 72 135
50 73 80
50 74 123
50 75 152
50 76 40
50 77 21
50 78 79
50 79 149
50 80 30
50 81 40
50 82 105
50 83 99
50 84 37
50 85 166
50 86 22
50 87 92
50 88 83
50 89 11
50 90 169
50 91 187
50 92 5
50 93 135
50 94 124
50 95 97
50 96 173
50 97 41
50 98 68
50 99 1
51 52 54
51 53 141
51 54 13
51 55 1
51 56 15
51 57 142
51 58 195
51 59 4
51 60 153
51 61 137
51 62 158
51 63 85
51 64 19
51 65 173
51 66 191
51 67 170
51 68 66
51 69 114
51 70 158
51 71 1
51 72 24
51 73 10
51 74 14
51 75 67
51 76 6
51 77 28
51 78 8
51 79 102
51 80 37
51 81 67
51 82 183
51 83 39
51 84 84
51 85 52
51 86 90
51 87 197
51 88 119
51 89 149
51 90 33
51 91 89
51 92 72
51 93 176
51 94 110
51 95 169
51 96 25
51 97 186
51 98 115
51 99 166
52 53 110
52 54 80
52 55 111
52 56 49
52 57 61
52 58 71
52 59 20
52 60 119
52 61 141
52 62 46
52 63 77
52 64 41
52 65 25
52 66 41
52 67 166
52 68 41
52 69 111
52 70 149
52 71 133
52 72 83
52 73 71
52 74 9
52 75 166
52 76 105
52 77 118
52 78 149
52 79 97
52 80 57
52 81 83
52 82 69
52 83 89
52 84 188
52 85 66
52 86 124
52 87 181
52 88 97
52 89 199
52 90 43
52 91 18
52 92 53
52 93 101
52 94 185
52 95 38
52 96 164
52 97 101
52 98 123
52 99 13
53 54 99
53 55 52
53 56 78
53 57 68
53 58 73
53 59 143
53 60 151
53 61 11
53 62 24
53 63 189
53 64 108
53 65 86
53 66 156
53 67 17
53 68 27
53 69 46
53 70 92
53 71 49
53 72 176
53 73 146
53 74 163
53 75 77
53 76 76
53 77 71
53 78 42
53 79 72
53 80 103
53 81 171
53 82 57
53 83 190
53 84 149
53 85 154
53 86 171
53 87 108
53 88 7
53 89 145
53 90 116
53 91 85
53 92 114
53 93 66
53 94 13
53 95 69
53 96 39
53 97 96
53 98 192
53 99 73
54 55 166
54 56 32
54 57 51
54 58 110
54 59 146
54 60 115
54 61 154
54 62 139
54 63 83
54 64 72
54 65 177
54 66 101
54 67 127
54 68 112
54 69 22
54 70 0
54 71 159
54 72 195
54 73 26
54 74 124
54 75 147
54 76 52
54 77 191
54 78 48
54 79 174
54 80 33
54 81 80
54 82 97
54 83 149
54 84 105
54 85 91
54 86 186
54 87 155
54 88 178
54 89 90
54 90 13
54 91 101
54 92 89
54 93 39
54 94 178
54 95 1
54 96 99
54 97 142
54 98 191
54 99 102
55 56 162
55 57 4
55 58 62
55 59 67
55 60 133
55 61 39
55 62 126
55 63 119
55 64 179
55 65 117
55 66 0
55 67 129
55 68 84
55 69 176
55 70 70
55 71 73
55 72 63
55 73 167
55 74 99
55 75 6
55 76 149
55 77 152
55 78 175
55 79 183
55 80 25
55 81 182
55 82 139
55 83 46
55 84 161
55 85 26
55 86 195
55 87 140
55 88 56
55 89 102
55 90 113
55 91 36
55 92 95
55 93 162
55 94 133
55 95 144
55 96 74
55 97 19
55 98 200
55 99 90
56 57 32
56 58 199
56 59 79
56 60 116
56 61 186
56 62 19
56 63 68
56 64 80
56 65 149
56 66 188
56 67 95
56 68 198
56 69 59
56 70 88
56 71 101
56 72 155
56 73 103
56 74 63
56 75 54
56 76 82
56 77 12
56 78 151
56 79 23
56 80 146
56 81 179
56 82 192
56 83 187
56 84 71
56 85 160
56 86 165
56 87 159
56 88 181
56 89 13
56 90 166
56 91 90
56 92 48
56 93 159
56 94 179
56 95 121
56 96 119
56 97 199
56 98 184
56 99 42
57 58 187
57 59 102
57 60 114
57 61 181
57 62 32
57 63 106
57 64 91
57 65 127
57 66 114
57 67 35
57 68 67
57 69 37
57 70 185
57 71 145
57 72 10
57 73 9
57 74 18
57 75 10
57 76 15
57 77 111
57 78 6
57 79 132
57 80 140
57 81 93
57 82 53
57 83 160
57 84 133
57 85 148
57 86 26
57 87 94
57 88 20
57 89 165
57 90 10
57 91 125
57 92 155
57 93 92
57 94 72
57 95 182
57 96 103
57 97 131
57 98 200
57 99 159
58 59 145
58 60 116
58 61 25
58 62 124
58 63 145
58 64 145
58 65 26
58 66 119
58 67 162
58 68 182
58 69 20
58 70 199
58 71 170
58 72 198
58 73 167
58 74 147
58 75 180
58 76 31
58 77 188
58 78 55
58 79 154
58 80 182
58 81 109
58 82 118
58 83 14
58 84 58
58 85 195
58 86 169
58 87 69
58 88 146
58 89 116
58 90 136
58 91 122
58 92 193
58 93 7
58 94 51
58 95 14
58 96 193
58 97 64
58 98 77
58 99 55
59 60 67
59 61 98
59 62 170
59 63 0
59 64 37
59 65 111
59 66 172
59 67 58
59 68 178
59 69 50
59 70 174
59 71 106
59 72 190
59 73 100
59 74 73
59 75 199
59 76 119
59 77 101
59 78 102
59 79 113
59 80 87
59 81 147
59 82 31
59 83 93
59 84 59
59 85 124
59 86 111
59 87 176
59 88 18
59 89 84
59 90 147
59 91 68
59 92 112
59 93 24
59 94 60
59 95 133
59 96 4
59 97 108
59 98 134
59 99 54
60 61 180
60 62 125
60 63 137
60 64 41
60 65 106
60 66 200
60 67 113
60 68 49
60 69 47
60 70 97
60 71 107
60 72 120
60 73 185
60 74 46
60 75 6
60 76 51
60 77 150
60 78 62
60 79 41
60 80 90
60 81 8
60 82 15
60 83 89
60 84 21
60 85 97
60 86 193
60 87 141
60 88 186
60 89 5
60 90 85
60 91 117
60 92 1
60 93 119
60 94 169
60 95 166
60 96 151
60 97 153
60 98 10
60 99 128
61 62 130
61 63 4
61 64 134
61 65 54
61 66 41
61 67 129
61 68 34
61 69 108
61 70 170
61 71 133
61 72 178
61 73 78
61 74 142
61 75 108
61 76 67
61 77 53
61 78 112
61 79 93
61 80 39
61 81 30
61 82 91
61 83 198
61 84 180
61 85 145
61 86 187
61 87 192
61 88 193
61 89 130
61 90 90
61 91 118
61 92 163
61 93 70
61 94 79
61 95 161
61 96 7
61 97 95
61 98 52
61 99 65
62 63 150
62 64 57
62 65 76
62 66 101
62 67 194
62 68 153
62 69 140
62 70 71
62 71 150
62 72 65
62 73 65
62 74 48
62 75 98
62 76 76
62 77 53
62 78 74
62 79 175
62 80 58
62 81 157
62 82 152
62 83 173
62 84 176
62 85 76
62 86 147
62 87 112
62 88 49
62 89 101
62 90 127
62 91 45
62 92 116
62 93 122
62 94 24
62 95 22
62 96 188
62 97 93
62 98 74
62 99 185
63 64 77
63 65 13
63 66 181
63 67 40
63 68 145
63 69 57
63 70 90
63 71 1
63 72 113
63 73 33
63 74 191
63 75 154
63 76 3
63 77 158
63 78 86
63 79 125
63 80 67
63 81 31
63 82 178
63 83 171
63 84 71
63 85 95
63 86 75
63 87 80
63 88 64
63 89 79
63 90 82
63 91 51
63 92 164
63 93 62
63 94 66
63 95 11
63 96 117
63 97 2
63 98 120
63 99 170
64 65 62
64 66 110
64 67 149
64 68 61
64 69 8
64 70 88
64 71 127
64 72 100
64 73 10
64 74 43
64 75 146
64 76 28
64 77 180
64 78 99
64 79 181
64 80 145
64 81 65
64 82 9
64 83 122
64 84 35
64 85 81
64 86 104
64 87 91
64 88 171
64 89 20
64 90 38
64 91 198
64 92 21
64 93 134
64 94 87
64 95 195
64 96 82
64 97 139
64 98 143
64 99 34
65 66 193
65 67 161
65 68 196
65 69 185
65 70 57
65 71 128
65 72 62
65 73 61
65 74 98
65 75 147
65 76 81
65 77 18
65 78 23
65 79 59
65 80 84
65 81 35
65 82 60
65 83 58
65 84 29
65 85 25
65 86 138
65 87 67
65 88 48
65 89 154
65 90 127
65 91 63
65 92 189
65 93 64
65 94 34
65 95 11
65 96 122
65 97 150
65 98 26
65 99 28
66 67 40
66 68 111
66 69 95
66 70 53
66 71 82
66 72 20
66 73 15
66 74 39
66 75 126
66 76 55
66 77 132
66 78 155
66 79 122
66 80 75
66 81 151
66 82 17
66 83 111
66 84 155
66 85 49
66 86 31
66 87 172
66 88 77
66 89 45
66 90 143
66 91 171
66 92 126
66 93 142
66 94 94
66 95 112
66 96 168
66 97 196
66 98 59
66 99 46
67 68 104
67 69 199
67 70 145
67 71 196
67 72 125
67 73 156
67 74 1
67 75 180
67 76 114
67 77 113
67 78 88
67 79 26
67 80 52
67 81 75
67 82 119
67 83 96
67 84 109
67 85 132
67 86 150
67 87 65
67 88 22
67 89 199
67 90 150
67 91 143
67 92 112
67 93 100
67 94 0
67 95 105
67 96 190
67 97 29
67 98 50
67 99 29
68 69 23
68 70 83
68 71 28
68 72 196
68 73 174
68 74 129
68 75 61
68 76 173
68 77 61
68 78 0
68 79 88
68 80 138
68 81 95
68 82 68
68 83 179
68 84 10
68 85 103
68 86 26
68 87 107
68 88 89
68 89 193
68 90 166
68 91 127
68 92 43
68 93 81
68 94 121
68 95 86
68 96 120
68 97 153
68 98 117
68 99 77
69 70 27
69 71 14
69 72 86
69 73 100
69 74 44
69 75 99
69 76 45
69 77 195
69 78 156
69 79 50
69 80 149
69 81 1
69 82 99
69 83 94
69 84 155
69 85 156
69 86 128
69 87 187
69 88 15
69 89 51
69 90 96
69 91 48
69 92 146
69 93 185
69 94 124
69 95 137
69 96 200
69 97 160
69 98 29
69 99 154
70 71 75
70 72 175
70 73 185
70 74 163
70 75 58
70 76 48
70 77 108
70 78 154
70 79 82
70 80 145
70 81 74
70 82 38
70 83 103
70 84 72
70 85 128
70 86 13
70 87 189
70 88 148
70 89 147
70 90 64
70 91 164
70 92 149
70 93 77
70 94 28
70 95 105
70 96 24
70 97 28
70 98 16
70 99 10
71 72 108
71 73 157
71 74 187
71 75 73
71 76 65
71 77 177
71 78 145
71 79 189
71 80 138
71 81 181
71 82 27
71 83 169
71 84 37
71 85 81
71 86 182
71 87 135
71 88 71
71 89 145
71 90 174
71 91 10
71 92 1
71 93 55
71 94 51
71 95 146
71 96 118
71 97 44
71 98 30
71 99 37
72 73 179
72 74 70
72 75 84
72 76 133
72 77 62
72 78 2
72 79 135
72 80 149
72 81 91
72 82 186
72 83 91
72 84 83
72 85 160
72 86 39
72 87 123
72 88 197
72 89 197
72 90 194
72 91 69
72 92 103
72 93 112
72 94 157
72 95 168
72 96 107
72 97 157
72 98 15
72 99 101
73 74 121
73 75 39
73 76 170
73 77 64
73 78 66
73 79 194
73 80 156
73 81 15
73 82 184
73 83 185
73 84 16
73 85 97
73 86 1
73 87 34
73 88 124
73 89 7
73 90 80
73 91 200
73 92 184
73 93 90
73 94 189
73 95 7
73 96 93
73 97 151
73 98 119
73 99 161
74 75 142
74 76 93
74 77 57
74 78 176
74 79 72
74 80 43
74 81 71
74 82 6
74 83 198
74 84 190
74 85 35
74 86 198
74 87 59
74 88 24
74 89 129
74 90 154
74 91 48
74 92 126
74 93 6
74 94 161
74 95 42
74 96 87
74 97 99
74 98 176
74 99 12
75 76 85
75 77 119
75 78 63
75 79 103
75 80 199
75 81 43
75 82 200
75 83 53
75 84 173
75 85 84
75 86 115
75 87 3
75 88 51
75 89 151
75 90 61
75 91 133
75 92 129
75 93 47
75 94 144
75 95 110
75 96 14
75 97 63
75 98 109
75 99 92
76 77 178
76 78 188
76 79 128
76 80 157
76 81 126
76 82 55
76 83 42
76 84 118
76 85 9
76 86 35
76 87 168
76 88 190
76 89 39
76 90 78
76 91 178
76 92 48
76 93 128
76 94 180
76 95 155
76 96 127
76 97 29
76 98 148
76 99 187
77 78 48
77 79 199
77 80 128
77 81 148
77 82 68
77 83 78
77 84 62
77 85 46
77 86 91
77 87 125
77 88 82
77 89 166
77 90 21
77 91 15
77 92 107
77 93 10
77 94 104
77 95 180
77 96 164
77 97 133
77 98 74
77 99 149
78 79 152
78 80 101
78 81 13
78 82 45
78 83 79
78 84 190
78 85 99
78 86 132
78 87 50
78 88 115
78 89 64
78 90 107
78 91 75
78 92 86
78 93 178
78 94 85
78 95 126
78 96 172
78 97 126
78 98 26
78 99 63
79 80 12
79 81 102
79 82 26
79 83 186
79 84 24
79 85 171
79 86 103
79 87 93
79 88 68
79 89 165
79 90 159
79 91 166
79 92 103
79 93 113
79 94 116
79 95 137
79 96 168
79 97 23
79 98 9
79 99 9
80 81 40
80 82 186
80 83 63
80 84 145
80 85 49
80 86 79
80 87 144
80 88 58
80 89 125
80 90 182
80 91 70
80 92 50
80 93 73
80 94 35
80 95 200
80 96 55
80 97 111
80 98 140
80 99 131
