100 4914
0 1 31
0 2 17
0 3 80
0 4 116
0 5 186
0 6 128
0 7 59
0 8 38
0 9 99
0 10 136
0 11 4
0 12 57
0 13 195
0 14 113
0 15 176
0 16 93
0 17 188
0 18 76
0 19 139
0 20 92
0 21 196
0 22 178
0 23 74
0 24 150
0 25 198
0 26 37
0 27 68
0 28 73
0 29 53
0 30 175
0 31 72
0 32 154
0 33 145
0 34 179
0 35 71
0 36 143
0 37 189
0 38 163
0 39 10
0 40 154
0 41 81
0 42 43
0 43 27
0 44 194
0 45 96
0 46 74
0 47 61
0 48 152
0 49 126
0 50 17
0 51 61
0 52 96
0 53 104
0 54 110
0 55 48
0 56 144
0 57 170
0 58 80
0 59 91
0 60 58
0 61 129
0 62 22
0 63 64
0 64 60
0 65 52
0 66 51
0 67 172
0 68 19
0 69 103
0 70 148
0 71 26
0 72 49
0 73 14
0 74 62
0 75 3
0 76 11
0 77 4
0 78 34
0 79 83
0 80 9
0 81 26
0 82 64
0 83 85
0 84 6
0 85 187
0 86 148
0 87 166
0 88 134
0 89 7
0 90 157
0 91 67
0 92 156
0 93 130
0 94 130
0 95 188
0 96 46
0 97 84
0 98 124
0 99 15
1 2 131
1 3 145
1 4 51
1 5 158
1 6 71
1 7 145
1 8 134
1 9 82
1 10 198
1 11 31
1 12 10
1 13 56
1 14 22
1 15 159
1 16 157
1 17 27
1 18 51
1 19 54
1 20 149
1 21 146
1 22 136
1 23 46
1 24 33
1 25 85
1 26 110
1 27 32
1 28 53
1 29 176
1 30 35
1 31 146
1 32 147
1 33 10
1 34 23
1 35 26
1 36 29
1 37 26
1 38 199
1 39 157
1 40 163
1 41 8
1 42 11
1 43 199
1 44 3
1 45 68
1 46 169
1 47 18
1 48 150
1 49 137
1 50 196
1 51 146
1 52 48
1 53 88
1 54 150
1 55 96
1 56 24
1 57 78
1 58 57
1 59 97
1 60 127
1 61 83
1 62 11
1 63 48
1 64 126
1 65 173
1 66 88
1 67 41
1 68 66
1 69 181
1 70 39
1 71 136
1 72 164
1 73 118
1 74 172
1 75 101
1 76 199
1 77 36
1 78 85
1 79 191
1 80 125
1 81 25
1 82 80
1 83 44
1 84 68
1 85 43
1 86 7
1 87 139
1 88 53
1 89 84
1 90 26
1 91 72
1 92 128
1 93 32
1 94 65
1 95 60
1 96 16
1 97 19
1 98 31
1 99 119
2 3 70
2 4 35
2 5 152
2 6 133
2 7 180
2 8 158
2 9 115
2 10 74
2 11 175
2 12 40
2 13 171
2 14 184
2 15 32
2 16 56
2 17 69
2 18 128
2 19 17
2 20 199
2 21 200
2 22 78
2 23 88
2 24 58
2 25 11
2 26 133
2 27 54
2 28 4
2 29 139
2 30 153
2 31 161
2 32 86
2 33 167
2 34 70
2 35 2
2 36 42
2 37 75
2 38 198
2 39 42
2 40 0
2 41 155
2 42 105
2 43 45
2 44 147
2 45 162
2 46 139
2 47 173
2 48 44
2 49 173
2 50 49
2 51 71
2 52 18
2 53 162
2 54 145
2 55 122
2 56 9
2 57 22
2 58 69
2 59 129
2 60 61
2 61 191
2 62 71
2 63 62
2 64 4
2 65 154
2 66 179
2 67 161
2 68 186
2 69 82
2 70 25
2 71 111
2 72 151
2 73 140
2 74 56
2 75 11
2 76 21
2 77 128
2 78 90
2 79 134
2 80 69
2 81 64
2 82 109
2 83 115
2 84 78
2 85 25
2 86 192
2 87 161
2 88 161
2 89 128
2 90 76
2 91 53
2 92 109
2 93 14
2 94 152
2 95 76
2 96 160
2 97 130
2 98 65
2 99 1
3 4 176
3 5 177
3 6 53
3 7 152
3 8 94
3 9 33
3 10 86
3 11 28
3 12 182
3 13 68
3 14 188
3 15 93
3 16 0
3 17 58
3 18 108
3 19 48
3 20 15
3 21 119
3 22 52
3 23 182
3 24 155
3 25 19
3 26 53
3 27 128
3 28 20
3 29 54
3 30 30
3 31 93
3 32 131
3 33 135
3 34 29
3 35 44
3 36 112
3 37 72
3 38 49
3 39 34
3 40 129
3 41 128
3 42 35
3 43 43
3 44 184
3 45 45
3 46 46
3 47 134
3 48 173
3 49 74
3 50 170
3 51 138
3 52 153
3 53 48
3 54 142
3 55 118
3 56 193
3 57 81
3 58 174
3 59 143
3 60 50
3 61 70
3 62 65
3 63 118
3 64 93
3 65 165
3 66 139
3 67 148
3 68 169
3 69 153
3 70 139
3 71 69
3 72 140
3 73 25
3 74 29
3 75 170
3 76 95
3 77 157
3 78 154
3 79 141
3 80 50
3 81 156
3 82 62
3 83 24
3 84 163
3 85 183
3 86 64
3 87 127
3 88 91
3 89 94
3 90 119
3 91 61
3 92 20
3 93 186
3 94 185
3 95 110
3 96 36
3 97 161
3 98 169
3 99 107
4 5 95
4 6 50
4 7 169
4 8 164
4 9 29
4 10 21
4 11 9
4 12 98
4 13 140
4 14 60
4 15 155
4 16 147
4 17 29
4 18 98
4 19 23
4 20 190
4 21 1
4 22 180
4 23 168
4 24 169
4 25 48
4 26 79
4 27 132
4 28 28
4 29 178
4 30 197
4 31 125
4 32 48
4 33 58
4 34 193
4 35 122
4 36 100
4 37 15
4 38 100
4 39 166
4 40 66
4 41 145
4 42 113
4 43 64
4 44 93
4 45 48
4 46 60
4 47 6
4 48 70
4 49 127
4 50 1
4 51 34
4 52 187
4 53 27
4 54 159
4 55 9
4 56 166
4 57 76
4 58 193
4 59 72
4 60 33
4 61 116
4 62 193
4 63 74
4 64 167
4 65 56
4 66 17
4 67 157
4 68 28
4 69 82
4 70 60
4 71 12
4 72 171
4 73 61
4 74 149
4 75 146
4 76 177
4 77 191
4 78 133
4 79 20
4 80 46
4 81 14
4 82 40
4 83 47
4 84 23
4 85 139
4 86 9
4 87 68
4 88 22
4 89 142
4 90 180
4 91 143
4 92 9
4 93 31
4 94 168
4 95 105
4 96 127
4 97 150
4 98 57
4 99 151
5 6 176
5 7 86
5 8 82
5 9 195
5 10 116
5 11 16
5 12 106
5 13 44
5 14 198
5 15 113
5 16 28
5 17 101
5 18 185
5 19 115
5 20 199
5 21 31
5 22 152
5 23 53
5 24 193
5 25 40
5 26 109
5 27 148
5 28 136
5 29 7
5 30 113
5 31 74
5 32 9
5 33 181
5 34 38
5 35 50
5 36 152
5 37 122
5 38 130
5 39 30
5 40 110
5 41 20
5 42 151
5 43 191
5 44 105
5 45 97
5 46 135
5 47 81
5 48 0
5 49 182
5 50 6
5 51 138
5 52 83
5 53 171
5 54 3
5 55 0
5 56 16
5 57 165
5 58 16
5 59 4
5 60 15
5 61 53
5 62 76
5 63 43
5 64 184
5 65 72
5 66 120
5 67 115
5 68 135
5 69 175
5 70 42
5 71 172
5 72 33
5 73 153
5 74 185
5 75 55
5 76 45
5 77 79
5 78 44
5 79 169
5 80 46
5 81 26
5 82 165
5 83 91
5 84 101
5 85 155
5 86 99
5 87 22
5 88 123
5 89 14
5 90 35
5 91 73
5 92 153
5 93 37
5 94 125
5 95 182
5 96 61
5 97 2
5 98 24
5 99 168
6 7 92
6 8 94
6 9 137
6 10 181
6 11 21
6 12 200
6 13 113
6 14 24
6 15 118
6 16 155
6 17 93
6 18 174
6 19 178
6 20 4
6 21 60
6 22 9
6 23 143
6 24 123
6 25 10
6 26 173
6 27 151
6 28 17
6 29 160
6 30 21
6 31 162
6 32 102
6 33 102
6 34 38
6 35 45
6 36 146
6 37 45
6 38 44
6 39 105
6 40 80
6 41 98
6 42 85
6 43 166
6 44 44
6 45 61
6 46 22
6 47 43
6 48 161
6 49 74
6 50 83
6 51 148
6 52 172
6 53 0
6 54 75
6 55 129
6 56 86
6 57 12
6 58 106
6 59 4
6 60 68
6 61 27
6 62 129
6 63 112
6 64 73
6 65 47
6 66 21
6 67 97
6 68 39
6 69 24
6 70 42
6 71 128
6 72 185
6 73 131
6 74 31
6 75 75
6 76 124
6 77 188
6 78 195
6 79 65
6 80 3
6 81 155
6 82 123
6 83 72
6 84 140
6 85 98
6 86 16
6 87 190
6 88 33
6 89 124
6 90 28
6 91 94
6 92 99
6 93 181
6 94 95
6 95 75
6 96 119
6 97 63
6 98 113
6 99 182
7 8 73
7 9 110
7 10 27
7 11 7
7 12 49
7 13 27
7 14 139
7 15 143
7 16 128
7 17 145
7 18 163
7 19 99
7 20 4
7 21 180
7 22 152
7 23 42
7 24 24
7 25 185
7 26 47
7 27 184
7 28 70
7 29 61
7 30 86
7 31 154
7 32 114
7 33 137
7 34 44
7 35 21
7 36 84
7 37 197
7 38 172
7 39 165
7 40 154
7 41 39
7 42 179
7 43 106
7 44 55
7 45 82
7 46 154
7 47 56
7 48 80
7 49 36
7 50 101
7 51 48
7 52 135
7 53 159
7 54 48
7 55 129
7 56 43
7 57 70
7 58 71
7 59 31
7 60 166
7 61 134
7 62 16
7 63 141
7 64 128
7 65 118
7 66 184
7 67 110
7 68 56
7 69 17
7 70 183
7 71 114
7 72 43
7 73 61
7 74 128
7 75 64
7 76 163
7 77 114
7 78 10
7 79 83
7 80 147
7 81 191
7 82 21
7 83 45
7 84 73
7 85 8
7 86 188
7 87 35
7 88 92
7 89 107
7 90 194
7 91 123
7 92 47
7 93 29
7 94 171
7 95 150
7 96 84
7 97 126
7 98 32
7 99 17
8 9 87
8 10 35
8 11 112
8 12 65
8 13 63
8 14 54
8 15 74
8 16 18
8 17 100
8 18 149
8 19 107
8 20 125
8 21 67
8 22 133
8 23 56
8 24 44
8 25 7
8 26 1
8 27 42
8 28 152
8 29 51
8 30 126
8 31 131
8 32 172
8 33 153
8 34 134
8 35 116
8 36 199
8 37 6
8 38 109
8 39 187
8 40 74
8 41 35
8 42 23
8 43 2
8 44 190
8 45 80
8 46 169
8 47 73
8 48 125
8 49 182
8 50 58
8 51 84
8 52 198
8 53 91
8 54 105
8 55 135
8 56 112
8 57 135
8 58 195
8 59 129
8 60 61
8 61 9
8 62 79
8 63 31
8 64 80
8 65 57
8 66 194
8 67 178
8 68 42
8 69 144
8 70 195
8 71 144
8 72 191
8 73 27
8 74 36
8 75 11
8 76 127
8 77 15
8 78 139
8 79 45
8 80 60
8 81 145
8 82 152
8 83 116
8 84 55
8 85 15
8 86 10
8 87 57
8 88 123
8 89 39
8 90 106
8 91 135
8 92 99
8 93 122
8 94 56
8 95 104
8 96 135
8 97 111
8 98 115
8 99 146
9 10 132
9 11 173
9 12 154
9 13 22
9 14 145
9 15 132
9 16 68
9 17 15
9 18 131
9 19 67
9 20 160
9 21 131
9 22 166
9 23 88
9 24 199
9 25 82
9 26 188
9 27 11
9 28 86
9 29 127
9 30 158
9 31 90
9 32 122
9 33 112
9 34 152
9 35 97
9 36 50
9 37 130
9 38 187
9 39 107
9 40 149
9 41 36
9 42 170
9 43 39
9 44 56
9 45 148
9 46 19
9 47 160
9 48 143
9 49 93
9 50 175
9 51 64
9 52 28
9 53 67
9 54 4
9 55 136
9 56 10
9 57 138
9 58 62
9 59 167
9 60 133
9 61 15
9 62 25
9 63 71
9 64 51
9 65 163
9 66 138
9 67 32
9 68 130
9 69 177
9 70 163
9 71 36
9 72 29
9 73 20
9 74 196
9 75 112
9 76 157
9 77 36
9 78 169
9 79 137
9 80 30
9 81 38
9 82 30
9 83 158
9 84 122
9 85 186
9 86 84
9 87 190
9 88 107
9 89 7
9 90 184
9 91 150
9 92 77
9 93 142
9 94 108
9 95 108
9 96 34
9 97 42
9 98 169
9 99 132
10 11 126
10 12 82
10 13 42
10 14 160
10 15 50
10 16 30
10 17 40
10 18 113
10 19 18
10 20 142
10 21 164
10 22 38
10 23 138
10 24 105
10 25 138
10 26 158
10 27 52
10 28 96
10 29 23
10 30 156
10 31 14
10 32 19
10 33 199
10 34 44
10 35 74
10 36 15
10 37 51
10 38 3
10 39 84
10 40 69
10 41 172
10 42 182
10 43 181
10 44 165
10 45 109
10 46 173
10 47 13
10 48 62
10 49 50
10 50 24
10 51 145
10 52 186
10 53 171
10 54 143
10 55 171
10 56 14
10 57 150
10 58 175
10 59 75
10 60 104
10 61 38
10 62 115
10 63 169
10 64 57
10 65 85
10 66 182
10 67 164
10 68 173
10 69 95
10 70 65
10 71 4
10 72 66
10 73 35
10 74 2
10 75 149
10 76 7
10 77 20
10 78 177
10 79 120
10 80 46
10 81 158
10 82 172
10 83 196
10 84 65
10 85 174
10 86 64
10 87 39
10 88 83
10 89 118
10 90 178
10 91 48
10 92 107
10 93 62
10 94 166
10 95 88
10 96 14
10 97 190
10 98 170
10 99 161
11 12 67
11 13 184
11 14 109
11 15 163
11 16 23
11 17 153
11 18 5
11 19 45
11 20 107
11 21 33
11 22 24
11 23 141
11 24 90
11 25 160
11 26 120
11 27 135
11 28 45
11 29 108
11 30 179
11 31 94
11 32 105
11 33 97
11 34 123
11 35 76
11 36 125
11 37 86
11 38 166
11 39 129
11 40 116
11 41 40
11 42 111
11 43 136
11 44 70
11 45 23
11 46 26
11 47 147
11 48 181
11 49 0
11 50 176
11 51 75
11 52 83
11 53 0
11 54 41
11 55 199
11 56 111
11 57 77
11 58 91
11 59 29
11 60 156
11 61 95
11 62 114
11 63 166
11 64 179
11 65 132
11 66 59
11 67 20
11 68 139
11 69 133
11 70 4
11 71 163
11 72 179
11 73 152
11 74 135
11 75 47
11 76 19
11 77 178
11 78 137
11 79 142
11 80 58
11 81 35
11 82 133
11 83 127
11 84 120
11 85 90
11 86 57
11 87 31
11 88 117
11 89 38
11 90 12
11 91 35
11 92 81
11 93 140
11 94 5
11 95 168
11 96 127
11 97 108
11 98 73
11 99 147
12 13 79
12 14 198
12 15 64
12 16 137
12 17 39
12 18 174
12 19 34
12 20 117
12 21 11
12 22 126
12 23 174
12 24 119
12 25 188
12 26 179
12 27 76
12 28 6
12 29 126
12 30 97
12 31 28
12 32 192
12 33 166
12 34 191
12 35 176
12 36 96
12 37 42
12 38 117
12 39 124
12 40 138
12 41 70
12 42 156
12 43 67
12 44 173
12 45 109
12 46 193
12 47 79
12 48 121
12 49 180
12 50 154
12 51 190
12 52 110
12 53 167
12 54 190
12 55 152
12 56 7
12 57 105
12 58 62
12 59 49
12 60 185
12 61 85
12 62 68
12 63 21
12 64 179
12 65 66
12 66 89
12 67 56
12 68 109
12 69 24
12 70 64
12 71 45
12 72 51
12 73 122
12 74 33
12 75 198
12 76 59
12 77 110
12 78 38
12 79 35
12 80 54
12 81 122
12 82 54
12 83 165
12 84 180
12 85 12
12 86 20
12 87 87
12 88 56
12 89 120
12 90 127
12 91 131
12 92 30
12 93 37
12 94 120
12 95 92
12 96 192
12 97 91
12 98 133
12 99 165
13 14 81
13 15 62
13 16 39
13 17 101
13 18 140
13 19 151
13 20 142
13 21 62
13 22 156
13 23 167
13 24 97
13 25 26
13 26 104
13 27 43
13 28 152
13 29 107
13 30 192
13 31 118
13 32 200
13 33 39
13 34 13
13 35 200
13 36 147
13 37 170
13 38 75
13 39 108
13 40 2
13 41 136
13 42 160
13 43 150
13 44 65
13 45 121
13 46 83
13 47 26
13 48 97
13 49 6
13 50 159
13 51 187
13 52 52
13 53 46
13 54 153
13 55 5
13 56 176
13 57 20
13 58 30
13 59 137
13 60 26
13 61 76
13 62 200
13 63 195
13 64 11
13 65 160
13 66 57
13 67 8
13 68 197
13 69 43
13 70 139
13 71 0
13 72 172
13 73 145
13 74 1
13 75 155
13 76 41
13 77 89
13 78 113
13 79 190
13 80 33
13 81 34
13 82 92
13 83 177
13 84 132
13 85 111
13 86 83
13 87 157
13 88 177
13 89 119
13 90 21
13 91 86
13 92 84
13 93 125
13 94 60
13 95 119
13 96 145
13 97 151
13 98 18
13 99 62
14 15 177
14 16 77
14 17 168
14 18 159
14 19 161
14 20 15
14 21 140
14 22 3
14 23 191
14 24 131
14 25 120
14 26 49
14 27 124
14 28 13
14 29 93
14 30 188
14 31 145
14 32 7
14 33 68
14 34 155
14 35 142
14 36 70
14 37 33
14 38 9
14 39 198
14 40 31
14 41 112
14 42 23
14 43 40
14 44 13
14 45 120
14 46 194
14 47 101
14 48 93
14 49 8
14 50 186
14 51 140
14 52 25
14 53 146
14 54 160
14 55 9
14 56 135
14 57 81
14 58 74
14 59 86
14 60 82
14 61 126
14 62 82
14 63 57
14 64 187
14 65 118
14 66 79
14 67 95
14 68 83
14 69 95
14 70 53
14 71 107
14 72 24
14 73 80
14 74 180
14 75 162
14 76 62
14 77 42
14 78 24
14 79 27
14 80 114
14 81 92
14 82 36
14 83 59
14 84 18
14 85 56
14 86 185
14 87 40
14 88 188
14 89 64
14 90 194
14 91 45
14 92 59
14 93 83
14 94 95
14 95 48
14 96 60
14 97 111
14 98 59
14 99 173
15 16 169
15 17 178
15 18 119
15 19 66
15 20 84
15 21 190
15 22 195
15 23 143
15 24 134
15 25 173
15 26 127
15 27 26
15 28 71
15 29 115
15 30 53
15 31 103
15 32 168
15 33 35
15 34 140
15 35 8
15 36 172
15 37 108
15 38 125
15 39 28
15 40 193
15 41 175
15 42 134
15 43 31
15 44 50
15 45 139
15 46 199
15 47 189
15 48 103
15 49 169
15 50 129
15 51 103
15 52 53
15 53 43
15 54 130
15 55 103
15 56 102
15 57 199
15 58 20
15 59 137
15 60 109
15 61 105
15 62 147
15 63 48
15 64 178
15 65 56
15 66 154
15 67 155
15 68 179
15 69 152
15 70 190
15 71 90
15 72 12
15 73 66
15 74 134
15 75 103
15 76 187
15 77 179
15 78 185
15 79 119
15 80 115
15 81 164
15 82 103
15 83 86
15 84 85
15 85 99
15 86 12
15 87 186
15 88 21
15 89 173
15 90 60
15 91 160
15 92 94
15 93 52
15 94 189
15 95 96
15 96 17
15 97 19
15 98 40
15 99 10
16 17 51
16 18 151
16 19 2
16 20 101
16 21 195
16 22 192
16 23 198
16 24 109
16 25 110
16 26 190
16 27 123
16 28 83
16 29 155
16 30 188
16 31 180
16 32 3
16 33 29
16 34 22
16 35 8
16 36 180
16 37 25
16 38 147
16 39 103
16 40 129
16 41 91
16 42 167
16 43 13
16 44 138
16 45 41
16 46 52
16 47 177
16 48 54
16 49 54
16 50 190
16 51 162
16 52 192
16 53 19
16 54 152
16 55 71
16 56 12
16 57 34
16 58 66
16 59 135
16 60 166
16 61 173
16 62 138
16 63 151
16 64 100
16 65 196
16 66 167
16 67 86
16 68 130
16 69 94
16 70 124
16 71 83
16 72 140
16 73 139
16 74 146
16 75 118
16 76 132
16 77 173
16 78 24
16 79 153
16 80 182
16 81 184
16 82 7
16 83 92
16 84 71
16 85 35
16 86 200
16 87 105
16 88 161
16 89 55
16 90 93
16 91 41
16 92 114
16 93 20
16 94 36
16 95 44
16 96 155
16 97 20
16 98 17
16 99 29
17 18 64
17 19 59
17 20 28
17 21 41
17 22 160
17 23 49
17 24 88
17 25 76
17 26 15
17 27 74
17 28 112
17 29 87
17 30 48
17 31 125
17 32 63
17 33 25
17 34 114
17 35 69
17 36 136
17 37 158
17 38 142
17 39 191
17 40 84
17 41 100
17 42 161
17 43 6
17 44 141
17 45 6
17 46 83
17 47 124
17 48 181
17 49 53
17 50 68
17 51 35
17 52 97
17 53 143
17 54 62
17 55 28
17 56 113
17 57 53
17 58 97
17 59 55
17 60 189
17 61 129
17 62 178
17 63 32
17 64 24
17 65 148
17 66 196
17 67 132
17 68 46
17 69 177
17 70 170
17 71 125
17 72 108
17 73 47
17 74 36
17 75 61
17 76 158
17 77 160
17 78 192
17 79 191
17 80 35
17 81 160
17 82 99
17 83 154
17 84 118
17 85 72
17 86 75
17 87 9
17 88 76
17 89 198
17 90 188
17 91 67
17 92 118
17 93 79
17 94 194
17 95 36
17 96 55
17 97 105
17 98 72
17 99 46
18 19 113
18 20 130
18 21 167
18 22 129
18 23 110
18 24 9
18 25 136
18 26 58
18 27 136
18 28 193
18 29 125
18 30 71
18 31 108
18 32 78
18 33 96
18 34 96
18 35 32
18 36 40
18 37 86
18 38 6
18 39 164
18 40 7
18 41 52
18 42 130
18 43 32
18 44 98
18 45 130
18 46 191
18 47 136
18 48 78
18 49 190
18 50 95
18 51 82
18 52 47
18 53 31
18 54 43
18 55 32
18 56 97
18 57 179
18 58 12
18 59 9
18 60 31
18 61 38
18 62 191
18 63 118
18 64 54
18 65 35
18 66 184
18 67 138
18 68 107
18 69 87
18 70 70
18 71 173
18 72 9
18 73 176
18 74 136
18 75 55
18 76 136
18 77 50
18 78 60
18 79 49
18 80 123
18 81 82
18 82 184
18 83 129
18 84 147
18 85 62
18 86 171
18 87 153
18 88 73
18 89 92
18 90 18
18 91 65
18 92 150
18 93 150
18 94 60
18 95 164
18 96 124
18 97 39
18 98 45
18 99 0
19 20 107
19 21 137
19 22 39
19 23 131
19 24 127
19 25 47
19 26 96
19 27 94
19 28 46
19 29 153
19 30 33
19 31 189
19 32 168
19 33 16
19 34 161
19 35 123
19 36 131
19 37 48
19 38 135
19 39 51
19 40 110
19 41 184
19 42 26
19 43 118
19 44 149
19 45 75
19 46 108
19 47 95
19 48 71
19 49 46
19 50 117
19 51 151
19 52 113
19 53 126
19 54 138
19 55 138
19 56 151
19 57 175
19 58 153
19 59 77
19 60 80
19 61 144
19 62 83
19 63 89
19 64 14
19 65 84
19 66 78
19 67 56
19 68 21
19 69 146
19 70 170
19 71 94
19 72 7
19 73 116
19 74 2
19 75 66
19 76 39
19 77 191
19 78 23
19 79 99
19 80 122
19 81 126
19 82 102
19 83 79
19 84 1
19 85 64
19 86 184
19 87 122
19 88 103
19 89 87
19 90 146
19 91 108
19 92 70
19 93 97
19 94 199
19 95 140
19 96 185
19 97 141
19 98 13
19 99 178
20 21 94
20 22 157
20 23 90
20 24 11
20 25 181
20 26 128
20 27 130
20 28 24
20 29 194
20 30 59
20 31 81
20 32 45
20 33 62
20 34 64
20 35 108
20 36 191
20 37 45
20 38 138
20 39 21
20 40 141
20 41 41
20 42 176
20 43 180
20 44 21
20 45 42
20 46 186
20 47 155
20 48 123
20 49 149
20 50 127
20 51 62
20 52 143
20 53 76
20 54 58
20 55 128
20 56 39
20 57 28
20 58 104
20 59 158
20 60 159
20 61 106
20 62 80
20 63 111
20 64 80
20 65 180
20 66 87
20 67 169
20 68 0
20 69 136
20 70 139
20 71 162
20 72 79
20 73 85
20 74 109
20 75 22
20 76 146
20 77 13
20 78 117
20 79 90
20 80 40
20 81 64
20 82 142
20 83 33
20 84 123
20 85 132
20 86 98
20 87 198
20 88 172
20 89 11
20 90 73
20 91 51
20 92 186
20 93 128
20 94 150
20 95 32
20 96 132
20 97 73
20 98 34
20 99 53
21 22 20
21 23 187
21 24 135
21 25 70
21 26 67
21 27 51
21 28 15
21 29 125
21 30 120
21 31 139
21 32 35
21 33 90
21 34 141
21 35 150
21 36 58
21 37 194
21 38 196
21 39 151
21 40 59
21 41 52
21 42 164
21 43 153
21 44 1
21 45 1
21 46 48
21 47 41
21 48 72
21 49 106
21 50 188
21 51 83
21 52 143
21 53 59
21 54 35
21 55 55
21 56 120
21 57 98
21 58 97
21 59 46
21 60 144
21 61 5
21 62 64
21 63 81
21 64 79
21 65 197
21 66 180
21 67 32
21 68 39
21 69 91
21 70 44
21 71 15
21 72 58
21 73 122
21 74 110
21 75 68
21 76 146
21 77 170
21 78 53
21 79 98
21 80 122
21 81 179
21 82 42
21 83 145
21 84 50
21 85 175
21 86 151
21 87 6
21 88 181
21 89 164
21 90 141
21 91 33
21 92 137
21 93 180
21 94 54
21 95 197
21 96 156
21 97 150
21 98 175
21 99 133
22 23 32
22 24 139
22 25 97
22 26 136
22 27 80
22 28 40
22 29 31
22 30 173
22 31 1
22 32 57
22 33 184
22 34 173
22 35 28
22 36 104
22 37 165
22 38 57
22 39 29
22 40 1
22 41 73
22 42 98
22 43 79
22 44 101
22 45 181
22 46 93
22 47 32
22 48 183
22 49 198
22 50 153
22 51 189
22 52 189
22 53 128
22 54 142
22 55 80
22 56 20
22 57 111
22 58 100
22 59 45
22 60 136
22 61 187
22 62 32
22 63 180
22 64 8
22 65 140
22 66 174
22 67 32
22 68 184
22 69 75
22 70 190
22 71 106
22 72 76
22 73 53
22 74 15
22 75 64
22 76 76
22 77 112
22 78 184
22 79 114
22 80 140
22 81 25
22 82 145
22 83 77
22 84 51
22 85 16
22 86 142
22 87 185
22 88 52
22 89 169
22 90 99
22 91 65
22 92 110
22 93 104
22 94 46
22 95 88
22 96 42
22 97 195
22 98 179
22 99 94
23 24 79
23 25 162
23 26 191
23 27 152
23 28 198
23 29 125
23 30 135
23 31 177
23 32 163
23 33 92
23 34 134
23 35 152
23 36 8
23 37 153
23 38 77
23 39 115
23 40 87
23 41 192
23 42 144
23 43 171
23 44 43
23 45 199
23 46 199
23 47 10
23 48 29
23 49 76
23 50 104
23 51 39
23 52 74
23 53 29
23 54 174
23 55 182
23 56 134
23 57 121
23 58 131
23 59 44
23 60 145
23 61 81
23 62 93
23 63 56
23 64 57
23 65 200
23 66 110
23 67 62
23 68 128
23 69 13
23 70 144
23 71 47
23 72 74
23 73 85
23 74 66
23 75 96
23 76 172
23 77 21
23 78 27
23 79 89
23 80 36
23 81 190
23 82 78
23 83 147
23 84 41
23 85 73
23 86 36
23 87 149
23 88 157
23 89 82
23 90 87
23 91 31
23 92 133
23 93 136
23 94 124
23 95 77
23 96 59
23 97 67
23 98 96
23 99 172
24 25 51
24 26 26
24 27 112
24 28 111
24 29 122
24 30 4
24 31 12
24 32 126
24 33 190
24 34 162
24 35 95
24 36 29
24 37 71
24 38 189
24 39 120
24 40 176
24 41 28
24 42 101
24 43 133
24 44 19
24 45 136
24 46 143
24 47 18
24 48 14
24 49 50
24 50 126
24 51 104
24 52 112
24 53 147
24 54 65
24 55 197
24 56 23
24 57 107
24 58 191
24 59 101
24 60 91
24 61 195
24 62 61
24 63 177
24 64 116
24 65 137
24 66 196
24 67 151
24 68 11
24 69 54
24 70 116
24 71 10
24 72 69
24 73 83
24 74 61
24 75 111
24 76 15
24 77 54
24 78 180
24 79 9
24 80 45
24 81 19
24 82 4
24 83 148
24 84 110
24 85 39
24 86 74
24 87 41
24 88 144
24 89 135
24 90 129
24 91 126
24 92 130
24 93 83
24 94 179
24 95 5
24 96 126
24 97 42
24 98 99
24 99 95
25 26 89
25 27 33
25 28 170
25 29 43
25 30 84
25 31 68
25 32 13
25 33 180
25 34 117
25 35 193
25 36 161
25 37 0
25 38 74
25 39 98
25 40 13
25 41 31
25 42 109
25 43 13
25 44 148
25 45 115
25 46 76
25 47 68
25 48 70
25 49 195
25 50 6
25 51 19
25 52 190
25 53 161
25 54 100
25 55 160
25 56 139
25 57 133
25 58 45
25 59 35
25 60 38
25 61 4
25 62 152
25 63 152
25 64 80
25 65 107
25 66 69
25 67 120
25 68 39
25 69 196
25 70 94
25 71 112
25 72 123
25 73 81
25 74 142
25 75 72
25 76 32
25 77 122
25 78 63
25 79 141
25 80 130
25 81 34
25 82 113
25 83 14
25 84 131
25 85 120
25 86 2
25 87 59
25 88 51
25 89 187
25 90 108
25 91 137
25 92 100
25 93 200
25 94 109
25 95 9
25 96 29
25 97 105
25 98 180
25 99 43
26 27 166
26 28 144
26 29 117
26 30 89
26 31 37
26 32 25
26 33 128
26 34 107
26 35 2
26 36 124
26 37 139
26 38 20
26 39 195
26 40 134
26 41 63
26 42 56
26 43 127
26 44 150
26 45 164
26 46 155
26 47 78
26 48 164
26 49 155
26 50 58
26 51 41
26 52 67
26 53 68
26 54 130
26 55 7
26 56 66
26 57 114
26 58 89
26 59 41
26 60 94
26 61 171
26 62 43
26 63 180
26 64 104
26 65 176
26 66 24
26 67 17
26 68 172
26 69 155
26 70 188
26 71 135
26 72 84
26 73 41
26 74 82
26 75 164
26 76 181
26 77 123
26 78 59
26 79 46
26 80 165
26 81 47
26 82 155
26 83 161
26 84 43
26 85 85
26 86 196
26 87 37
26 88 136
26 89 113
26 90 125
26 91 161
26 92 92
26 93 200
26 94 64
26 95 65
26 96 68
26 97 179
26 98 118
26 99 61
27 28 88
27 29 21
27 30 131
27 31 15
27 32 25
27 33 53
27 34 5
27 35 196
27 36 120
27 37 9
27 38 42
27 39 111
27 40 33
27 41 197
27 42 120
27 43 38
27 44 5
27 45 163
27 46 0
27 47 26
27 48 72
27 49 84
27 50 11
27 51 186
27 52 94
27 53 72
27 54 165
27 55 3
27 56 94
27 57 179
27 58 95
27 59 176
27 60 115
27 61 46
27 62 34
27 63 60
27 64 191
27 65 28
27 66 42
27 67 180
27 68 97
27 69 87
27 70 173
27 71 107
27 72 146
27 73 1
27 74 169
27 75 94
27 76 136
27 77 95
27 78 86
27 79 104
27 80 19
27 81 5
27 82 135
27 83 39
27 84 172
27 85 92
27 86 122
27 87 56
27 88 46
27 89 66
27 90 58
27 91 135
27 92 46
27 93 86
27 94 78
27 95 87
27 96 170
27 97 10
27 98 84
27 99 41
28 29 140
28 30 62
28 31 107
28 32 18
28 33 168
28 34 120
28 35 125
28 36 196
28 37 158
28 38 162
28 39 34
28 40 76
28 41 172
28 42 102
28 43 173
28 44 133
28 45 27
28 46 155
28 47 114
28 48 133
28 49 27
28 50 54
28 51 112
28 52 188
28 53 151
28 54 148
28 55 86
28 56 153
28 57 23
28 58 30
28 59 181
28 60 118
28 61 170
28 62 111
28 63 167
28 64 151
28 65 166
28 66 50
28 67 136
28 68 142
28 69 153
28 70 41
28 71 117
28 72 193
28 73 174
28 74 183
28 75 23
28 76 53
28 77 179
28 78 64
28 79 46
28 80 95
28 81 168
28 82 106
28 83 99
28 84 158
28 85 32
28 86 187
28 87 11
28 88 135
28 89 124
28 90 187
28 91 180
28 92 17
28 93 151
28 94 84
28 95 160
28 96 146
28 97 17
28 98 21
28 99 130
29 30 128
29 31 5
29 32 96
29 33 159
29 34 73
29 35 13
29 36 66
29 37 173
29 38 96
29 39 7
29 40 49
29 41 185
29 42 141
29 43 4
29 44 161
29 45 187
29 46 192
29 47 10
29 48 160
29 49 132
29 50 25
29 51 70
29 52 57
29 53 111
29 54 107
29 55 28
29 56 46
29 57 162
29 58 144
29 59 102
29 60 197
29 61 44
29 62 60
29 63 20
29 64 129
29 65 121
29 66 183
29 67 196
29 68 91
29 69 132
29 70 65
29 71 106
29 72 160
29 73 127
29 74 51
29 75 34
29 76 119
29 77 108
29 78 0
29 79 147
29 80 1
29 81 0
29 82 111
29 83 140
29 84 156
29 85 74
29 86 191
29 87 130
29 88 104
29 89 138
29 90 111
29 91 33
29 92 84
29 93 34
29 94 22
29 95 75
29 96 135
29 97 196
29 98 0
29 99 130
30 31 151
30 32 148
30 33 97
30 34 73
30 35 39
30 36 111
30 37 50
30 38 134
30 39 5
30 40 167
30 41 157
30 42 104
30 43 114
30 44 7
30 45 162
30 46 96
30 47 91
30 48 193
30 49 34
30 50 97
30 51 89
30 52 150
30 53 195
30 54 65
30 55 50
30 56 185
30 57 192
30 58 132
30 59 164
30 60 80
30 61 17
30 62 35
30 63 197
30 64 16
30 65 161
30 66 118
30 67 132
30 68 176
30 69 25
30 70 31
30 71 66
30 72 154
30 73 108
30 74 130
30 75 50
30 76 37
30 77 150
30 78 127
30 79 74
30 80 176
30 81 62
30 82 1
30 83 87
30 84 61
30 85 52
30 86 71
30 87 3
30 88 125
30 89 67
30 90 190
30 91 5
30 92 173
30 93 48
30 94 9
30 95 86
30 96 157
30 97 26
30 98 41
30 99 148
31 32 26
31 33 22
31 34 198
31 35 178
31 36 166
31 37 69
31 38 21
31 39 199
31 40 183
31 41 142
31 42 63
31 43 87
31 44 130
31 45 141
31 46 53
31 47 115
31 48 64
31 49 66
31 50 7
31 51 82
31 52 181
31 53 115
31 54 33
31 55 194
31 56 90
31 57 72
31 58 53
31 59 18
31 60 167
31 61 15
31 62 59
31 63 20
31 64 100
31 65 21
31 66 102
31 67 103
31 68 93
31 69 171
31 70 83
31 71 51
31 72 161
31 73 61
31 74 29
31 75 78
31 76 56
31 77 15
31 78 19
31 79 101
31 80 6
31 81 185
31 82 160
31 83 193
31 84 106
31 85 155
31 86 57
31 87 22
31 88 23
31 89 88
31 90 52
31 91 187
31 92 40
31 93 152
31 94 24
31 95 60
31 96 200
31 97 80
31 98 92
31 99 57
32 33 21
32 34 87
32 35 182
32 36 41
32 37 92
32 38 89
32 39 25
32 40 7
32 41 58
32 42 2
32 43 4
32 44 106
32 45 10
32 46 123
32 47 134
32 48 134
32 49 96
32 50 132
32 51 71
32 52 31
32 53 56
32 54 83
32 55 135
32 56 47
32 57 46
32 58 110
32 59 200
32 60 97
32 61 26
32 62 154
32 63 148
32 64 78
32 65 77
32 66 63
32 67 7
32 68 11
32 69 41
32 70 45
32 71 184
32 72 156
32 73 139
32 74 93
32 75 99
32 76 70
32 77 101
32 78 33
32 79 113
32 80 61
32 81 91
32 82 135
32 83 2
32 84 46
32 85 75
32 86 179
32 87 124
32 88 2
32 89 6
32 90 170
32 91 82
32 92 26
32 93 46
32 94 164
32 95 81
32 96 109
32 97 19
32 98 121
32 99 45
33 34 170
33 35 117
33 36 72
33 37 45
33 38 43
33 39 82
33 40 34
33 41 10
33 42 52
33 43 18
33 44 104
33 45 87
33 46 175
33 47 13
33 48 18
33 49 188
33 50 93
33 51 182
33 52 183
33 53 138
33 54 115
33 55 19
33 56 83
33 57 191
33 58 195
33 59 34
33 60 200
33 61 169
33 62 177
33 63 68
33 64 66
33 65 160
33 66 98
33 67 79
33 68 138
33 69 162
33 70 22
33 71 147
33 72 152
33 73 37
33 74 174
33 75 32
33 76 36
33 77 57
33 78 93
33 79 95
33 80 91
33 81 0
33 82 150
33 83 28
33 84 190
33 85 178
33 86 87
33 87 59
33 88 179
33 89 184
33 90 175
33 91 93
33 92 155
33 93 71
33 94 118
33 95 119
33 96 159
33 97 133
33 98 12
33 99 169
34 35 90
34 36 173
34 37 59
34 38 36
34 39 157
34 40 129
34 41 175
34 42 2
34 43 57
34 44 89
34 45 83
34 46 11
34 47 97
34 48 121
34 49 156
34 50 141
34 51 17
34 52 198
34 53 183
34 54 53
34 55 162
34 56 164
34 57 44
34 58 19
34 59 196
34 60 172
34 61 145
34 62 154
34 63 64
34 64 145
34 65 48
34 66 117
34 67 58
34 68 7
34 69 35
34 70 51
34 71 111
34 72 21
34 73 142
34 74 137
34 75 140
34 76 130
34 77 89
34 78 171
34 79 126
34 80 187
34 81 10
34 82 32
34 83 104
34 84 175
34 85 121
34 86 21
34 87 162
34 88 148
34 89 173
34 90 192
34 91 37
34 92 4
34 93 148
34 94 100
34 95 150
34 96 6
34 97 41
34 98 25
34 99 86
35 36 79
35 37 120
35 38 34
35 39 200
35 40 100
35 41 109
35 42 73
35 43 32
35 44 30
35 45 28
35 46 40
35 47 75
35 48 27
35 49 122
35 50 131
35 51 5
35 52 160
35 53 23
35 54 46
35 55 28
35 56 172
35 57 180
35 58 159
35 59 36
35 60 82
35 61 128
35 62 76
35 63 23
35 64 166
35 65 29
35 66 195
35 67 89
35 68 102
35 69 60
35 70 106
35 71 33
35 72 34
35 73 173
35 74 53
35 75 37
35 76 92
35 77 127
35 78 139
35 79 73
35 80 54
35 81 115
35 82 25
35 83 98
35 84 118
35 85 200
35 86 157
35 87 33
35 88 62
35 89 148
35 90 152
35 91 22
35 92 182
35 93 85
35 94 87
35 95 8
35 96 6
35 97 84
35 98 170
35 99 49
36 37 152
36 38 177
36 39 32
36 40 28
36 41 3
36 42 92
36 43 15
36 44 29
36 45 194
36 46 35
36 47 198
36 48 40
36 49 109
36 50 35
36 51 195
36 52 123
36 53 165
36 54 185
36 55 126
36 56 163
36 57 114
36 58 11
36 59 36
36 60 36
36 61 39
36 62 76
36 63 192
36 64 112
36 65 48
36 66 162
36 67 173
36 68 147
36 69 107
36 70 194
36 71 32
36 72 152
36 73 55
36 74 87
36 75 90
36 76 39
36 77 16
36 78 158
36 79 184
36 80 161
36 81 146
36 82 41
36 83 16
36 84 175
36 85 29
36 86 189
36 87 158
36 88 91
36 89 160
36 90 48
36 91 193
36 92 164
36 93 119
36 94 186
36 95 15
36 96 188
36 97 82
36 98 70
36 99 141
37 38 137
37 39 26
37 40 148
37 41 3
37 42 105
37 43 53
37 44 94
37 45 141
37 46 112
37 47 30
37 48 118
37 49 77
37 50 167
37 51 173
37 52 100
37 53 153
37 54 46
37 55 157
37 56 44
37 57 171
37 58 144
37 59 136
37 60 41
37 61 166
37 62 36
37 63 76
37 64 155
37 65 188
37 66 16
37 67 110
37 68 28
37 69 115
37 70 38
37 71 82
37 72 115
37 73 167
37 74 76
37 75 42
37 76 18
37 77 152
37 78 105
37 79 72
37 80 64
37 81 97
37 82 13
37 83 43
37 84 105
37 85 86
37 86 76
37 87 73
37 88 52
37 89 53
37 90 140
37 91 195
37 92 184
37 93 128
37 94 105
37 95 122
37 96 60
37 97 43
37 98 100
37 99 80
38 39 56
38 40 47
38 41 173
38 42 170
38 43 71
38 44 83
38 45 171
38 46 55
38 47 155
38 48 17
38 49 87
38 50 187
38 51 152
38 52 12
38 53 115
38 54 150
38 55 73
38 56 124
38 57 161
38 58 3
38 59 71
38 60 86
38 61 135
38 62 10
38 63 47
38 64 30
38 65 149
38 66 65
38 67 152
38 68 119
38 69 170
38 70 81
38 71 178
38 72 116
38 73 91
38 74 100
38 75 82
38 76 196
38 77 170
38 78 150
38 79 151
38 80 170
38 81 21
38 82 183
38 83 54
38 84 24
38 85 113
38 86 65
38 87 55
38 88 79
38 89 122
38 90 169
38 91 184
38 92 171
38 93 65
38 94 162
38 95 31
38 96 79
38 97 97
38 98 93
38 99 122
39 40 16
39 41 176
39 42 71
39 43 49
39 44 83
39 45 69
39 46 167
39 47 37
39 48 139
39 49 19
39 50 30
39 51 119
39 52 73
39 53 68
39 54 152
39 55 31
39 56 96
39 57 186
39 58 138
39 59 92
39 60 35
39 61 171
39 62 51
39 63 58
39 64 46
39 65 13
39 66 162
39 67 8
39 68 97
39 69 197
39 70 101
39 71 18
39 72 55
39 73 178
39 74 192
39 75 82
39 76 24
39 77 103
39 78 182
39 79 7
39 80 92
39 81 1
39 82 183
39 83 84
39 84 15
39 85 69
39 86 173
39 87 191
39 88 120
39 89 27
39 90 177
39 91 72
39 92 7
39 93 4
39 94 119
39 95 42
39 96 43
39 97 91
39 98 197
39 99 40
40 41 169
40 42 137
40 43 157
40 44 41
40 45 153
40 46 194
40 47 131
40 48 147
40 49 88
40 50 102
40 51 178
40 52 173
40 53 130
40 54 131
40 55 146
40 56 56
40 57 178
40 58 186
40 59 20
40 60 139
40 61 188
40 62 123
40 63 50
40 64 174
40 65 77
40 66 1
40 67 145
40 68 57
40 69 60
40 70 21
40 71 61
40 72 176
40 73 38
40 74 113
40 75 119
40 76 68
40 77 157
40 78 104
40 79 115
40 80 199
40 81 35
40 82 161
40 83 154
40 84 148
40 85 147
40 86 180
40 87 67
40 88 139
40 89 102
40 90 29
40 91 96
40 92 194
40 93 19
40 94 158
40 95 42
40 96 60
40 97 74
40 98 63
40 99 96
41 42 42
41 43 116
41 44 76
41 45 84
41 46 159
41 47 190
41 48 187
41 49 185
41 50 139
41 51 20
41 52 187
41 53 74
41 54 33
41 55 104
41 56 108
41 57 146
41 58 59
41 59 122
41 60 34
41 61 108
41 62 164
41 63 61
41 64 7
41 65 82
41 66 83
41 67 109
41 68 60
41 69 43
41 70 128
41 71 108
41 72 30
41 73 30
41 74 18
41 75 200
41 76 13
41 77 101
41 78 27
41 79 192
41 80 7
41 81 158
41 82 36
41 83 86
41 84 113
41 85 98
41 86 184
41 87 55
41 88 197
41 89 100
41 90 193
41 91 183
41 92 53
41 93 105
41 94 18
41 95 63
41 96 186
41 97 93
41 98 65
41 99 111
42 43 56
42 44 154
42 45 46
42 46 141
42 47 189
42 48 53
42 49 113
42 50 164
42 51 132
42 52 111
42 53 149
42 54 180
42 55 86
42 56 10
42 57 95
42 58 113
42 59 200
42 60 148
42 61 145
42 62 4
42 63 183
42 64 73
42 65 79
42 66 4
42 67 165
42 68 83
42 69 158
42 70 59
42 71 34
42 72 142
42 73 96
42 74 75
42 75 172
42 76 153
42 77 105
42 78 65
42 79 2
42 80 51
42 81 120
42 82 114
42 83 144
42 84 119
42 85 40
42 86 156
42 87 10
42 88 109
42 89 23
42 90 5
42 91 20
42 92 43
42 93 86
42 94 125
42 95 167
42 96 7
42 97 121
42 98 177
42 99 119
43 44 82
43 45 30
43 46 139
43 47 184
43 48 186
43 49 120
43 50 47
43 51 58
43 52 196
43 53 89
43 54 35
43 55 83
43 56 164
43 57 196
43 58 145
43 59 167
43 60 182
43 61 90
43 62 108
43 63 10
43 64 41
43 65 181
43 66 185
43 67 152
43 68 63
43 69 140
43 70 154
43 71 23
43 72 51
43 73 168
43 74 87
43 75 149
43 76 113
43 77 74
43 78 60
43 79 188
43 80 176
43 81 154
43 82 29
43 83 104
43 84 168
43 85 106
43 86 151
43 87 73
43 88 143
43 89 110
43 90 101
43 91 125
43 92 69
43 93 50
43 94 82
43 95 139
43 96 138
43 97 41
43 98 126
43 99 171
44 45 192
44 46 149
44 47 73
44 48 13
44 49 3
44 50 88
44 51 68
44 52 105
44 53 82
44 54 194
44 55 173
44 56 23
44 57 49
44 58 59
44 59 73
44 60 70
44 61 168
44 62 101
44 63 37
44 64 197
44 65 128
44 66 145
44 67 32
44 68 20
44 69 101
44 70 87
44 71 7
44 72 113
44 73 38
44 74 200
44 75 181
44 76 67
44 77 15
44 78 57
44 79 188
44 80 47
44 81 133
44 82 197
44 83 138
44 84 102
44 85 101
44 86 189
44 87 33
44 88 95
44 89 142
44 90 99
44 91 53
44 92 137
44 93 91
44 94 49
44 95 69
44 96 194
44 97 75
44 98 162
44 99 184
45 46 49
45 47 200
45 48 177
45 49 81
45 50 59
45 51 160
45 52 76
45 53 119
45 54 135
45 55 119
45 56 85
45 57 39
45 58 163
45 59 165
45 60 93
45 61 22
45 62 138
45 63 135
45 64 21
45 65 107
45 66 53
45 67 198
45 68 167
45 69 14
45 70 178
45 71 57
45 72 27
45 73 52
45 74 107
45 75 143
45 76 134
45 77 118
45 78 143
45 79 160
45 80 102
45 81 200
45 82 79
45 83 141
45 84 140
45 85 24
45 86 71
45 87 27
45 88 116
45 89 80
45 90 122
45 91 95
45 92 157
45 93 45
45 94 105
45 95 37
45 96 161
45 97 18
45 98 52
45 99 108
46 47 108
46 48 115
46 49 95
46 50 199
46 51 88
46 52 174
46 53 143
46 54 33
46 55 43
46 56 157
46 57 180
46 58 136
46 59 32
46 60 194
46 61 69
46 62 149
46 63 131
46 64 89
46 65 142
46 66 160
46 67 12
46 68 130
46 69 88
46 70 87
46 71 16
46 72 47
46 73 60
46 74 165
46 75 172
46 76 33
46 77 163
46 78 120
46 79 191
46 80 15
46 81 67
46 82 168
46 83 5
46 84 145
46 85 121
46 86 175
46 87 81
46 88 65
46 89 48
46 90 2
46 91 131
46 92 156
46 93 175
46 94 164
46 95 52
46 96 7
46 97 182
46 98 196
46 99 71
47 48 58
47 49 173
47 50 194
47 51 16
47 52 114
47 53 25
47 54 4
47 55 142
47 56 87
47 57 141
47 58 97
47 59 6
47 60 122
47 61 86
47 62 54
47 63 3
47 64 183
47 65 50
47 66 25
47 67 5
47 68 67
47 69 159
47 70 177
47 71 67
47 72 80
47 73 141
47 74 180
47 75 38
47 76 146
47 77 111
47 78 66
47 79 55
47 80 183
47 81 149
47 82 172
47 83 23
47 84 196
47 85 11
47 86 200
47 87 32
47 88 154
47 89 144
47 90 46
47 91 41
47 92 132
47 93 138
47 94 45
47 95 179
47 96 191
47 97 103
47 98 137
47 99 22
48 49 121
48 50 12
48 51 92
48 52 150
48 53 108
48 54 104
48 55 153
48 56 35
48 57 151
48 58 186
48 59 162
48 60 50
48 61 114
48 62 85
48 63 52
48 64 162
48 65 84
48 66 177
48 67 27
48 68 94
48 69 62
48 70 197
48 71 93
48 72 145
48 73 51
48 74 167
48 75 133
48 76 127
48 77 122
48 78 58
48 79 176
48 80 63
48 81 193
48 82 55
48 83 132
48 84 50
48 85 73
48 86 198
48 87 112
48 88 119
48 89 106
48 90 17
48 91 169
48 92 186
48 93 6
48 94 141
48 95 50
48 96 131
48 97 70
48 98 45
48 99 155
49 50 143
49 51 167
49 52 138
49 53 55
49 54 80
49 55 175
49 56 40
49 57 52
49 58 82
49 59 179
49 60 37
49 61 132
49 62 71
49 63 73
49 64 85
49 65 112
49 66 178
49 67 177
49 68 148
49 69 130
49 70 47
49 71 146
49 72 43
49 73 12
49 74 10
49 75 13
49 76 62
49 77 95
49 78 113
49 79 31
49 80 105
49 81 119
49 82 72
49 83 63
49 84 166
49 85 94
49 86 173
49 87 34
49 88 170
49 89 29
49 90 8
49 91 198
49 92 164
49 93 55
49 94 164
49 95 27
49 96 92
49 97 119
49 98 145
49 99 131
50 51 69
50 52 56
50 53 92
50 54 83
50 55 2
50 56 86
50 57 46
50 58 145
50 59 11
50 60 103
50 61 71
50 62 157
50 63 113
50 64 37
50 65 139
50 66 64
50 67 121
50 68 97
50 69 12
50 70 178
50 71 17
50 72 41
50 73 13
50 74 16
50 75 196
50 76 144
50 77 1
50 78 144
50 79 162
50 80 158
50 81 64
50 82 25
50 83 179
50 84 66
50 85 13
50 86 25
50 87 128
50 88 71
50 89 68
50 90 55
50 91 106
50 92 188
50 93 140
50 94 69
50 95 5
50 96 58
50 97 181
50 98 131
50 99 97
51 52 47
51 53 184
51 54 186
51 55 42
51 56 184
51 57 182
51 58 181
51 59 126
51 60 4
51 61 148
51 62 111
51 63 2
51 64 161
51 65 62
51 66 127
51 67 57
51 68 126
51 69 73
51 70 138
51 71 163
51 72 171
51 73 162
51 74 166
51 75 23
51 76 38
51 77 82
51 78 120
51 79 147
51 80 95
51 81 174
51 82 139
51 83 85
51 84 88
51 85 74
51 86 169
51 87 57
51 88 81
51 89 47
51 90 124
51 91 137
51 92 176
51 93 130
51 94 91
51 95 71
51 96 32
51 97 21
51 98 179
51 99 196
52 53 66
52 54 146
52 55 33
52 56 183
52 57 13
52 58 192
52 59 145
52 60 48
52 61 48
52 62 141
52 63 154
52 64 177
52 65 117
52 66 1
52 67 23
52 68 105
52 69 39
52 70 163
52 71 190
52 72 24
52 73 145
52 74 129
52 75 183
52 76 7
52 77 54
52 78 27
52 79 62
52 80 4
52 81 91
52 82 120
52 83 145
52 84 113
52 85 72
52 86 31
52 87 69
52 88 3
52 89 147
52 90 154
52 91 37
52 92 160
52 93 100
52 94 177
52 95 74
52 96 138
52 97 174
52 98 166
52 99 165
53 54 180
53 55 180
53 56 186
53 57 46
53 58 173
53 59 171
53 60 142
53 61 197
53 62 45
53 63 97
53 64 94
53 65 10
53 66 50
53 67 162
53 68 115
53 69 152
53 70 10
53 71 49
53 72 23
53 73 80
53 74 68
53 75 156
53 76 120
53 77 132
53 78 150
53 79 155
53 80 38
53 81 151
53 82 80
53 83 27
53 84 14
53 85 41
53 86 86
53 87 54
53 88 128
53 89 183
53 90 112
53 91 171
53 92 5
53 93 51
53 94 107
53 95 91
53 96 75
53 97 114
53 98 80
53 99 74
54 55 58
54 56 83
54 57 172
54 58 80
54 59 15
54 60 187
54 61 73
54 62 29
54 63 181
54 64 172
54 65 139
54 66 177
54 67 64
54 68 101
54 69 8
54 70 166
54 71 181
54 72 23
54 73 147
54 74 99
54 75 120
54 76 145
54 77 9
54 78 34
54 79 54
54 80 113
54 81 73
54 82 19
54 83 77
54 84 58
54 85 19
54 86 8
54 87 132
54 88 97
54 89 165
54 90 165
54 91 121
54 92 90
54 93 171
54 94 108
54 95 95
54 96 166
54 97 175
54 98 88
54 99 141
55 56 45
55 57 181
55 58 153
55 59 95
55 60 66
55 61 174
55 62 32
55 63 48
55 64 85
55 65 200
55 66 19
55 67 49
55 68 68
55 69 151
55 70 144
55 71 134
55 72 158
55 73 86
55 74 38
55 75 100
55 76 87
55 77 81
55 78 99
55 79 68
55 80 92
55 81 31
55 82 118
55 83 58
55 84 159
55 85 157
55 86 126
55 87 28
55 88 173
55 89 174
55 90 122
55 91 69
55 92 196
55 93 186
55 94 158
55 95 64
55 96 46
55 97 27
55 98 172
55 99 96
56 57 181
56 58 90
56 59 33
56 60 103
56 61 165
56 62 72
56 63 16
56 64 80
56 65 4
56 66 41
56 67 86
56 68 11
56 69 169
56 70 28
56 71 28
56 72 81
56 73 50
56 74 120
56 75 80
56 76 83
56 77 44
56 78 129
56 79 154
56 80 100
56 81 21
56 82 190
56 83 118
56 84 188
56 85 14
56 86 188
56 87 13
56 88 166
56 89 73
56 90 22
56 91 43
56 92 12
56 93 172
56 94 92
56 95 22
56 96 90
56 97 164
56 98 37
56 99 147
57 58 68
57 59 107
57 60 0
57 61 127
57 62 61
57 63 16
57 64 112
57 65 50
57 66 153
57 67 170
57 68 2
57 69 58
57 70 146
57 71 51
57 72 165
57 73 197
57 74 91
57 75 169
57 76 76
57 77 75
57 78 6
57 79 38
57 80 84
57 81 103
57 82 83
57 83 145
57 84 86
57 85 129
57 86 43
57 87 200
57 88 51
57 89 174
57 90 185
57 91 114
57 92 199
57 93 66
57 94 165
57 95 173
57 96 51
57 97 95
57 98 128
57 99 159
58 59 176
58 60 27
58 61 140
58 62 110
58 63 117
58 64 136
58 65 148
58 66 86
58 67 73
58 68 106
58 69 26
58 70 118
58 71 48
58 72 2
58 73 161
58 74 36
58 75 1
58 76 145
58 77 154
58 78 68
58 79 127
58 80 119
58 81 168
58 82 74
58 83 126
58 84 123
58 85 8
58 86 60
58 87 147
58 88 33
58 89 110
58 90 156
58 91 133
58 92 184
58 93 169
58 94 42
58 95 18
58 96 43
58 97 18
58 98 42
58 99 155
59 60 98
59 61 22
59 62 132
59 63 8
59 64 80
59 65 112
59 66 70
59 67 73
59 68 51
59 69 89
59 70 130
59 71 23
59 72 36
59 73 42
59 74 155
59 75 173
59 76 12
59 77 192
59 78 0
59 79 92
59 80 163
59 81 125
59 82 81
59 83 3
59 84 116
59 85 119
59 86 114
59 87 78
59 88 144
59 89 173
59 90 91
59 91 109
59 92 13
59 93 88
59 94 47
59 95 155
59 96 47
59 97 44
59 98 178
59 99 43
60 61 180
60 62 102
60 63 36
60 64 18
60 65 10
60 66 98
60 67 159
60 68 31
60 69 127
60 70 185
60 71 164
60 72 61
60 73 154
60 74 42
60 75 109
60 76 30
60 77 163
60 78 135
60 79 193
60 80 8
60 81 104
60 82 146
60 83 147
60 84 92
60 85 184
60 86 40
60 87 114
60 88 144
60 89 118
60 90 115
60 91 198
60 92 189
60 93 48
60 94 2
60 95 147
60 96 179
60 97 74
60 98 78
60 99 8
61 62 76
61 63 172
61 64 126
61 65 138
61 66 111
61 67 140
61 68 60
61 69 191
61 70 45
61 71 34
61 72 75
61 73 109
61 74 147
61 75 170
61 76 116
61 77 103
61 78 171
61 79 68
61 80 82
61 81 194
61 82 17
61 83 32
61 84 136
61 85 157
61 86 103
61 87 46
61 88 140
61 89 186
61 90 150
61 91 168
61 92 66
61 93 190
61 94 58
61 95 150
61 96 143
61 97 154
61 98 174
61 99 129
62 63 80
62 64 118
62 65 30
62 66 112
62 67 193
62 68 100
62 69 60
62 70 60
62 71 12
62 72 12
62 73 77
62 74 83
62 75 81
62 76 130
62 77 165
62 78 191
62 79 130
62 80 57
62 81 124
62 82 183
62 83 96
62 84 3
62 85 181
62 86 8
62 87 27
62 88 176
62 89 166
62 90 140
62 91 76
62 92 154
62 93 113
62 94 75
62 95 171
62 96 22
62 97 188
62 98 79
62 99 91
63 64 82
63 65 167
63 66 124
63 67 48
63 68 175
63 69 69
63 70 103
63 71 6
63 72 139
63 73 185
63 74 7
63 75 164
63 76 151
63 77 30
63 78 71
63 79 158
63 80 184
63 81 195
63 82 133
63 83 124
63 84 148
63 85 155
63 86 155
63 87 110
63 88 182
63 89 19
63 90 131
63 91 189
63 92 144
63 93 136
63 94 67
63 95 127
63 96 56
63 97 2
63 98 184
63 99 192
64 65 85
64 66 12
64 67 64
64 68 57
64 69 85
64 70 163
64 71 154
64 72 2
64 73 8
64 74 6
64 75 183
64 76 161
64 77 90
64 78 165
64 79 139
64 80 92
64 81 164
64 82 113
64 83 175
64 84 167
64 85 69
64 86 101
64 87 107
64 88 121
64 89 57
64 90 18
64 91 142
64 92 105
64 93 36
64 94 197
64 95 181
64 96 104
64 97 67
64 98 113
64 99 25
65 66 184
65 67 68
65 68 117
65 69 172
65 70 76
65 71 190
65 72 181
65 73 90
65 74 41
65 75 148
65 76 58
65 77 110
65 78 20
65 79 111
65 80 114
65 81 181
65 82 11
65 83 142
65 84 58
65 85 88
65 86 165
65 87 59
65 88 91
65 89 178
65 90 6
65 91 99
65 92 186
65 93 32
65 94 164
65 95 56
65 96 70
65 97 147
65 98 184
65 99 95
66 67 82
66 68 166
66 69 127
66 70 84
66 71 158
66 72 65
66 73 34
66 74 171
66 75 31
66 76 17
66 77 63
66 78 164
66 79 154
66 80 144
66 81 122
66 82 129
66 83 6
66 84 44
66 85 191
66 86 165
66 87 12
66 88 180
66 89 47
66 90 131
66 91 8
66 92 114
66 93 175
66 94 33
66 95 115
66 96 111
66 97 58
66 98 14
66 99 120
67 68 172
67 69 135
67 70 60
67 71 183
67 72 131
67 73 91
67 74 173
67 75 106
67 76 127
67 77 8
67 78 33
67 79 129
67 80 75
67 81 48
67 82 55
67 83 89
67 84 28
67 85 59
67 86 65
67 87 21
67 88 41
67 89 190
67 90 108
67 91 19
67 92 136
67 93 97
67 94 36
67 95 7
67 96 47
67 97 164
67 98 15
67 99 55
68 69 148
68 70 59
68 71 41
68 72 129
68 73 173
68 74 54
68 75 116
68 76 43
68 77 137
68 78 120
68 79 46
68 80 197
68 81 7
68 82 13
68 83 125
68 84 14
68 85 53
68 86 61
68 87 57
68 88 20
68 89 71
68 90 160
68 91 87
68 92 59
68 93 74
68 94 65
68 95 53
68 96 168
68 97 49
68 98 106
68 99 71
69 70 0
69 71 176
69 72 35
69 73 193
69 74 107
69 75 23
69 76 184
69 77 192
69 78 29
69 79 0
69 80 88
69 81 168
69 82 172
69 83 16
69 84 182
69 85 124
69 86 58
69 87 190
69 88 63
69 89 157
69 90 144
69 91 42
69 92 5
69 93 76
69 94 111
69 95 141
69 96 50
69 97 143
69 98 10
69 99 33
70 71 118
70 72 197
70 73 103
70 74 14
70 75 169
70 76 47
70 77 155
70 78 52
70 79 65
70 80 109
70 81 9
70 82 139
70 83 84
70 84 105
70 85 122
70 86 30
70 87 153
70 88 117
70 89 123
70 90 118
70 91 76
70 92 138
70 93 39
70 94 111
70 95 62
70 96 5
70 97 110
70 98 127
70 99 171
71 72 82
71 73 17
71 74 121
71 75 147
71 76 112
71 77 70
71 78 106
71 79 44
71 80 0
71 81 49
71 82 125
71 83 154
71 84 14
71 85 182
71 86 135
71 87 66
71 88 177
71 89 107
71 90 18
71 91 183
71 92 30
71 93 107
71 94 129
71 95 56
71 96 62
71 97 159
71 98 113
71 99 153
72 73 187
72 74 66
72 75 32
72 76 90
72 77 197
72 78 141
72 79 58
72 80 198
72 81 132
72 82 156
72 83 45
72 84 68
72 85 59
72 86 82
72 87 40
72 88 148
72 89 85
72 90 126
72 91 193
72 92 63
72 93 21
72 94 6
72 95 54
72 96 166
72 97 10
72 98 122
72 99 160
73 74 110
73 75 32
73 76 119
73 77 41
73 78 20
73 79 156
73 80 176
73 81 124
73 82 197
73 83 30
73 84 33
73 85 156
73 86 140
73 87 62
73 88 178
73 89 186
73 90 157
73 91 17
73 92 143
73 93 47
73 94 71
73 95 7
73 96 44
73 97 71
73 98 164
73 99 63
74 75 62
74 76 12
74 77 53
74 78 65
74 79 128
74 80 64
74 81 26
74 82 11
74 83 21
74 84 175
74 85 124
74 86 13
74 87 111
74 88 90
74 89 127
74 90 71
74 91 76
74 92 44
74 93 154
74 94 98
74 95 148
74 96 75
74 97 138
74 98 120
74 99 14
75 76 53
75 77 6
75 78 17
75 79 146
75 80 145
75 81 70
75 82 161
75 83 130
75 84 120
75 85 30
75 86 153
75 87 90
75 88 38
75 89 121
75 90 178
75 91 167
75 92 67
75 93 85
75 94 70
75 95 105
75 96 129
75 97 162
75 98 148
75 99 59
76 77 100
76 78 190
76 79 158
76 80 9
76 81 200
76 82 113
76 83 49
76 84 85
76 85 99
76 86 188
76 87 48
76 88 81
76 89 123
76 90 83
76 91 188
76 92 139
76 93 30
76 94 112
76 95 42
76 96 75
76 97 126
76 98 39
76 99 2
77 78 154
77 79 143
77 80 195
77 81 195
77 82 49
77 83 54
77 84 157
77 85 102
77 86 16
77 87 39
77 88 119
77 89 25
77 90 190
77 91 38
77 92 172
77 93 2
77 94 57
77 95 195
77 96 115
77 97 34
77 98 163
77 99 187
78 79 17
78 80 74
78 81 144
78 82 119
78 83 185
78 84 35
78 85 67
78 86 150
78 87 91
78 88 105
78 89 66
78 90 166
78 91 70
78 92 101
78 93 79
78 94 115
78 95 16
78 96 178
78 97 65
78 98 155
78 99 22
79 80 153
79 81 109
79 82 21
79 83 47
79 84 71
79 85 104
79 86 64
79 87 28
79 88 158
79 89 166
79 90 60
79 91 22
79 92 151
79 93 34
79 94 167
79 95 126
79 96 8
79 97 145
79 98 180
79 99 4
80 81 16
80 82 11
80 83 196
80 84 90
80 85 195
80 86 111
80 87 99
80 88 141
80 89 132
80 90 25
80 91 150
80 92 16
80 93 83
80 94 186
80 95 45
80 96 31
80 97 110
80 98 65
80 99 43
81 82 55
81 83 52
81 84 192
81 85 175
81 86 182
81 87 17
81 88 174
81 89 55
81 90 155
81 91 99
81 92 28
81 93 66
81 94 41
81 95 179
81 96 160
81 97 189
81 98 135
81 99 124
82 83 78
82 84 14
82 85 23
82 86 24
82 87 136
82 88 23
82 89 166
82 90 5
82 91 33
82 92 99
82 93 29
82 94 190
82 95 126
82 96 27
82 97 134
82 98 25
82 99 17
83 84 18
83 85 141
83 86 109
83 87 122
83 88 5
83 89 77
83 90 129
83 91 196
83 92 44
83 93 71
83 94 167
83 95 63
83 96 58
83 97 164
83 98 134
83 99 19
84 85 36
84 86 101
84 87 119
84 88 188
84 89 108
84 90 38
84 91 13
84 92 149
84 93 60
84 94 139
84 95 46
84 96 137
84 97 146
84 98 183
84 99 74
85 86 181
85 87 78
85 88 46
85 89 16
85 90 129
85 91 71
85 92 36
85 93 195
85 94 183
85 95 53
85 96 124
85 97 132
85 98 72
85 99 4
86 87 26
86 88 59
86 89 83
86 90 60
86 91 7
86 92 30
86 93 145
86 94 156
86 95 61
86 96 168
86 97 186
86 98 113
86 99 198
87 88 110
87 89 195
87 90 193
87 91 88
87 92 92
87 93 11
87 94 81
87 95 106
87 96 181
87 97 24
87 98 199
87 99 93
88 89 84
88 90 53
88 91 174
88 92 122
88 93 16
88 94 193
88 95 19
88 96 120
88 97 147
88 98 182
88 99 149
89 90 119
89 91 116
89 92 53
89 93 178
89 94 111
89 95 42
89 96 198
89 97 151
89 98 114
89 99 129
90 91 47
90 92 138
90 93 48
90 94 134
90 95 33
90 96 104
90 97 10
90 98 1
90 99 95
