100 4089
0 1 38
0 2 195
0 3 193
0 4 64
0 5 19
0 6 81
0 7 33
0 8 179
0 9 27
0 10 173
0 11 97
0 12 188
0 13 148
0 14 41
0 15 191
0 16 40
0 17 143
0 18 55
0 19 141
0 20 37
0 21 34
0 22 23
0 23 76
0 24 66
0 25 3
0 26 56
0 27 136
0 28 140
0 29 172
0 30 61
0 31 168
0 32 31
0 33 112
0 34 86
0 35 62
0 36 171
0 37 43
0 38 18
0 39 198
0 40 132
0 41 200
0 42 144
0 43 137
0 44 120
0 45 38
0 46 31
0 47 55
0 48 31
0 49 113
0 50 130
0 51 183
0 52 140
0 53 152
0 54 95
0 55 181
0 56 106
0 57 74
0 58 166
0 59 158
0 60 197
0 61 21
0 62 45
0 63 181
0 64 182
0 65 124
0 66 177
0 67 180
0 68 19
0 69 37
0 70 77
0 71 146
0 72 181
0 73 49
0 74 131
0 75 119
0 76 11
0 77 161
0 78 198
0 79 92
0 80 20
0 81 24
0 82 95
0 83 39
0 84 49
0 85 73
0 86 160
0 87 6
0 88 6
0 89 33
0 90 170
0 91 153
0 92 178
0 93 137
0 94 194
0 95 66
0 96 10
0 97 151
0 98 65
0 99 103
1 2 41
1 3 82
1 4 180
1 5 166
1 6 183
1 7 155
1 8 103
1 9 184
1 10 181
1 11 51
1 12 109
1 13 17
1 14 8
1 15 33
1 16 110
1 17 25
1 18 15
1 19 121
1 20 86
1 21 195
1 22 109
1 23 87
1 24 23
1 25 117
1 26 13
1 27 35
1 28 154
1 29 96
1 30 143
1 31 24
1 32 69
1 33 30
1 34 161
1 35 75
1 36 0
1 37 31
1 38 172
1 39 112
1 40 161
1 41 46
1 42 37
1 43 158
1 44 86
1 45 48
1 46 140
1 47 18
1 48 163
1 49 100
1 50 31
1 51 150
1 52 83
1 53 98
1 54 71
1 55 36
1 56 66
1 57 195
1 58 173
1 59 37
1 60 118
1 61 150
1 62 31
1 63 37
1 64 99
1 65 123
1 66 45
1 67 35
1 68 200
1 69 158
1 70 101
1 71 87
1 72 138
1 73 121
1 74 190
1 75 186
1 76 63
1 77 20
1 78 132
1 79 120
1 80 21
1 81 85
1 82 15
1 83 72
1 84 9
1 85 74
1 86 105
1 87 160
1 88 179
1 89 63
1 90 48
1 91 6
1 92 150
1 93 5
1 94 87
1 95 194
1 96 50
1 97 96
1 98 105
1 99 34
2 3 81
2 4 103
2 5 130
2 6 76
2 7 95
2 8 12
2 9 83
2 10 24
2 11 1
2 12 55
2 13 123
2 14 94
2 15 47
2 16 186
2 17 52
2 18 16
2 19 40
2 20 138
2 21 141
2 22 74
2 23 132
2 24 166
2 25 113
2 26 8
2 27 21
2 28 139
2 29 96
2 30 97
2 31 76
2 32 186
2 33 86
2 34 46
2 35 98
2 36 70
2 37 39
2 38 109
2 39 48
2 40 155
2 41 69
2 42 52
2 43 138
2 44 161
2 45 200
2 46 42
2 47 53
2 48 27
2 49 119
2 50 90
2 51 176
2 52 3
2 53 136
2 54 43
2 55 115
2 56 57
2 57 184
2 58 48
2 59 42
2 60 97
2 61 1
2 62 122
2 63 86
2 64 127
2 65 27
2 66 44
2 67 53
2 68 143
2 69 158
2 70 159
2 71 171
2 72 36
2 73 153
2 74 151
2 75 61
2 76 1
2 77 29
2 78 127
2 79 79
2 80 38
2 81 79
2 82 4
2 83 142
2 84 137
2 85 86
2 86 144
2 87 62
2 88 47
2 89 55
2 90 130
2 91 164
2 92 159
2 93 153
2 94 12
2 95 172
2 96 133
2 97 163
2 98 94
2 99 112
3 4 162
3 5 105
3 6 105
3 7 66
3 8 142
3 9 84
3 10 128
3 11 15
3 12 16
3 13 141
3 14 73
3 15 182
3 16 155
3 17 9
3 18 105
3 19 158
3 20 124
3 21 50
3 22 111
3 23 116
3 24 22
3 25 35
3 26 103
3 27 166
3 28 73
3 29 175
3 30 128
3 31 22
3 32 189
3 33 173
3 34 49
3 35 28
3 36 0
3 37 154
3 38 155
3 39 127
3 40 37
3 41 98
3 42 15
3 43 162
3 44 90
3 45 160
3 46 116
3 47 16
3 48 129
3 49 133
3 50 155
3 51 71
3 52 106
3 53 116
3 54 0
3 55 95
3 56 139
3 57 97
3 58 105
3 59 60
3 60 133
3 61 161
3 62 63
3 63 83
3 64 87
3 65 42
3 66 137
3 67 75
3 68 161
3 69 6
3 70 105
3 71 88
3 72 52
3 73 84
3 74 3
3 75 87
3 76 42
3 77 64
3 78 191
3 79 124
3 80 6
3 81 87
3 82 80
3 83 6
3 84 194
3 85 42
3 86 7
3 87 102
3 88 75
3 89 119
3 90 197
3 91 175
3 92 172
3 93 97
3 94 30
3 95 152
3 96 118
3 97 127
3 98 150
3 99 55
4 5 138
4 6 183
4 7 87
4 8 47
4 9 51
4 10 148
4 11 145
4 12 5
4 13 10
4 14 3
4 15 7
4 16 61
4 17 149
4 18 130
4 19 22
4 20 48
4 21 117
4 22 178
4 23 73
4 24 3
4 25 11
4 26 162
4 27 95
4 28 19
4 29 44
4 30 23
4 31 91
4 32 197
4 33 2
4 34 81
4 35 38
4 36 121
4 37 109
4 38 149
4 39 166
4 40 130
4 41 93
4 42 74
4 43 117
4 44 186
4 45 73
4 46 168
4 47 44
4 48 106
4 49 105
4 50 139
4 51 44
4 52 64
4 53 58
4 54 3
4 55 87
4 56 41
4 57 104
4 58 74
4 59 165
4 60 165
4 61 158
4 62 174
4 63 74
4 64 81
4 65 196
4 66 89
4 67 70
4 68 47
4 69 80
4 70 115
4 71 50
4 72 97
4 73 172
4 74 51
4 75 51
4 76 49
4 77 68
4 78 2
4 79 112
4 80 50
4 81 80
4 82 173
4 83 160
4 84 93
4 85 67
4 86 4
4 87 122
4 88 75
4 89 186
4 90 156
4 91 30
4 92 117
4 93 87
4 94 132
4 95 94
4 96 140
4 97 162
4 98 120
4 99 14
5 6 193
5 7 109
5 8 60
5 9 52
5 10 190
5 11 80
5 12 185
5 13 188
5 14 111
5 15 19
5 16 46
5 17 116
5 18 149
5 19 91
5 20 133
5 21 73
5 22 21
5 23 81
5 24 41
5 25 19
5 26 29
5 27 143
5 28 30
5 29 188
5 30 53
5 31 154
5 32 191
5 33 145
5 34 182
5 35 33
5 36 131
5 37 62
5 38 151
5 39 194
5 40 70
5 41 159
5 42 33
5 43 92
5 44 137
5 45 192
5 46 160
5 47 44
5 48 139
5 49 148
5 50 102
5 51 91
5 52 113
5 53 73
5 54 40
5 55 177
5 56 199
5 57 115
5 58 114
5 59 46
5 60 47
5 61 176
5 62 39
5 63 167
5 64 51
5 65 97
5 66 90
5 67 24
5 68 9
5 69 192
5 70 127
5 71 2
5 72 48
5 73 145
5 74 46
5 75 125
5 76 185
5 77 21
5 78 73
5 79 7
5 80 74
5 81 16
5 82 186
5 83 147
5 84 6
5 85 52
5 86 93
5 87 146
5 88 82
5 89 95
5 90 131
5 91 64
5 92 44
5 93 16
5 94 145
5 95 65
5 96 53
5 97 77
5 98 172
5 99 159
6 7 2
6 8 41
6 9 155
6 10 106
6 11 104
6 12 46
6 13 72
6 14 2
6 15 115
6 16 73
6 17 179
6 18 149
6 19 162
6 20 186
6 21 162
6 22 115
6 23 200
6 24 85
6 25 76
6 26 189
6 27 27
6 28 9
6 29 31
6 30 109
6 31 70
6 32 181
6 33 58
6 34 87
6 35 171
6 36 119
6 37 160
6 38 115
6 39 75
6 40 111
6 41 125
6 42 92
6 43 175
6 44 174
6 45 196
6 46 135
6 47 180
6 48 50
6 49 69
6 50 0
6 51 15
6 52 174
6 53 169
6 54 80
6 55 122
6 56 67
6 57 113
6 58 1
6 59 167
6 60 38
6 61 41
6 62 129
6 63 71
6 64 108
6 65 45
6 66 195
6 67 175
6 68 70
6 69 53
6 70 150
6 71 122
6 72 87
6 73 175
6 74 103
6 75 135
6 76 96
6 77 87
6 78 6
6 79 86
6 80 101
6 81 145
6 82 20
6 83 156
6 84 48
6 85 107
6 86 109
6 87 196
6 88 55
6 89 35
6 90 15
6 91 17
6 92 135
6 93 112
6 94 11
6 95 91
6 96 2
6 97 83
6 98 38
6 99 9
7 8 122
7 9 27
7 10 134
7 11 142
7 12 156
7 13 178
7 14 31
7 15 22
7 16 113
7 17 58
7 18 138
7 19 18
7 20 23
7 21 15
7 22 135
7 23 54
7 24 29
7 25 153
7 26 17
7 27 142
7 28 31
7 29 178
7 30 26
7 31 121
7 32 151
7 33 86
7 34 165
7 35 38
7 36 44
7 37 80
7 38 6
7 39 76
7 40 94
7 41 134
7 42 144
7 43 102
7 44 183
7 45 142
7 46 114
7 47 157
7 48 143
7 49 13
7 50 92
7 51 47
7 52 143
7 53 101
7 54 123
7 55 151
7 56 40
7 57 63
7 58 107
7 59 104
7 60 28
7 61 167
7 62 151
7 63 114
7 64 158
7 65 47
7 66 198
7 67 73
7 68 30
7 69 91
7 70 93
7 71 195
7 72 179
7 73 66
7 74 186
7 75 12
7 76 120
7 77 151
7 78 31
7 79 38
7 80 152
7 81 195
7 82 167
7 83 102
7 84 48
7 85 190
7 86 142
7 87 48
7 88 4
7 89 106
7 90 135
7 91 75
7 92 186
7 93 64
7 94 33
7 95 31
7 96 110
7 97 93
7 98 65
7 99 61
8 9 37
8 10 94
8 11 38
8 12 52
8 13 162
8 14 78
8 15 160
8 16 8
8 17 16
8 18 161
8 19 56
8 20 133
8 21 187
8 22 189
8 23 98
8 24 153
8 25 15
8 26 112
8 27 115
8 28 117
8 29 193
8 30 145
8 31 101
8 32 191
8 33 78
8 34 177
8 35 140
8 36 117
8 37 141
8 38 110
8 39 144
8 40 136
8 41 62
8 42 137
8 43 117
8 44 5
8 45 195
8 46 12
8 47 17
8 48 37
8 49 55
8 50 92
8 51 91
8 52 154
8 53 18
8 54 159
8 55 169
8 56 185
8 57 178
8 58 41
8 59 144
8 60 161
8 61 32
8 62 136
8 63 118
8 64 9
8 65 116
8 66 101
8 67 81
8 68 145
8 69 163
8 70 115
8 71 15
8 72 3
8 73 10
8 74 120
8 75 171
8 76 158
8 77 174
8 78 111
8 79 27
8 80 56
8 81 93
8 82 188
8 83 175
8 84 133
8 85 38
8 86 13
8 87 21
8 88 70
8 89 143
8 90 56
8 91 158
8 92 115
8 93 43
8 94 116
8 95 52
8 96 26
8 97 111
8 98 83
8 99 39
9 10 28
9 11 109
9 12 135
9 13 165
9 14 70
9 15 92
9 16 172
9 17 30
9 18 44
9 19 159
9 20 155
9 21 191
9 22 133
9 23 114
9 24 174
9 25 179
9 26 115
9 27 10
9 28 156
9 29 35
9 30 71
9 31 25
9 32 173
9 33 134
9 34 129
9 35 24
9 36 90
9 37 62
9 38 58
9 39 92
9 40 46
9 41 70
9 42 49
9 43 198
9 44 158
9 45 140
9 46 94
9 47 193
9 48 38
9 49 66
9 50 21
9 51 87
9 52 50
9 53 31
9 54 158
9 55 66
9 56 68
9 57 45
9 58 156
9 59 23
9 60 163
9 61 156
9 62 65
9 63 63
9 64 98
9 65 147
9 66 50
9 67 86
9 68 177
9 69 27
9 70 145
9 71 95
9 72 30
9 73 93
9 74 161
9 75 182
9 76 158
9 77 134
9 78 54
9 79 134
9 80 84
9 81 99
9 82 73
9 83 153
9 84 82
9 85 181
9 86 72
9 87 123
9 88 105
9 89 126
9 90 22
9 91 148
9 92 92
9 93 109
9 94 57
9 95 35
9 96 160
9 97 65
9 98 22
9 99 133
10 11 81
10 12 19
10 13 102
10 14 166
10 15 151
10 16 27
10 17 177
10 18 51
10 19 124
10 20 105
10 21 153
10 22 77
10 23 156
10 24 22
10 25 15
10 26 185
10 27 172
10 28 25
10 29 26
10 30 22
10 31 136
10 32 180
10 33 157
10 34 79
10 35 74
10 36 149
10 37 111
10 38 85
10 39 134
10 40 0
10 41 94
10 42 30
10 43 179
10 44 169
10 45 77
10 46 100
10 47 5
10 48 122
10 49 65
10 50 15
10 51 127
10 52 35
10 53 6
10 54 71
10 55 79
10 56 115
10 57 110
10 58 150
10 59 136
10 60 86
10 61 22
10 62 36
10 63 65
10 64 150
10 65 129
10 66 190
10 67 25
10 68 199
10 69 65
10 70 93
10 71 79
10 72 87
10 73 56
10 74 150
10 75 172
10 76 39
10 77 73
10 78 124
10 79 43
10 80 192
10 81 116
10 82 10
10 83 98
10 84 14
10 85 23
10 86 113
10 87 116
10 88 175
10 89 25
10 90 85
10 91 149
10 92 46
10 93 25
10 94 92
10 95 107
10 96 164
10 97 72
10 98 104
10 99 177
11 12 143
11 13 141
11 14 131
11 15 130
11 16 22
11 17 55
11 18 200
11 19 107
11 20 18
11 21 194
11 22 74
11 23 1
11 24 85
11 25 5
11 26 132
11 27 186
11 28 134
11 29 27
11 30 146
11 31 17
11 32 10
11 33 16
11 34 145
11 35 59
11 36 165
11 37 94
11 38 118
11 39 22
11 40 141
11 41 3
11 42 87
11 43 120
11 44 199
11 45 174
11 46 28
11 47 84
11 48 174
11 49 42
11 50 47
11 51 115
11 52 161
11 53 186
11 54 30
11 55 137
11 56 195
11 57 71
11 58 54
11 59 81
11 60 3
11 61 46
11 62 104
11 63 39
11 64 80
11 65 136
11 66 148
11 67 145
11 68 81
11 69 200
11 70 70
11 71 59
11 72 39
11 73 27
11 74 158
11 75 130
11 76 66
11 77 157
11 78 149
11 79 161
11 80 193
11 81 120
11 82 155
11 83 159
11 84 137
11 85 79
11 86 200
11 87 11
11 88 186
11 89 151
11 90 185
11 91 182
11 92 156
11 93 4
11 94 190
11 95 26
11 96 146
11 97 185
11 98 68
11 99 94
12 13 52
12 14 162
12 15 95
12 16 51
12 17 66
12 18 110
12 19 171
12 20 123
12 21 131
12 22 70
12 23 96
12 24 160
12 25 77
12 26 173
12 27 168
12 28 172
12 29 92
12 30 174
12 31 32
12 32 100
12 33 87
12 34 68
12 35 159
12 36 177
12 37 123
12 38 49
12 39 196
12 40 198
12 41 154
12 42 26
12 43 32
12 44 161
12 45 186
12 46 191
12 47 97
12 48 139
12 49 64
12 50 115
12 51 51
12 52 191
12 53 77
12 54 42
12 55 21
12 56 28
12 57 116
12 58 61
12 59 180
12 60 130
12 61 78
12 62 101
12 63 151
12 64 4
12 65 171
12 66 29
12 67 83
12 68 71
12 69 79
12 70 15
12 71 174
12 72 45
12 73 22
12 74 37
12 75 159
12 76 185
12 77 8
12 78 95
12 79 103
12 80 151
12 81 88
12 82 23
12 83 17
12 84 90
12 85 29
12 86 49
12 87 11
12 88 70
12 89 196
12 90 74
12 91 141
12 92 73
12 93 113
12 94 9
12 95 37
12 96 104
12 97 121
12 98 24
12 99 96
13 14 83
13 15 177
13 16 139
13 17 31
13 18 73
13 19 94
13 20 74
13 21 88
13 22 145
13 23 13
13 24 68
13 25 75
13 26 146
13 27 125
13 28 113
13 29 26
13 30 80
13 31 72
13 32 28
13 33 116
13 34 193
13 35 36
13 36 183
13 37 58
13 38 19
13 39 72
13 40 151
13 41 31
13 42 111
13 43 58
13 44 125
13 45 115
13 46 159
13 47 19
13 48 117
13 49 62
13 50 47
13 51 190
13 52 60
13 53 27
13 54 73
13 55 188
13 56 158
13 57 15
13 58 196
13 59 57
13 60 158
13 61 34
13 62 186
13 63 28
13 64 75
13 65 48
13 66 69
13 67 122
13 68 131
13 69 5
13 70 14
13 71 117
13 72 60
13 73 92
13 74 177
13 75 44
13 76 49
13 77 142
13 78 105
13 79 90
13 80 23
13 81 68
13 82 103
13 83 74
13 84 99
13 85 0
13 86 128
13 87 12
13 88 11
13 89 129
13 90 43
13 91 153
13 92 81
13 93 27
13 94 88
13 95 46
13 96 160
13 97 97
13 98 163
13 99 122
14 15 45
14 16 156
14 17 9
14 18 60
14 19 29
14 20 195
14 21 31
14 22 33
14 23 134
14 24 144
14 25 90
14 26 32
14 27 188
14 28 20
14 29 188
14 30 19
14 31 0
14 32 0
14 33 31
14 34 125
14 35 6
14 36 2
14 37 168
14 38 70
14 39 134
14 40 164
14 41 86
14 42 123
14 43 95
14 44 142
14 45 12
14 46 187
14 47 71
14 48 84
14 49 170
14 50 96
14 51 164
14 52 129
14 53 92
14 54 81
14 55 14
14 56 65
14 57 72
14 58 91
14 59 20
14 60 144
14 61 61
14 62 136
14 63 42
14 64 77
14 65 169
14 66 102
14 67 141
14 68 89
14 69 194
14 70 73
14 71 66
14 72 140
14 73 66
14 74 104
14 75 144
14 76 70
14 77 83
14 78 161
14 79 186
14 80 194
14 81 198
14 82 34
14 83 184
14 84 145
14 85 176
14 86 14
14 87 99
14 88 172
14 89 115
14 90 187
14 91 173
14 92 107
14 93 162
14 94 33
14 95 60
14 96 193
14 97 42
14 98 20
14 99 8
15 16 42
15 17 194
15 18 74
15 19 4
15 20 56
15 21 167
15 22 133
15 23 96
15 24 112
15 25 12
15 26 29
15 27 79
15 28 78
15 29 104
15 30 158
15 31 17
15 32 98
15 33 124
15 34 157
15 35 63
15 36 29
15 37 54
15 38 35
15 39 30
15 40 190
15 41 95
15 42 200
15 43 180
15 44 134
15 45 132
15 46 152
15 47 145
15 48 147
15 49 88
15 50 72
15 51 159
15 52 193
15 53 57
15 54 89
15 55 174
15 56 73
15 57 23
15 58 175
15 59 175
15 60 22
15 61 21
15 62 92
15 63 196
15 64 1
15 65 42
15 66 58
15 67 72
15 68 191
15 69 43
15 70 110
15 71 98
15 72 20
15 73 50
15 74 106
15 75 47
15 76 61
15 77 38
15 78 151
15 79 66
15 80 104
15 81 90
15 82 38
15 83 24
15 84 136
15 85 182
15 86 129
15 87 0
15 88 114
15 89 31
15 90 162
15 91 15
15 92 113
15 93 152
15 94 200
15 95 143
15 96 185
15 97 141
15 98 6
15 99 105
16 17 20
16 18 136
16 19 30
16 20 76
16 21 0
16 22 156
16 23 82
16 24 166
16 25 126
16 26 167
16 27 174
16 28 14
16 29 143
16 30 64
16 31 153
16 32 50
16 33 152
16 34 70
16 35 116
16 36 156
16 37 106
16 38 65
16 39 95
16 40 10
16 41 139
16 42 54
16 43 21
16 44 199
16 45 45
16 46 75
16 47 87
16 48 90
16 49 80
16 50 109
16 51 166
16 52 69
16 53 117
16 54 38
16 55 51
16 56 97
16 57 193
16 58 0
16 59 71
16 60 86
16 61 65
16 62 136
16 63 185
16 64 131
16 65 88
16 66 173
16 67 101
16 68 121
16 69 8
16 70 113
16 71 40
16 72 33
16 73 194
16 74 45
16 75 44
16 76 84
16 77 127
16 78 178
16 79 192
16 80 162
16 81 2
16 82 59
16 83 151
16 84 143
16 85 183
16 86 60
16 87 172
16 88 142
16 89 144
16 90 7
16 91 136
16 92 34
16 93 155
16 94 72
16 95 147
16 96 198
16 97 17
16 98 1
16 99 100
17 18 188
17 19 63
17 20 131
17 21 2
17 22 32
17 23 122
17 24 56
17 25 25
17 26 44
17 27 102
17 28 70
17 29 179
17 30 84
17 31 43
17 32 128
17 33 196
17 34 180
17 35 184
17 36 128
17 37 144
17 38 49
17 39 165
17 40 94
17 41 149
17 42 48
17 43 200
17 44 131
17 45 186
17 46 156
17 47 186
17 48 137
17 49 9
17 50 162
17 51 111
17 52 120
17 53 48
17 54 85
17 55 31
17 56 38
17 57 129
17 58 116
17 59 71
17 60 85
17 61 197
17 62 144
17 63 25
17 64 20
17 65 196
17 66 93
17 67 124
17 68 177
17 69 46
17 70 37
17 71 29
17 72 84
17 73 29
17 74 122
17 75 32
17 76 24
17 77 109
17 78 42
17 79 185
17 80 49
17 81 4
17 82 107
17 83 151
17 84 21
17 85 58
17 86 20
17 87 87
17 88 134
17 89 169
17 90 43
17 91 96
17 92 62
17 93 11
17 94 141
17 95 149
17 96 36
17 97 144
17 98 163
17 99 153
18 19 15
18 20 198
18 21 143
18 22 137
18 23 41
18 24 146
18 25 36
18 26 102
18 27 177
18 28 172
18 29 35
18 30 30
18 31 164
18 32 70
18 33 127
18 34 195
18 35 58
18 36 40
18 37 38
18 38 107
18 39 166
18 40 184
18 41 65
18 42 8
18 43 83
18 44 180
18 45 160
18 46 197
18 47 158
18 48 3
18 49 91
18 50 174
18 51 96
18 52 87
18 53 43
18 54 31
18 55 154
18 56 64
18 57 141
18 58 101
18 59 74
18 60 30
18 61 7
18 62 37
18 63 114
18 64 87
18 65 199
18 66 163
18 67 196
18 68 96
18 69 134
18 70 44
18 71 70
18 72 58
18 73 166
18 74 194
18 75 137
18 76 155
18 77 136
18 78 127
18 79 182
18 80 183
18 81 105
18 82 108
18 83 192
18 84 10
18 85 34
18 86 29
18 87 111
18 88 67
18 89 78
18 90 38
18 91 111
18 92 139
18 93 56
18 94 108
18 95 12
18 96 164
18 97 37
18 98 136
18 99 115
19 20 20
19 21 75
19 22 87
19 23 183
19 24 8
19 25 65
19 26 187
19 27 52
19 28 86
19 29 37
19 30 19
19 31 25
19 32 78
19 33 178
19 34 132
19 35 29
19 36 19
19 37 165
19 38 23
19 39 29
19 40 133
19 41 110
19 42 132
19 43 190
19 44 199
19 45 27
19 46 146
19 47 140
19 48 20
19 49 5
19 50 116
19 51 118
19 52 176
19 53 1
19 54 199
19 55 157
19 56 76
19 57 49
19 58 142
19 59 47
19 60 50
19 61 70
19 62 129
19 63 163
19 64 188
19 65 96
19 66 142
19 67 100
19 68 196
19 69 21
19 70 76
19 71 118
19 72 56
19 73 129
19 74 199
19 75 80
19 76 177
19 77 123
19 78 142
19 79 109
19 80 96
19 81 133
19 82 10
19 83 85
19 84 43
19 85 122
19 86 182
19 87 93
19 88 39
19 89 51
19 90 15
19 91 119
19 92 57
19 93 90
19 94 138
19 95 16
19 96 10
19 97 65
19 98 180
19 99 14
20 21 52
20 22 166
20 23 184
20 24 88
20 25 141
20 26 146
20 27 104
20 28 196
20 29 168
20 30 178
20 31 33
20 32 47
20 33 76
20 34 97
20 35 109
20 36 34
20 37 167
20 38 2
20 39 133
20 40 128
20 41 84
20 42 78
20 43 33
20 44 2
20 45 133
20 46 32
20 47 128
20 48 72
20 49 30
20 50 55
20 51 66
20 52 90
20 53 53
20 54 198
20 55 194
20 56 15
20 57 194
20 58 101
20 59 136
20 60 76
20 61 101
20 62 41
20 63 68
20 64 3
20 65 78
20 66 154
20 67 34
20 68 116
20 69 87
20 70 28
20 71 164
20 72 125
20 73 37
20 74 153
20 75 81
20 76 143
20 77 18
20 78 175
20 79 2
20 80 156
20 81 166
20 82 69
20 83 84
20 84 66
20 85 16
20 86 69
20 87 69
20 88 162
20 89 74
20 90 185
20 91 118
20 92 119
20 93 98
20 94 95
20 95 52
20 96 182
20 97 113
20 98 0
20 99 145
21 22 43
21 23 104
21 24 158
21 25 127
21 26 65
21 27 26
21 28 18
21 29 33
21 30 92
21 31 148
21 32 21
21 33 121
21 34 110
21 35 142
21 36 88
21 37 115
21 38 106
21 39 25
21 40 137
21 41 143
21 42 23
21 43 181
21 44 109
21 45 188
21 46 180
21 47 163
21 48 154
21 49 158
21 50 44
21 51 23
21 52 31
21 53 187
21 54 178
21 55 24
21 56 129
21 57 119
21 58 5
21 59 37
21 60 75
21 61 104
21 62 21
21 63 143
21 64 142
21 65 133
21 66 19
21 67 88
21 68 145
21 69 4
21 70 79
21 71 168
21 72 74
21 73 112
21 74 111
21 75 46
21 76 73
21 77 143
21 78 100
21 79 14
21 80 173
21 81 9
21 82 124
21 83 35
21 84 181
21 85 69
21 86 12
21 87 151
21 88 197
21 89 165
21 90 100
21 91 77
21 92 193
21 93 193
21 94 185
21 95 33
21 96 179
21 97 174
21 98 24
21 99 151
22 23 56
22 24 159
22 25 151
22 26 149
22 27 35
22 28 108
22 29 56
22 30 158
22 31 136
22 32 136
22 33 116
22 34 70
22 35 65
22 36 181
22 37 181
22 38 199
22 39 74
22 40 142
22 41 33
22 42 117
22 43 80
22 44 61
22 45 121
22 46 7
22 47 179
22 48 88
22 49 88
22 50 92
22 51 79
22 52 171
22 53 184
22 54 187
22 55 140
22 56 105
22 57 82
22 58 132
22 59 15
22 60 125
22 61 193
22 62 76
22 63 200
22 64 29
22 65 110
22 66 89
22 67 150
22 68 75
22 69 11
22 70 88
22 71 157
22 72 111
22 73 34
22 74 101
22 75 44
22 76 16
22 77 62
22 78 107
22 79 198
22 80 7
22 81 140
22 82 12
22 83 67
22 84 87
22 85 93
22 86 176
22 87 45
22 88 138
22 89 177
22 90 30
22 91 85
22 92 190
22 93 33
22 94 141
22 95 189
22 96 131
22 97 90
22 98 184
22 99 51
23 24 102
23 25 187
23 26 170
23 27 33
23 28 148
23 29 68
23 30 171
23 31 154
23 32 4
23 33 54
23 34 46
23 35 103
23 36 107
23 37 164
23 38 46
23 39 65
23 40 170
23 41 148
23 42 110
23 43 48
23 44 89
23 45 67
23 46 64
23 47 144
23 48 40
23 49 103
23 50 181
23 51 186
23 52 85
23 53 62
23 54 164
23 55 5
23 56 186
23 57 172
23 58 186
23 59 159
23 60 154
23 61 200
23 62 54
23 63 174
23 64 62
23 65 2
23 66 80
23 67 11
23 68 25
23 69 155
23 70 164
23 71 26
23 72 126
23 73 129
23 74 120
23 75 85
23 76 52
23 77 144
23 78 190
23 79 11
23 80 93
23 81 140
23 82 199
23 83 40
23 84 141
23 85 176
23 86 199
23 87 76
23 88 194
23 89 51
23 90 130
23 91 147
23 92 8
23 93 38
23 94 173
23 95 97
23 96 134
23 97 52
23 98 152
23 99 36
24 25 11
24 26 28
24 27 30
24 28 71
24 29 176
24 30 130
24 31 111
24 32 145
24 33 9
24 34 17
24 35 85
24 36 73
24 37 111
24 38 165
24 39 50
24 40 57
24 41 193
24 42 30
24 43 27
24 44 15
24 45 127
24 46 124
24 47 199
24 48 146
24 49 87
24 50 61
24 51 75
24 52 190
24 53 7
24 54 180
24 55 38
24 56 175
24 57 169
24 58 93
24 59 7
24 60 127
24 61 28
24 62 164
24 63 110
24 64 98
24 65 168
24 66 28
24 67 14
24 68 87
24 69 96
24 70 190
24 71 194
24 72 45
24 73 155
24 74 124
24 75 98
24 76 84
24 77 174
24 78 20
24 79 163
24 80 92
24 81 116
24 82 50
24 83 149
24 84 10
24 85 30
24 86 82
24 87 130
24 88 186
24 89 150
24 90 100
24 91 164
24 92 187
24 93 107
24 94 171
24 95 13
24 96 119
24 97 12
24 98 109
24 99 11
25 26 52
25 27 124
25 28 179
25 29 171
25 30 48
25 31 5
25 32 9
25 33 184
25 34 197
25 35 20
25 36 147
25 37 72
25 38 175
25 39 7
25 40 167
25 41 27
25 42 52
25 43 149
25 44 8
25 45 10
25 46 171
25 47 151
25 48 101
25 49 140
25 50 99
25 51 68
25 52 171
25 53 124
25 54 28
25 55 6
25 56 121
25 57 163
25 58 184
25 59 196
25 60 139
25 61 30
25 62 191
25 63 195
25 64 132
25 65 43
25 66 14
25 67 60
25 68 104
25 69 60
25 70 42
25 71 83
25 72 76
25 73 21
25 74 72
25 75 142
25 76 26
25 77 91
25 78 79
25 79 106
25 80 10
25 81 128
25 82 53
25 83 58
25 84 195
25 85 48
25 86 10
25 87 191
25 88 164
25 89 118
25 90 186
25 91 87
25 92 110
25 93 151
25 94 108
25 95 36
25 96 176
25 97 5
25 98 62
25 99 200
26 27 99
26 28 178
26 29 119
26 30 84
26 31 106
26 32 130
26 33 57
26 34 82
26 35 160
26 36 5
26 37 58
26 38 189
26 39 57
26 40 81
26 41 4
26 42 199
26 43 62
26 44 175
26 45 74
26 46 150
26 47 136
26 48 44
26 49 24
26 50 98
26 51 151
26 52 11
26 53 30
26 54 133
26 55 151
26 56 177
26 57 119
26 58 94
26 59 70
26 60 154
26 61 145
26 62 35
26 63 123
26 64 127
26 65 159
26 66 32
26 67 83
26 68 48
26 69 148
26 70 101
26 71 136
26 72 29
26 73 162
26 74 152
26 75 142
26 76 198
26 77 115
26 78 92
26 79 58
26 80 93
26 81 41
26 82 83
26 83 20
26 84 174
26 85 147
26 86 11
26 87 84
26 88 40
26 89 133
26 90 146
26 91 166
26 92 77
26 93 119
26 94 191
26 95 63
26 96 41
26 97 36
26 98 109
26 99 130
27 28 18
27 29 116
27 30 66
27 31 99
27 32 157
27 33 111
27 34 101
27 35 100
27 36 147
27 37 106
27 38 162
27 39 183
27 40 46
27 41 103
27 42 69
27 43 106
27 44 165
27 45 134
27 46 158
27 47 176
27 48 173
27 49 23
27 50 142
27 51 176
27 52 97
27 53 51
27 54 117
27 55 167
27 56 90
27 57 29
27 58 159
27 59 22
27 60 71
27 61 91
27 62 49
27 63 46
27 64 132
27 65 106
27 66 51
27 67 137
27 68 4
27 69 38
27 70 78
27 71 140
27 72 79
27 73 98
27 74 164
27 75 85
27 76 195
27 77 90
27 78 137
27 79 108
27 80 59
27 81 54
27 82 61
27 83 116
27 84 91
27 85 46
27 86 47
27 87 9
27 88 140
27 89 129
27 90 65
27 91 131
27 92 90
27 93 161
27 94 129
27 95 1
27 96 113
27 97 197
27 98 171
27 99 108
28 29 124
28 30 129
28 31 162
28 32 87
28 33 103
28 34 163
28 35 7
28 36 151
28 37 184
28 38 183
28 39 168
28 40 83
28 41 188
28 42 129
28 43 71
28 44 137
28 45 47
28 46 93
28 47 175
28 48 15
28 49 0
28 50 34
28 51 160
28 52 111
28 53 117
28 54 14
28 55 132
28 56 63
28 57 141
28 58 176
28 59 55
28 60 163
28 61 182
28 62 74
28 63 26
28 64 48
28 65 143
28 66 66
28 67 200
28 68 31
28 69 117
28 70 45
28 71 71
28 72 179
28 73 199
28 74 35
28 75 50
28 76 76
28 77 137
28 78 58
28 79 118
28 80 163
28 81 69
28 82 75
28 83 127
28 84 176
28 85 12
28 86 169
28 87 182
28 88 14
28 89 24
28 90 199
28 91 48
28 92 110
28 93 199
28 94 104
28 95 64
28 96 155
28 97 138
28 98 24
28 99 130
29 30 73
29 31 164
29 32 92
29 33 37
29 34 20
29 35 164
29 36 197
29 37 140
29 38 17
29 39 41
29 40 93
29 41 82
29 42 0
29 43 36
29 44 199
29 45 106
29 46 180
29 47 121
29 48 127
29 49 100
29 50 157
29 51 121
29 52 104
29 53 74
29 54 22
29 55 183
29 56 169
29 57 65
29 58 160
29 59 148
29 60 46
29 61 50
29 62 168
29 63 152
29 64 164
29 65 93
29 66 149
29 67 43
29 68 75
29 69 12
29 70 108
29 71 40
29 72 71
29 73 19
29 74 23
29 75 39
29 76 129
29 77 30
29 78 133
29 79 90
29 80 24
29 81 158
29 82 188
29 83 20
29 84 68
29 85 109
29 86 141
29 87 117
29 88 71
29 89 41
29 90 49
29 91 109
29 92 140
29 93 185
29 94 17
29 95 197
29 96 85
29 97 18
29 98 3
29 99 29
30 31 36
30 32 179
30 33 55
30 34 74
30 35 168
30 36 127
30 37 144
30 38 66
30 39 32
30 40 149
30 41 145
30 42 88
30 43 107
30 44 184
30 45 133
30 46 153
30 47 37
30 48 30
30 49 133
30 50 120
30 51 29
30 52 14
30 53 140
30 54 65
30 55 190
30 56 32
30 57 181
30 58 130
30 59 126
30 60 114
30 61 165
30 62 60
30 63 146
30 64 137
30 65 88
30 66 104
30 67 110
30 68 154
30 69 18
30 70 141
30 71 119
30 72 50
30 73 16
30 74 96
30 75 3
30 76 67
30 77 158
30 78 148
30 79 130
30 80 160
30 81 89
30 82 121
30 83 112
30 84 40
30 85 188
30 86 117
30 87 75
30 88 36
30 89 115
30 90 60
30 91 143
30 92 156
30 93 179
30 94 41
30 95 188
30 96 53
30 97 52
30 98 98
30 99 1
31 32 170
31 33 75
31 34 0
31 35 0
31 36 135
31 37 169
31 38 191
31 39 195
31 40 25
31 41 81
31 42 32
31 43 71
31 44 130
31 45 11
31 46 73
31 47 146
31 48 113
31 49 194
31 50 73
31 51 61
31 52 51
31 53 192
31 54 180
31 55 61
31 56 156
31 57 199
31 58 86
31 59 58
31 60 53
31 61 89
31 62 56
31 63 16
31 64 198
31 65 101
31 66 134
31 67 179
31 68 57
31 69 114
31 70 4
31 71 129
31 72 18
31 73 43
31 74 84
31 75 190
31 76 95
31 77 198
31 78 86
31 79 100
31 80 1
31 81 99
31 82 86
31 83 164
31 84 111
31 85 170
31 86 143
31 87 185
31 88 17
31 89 13
31 90 175
31 91 81
31 92 46
31 93 131
31 94 23
31 95 120
31 96 152
31 97 158
31 98 66
31 99 137
32 33 176
32 34 160
32 35 130
32 36 13
32 37 0
32 38 53
32 39 178
32 40 174
32 41 87
32 42 99
32 43 182
32 44 93
32 45 126
32 46 174
32 47 50
32 48 111
32 49 189
32 50 148
32 51 76
32 52 109
32 53 68
32 54 127
32 55 121
32 56 78
32 57 142
32 58 116
32 59 152
32 60 53
32 61 177
32 62 68
32 63 126
32 64 39
32 65 91
32 66 136
32 67 36
32 68 41
32 69 111
32 70 18
32 71 153
32 72 58
32 73 165
32 74 135
32 75 198
32 76 76
32 77 127
32 78 166
32 79 5
32 80 124
32 81 132
32 82 106
32 83 10
32 84 110
32 85 70
32 86 170
32 87 200
32 88 179
32 89 196
32 90 104
32 91 50
32 92 136
32 93 166
32 94 74
32 95 78
32 96 174
32 97 138
32 98 51
32 99 175
33 34 55
33 35 1
33 36 79
33 37 66
33 38 178
33 39 123
33 40 21
33 41 143
33 42 76
33 43 41
33 44 80
33 45 55
33 46 87
33 47 139
33 48 170
33 49 27
33 50 141
33 51 55
33 52 122
33 53 3
33 54 138
33 55 105
33 56 112
33 57 134
33 58 52
33 59 7
33 60 121
33 61 161
33 62 30
33 63 184
33 64 81
33 65 88
33 66 169
33 67 187
33 68 39
33 69 66
33 70 149
33 71 180
33 72 80
33 73 168
33 74 12
33 75 161
33 76 183
33 77 161
33 78 190
33 79 79
33 80 185
33 81 136
33 82 146
33 83 137
33 84 91
33 85 200
33 86 100
33 87 121
33 88 147
33 89 143
33 90 57
33 91 133
33 92 67
33 93 94
33 94 191
33 95 192
33 96 97
33 97 167
33 98 63
33 99 180
34 35 93
34 36 151
34 37 47
34 38 106
34 39 72
34 40 83
34 41 151
34 42 55
34 43 97
34 44 124
34 45 106
34 46 96
34 47 41
34 48 112
34 49 1
34 50 168
34 51 11
34 52 148
34 53 140
34 54 32
34 55 5
34 56 146
34 57 175
34 58 22
34 59 7
34 60 41
34 61 158
34 62 199
34 63 26
34 64 61
34 65 123
34 66 163
34 67 94
34 68 25
34 69 38
34 70 111
34 71 115
34 72 62
34 73 95
34 74 66
34 75 45
34 76 57
34 77 75
34 78 17
34 79 171
34 80 173
34 81 89
34 82 120
34 83 55
34 84 32
34 85 107
34 86 17
34 87 157
34 88 176
34 89 34
34 90 173
34 91 160
34 92 100
34 93 118
34 94 96
34 95 48
34 96 43
34 97 108
34 98 87
34 99 141
35 36 14
35 37 55
35 38 149
35 39 40
35 40 129
35 41 133
35 42 71
35 43 27
35 44 75
35 45 125
35 46 174
35 47 69
35 48 182
35 49 55
35 50 191
35 51 101
35 52 95
35 53 36
35 54 92
35 55 177
35 56 88
35 57 87
35 58 48
35 59 101
35 60 91
35 61 149
35 62 56
35 63 103
35 64 185
35 65 200
35 66 105
35 67 55
35 68 109
35 69 144
35 70 57
35 71 169
35 72 195
35 73 17
35 74 164
35 75 0
35 76 188
35 77 19
35 78 144
35 79 101
35 80 124
35 81 48
35 82 177
35 83 130
35 84 85
35 85 150
35 86 104
35 87 146
35 88 197
35 89 70
35 90 62
35 91 35
35 92 168
35 93 116
35 94 180
35 95 46
35 96 75
35 97 25
35 98 190
35 99 84
36 37 95
36 38 69
36 39 153
36 40 53
36 41 45
36 42 144
36 43 120
36 44 121
36 45 192
36 46 47
36 47 34
36 48 7
36 49 80
36 50 37
36 51 84
36 52 52
36 53 115
36 54 149
36 55 174
36 56 79
36 57 49
36 58 21
36 59 41
36 60 28
36 61 147
36 62 39
36 63 112
36 64 65
36 65 143
36 66 7
36 67 171
36 68 31
36 69 71
36 70 84
36 71 152
36 72 158
36 73 7
36 74 63
36 75 70
36 76 79
36 77 106
36 78 185
36 79 141
36 80 9
36 81 79
36 82 198
36 83 40
36 84 5
36 85 147
36 86 174
36 87 188
36 88 100
36 89 75
36 90 142
36 91 31
36 92 100
36 93 197
36 94 100
36 95 195
36 96 16
36 97 108
36 98 120
36 99 163
37 38 144
37 39 67
37 40 158
37 41 164
37 42 76
37 43 78
37 44 116
37 45 22
37 46 87
37 47 95
37 48 178
37 49 25
37 50 79
37 51 154
37 52 82
37 53 68
37 54 115
37 55 191
37 56 76
37 57 176
37 58 153
37 59 28
37 60 116
37 61 152
37 62 133
37 63 134
37 64 154
37 65 170
37 66 2
37 67 174
37 68 168
37 69 188
37 70 126
37 71 137
37 72 179
37 73 147
37 74 175
37 75 96
37 76 46
37 77 39
37 78 118
37 79 144
37 80 148
37 81 149
37 82 178
37 83 118
37 84 50
37 85 106
37 86 63
37 87 113
37 88 82
37 89 83
37 90 8
37 91 109
37 92 146
37 93 35
37 94 44
37 95 80
37 96 186
37 97 146
37 98 9
37 99 197
38 39 38
38 40 102
38 41 5
38 42 67
38 43 31
38 44 108
38 45 168
38 46 123
38 47 11
38 48 188
38 49 133
38 50 72
38 51 30
38 52 170
38 53 124
38 54 46
38 55 110
38 56 113
38 57 74
38 58 2
38 59 49
38 60 114
38 61 118
38 62 5
38 63 72
38 64 45
38 65 85
38 66 156
38 67 136
38 68 154
38 69 107
38 70 147
38 71 161
38 72 44
38 73 73
38 74 22
38 75 196
38 76 199
38 77 11
38 78 91
38 79 194
38 80 107
38 81 99
38 82 76
38 83 134
38 84 1
38 85 7
38 86 100
38 87 197
38 88 61
38 89 25
38 90 45
38 91 12
38 92 166
38 93 173
38 94 14
38 95 142
38 96 9
38 97 75
38 98 178
38 99 54
39 40 24
39 41 44
39 42 60
39 43 50
39 44 40
39 45 17
39 46 14
39 47 29
39 48 2
39 49 59
39 50 17
39 51 18
39 52 31
39 53 199
39 54 176
39 55 90
39 56 11
39 57 142
39 58 38
39 59 132
39 60 92
39 61 40
39 62 195
39 63 61
39 64 103
39 65 97
39 66 60
39 67 40
39 68 78
39 69 151
39 70 85
39 71 144
39 72 171
39 73 123
39 74 187
39 75 20
39 76 94
39 77 152
39 78 37
39 79 178
39 80 141
39 81 78
39 82 174
39 83 52
39 84 30
39 85 111
39 86 66
39 87 179
39 88 152
39 89 53
39 90 117
39 91 5
39 92 100
39 93 31
39 94 57
39 95 42
39 96 188
39 97 3
39 98 151
39 99 17
40 41 115
40 42 182
40 43 66
40 44 92
40 45 164
40 46 76
40 47 19
40 48 16
40 49 164
40 50 171
40 51 28
40 52 53
40 53 45
40 54 78
40 55 31
40 56 125
40 57 92
40 58 131
40 59 111
40 60 162
40 61 84
40 62 89
40 63 36
40 64 84
40 65 46
40 66 32
40 67 9
40 68 27
40 69 4
40 70 92
40 71 36
40 72 162
40 73 168
40 74 168
40 75 120
40 76 115
40 77 106
40 78 17
40 79 117
40 80 176
40 81 0
40 82 115
40 83 197
40 84 195
40 85 151
40 86 189
40 87 171
40 88 64
40 89 130
40 90 90
40 91 130
40 92 71
40 93 86
40 94 108
40 95 108
40 96 32
40 97 112
40 98 168
40 99 91
41 42 119
41 43 153
41 44 194
41 45 127
41 46 130
41 47 20
41 48 97
41 49 173
41 50 145
41 51 72
41 52 106
41 53 88
41 54 116
41 55 138
41 56 20
41 57 30
41 58 179
41 59 146
41 60 36
41 61 38
41 62 30
41 63 63
41 64 70
41 65 46
41 66 172
41 67 114
41 68 134
41 69 112
41 70 146
41 71 69
41 72 65
41 73 107
41 74 157
41 75 146
41 76 85
41 77 100
41 78 22
41 79 176
41 80 15
41 81 49
41 82 14
41 83 197
41 84 156
41 85 89
41 86 1
41 87 7
41 88 126
41 89 157
41 90 98
41 91 60
41 92 38
41 93 28
41 94 1
41 95 92
41 96 102
41 97 103
41 98 76
41 99 96
42 43 41
42 44 169
42 45 116
42 46 126
42 47 9
42 48 84
42 49 184
42 50 56
42 51 57
42 52 83
42 53 49
42 54 73
42 55 93
42 56 170
42 57 26
42 58 145
42 59 128
42 60 140
42 61 94
42 62 134
42 63 75
42 64 91
42 65 56
42 66 160
42 67 29
42 68 57
42 69 187
42 70 2
42 71 96
42 72 12
42 73 130
42 74 12
42 75 145
42 76 44
42 77 85
42 78 48
42 79 55
42 80 169
42 81 128
42 82 75
42 83 160
42 84 10
42 85 42
42 86 148
42 87 75
42 88 142
42 89 138
42 90 172
42 91 162
42 92 75
42 93 52
42 94 90
42 95 143
42 96 126
42 97 139
42 98 57
42 99 81
43 44 35
43 45 103
43 46 187
43 47 12
43 48 83
43 49 110
43 50 135
43 51 137
43 52 92
43 53 89
43 54 134
43 55 63
43 56 179
43 57 193
43 58 10
43 59 96
43 60 126
43 61 79
43 62 13
43 63 43
43 64 172
43 65 28
43 66 148
43 67 62
43 68 53
43 69 87
43 70 183
43 71 195
43 72 176
43 73 20
43 74 105
43 75 58
43 76 34
43 77 20
43 78 171
43 79 108
43 80 11
43 81 78
43 82 8
43 83 127
43 84 96
43 85 166
43 86 36
43 87 107
43 88 70
43 89 172
43 90 72
43 91 9
43 92 156
43 93 156
43 94 35
43 95 167
43 96 82
43 97 128
43 98 52
43 99 161
44 45 137
44 46 69
44 47 107
44 48 60
44 49 27
44 50 191
44 51 109
44 52 151
44 53 33
44 54 89
44 55 48
44 56 114
44 57 115
44 58 183
44 59 21
44 60 55
44 61 65
44 62 55
44 63 123
44 64 187
44 65 14
44 66 36
44 67 126
44 68 191
44 69 99
44 70 168
44 71 161
44 72 80
44 73 196
44 74 22
44 75 57
44 76 111
44 77 92
44 78 21
44 79 50
44 80 182
44 81 39
44 82 9
44 83 49
44 84 47
44 85 195
44 86 154
44 87 20
44 88 187
44 89 139
44 90 4
44 91 197
44 92 141
44 93 89
44 94 29
44 95 57
44 96 21
44 97 125
44 98 59
44 99 175
45 46 62
45 47 81
45 48 85
45 49 135
45 50 60
45 51 97
45 52 154
45 53 127
45 54 115
45 55 71
45 56 180
45 57 173
45 58 38
45 59 110
45 60 152
45 61 163
45 62 169
45 63 200
45 64 38
45 65 171
45 66 17
45 67 194
45 68 146
45 69 145
45 70 186
45 71 17
45 72 11
45 73 92
45 74 8
45 75 178
45 76 0
45 77 119
45 78 20
45 79 84
45 80 75
45 81 64
45 82 56
45 83 1
45 84 2
45 85 184
45 86 112
45 87 7
45 88 6
45 89 42
45 90 39
45 91 199
45 92 41
45 93 79
45 94 185
45 95 43
45 96 167
45 97 6
45 98 21
45 99 5
46 47 73
46 48 47
46 49 5
46 50 122
46 51 135
46 52 188
46 53 57
46 54 9
46 55 170
46 56 84
46 57 30
46 58 111
46 59 132
46 60 32
46 61 195
46 62 61
46 63 78
46 64 114
46 65 87
46 66 139
46 67 63
46 68 30
46 69 76
46 70 44
46 71 111
46 72 104
46 73 187
46 74 37
46 75 24
46 76 15
46 77 47
46 78 65
46 79 42
46 80 117
46 81 93
46 82 189
46 83 30
46 84 188
46 85 151
46 86 70
46 87 126
46 88 135
46 89 141
46 90 152
46 91 88
46 92 191
46 93 100
46 94 91
46 95 102
46 96 83
46 97 16
46 98 163
46 99 20
47 48 144
47 49 173
47 50 198
47 51 67
47 52 31
47 53 54
47 54 132
47 55 11
47 56 34
47 57 140
47 58 154
47 59 183
47 60 6
47 61 26
47 62 197
47 63 1
47 64 197
47 65 10
47 66 82
47 67 196
47 68 192
47 69 161
47 70 31
47 71 178
47 72 170
47 73 100
47 74 108
47 75 179
47 76 152
47 77 29
47 78 66
47 79 30
47 80 149
47 81 146
47 82 50
47 83 192
47 84 68
47 85 144
47 86 146
47 87 44
47 88 150
47 89 1
47 90 57
47 91 73
47 92 43
47 93 196
47 94 183
47 95 12
47 96 198
47 97 138
47 98 34
47 99 8
48 49 43
48 50 59
48 51 44
48 52 182
48 53 30
48 54 114
48 55 150
48 56 145
48 57 111
48 58 103
48 59 79
48 60 64
48 61 92
48 62 132
48 63 115
48 64 70
48 65 91
48 66 96
48 67 27
48 68 37
48 69 76
48 70 52
48 71 35
48 72 101
48 73 83
48 74 191
48 75 38
48 76 141
48 77 193
48 78 28
48 79 84
48 80 9
48 81 34
48 82 174
48 83 199
48 84 196
48 85 84
48 86 194
48 87 158
48 88 68
48 89 56
48 90 99
48 91 20
48 92 70
48 93 7
48 94 70
48 95 10
48 96 67
48 97 190
48 98 11
48 99 45
49 50 16
49 51 75
49 52 70
49 53 48
49 54 124
49 55 5
49 56 79
49 57 65
49 58 123
49 59 176
49 60 127
49 61 31
49 62 55
49 63 177
49 64 156
49 65 81
49 66 140
49 67 86
49 68 196
49 69 92
49 70 93
49 71 171
49 72 8
49 73 186
49 74 10
49 75 37
49 76 77
49 77 61
49 78 104
49 79 59
49 80 171
49 81 177
49 82 68
49 83 102
49 84 62
49 85 69
49 86 2
49 87 68
49 88 151
49 89 99
49 90 53
49 91 53
49 92 42
49 93 148
49 94 154
49 95 106
49 96 46
49 97 45
49 98 35
49 99 113
50 51 87
50 52 72
50 53 42
50 54 171
50 55 119
50 56 186
50 57 137
50 58 144
50 59 61
50 60 164
50 61 106
50 62 15
50 63 41
50 64 50
50 65 55
50 66 185
50 67 83
50 68 185
50 69 128
50 70 153
50 71 85
50 72 194
50 73 147
50 74 77
50 75 172
50 76 200
50 77 105
50 78 137
50 79 89
50 80 67
50 81 52
50 82 1
50 83 200
50 84 100
50 85 123
50 86 164
50 87 9
50 88 52
50 89 141
50 90 97
50 91 76
50 92 109
50 93 174
50 94 61
50 95 3
50 96 148
50 97 11
50 98 48
50 99 63
51 52 11
51 53 150
51 54 79
51 55 82
51 56 181
51 57 105
51 58 135
51 59 196
51 60 71
51 61 138
51 62 174
51 63 44
51 64 45
51 65 64
51 66 116
51 67 100
51 68 156
51 69 96
51 70 137
51 71 79
51 72 27
51 73 151
51 74 11
51 75 185
51 76 62
51 77 136
51 78 89
51 79 0
51 80 142
51 81 36
51 82 157
51 83 27
51 84 38
51 85 15
51 86 48
51 87 102
51 88 24
51 89 152
51 90 99
51 91 14
51 92 136
51 93 5
51 94 143
51 95 105
51 96 2
51 97 171
51 98 31
51 99 104
52 53 34
52 54 75
52 55 155
52 56 159
52 57 82
52 58 95
52 59 141
52 60 19
52 61 10
52 62 79
52 63 1
52 64 43
52 65 18
52 66 138
52 67 128
52 68 51
52 69 36
52 70 181
52 71 56
52 72 47
52 73 148
52 74 200
52 75 43
52 76 28
52 77 52
52 78 13
52 79 130
52 80 123
52 81 188
52 82 134
52 83 198
52 84 90
52 85 174
52 86 114
52 87 107
52 88 196
52 89 18
52 90 11
52 91 111
52 92 63
52 93 111
52 94 118
52 95 185
52 96 49
52 97 176
52 98 142
52 99 105
53 54 79
53 55 133
53 56 123
53 57 40
53 58 14
53 59 79
53 60 154
53 61 190
53 62 143
53 63 36
53 64 30
53 65 67
53 66 158
53 67 64
53 68 175
53 69 174
53 70 130
53 71 183
53 72 187
53 73 178
53 74 97
53 75 103
53 76 37
53 77 163
53 78 53
53 79 188
53 80 41
53 81 183
53 82 9
53 83 54
53 84 197
53 85 72
53 86 94
53 87 158
53 88 114
53 89 57
53 90 59
53 91 0
53 92 10
53 93 80
53 94 38
53 95 173
53 96 167
53 97 113
53 98 141
53 99 3
54 55 127
54 56 70
54 57 17
54 58 61
54 59 92
54 60 16
54 61 104
54 62 107
54 63 53
54 64 90
54 65 59
54 66 20
54 67 45
54 68 86
54 69 44
54 70 9
54 71 55
54 72 129
54 73 58
54 74 108
54 75 122
54 76 180
54 77 165
54 78 82
54 79 157
54 80 48
54 81 111
54 82 67
54 83 119
54 84 94
54 85 12
54 86 196
54 87 108
54 88 68
54 89 26
54 90 87
54 91 85
54 92 151
54 93 81
54 94 98
54 95 115
54 96 10
54 97 187
54 98 1
54 99 96
55 56 157
55 57 51
55 58 79
55 59 55
55 60 149
55 61 36
55 62 51
55 63 90
55 64 194
55 65 92
55 66 32
55 67 154
55 68 116
55 69 39
55 70 116
55 71 16
55 72 107
55 73 16
55 74 45
55 75 143
55 76 144
55 77 16
55 78 22
55 79 134
55 80 62
55 81 197
55 82 46
55 83 28
55 84 19
55 85 90
55 86 173
55 87 8
55 88 166
55 89 91
55 90 3
55 91 145
55 92 110
55 93 47
55 94 105
55 95 69
55 96 127
55 97 151
55 98 109
55 99 174
56 57 169
56 58 51
56 59 136
56 60 124
56 61 177
56 62 29
56 63 186
56 64 117
56 65 141
56 66 148
56 67 126
56 68 37
56 69 174
56 70 63
56 71 114
56 72 174
56 73 200
56 74 160
56 75 90
56 76 83
56 77 184
56 78 80
56 79 58
56 80 119
56 81 72
56 82 114
56 83 174
56 84 114
56 85 101
56 86 81
56 87 149
56 88 155
56 89 136
56 90 72
56 91 10
56 92 30
56 93 116
56 94 107
56 95 148
56 96 12
56 97 80
56 98 31
56 99 46
57 58 161
57 59 29
57 60 22
57 61 21
57 62 127
57 63 146
57 64 126
57 65 136
57 66 0
57 67 24
57 68 55
57 69 123
57 70 18
57 71 163
57 72 162
57 73 97
57 74 183
57 75 29
57 76 91
57 77 69
57 78 60
57 79 14
57 80 190
57 81 37
57 82 20
57 83 179
57 84 183
57 85 63
57 86 152
57 87 101
57 88 157
57 89 17
57 90 132
57 91 61
57 92 55
57 93 102
57 94 59
57 95 4
57 96 193
57 97 136
57 98 89
57 99 0
