100 3572
0 1 174
0 2 82
0 3 140
0 4 84
0 5 171
0 6 8
0 7 33
0 8 40
0 9 81
0 10 0
0 11 162
0 12 156
0 13 73
0 14 10
0 15 67
0 16 175
0 17 183
0 18 52
0 19 176
0 20 119
0 21 194
0 22 84
0 23 106
0 24 19
0 25 182
0 26 97
0 27 185
0 28 144
0 29 2
0 30 129
0 31 164
0 32 99
0 33 37
0 34 68
0 35 30
0 36 103
0 37 172
0 38 10
0 39 122
0 40 146
0 41 200
0 42 41
0 43 177
0 44 184
0 45 185
0 46 6
0 47 100
0 48 67
0 49 195
0 50 11
0 51 121
0 52 15
0 53 134
0 54 0
0 55 169
0 56 20
0 57 150
0 58 92
0 59 109
0 60 87
0 61 91
0 62 190
0 63 106
0 64 195
0 65 158
0 66 86
0 67 40
0 68 120
0 69 150
0 70 16
0 71 149
0 72 56
0 73 74
0 74 167
0 75 23
0 76 8
0 77 119
0 78 35
0 79 176
0 80 83
0 81 85
0 82 46
0 83 149
0 84 35
0 85 96
0 86 3
0 87 123
0 88 15
0 89 154
0 90 35
0 91 104
0 92 163
0 93 111
0 94 18
0 95 69
0 96 123
0 97 108
0 98 173
0 99 46
1 2 179
1 3 176
1 4 176
1 5 85
1 6 127
1 7 86
1 8 111
1 9 138
1 10 65
1 11 38
1 12 140
1 13 176
1 14 127
1 15 113
1 16 124
1 17 174
1 18 28
1 19 72
1 20 71
1 21 138
1 22 169
1 23 200
1 24 141
1 25 57
1 26 0
1 27 183
1 28 182
1 29 196
1 30 133
1 31 118
1 32 198
1 33 51
1 34 162
1 35 111
1 36 156
1 37 8
1 38 151
1 39 70
1 40 176
1 41 142
1 42 46
1 43 67
1 44 80
1 45 40
1 46 53
1 47 151
1 48 66
1 49 117
1 50 171
1 51 197
1 52 60
1 53 144
1 54 10
1 55 23
1 56 57
1 57 116
1 58 64
1 59 74
1 60 125
1 61 67
1 62 165
1 63 62
1 64 149
1 65 108
1 66 173
1 67 107
1 68 184
1 69 68
1 70 62
1 71 115
1 72 72
1 73 183
1 74 32
1 75 75
1 76 195
1 77 117
1 78 75
1 79 26
1 80 89
1 81 88
1 82 157
1 83 21
1 84 198
1 85 23
1 86 41
1 87 24
1 88 180
1 89 20
1 90 126
1 91 62
1 92 5
1 93 87
1 94 159
1 95 34
1 96 77
1 97 74
1 98 45
1 99 8
2 3 90
2 4 179
2 5 122
2 6 190
2 7 88
2 8 111
2 9 31
2 10 120
2 11 197
2 12 24
2 13 130
2 14 154
2 15 33
2 16 7
2 17 112
2 18 89
2 19 198
2 20 22
2 21 62
2 22 142
2 23 25
2 24 143
2 25 18
2 26 181
2 27 45
2 28 16
2 29 96
2 30 59
2 31 48
2 32 145
2 33 89
2 34 103
2 35 133
2 36 188
2 37 184
2 38 31
2 39 188
2 40 103
2 41 24
2 42 12
2 43 190
2 44 78
2 45 37
2 46 179
2 47 3
2 48 124
2 49 64
2 50 137
2 51 8
2 52 192
2 53 183
2 54 164
2 55 9
2 56 54
2 57 33
2 58 86
2 59 60
2 60 0
2 61 149
2 62 92
2 63 80
2 64 3
2 65 90
2 66 65
2 67 157
2 68 168
2 69 34
2 70 17
2 71 45
2 72 45
2 73 100
2 74 156
2 75 163
2 76 128
2 77 26
2 78 42
2 79 3
2 80 130
2 81 12
2 82 2
2 83 127
2 84 135
2 85 12
2 86 127
2 87 180
2 88 104
2 89 132
2 90 65
2 91 54
2 92 2
2 93 199
2 94 53
2 95 69
2 96 156
2 97 135
2 98 142
2 99 174
3 4 29
3 5 132
3 6 25
3 7 6
3 8 68
3 9 56
3 10 159
3 11 40
3 12 91
3 13 119
3 14 24
3 15 186
3 16 62
3 17 54
3 18 35
3 19 28
3 20 151
3 21 152
3 22 150
3 23 85
3 24 97
3 25 1
3 26 185
3 27 72
3 28 14
3 29 144
3 30 162
3 31 64
3 32 142
3 33 140
3 34 104
3 35 95
3 36 76
3 37 97
3 38 47
3 39 65
3 40 7
3 41 98
3 42 169
3 43 119
3 44 42
3 45 23
3 46 43
3 47 18
3 48 25
3 49 184
3 50 170
3 51 140
3 52 15
3 53 45
3 54 2
3 55 100
3 56 150
3 57 106
3 58 160
3 59 63
3 60 108
3 61 157
3 62 90
3 63 93
3 64 182
3 65 16
3 66 110
3 67 21
3 68 191
3 69 169
3 70 8
3 71 143
3 72 183
3 73 83
3 74 137
3 75 2
3 76 172
3 77 135
3 78 8
3 79 127
3 80 10
3 81 142
3 82 96
3 83 170
3 84 123
3 85 51
3 86 179
3 87 135
3 88 189
3 89 97
3 90 69
3 91 55
3 92 0
3 93 157
3 94 4
3 95 49
3 96 124
3 97 73
3 98 157
3 99 45
4 5 3
4 6 49
4 7 136
4 8 98
4 9 31
4 10 11
4 11 77
4 12 81
4 13 70
4 14 154
4 15 165
4 16 184
4 17 139
4 18 158
4 19 93
4 20 35
4 21 127
4 22 33
4 23 155
4 24 64
4 25 127
4 26 102
4 27 135
4 28 157
4 29 141
4 30 11
4 31 87
4 32 199
4 33 106
4 34 149
4 35 136
4 36 16
4 37 152
4 38 139
4 39 172
4 40 25
4 41 154
4 42 49
4 43 63
4 44 97
4 45 33
4 46 164
4 47 199
4 48 116
4 49 173
4 50 144
4 51 34
4 52 35
4 53 104
4 54 183
4 55 52
4 56 154
4 57 85
4 58 7
4 59 84
4 60 8
4 61 171
4 62 131
4 63 191
4 64 38
4 65 90
4 66 46
4 67 123
4 68 161
4 69 52
4 70 189
4 71 106
4 72 137
4 73 28
4 74 137
4 75 16
4 76 87
4 77 146
4 78 162
4 79 119
4 80 43
4 81 117
4 82 59
4 83 96
4 84 48
4 85 199
4 86 81
4 87 158
4 88 118
4 89 158
4 90 89
4 91 68
4 92 179
4 93 19
4 94 156
4 95 36
4 96 21
4 97 32
4 98 62
4 99 72
5 6 150
5 7 187
5 8 183
5 9 70
5 10 86
5 11 138
5 12 55
5 13 131
5 14 134
5 15 170
5 16 148
5 17 44
5 18 155
5 19 71
5 20 113
5 21 164
5 22 27
5 23 85
5 24 48
5 25 32
5 26 9
5 27 48
5 28 113
5 29 87
5 30 76
5 31 70
5 32 108
5 33 152
5 34 46
5 35 23
5 36 68
5 37 140
5 38 26
5 39 144
5 40 126
5 41 43
5 42 120
5 43 143
5 44 119
5 45 50
5 46 34
5 47 130
5 48 189
5 49 182
5 50 76
5 51 116
5 52 105
5 53 161
5 54 137
5 55 30
5 56 41
5 57 186
5 58 188
5 59 39
5 60 166
5 61 68
5 62 146
5 63 2
5 64 142
5 65 194
5 66 28
5 67 25
5 68 9
5 69 158
5 70 129
5 71 189
5 72 23
5 73 65
5 74 114
5 75 169
5 76 29
5 77 119
5 78 114
5 79 60
5 80 68
5 81 176
5 82 73
5 83 170
5 84 17
5 85 169
5 86 22
5 87 142
5 88 48
5 89 78
5 90 31
5 91 121
5 92 144
5 93 120
5 94 33
5 95 88
5 96 150
5 97 154
5 98 14
5 99 113
6 7 20
6 8 61
6 9 128
6 10 79
6 11 157
6 12 185
6 13 62
6 14 2
6 15 20
6 16 180
6 17 101
6 18 95
6 19 98
6 20 196
6 21 47
6 22 111
6 23 124
6 24 23
6 25 89
6 26 118
6 27 65
6 28 123
6 29 148
6 30 132
6 31 90
6 32 145
6 33 177
6 34 12
6 35 145
6 36 168
6 37 95
6 38 11
6 39 182
6 40 153
6 41 57
6 42 90
6 43 56
6 44 183
6 45 142
6 46 168
6 47 200
6 48 76
6 49 1
6 50 136
6 51 54
6 52 141
6 53 3
6 54 66
6 55 4
6 56 189
6 57 129
6 58 55
6 59 46
6 60 4
6 61 51
6 62 137
6 63 169
6 64 192
6 65 12
6 66 90
6 67 167
6 68 197
6 69 154
6 70 28
6 71 4
6 72 36
6 73 41
6 74 125
6 75 200
6 76 31
6 77 133
6 78 85
6 79 97
6 80 59
6 81 88
6 82 36
6 83 8
6 84 146
6 85 137
6 86 67
6 87 41
6 88 159
6 89 96
6 90 5
6 91 40
6 92 40
6 93 22
6 94 47
6 95 111
6 96 74
6 97 189
6 98 172
6 99 153
7 8 28
7 9 187
7 10 56
7 11 99
7 12 129
7 13 148
7 14 79
7 15 153
7 16 115
7 17 89
7 18 86
7 19 126
7 20 197
7 21 14
7 22 44
7 23 81
7 24 52
7 25 60
7 26 198
7 27 96
7 28 129
7 29 29
7 30 32
7 31 120
7 32 146
7 33 41
7 34 150
7 35 112
7 36 184
7 37 144
7 38 134
7 39 4
7 40 156
7 41 27
7 42 126
7 43 106
7 44 184
7 45 144
7 46 34
7 47 173
7 48 108
7 49 35
7 50 22
7 51 136
7 52 178
7 53 72
7 54 131
7 55 65
7 56 145
7 57 23
7 58 99
7 59 7
7 60 172
7 61 142
7 62 166
7 63 77
7 64 138
7 65 14
7 66 74
7 67 116
7 68 12
7 69 51
7 70 104
7 71 95
7 72 191
7 73 37
7 74 163
7 75 181
7 76 162
7 77 101
7 78 75
7 79 77
7 80 196
7 81 188
7 82 126
7 83 24
7 84 112
7 85 85
7 86 28
7 87 187
7 88 198
7 89 127
7 90 37
7 91 197
7 92 8
7 93 15
7 94 110
7 95 127
7 96 162
7 97 20
7 98 9
7 99 10
8 9 132
8 10 69
8 11 92
8 12 171
8 13 195
8 14 129
8 15 46
8 16 23
8 17 68
8 18 27
8 19 42
8 20 41
8 21 148
8 22 172
8 23 116
8 24 30
8 25 178
8 26 58
8 27 112
8 28 145
8 29 55
8 30 67
8 31 155
8 32 88
8 33 125
8 34 70
8 35 0
8 36 3
8 37 46
8 38 50
8 39 113
8 40 89
8 41 126
8 42 114
8 43 31
8 44 126
8 45 72
8 46 132
8 47 174
8 48 152
8 49 108
8 50 157
8 51 29
8 52 118
8 53 198
8 54 23
8 55 107
8 56 101
8 57 197
8 58 122
8 59 161
8 60 29
8 61 162
8 62 102
8 63 21
8 64 98
8 65 168
8 66 198
8 67 129
8 68 27
8 69 134
8 70 80
8 71 128
8 72 48
8 73 42
8 74 100
8 75 15
8 76 192
8 77 168
8 78 173
8 79 114
8 80 148
8 81 50
8 82 170
8 83 104
8 84 141
8 85 52
8 86 139
8 87 135
8 88 8
8 89 14
8 90 10
8 91 17
8 92 16
8 93 146
8 94 136
8 95 88
8 96 135
8 97 157
8 98 33
8 99 67
9 10 36
9 11 195
9 12 125
9 13 161
9 14 91
9 15 155
9 16 77
9 17 164
9 18 26
9 19 97
9 20 156
9 21 175
9 22 199
9 23 100
9 24 81
9 25 101
9 26 67
9 27 175
9 28 122
9 29 136
9 30 54
9 31 168
9 32 135
9 33 96
9 34 97
9 35 73
9 36 125
9 37 98
9 38 158
9 39 167
9 40 162
9 41 97
9 42 113
9 43 199
9 44 92
9 45 99
9 46 97
9 47 24
9 48 75
9 49 34
9 50 64
9 51 183
9 52 14
9 53 111
9 54 47
9 55 154
9 56 19
9 57 89
9 58 126
9 59 61
9 60 153
9 61 99
9 62 19
9 63 13
9 64 2
9 65 169
9 66 185
9 67 33
9 68 13
9 69 97
9 70 180
9 71 48
9 72 19
9 73 29
9 74 142
9 75 186
9 76 164
9 77 197
9 78 80
9 79 66
9 80 14
9 81 155
9 82 62
9 83 75
9 84 180
9 85 121
9 86 141
9 87 45
9 88 189
9 89 199
9 90 33
9 91 23
9 92 123
9 93 154
9 94 145
9 95 187
9 96 121
9 97 145
9 98 180
9 99 20
10 11 89
10 12 28
10 13 98
10 14 29
10 15 182
10 16 112
10 17 23
10 18 139
10 19 152
10 20 126
10 21 110
10 22 75
10 23 192
10 24 82
10 25 120
10 26 121
10 27 65
10 28 47
10 29 80
10 30 8
10 31 163
10 32 77
10 33 195
10 34 143
10 35 27
10 36 170
10 37 199
10 38 71
10 39 44
10 40 3
10 41 149
10 42 130
10 43 172
10 44 121
10 45 56
10 46 179
10 47 187
10 48 3
10 49 57
10 50 26
10 51 155
10 52 169
10 53 79
10 54 117
10 55 66
10 56 138
10 57 94
10 58 30
10 59 105
10 60 141
10 61 130
10 62 186
10 63 76
10 64 94
10 65 50
10 66 0
10 67 103
10 68 86
10 69 17
10 70 162
10 71 11
10 72 3
10 73 32
10 74 39
10 75 108
10 76 32
10 77 72
10 78 113
10 79 136
10 80 110
10 81 166
10 82 109
10 83 58
10 84 135
10 85 5
10 86 131
10 87 172
10 88 47
10 89 64
10 90 18
10 91 196
10 92 94
10 93 53
10 94 139
10 95 186
10 96 73
10 97 117
10 98 68
10 99 73
11 12 138
11 13 130
11 14 187
11 15 112
11 16 79
11 17 135
11 18 125
11 19 129
11 20 103
11 21 83
11 22 73
11 23 195
11 24 91
11 25 15
11 26 7
11 27 162
11 28 128
11 29 178
11 30 48
11 31 151
11 32 23
11 33 59
11 34 30
11 35 67
11 36 54
11 37 88
11 38 159
11 39 162
11 40 86
11 41 75
11 42 117
11 43 64
11 44 6
11 45 58
11 46 123
11 47 103
11 48 199
11 49 43
11 50 102
11 51 143
11 52 78
11 53 192
11 54 47
11 55 154
11 56 31
11 57 177
11 58 108
11 59 181
11 60 128
11 61 85
11 62 64
11 63 150
11 64 176
11 65 158
11 66 154
11 67 168
11 68 115
11 69 102
11 70 9
11 71 150
11 72 94
11 73 120
11 74 7
11 75 51
11 76 50
11 77 110
11 78 20
11 79 73
11 80 110
11 81 3
11 82 118
11 83 105
11 84 69
11 85 149
11 86 158
11 87 156
11 88 88
11 89 86
11 90 44
11 91 92
11 92 73
11 93 185
11 94 118
11 95 86
11 96 1
11 97 2
11 98 126
11 99 162
12 13 40
12 14 21
12 15 44
12 16 179
12 17 11
12 18 139
12 19 102
12 20 176
12 21 150
12 22 11
12 23 65
12 24 42
12 25 126
12 26 175
12 27 91
12 28 35
12 29 24
12 30 178
12 31 91
12 32 187
12 33 162
12 34 87
12 35 18
12 36 137
12 37 131
12 38 8
12 39 30
12 40 4
12 41 78
12 42 132
12 43 122
12 44 25
12 45 114
12 46 128
12 47 98
12 48 23
12 49 154
12 50 163
12 51 104
12 52 47
12 53 61
12 54 197
12 55 114
12 56 111
12 57 87
12 58 149
12 59 36
12 60 167
12 61 114
12 62 137
12 63 70
12 64 190
12 65 41
12 66 127
12 67 116
12 68 189
12 69 94
12 70 120
12 71 135
12 72 37
12 73 159
12 74 81
12 75 169
12 76 17
12 77 64
12 78 130
12 79 169
12 80 130
12 81 134
12 82 137
12 83 114
12 84 122
12 85 109
12 86 50
12 87 199
12 88 180
12 89 106
12 90 98
12 91 78
12 92 18
12 93 63
12 94 37
12 95 131
12 96 87
12 97 177
12 98 49
12 99 53
13 14 94
13 15 108
13 16 129
13 17 87
13 18 48
13 19 130
13 20 37
13 21 169
13 22 143
13 23 116
13 24 112
13 25 89
13 26 153
13 27 172
13 28 104
13 29 134
13 30 43
13 31 23
13 32 66
13 33 31
13 34 18
13 35 48
13 36 62
13 37 74
13 38 187
13 39 116
13 40 114
13 41 48
13 42 66
13 43 177
13 44 39
13 45 156
13 46 189
13 47 101
13 48 177
13 49 2
13 50 93
13 51 36
13 52 22
13 53 103
13 54 176
13 55 56
13 56 152
13 57 117
13 58 47
13 59 180
13 60 135
13 61 160
13 62 182
13 63 111
13 64 76
13 65 166
13 66 5
13 67 94
13 68 38
13 69 72
13 70 128
13 71 110
13 72 90
13 73 136
13 74 151
13 75 155
13 76 119
13 77 9
13 78 154
13 79 106
13 80 135
13 81 4
13 82 98
13 83 114
13 84 79
13 85 68
13 86 87
13 87 88
13 88 197
13 89 162
13 90 185
13 91 136
13 92 191
13 93 180
13 94 172
13 95 171
13 96 13
13 97 123
13 98 178
13 99 75
14 15 6
14 16 159
14 17 177
14 18 171
14 19 134
14 20 7
14 21 135
14 22 149
14 23 120
14 24 79
14 25 51
14 26 49
14 27 106
14 28 133
14 29 187
14 30 168
14 31 185
14 32 131
14 33 105
14 34 94
14 35 7
14 36 27
14 37 52
14 38 30
14 39 103
14 40 92
14 41 154
14 42 114
14 43 172
14 44 31
14 45 63
14 46 154
14 47 193
14 48 167
14 49 175
14 50 68
14 51 84
14 52 66
14 53 45
14 54 71
14 55 150
14 56 77
14 57 152
14 58 93
14 59 35
14 60 100
14 61 113
14 62 12
14 63 194
14 64 146
14 65 171
14 66 123
14 67 23
14 68 33
14 69 195
14 70 166
14 71 179
14 72 115
14 73 192
14 74 117
14 75 136
14 76 26
14 77 12
14 78 80
14 79 173
14 80 63
14 81 176
14 82 26
14 83 190
14 84 8
14 85 138
14 86 2
14 87 84
14 88 170
14 89 138
14 90 145
14 91 162
14 92 184
14 93 124
14 94 200
14 95 196
14 96 19
14 97 75
14 98 9
14 99 45
15 16 158
15 17 137
15 18 88
15 19 187
15 20 102
15 21 143
15 22 198
15 23 98
15 24 26
15 25 177
15 26 29
15 27 149
15 28 71
15 29 174
15 30 98
15 31 79
15 32 118
15 33 116
15 34 95
15 35 3
15 36 78
15 37 60
15 38 150
15 39 50
15 40 70
15 41 179
15 42 160
15 43 52
15 44 134
15 45 145
15 46 66
15 47 149
15 48 120
15 49 110
15 50 60
15 51 184
15 52 155
15 53 29
15 54 37
15 55 105
15 56 159
15 57 194
15 58 26
15 59 74
15 60 142
15 61 38
15 62 141
15 63 12
15 64 130
15 65 0
15 66 143
15 67 155
15 68 164
15 69 48
15 70 137
15 71 42
15 72 49
15 73 102
15 74 21
15 75 121
15 76 38
15 77 154
15 78 138
15 79 55
15 80 65
15 81 124
15 82 104
15 83 53
15 84 90
15 85 132
15 86 90
15 87 178
15 88 198
15 89 195
15 90 49
15 91 167
15 92 126
15 93 177
15 94 74
15 95 180
15 96 153
15 97 55
15 98 160
15 99 18
16 17 178
16 18 114
16 19 50
16 20 64
16 21 65
16 22 170
16 23 151
16 24 145
16 25 47
16 26 33
16 27 176
16 28 114
16 29 149
16 30 153
16 31 100
16 32 182
16 33 58
16 34 46
16 35 118
16 36 76
16 37 29
16 38 109
16 39 2
16 40 144
16 41 22
16 42 109
16 43 7
16 44 124
16 45 147
16 46 58
16 47 134
16 48 51
16 49 95
16 50 61
16 51 24
16 52 100
16 53 115
16 54 199
16 55 73
16 56 199
16 57 60
16 58 116
16 59 187
16 60 92
16 61 64
16 62 10
16 63 137
16 64 191
16 65 106
16 66 86
16 67 161
16 68 108
16 69 186
16 70 63
16 71 53
16 72 120
16 73 28
16 74 193
16 75 142
16 76 104
16 77 51
16 78 128
16 79 103
16 80 144
16 81 168
16 82 8
16 83 41
16 84 179
16 85 170
16 86 52
16 87 195
16 88 22
16 89 110
16 90 176
16 91 50
16 92 170
16 93 127
16 94 93
16 95 190
16 96 93
16 97 156
16 98 165
16 99 89
17 18 193
17 19 46
17 20 44
17 21 187
17 22 88
17 23 12
17 24 45
17 25 44
17 26 101
17 27 49
17 28 124
17 29 174
17 30 88
17 31 185
17 32 122
17 33 160
17 34 9
17 35 181
17 36 42
17 37 110
17 38 123
17 39 21
17 40 125
17 41 96
17 42 99
17 43 133
17 44 146
17 45 128
17 46 123
17 47 36
17 48 145
17 49 68
17 50 19
17 51 198
17 52 49
17 53 123
17 54 170
17 55 87
17 56 197
17 57 113
17 58 44
17 59 114
17 60 99
17 61 159
17 62 21
17 63 167
17 64 193
17 65 27
17 66 168
17 67 52
17 68 157
17 69 101
17 70 142
17 71 132
17 72 76
17 73 119
17 74 153
17 75 41
17 76 64
17 77 190
17 78 85
17 79 110
17 80 90
17 81 190
17 82 185
17 83 14
17 84 195
17 85 163
17 86 90
17 87 80
17 88 9
17 89 61
17 90 102
17 91 35
17 92 147
17 93 178
17 94 99
17 95 123
17 96 130
17 97 129
17 98 144
17 99 20
18 19 121
18 20 124
18 21 155
18 22 18
18 23 117
18 24 118
18 25 134
18 26 155
18 27 97
18 28 80
18 29 184
18 30 18
18 31 174
18 32 120
18 33 106
18 34 50
18 35 197
18 36 2
18 37 156
18 38 160
18 39 52
18 40 10
18 41 188
18 42 189
18 43 177
18 44 53
18 45 100
18 46 24
18 47 77
18 48 172
18 49 23
18 50 74
18 51 22
18 52 133
18 53 174
18 54 94
18 55 161
18 56 89
18 57 39
18 58 122
18 59 113
18 60 128
18 61 38
18 62 149
18 63 59
18 64 56
18 65 158
18 66 148
18 67 8
18 68 156
18 69 108
18 70 45
18 71 123
18 72 114
18 73 71
18 74 54
18 75 189
18 76 24
18 77 159
18 78 118
18 79 155
18 80 52
18 81 57
18 82 174
18 83 155
18 84 49
18 85 11
18 86 178
18 87 95
18 88 162
18 89 195
18 90 121
18 91 63
18 92 30
18 93 37
18 94 85
18 95 23
18 96 23
18 97 65
18 98 134
18 99 198
19 20 88
19 21 153
19 22 183
19 23 60
19 24 40
19 25 156
19 26 140
19 27 68
19 28 190
19 29 88
19 30 80
19 31 134
19 32 125
19 33 61
19 34 181
19 35 65
19 36 182
19 37 63
19 38 84
19 39 185
19 40 133
19 41 188
19 42 108
19 43 187
19 44 178
19 45 25
19 46 48
19 47 170
19 48 172
19 49 71
19 50 167
19 51 169
19 52 169
19 53 98
19 54 81
19 55 148
19 56 144
19 57 185
19 58 6
19 59 152
19 60 28
19 61 151
19 62 43
19 63 108
19 64 2
19 65 96
19 66 117
19 67 21
19 68 113
19 69 119
19 70 187
19 71 144
19 72 128
19 73 62
19 74 110
19 75 197
19 76 186
19 77 160
19 78 67
19 79 90
19 80 37
19 81 103
19 82 153
19 83 146
19 84 135
19 85 161
19 86 107
19 87 20
19 88 15
19 89 127
19 90 144
19 91 139
19 92 92
19 93 1
19 94 9
19 95 15
19 96 100
19 97 184
19 98 35
19 99 141
20 21 172
20 22 99
20 23 63
20 24 23
20 25 99
20 26 75
20 27 181
20 28 91
20 29 173
20 30 139
20 31 63
20 32 25
20 33 107
20 34 175
20 35 31
20 36 109
20 37 46
20 38 40
20 39 99
20 40 148
20 41 137
20 42 198
20 43 15
20 44 108
20 45 57
20 46 89
20 47 21
20 48 34
20 49 78
20 50 42
20 51 193
20 52 154
20 53 182
20 54 148
20 55 150
20 56 70
20 57 157
20 58 112
20 59 157
20 60 76
20 61 7
20 62 17
20 63 132
20 64 142
20 65 141
20 66 32
20 67 113
20 68 23
20 69 61
20 70 63
20 71 48
20 72 65
20 73 99
20 74 5
20 75 182
20 76 133
20 77 143
20 78 118
20 79 154
20 80 171
20 81 70
20 82 53
20 83 14
20 84 38
20 85 125
20 86 172
20 87 62
20 88 83
20 89 1
20 90 168
20 91 197
20 92 124
20 93 106
20 94 133
20 95 59
20 96 7
20 97 66
20 98 80
20 99 92
21 22 81
21 23 132
21 24 157
21 25 108
21 26 119
21 27 89
21 28 3
21 29 36
21 30 193
21 31 151
21 32 139
21 33 124
21 34 21
21 35 87
21 36 132
21 37 57
21 38 76
21 39 0
21 40 50
21 41 183
21 42 91
21 43 45
21 44 78
21 45 151
21 46 117
21 47 142
21 48 184
21 49 177
21 50 17
21 51 84
21 52 24
21 53 103
21 54 190
21 55 70
21 56 66
21 57 0
21 58 172
21 59 47
21 60 186
21 61 51
21 62 49
21 63 34
21 64 130
21 65 143
21 66 188
21 67 127
21 68 164
21 69 174
21 70 189
21 71 17
21 72 155
21 73 166
21 74 154
21 75 4
21 76 76
21 77 194
21 78 46
21 79 112
21 80 169
21 81 151
21 82 194
21 83 54
21 84 194
21 85 121
21 86 46
21 87 0
21 88 152
21 89 181
21 90 70
21 91 30
21 92 133
21 93 192
21 94 10
21 95 140
21 96 146
21 97 168
21 98 57
21 99 194
22 23 41
22 24 44
22 25 21
22 26 60
22 27 109
22 28 67
22 29 194
22 30 82
22 31 143
22 32 83
22 33 107
22 34 169
22 35 116
22 36 144
22 37 155
22 38 92
22 39 36
22 40 199
22 41 107
22 42 23
22 43 175
22 44 3
22 45 113
22 46 117
22 47 178
22 48 82
22 49 160
22 50 126
22 51 52
22 52 134
22 53 194
22 54 22
22 55 178
22 56 130
22 57 153
22 58 42
22 59 143
22 60 3
22 61 55
22 62 33
22 63 69
22 64 161
22 65 185
22 66 16
22 67 0
22 68 164
22 69 128
22 70 52
22 71 2
22 72 116
22 73 173
22 74 125
22 75 97
22 76 130
22 77 94
22 78 56
22 79 39
22 80 184
22 81 120
22 82 122
22 83 67
22 84 39
22 85 54
22 86 121
22 87 35
22 88 21
22 89 174
22 90 65
22 91 27
22 92 136
22 93 200
22 94 190
22 95 166
22 96 113
22 97 103
22 98 43
22 99 91
23 24 35
23 25 150
23 26 36
23 27 163
23 28 3
23 29 59
23 30 127
23 31 43
23 32 59
23 33 106
23 34 168
23 35 68
23 36 130
23 37 67
23 38 140
23 39 165
23 40 128
23 41 192
23 42 26
23 43 104
23 44 183
23 45 48
23 46 153
23 47 77
23 48 148
23 49 120
23 50 111
23 51 95
23 52 5
23 53 180
23 54 159
23 55 117
23 56 12
23 57 39
23 58 92
23 59 125
23 60 78
23 61 37
23 62 16
23 63 39
23 64 8
23 65 137
23 66 173
23 67 27
23 68 139
23 69 186
23 70 35
23 71 70
23 72 186
23 73 127
23 74 109
23 75 47
23 76 197
23 77 48
23 78 47
23 79 75
23 80 192
23 81 51
23 82 140
23 83 178
23 84 57
23 85 83
23 86 18
23 87 99
23 88 195
23 89 158
23 90 150
23 91 36
23 92 195
23 93 121
23 94 28
23 95 30
23 96 99
23 97 135
23 98 153
23 99 79
24 25 137
24 26 193
24 27 27
24 28 65
24 29 24
24 30 14
24 31 22
24 32 153
24 33 138
24 34 181
24 35 101
24 36 16
24 37 27
24 38 3
24 39 48
24 40 198
24 41 162
24 42 189
24 43 151
24 44 105
24 45 72
24 46 146
24 47 141
24 48 10
24 49 2
24 50 108
24 51 167
24 52 85
24 53 70
24 54 101
24 55 59
24 56 121
24 57 103
24 58 77
24 59 103
24 60 138
24 61 182
24 62 161
24 63 193
24 64 44
24 65 131
24 66 185
24 67 181
24 68 80
24 69 77
24 70 4
24 71 142
24 72 134
24 73 12
24 74 191
24 75 188
24 76 179
24 77 132
24 78 14
24 79 126
24 80 38
24 81 172
24 82 65
24 83 129
24 84 196
24 85 188
24 86 124
24 87 129
24 88 183
24 89 38
24 90 132
24 91 171
24 92 32
24 93 122
24 94 174
24 95 61
24 96 137
24 97 12
24 98 73
24 99 179
25 26 8
25 27 106
25 28 80
25 29 87
25 30 119
25 31 15
25 32 51
25 33 160
25 34 73
25 35 157
25 36 140
25 37 185
25 38 129
25 39 176
25 40 13
25 41 47
25 42 30
25 43 152
25 44 17
25 45 4
25 46 112
25 47 17
25 48 26
25 49 132
25 50 164
25 51 143
25 52 117
25 53 133
25 54 197
25 55 88
25 56 28
25 57 193
25 58 60
25 59 71
25 60 147
25 61 147
25 62 189
25 63 170
25 64 56
25 65 143
25 66 186
25 67 126
25 68 59
25 69 114
25 70 77
25 71 53
25 72 81
25 73 17
25 74 189
25 75 145
25 76 60
25 77 125
25 78 98
25 79 86
25 80 63
25 81 112
25 82 77
25 83 87
25 84 46
25 85 47
25 86 25
25 87 55
25 88 168
25 89 76
25 90 155
25 91 97
25 92 40
25 93 138
25 94 97
25 95 64
25 96 25
25 97 127
25 98 125
25 99 43
26 27 82
26 28 88
26 29 7
26 30 172
26 31 54
26 32 125
26 33 40
26 34 46
26 35 17
26 36 171
26 37 78
26 38 190
26 39 12
26 40 31
26 41 163
26 42 77
26 43 151
26 44 133
26 45 58
26 46 152
26 47 5
26 48 95
26 49 126
26 50 8
26 51 72
26 52 9
26 53 73
26 54 187
26 55 31
26 56 58
26 57 78
26 58 164
26 59 59
26 60 153
26 61 30
26 62 53
26 63 145
26 64 119
26 65 36
26 66 63
26 67 27
26 68 145
26 69 20
26 70 181
26 71 111
26 72 159
26 73 147
26 74 145
26 75 173
26 76 29
26 77 189
26 78 134
26 79 191
26 80 110
26 81 123
26 82 159
26 83 140
26 84 24
26 85 145
26 86 65
26 87 68
26 88 100
26 89 109
26 90 99
26 91 38
26 92 12
26 93 132
26 94 61
26 95 37
26 96 135
26 97 106
26 98 85
26 99 62
27 28 199
27 29 160
27 30 45
27 31 140
27 32 70
27 33 165
27 34 151
27 35 86
27 36 91
27 37 141
27 38 8
27 39 27
27 40 115
27 41 37
27 42 105
27 43 46
27 44 9
27 45 10
27 46 195
27 47 110
27 48 77
27 49 118
27 50 167
27 51 137
27 52 149
27 53 97
27 54 173
27 55 53
27 56 15
27 57 100
27 58 193
27 59 97
27 60 113
27 61 82
27 62 20
27 63 34
27 64 64
27 65 196
27 66 91
27 67 16
27 68 167
27 69 13
27 70 137
27 71 6
27 72 1
27 73 8
27 74 180
27 75 146
27 76 92
27 77 126
27 78 87
27 79 80
27 80 177
27 81 44
27 82 198
27 83 183
27 84 46
27 85 193
27 86 112
27 87 161
27 88 60
27 89 180
27 90 152
27 91 140
27 92 10
27 93 33
27 94 3
27 95 188
27 96 56
27 97 33
27 98 35
27 99 146
28 29 128
28 30 128
28 31 48
28 32 76
28 33 56
28 34 69
28 35 156
28 36 88
28 37 163
28 38 196
28 39 1
28 40 100
28 41 17
28 42 151
28 43 23
28 44 110
28 45 93
28 46 6
28 47 93
28 48 151
28 49 99
28 50 104
28 51 166
28 52 6
28 53 110
28 54 183
28 55 163
28 56 111
28 57 52
28 58 112
28 59 116
28 60 5
28 61 113
28 62 169
28 63 12
28 64 117
28 65 144
28 66 121
28 67 72
28 68 102
28 69 38
28 70 124
28 71 107
28 72 49
28 73 129
28 74 4
28 75 188
28 76 62
28 77 6
28 78 73
28 79 21
28 80 128
28 81 167
28 82 104
28 83 167
28 84 0
28 85 160
28 86 157
28 87 26
28 88 147
28 89 8
28 90 74
28 91 31
28 92 16
28 93 5
28 94 46
28 95 59
28 96 110
28 97 9
28 98 164
28 99 134
29 30 104
29 31 153
29 32 169
29 33 58
29 34 129
29 35 157
29 36 74
29 37 171
29 38 51
29 39 26
29 40 58
29 41 117
29 42 118
29 43 164
29 44 162
29 45 140
29 46 139
29 47 95
29 48 88
29 49 65
29 50 69
29 51 10
29 52 159
29 53 164
29 54 139
29 55 42
29 56 21
29 57 29
29 58 170
29 59 74
29 60 183
29 61 65
29 62 136
29 63 113
29 64 153
29 65 18
29 66 3
29 67 194
29 68 64
29 69 170
29 70 32
29 71 154
29 72 63
29 73 147
29 74 102
29 75 111
29 76 4
29 77 71
29 78 95
29 79 134
29 80 16
29 81 162
29 82 146
29 83 10
29 84 150
29 85 48
29 86 27
29 87 175
29 88 167
29 89 103
29 90 167
29 91 62
29 92 181
29 93 47
29 94 46
29 95 41
29 96 153
29 97 62
29 98 156
29 99 31
30 31 57
30 32 175
30 33 38
30 34 157
30 35 93
30 36 74
30 37 92
30 38 15
30 39 117
30 40 197
30 41 80
30 42 186
30 43 30
30 44 49
30 45 183
30 46 33
30 47 164
30 48 153
30 49 122
30 50 5
30 51 106
30 52 42
30 53 196
30 54 35
30 55 2
30 56 76
30 57 19
30 58 76
30 59 59
30 60 199
30 61 105
30 62 181
30 63 71
30 64 137
30 65 147
30 66 63
30 67 161
30 68 103
30 69 98
30 70 73
30 71 153
30 72 34
30 73 5
30 74 116
30 75 120
30 76 197
30 77 37
30 78 51
30 79 199
30 80 186
30 81 62
30 82 27
30 83 61
30 84 181
30 85 35
30 86 48
30 87 123
30 88 126
30 89 157
30 90 182
30 91 138
30 92 79
30 93 43
30 94 16
30 95 68
30 96 32
30 97 87
30 98 27
30 99 87
31 32 75
31 33 27
31 34 131
31 35 50
31 36 59
31 37 168
31 38 125
31 39 77
31 40 64
31 41 88
31 42 20
31 43 65
31 44 159
31 45 144
31 46 53
31 47 36
31 48 65
31 49 186
31 50 54
31 51 104
31 52 92
31 53 38
31 54 157
31 55 115
31 56 93
31 57 59
31 58 199
31 59 26
31 60 72
31 61 42
31 62 160
31 63 168
31 64 161
31 65 150
31 66 133
31 67 120
31 68 153
31 69 135
31 70 36
31 71 88
31 72 80
31 73 151
31 74 76
31 75 104
31 76 153
31 77 186
31 78 9
31 79 199
31 80 19
31 81 136
31 82 82
31 83 116
31 84 19
31 85 16
31 86 173
31 87 38
31 88 8
31 89 106
31 90 30
31 91 192
31 92 146
31 93 18
31 94 119
31 95 38
31 96 136
31 97 76
31 98 58
31 99 55
32 33 137
32 34 175
32 35 139
32 36 153
32 37 172
32 38 2
32 39 39
32 40 116
32 41 154
32 42 196
32 43 66
32 44 76
32 45 155
32 46 167
32 47 111
32 48 200
32 49 142
32 50 150
32 51 56
32 52 88
32 53 81
32 54 62
32 55 10
32 56 145
32 57 113
32 58 120
32 59 195
32 60 66
32 61 45
32 62 200
32 63 29
32 64 142
32 65 144
32 66 133
32 67 145
32 68 69
32 69 42
32 70 3
32 71 183
32 72 56
32 73 93
32 74 98
32 75 189
32 76 130
32 77 97
32 78 100
32 79 5
32 80 91
32 81 75
32 82 158
32 83 9
32 84 168
32 85 140
32 86 17
32 87 120
32 88 3
32 89 101
32 90 78
32 91 183
32 92 149
32 93 110
32 94 124
32 95 72
32 96 46
32 97 16
32 98 145
32 99 24
33 34 182
33 35 133
33 36 157
33 37 64
33 38 45
33 39 181
33 40 71
33 41 155
33 42 94
33 43 69
33 44 121
33 45 97
33 46 106
33 47 152
33 48 138
33 49 110
33 50 96
33 51 144
33 52 18
33 53 12
33 54 163
33 55 51
33 56 193
33 57 156
33 58 183
33 59 75
33 60 146
33 61 3
33 62 71
33 63 18
33 64 73
33 65 151
33 66 20
33 67 101
33 68 132
33 69 122
33 70 66
33 71 161
33 72 26
33 73 88
33 74 178
33 75 23
33 76 105
33 77 81
33 78 29
33 79 112
33 80 182
33 81 93
33 82 7
33 83 59
33 84 99
33 85 151
33 86 20
33 87 105
33 88 6
33 89 1
33 90 95
33 91 109
33 92 1
33 93 43
33 94 149
33 95 110
33 96 170
33 97 150
33 98 195
33 99 10
34 35 190
34 36 165
34 37 81
34 38 100
34 39 195
34 40 165
34 41 81
34 42 129
34 43 131
34 44 21
34 45 36
34 46 157
34 47 110
34 48 55
34 49 63
34 50 157
34 51 175
34 52 183
34 53 165
34 54 78
34 55 158
34 56 181
34 57 60
34 58 141
34 59 117
34 60 65
34 61 109
34 62 78
34 63 92
34 64 24
34 65 141
34 66 94
34 67 104
34 68 198
34 69 20
34 70 172
34 71 129
34 72 102
34 73 86
34 74 78
34 75 71
34 76 98
34 77 122
34 78 101
34 79 85
34 80 59
34 81 149
34 82 26
34 83 69
34 84 46
34 85 181
34 86 87
34 87 172
34 88 162
34 89 136
34 90 139
34 91 9
34 92 162
34 93 126
34 94 135
34 95 5
34 96 59
34 97 109
34 98 177
34 99 192
35 36 50
35 37 191
35 38 140
35 39 85
35 40 122
35 41 46
35 42 68
35 43 194
35 44 123
35 45 73
35 46 165
35 47 28
35 48 149
35 49 185
35 50 111
35 51 15
35 52 42
35 53 148
35 54 79
35 55 84
35 56 99
35 57 49
35 58 123
35 59 193
35 60 16
35 61 3
35 62 23
35 63 193
35 64 129
35 65 102
35 66 146
35 67 140
35 68 5
35 69 184
35 70 1
35 71 43
35 72 191
35 73 150
35 74 10
35 75 148
35 76 69
35 77 121
35 78 168
35 79 102
35 80 196
35 81 130
35 82 80
35 83 168
35 84 144
35 85 6
35 86 67
35 87 96
35 88 8
35 89 45
35 90 42
35 91 44
35 92 159
35 93 186
35 94 128
35 95 171
35 96 161
35 97 108
35 98 45
35 99 21
36 37 174
36 38 31
36 39 67
36 40 12
36 41 128
36 42 167
36 43 52
36 44 112
36 45 50
36 46 110
36 47 88
36 48 43
36 49 97
36 50 197
36 51 23
36 52 159
36 53 56
36 54 56
36 55 20
36 56 165
36 57 158
36 58 137
36 59 145
36 60 164
36 61 181
36 62 135
36 63 172
36 64 156
36 65 193
36 66 91
36 67 43
36 68 71
36 69 154
36 70 47
36 71 1
36 72 143
36 73 68
36 74 191
36 75 50
36 76 180
36 77 152
36 78 179
36 79 24
36 80 45
36 81 30
36 82 199
36 83 41
36 84 112
36 85 53
36 86 188
36 87 160
36 88 57
36 89 177
36 90 133
36 91 87
36 92 78
36 93 196
36 94 24
36 95 197
36 96 187
36 97 114
36 98 141
36 99 71
37 38 143
37 39 164
37 40 64
37 41 129
37 42 53
37 43 62
37 44 145
37 45 101
37 46 181
37 47 146
37 48 0
37 49 8
37 50 137
37 51 68
37 52 37
37 53 4
37 54 47
37 55 125
37 56 27
37 57 23
37 58 41
37 59 200
37 60 71
37 61 78
37 62 25
37 63 158
37 64 119
37 65 121
37 66 28
37 67 17
37 68 10
37 69 51
37 70 199
37 71 193
37 72 110
37 73 92
37 74 91
37 75 136
37 76 178
37 77 192
37 78 131
37 79 24
37 80 55
37 81 9
37 82 51
37 83 171
37 84 102
37 85 24
37 86 61
37 87 200
37 88 101
37 89 100
37 90 87
37 91 86
37 92 188
37 93 3
37 94 105
37 95 128
37 96 174
37 97 119
37 98 25
37 99 71
38 39 138
38 40 181
38 41 109
38 42 179
38 43 142
38 44 180
38 45 115
38 46 110
38 47 99
38 48 24
38 49 18
38 50 87
38 51 59
38 52 122
38 53 166
38 54 111
38 55 97
38 56 200
38 57 108
38 58 75
38 59 130
38 60 45
38 61 48
38 62 55
38 63 150
38 64 147
38 65 13
38 66 200
38 67 99
38 68 17
38 69 119
38 70 165
38 71 177
38 72 194
38 73 63
38 74 97
38 75 57
38 76 183
38 77 113
38 78 99
38 79 76
38 80 10
38 81 154
38 82 178
38 83 7
38 84 145
38 85 183
38 86 10
38 87 140
38 88 53
38 89 14
38 90 51
38 91 34
38 92 70
38 93 166
38 94 6
38 95 150
38 96 20
38 97 40
38 98 142
38 99 133
39 40 38
39 41 193
39 42 67
39 43 46
39 44 167
39 45 139
39 46 105
39 47 137
39 48 134
39 49 184
39 50 44
39 51 167
39 52 111
39 53 129
39 54 194
39 55 78
39 56 181
39 57 67
39 58 74
39 59 162
39 60 78
39 61 174
39 62 138
39 63 130
39 64 54
39 65 17
39 66 37
39 67 151
39 68 54
39 69 153
39 70 99
39 71 20
39 72 10
39 73 157
39 74 104
39 75 80
39 76 114
39 77 68
39 78 85
39 79 85
39 80 96
39 81 17
39 82 92
39 83 187
39 84 191
39 85 184
39 86 110
39 87 106
39 88 53
39 89 166
39 90 126
39 91 88
39 92 112
39 93 26
39 94 136
39 95 123
39 96 171
39 97 180
39 98 154
39 99 36
40 41 15
40 42 169
40 43 62
40 44 145
40 45 87
40 46 157
40 47 29
40 48 137
40 49 101
40 50 46
40 51 25
40 52 175
40 53 53
40 54 170
40 55 104
40 56 75
40 57 66
40 58 124
40 59 152
40 60 157
40 61 153
40 62 76
40 63 103
40 64 161
40 65 172
40 66 23
40 67 194
40 68 11
40 69 177
40 70 142
40 71 6
40 72 112
40 73 165
40 74 169
40 75 33
40 76 34
40 77 26
40 78 87
40 79 137
40 80 22
40 81 25
40 82 199
40 83 61
40 84 74
40 85 70
40 86 91
40 87 48
40 88 178
40 89 70
40 90 169
40 91 35
40 92 172
40 93 176
40 94 114
40 95 38
40 96 13
40 97 79
40 98 51
40 99 45
41 42 184
41 43 146
41 44 7
41 45 11
41 46 46
41 47 15
41 48 191
41 49 9
41 50 167
41 51 5
41 52 34
41 53 15
41 54 165
41 55 79
41 56 183
41 57 28
41 58 29
41 59 193
41 60 160
41 61 93
41 62 118
41 63 99
41 64 192
41 65 190
41 66 177
41 67 86
41 68 82
41 69 154
41 70 35
41 71 148
41 72 99
41 73 117
41 74 54
41 75 102
41 76 82
41 77 187
41 78 108
41 79 47
41 80 154
41 81 172
41 82 166
41 83 13
41 84 87
41 85 148
41 86 87
41 87 147
41 88 121
41 89 142
41 90 29
41 91 142
41 92 198
41 93 104
41 94 27
41 95 178
41 96 137
41 97 145
41 98 120
41 99 169
42 43 93
42 44 122
42 45 3
42 46 62
42 47 195
42 48 61
42 49 31
42 50 148
42 51 35
42 52 175
42 53 64
42 54 98
42 55 183
42 56 187
42 57 184
42 58 74
42 59 155
42 60 107
42 61 109
42 62 117
42 63 19
42 64 143
42 65 170
42 66 49
42 67 147
42 68 27
42 69 72
42 70 39
42 71 170
42 72 81
42 73 63
42 74 69
42 75 108
42 76 38
42 77 124
42 78 87
42 79 25
42 80 58
42 81 106
42 82 69
42 83 45
42 84 59
42 85 177
42 86 8
42 87 99
42 88 199
42 89 186
42 90 22
42 91 117
42 92 51
42 93 164
42 94 52
42 95 182
42 96 126
42 97 27
42 98 63
42 99 64
43 44 53
43 45 187
43 46 59
43 47 157
43 48 153
43 49 73
43 50 100
43 51 177
43 52 3
43 53 90
43 54 174
43 55 30
43 56 23
43 57 89
43 58 127
43 59 115
43 60 32
43 61 53
43 62 155
43 63 157
43 64 194
43 65 154
43 66 198
43 67 137
43 68 80
43 69 7
43 70 169
43 71 197
43 72 85
43 73 105
43 74 190
43 75 165
43 76 81
43 77 181
43 78 187
43 79 188
43 80 71
43 81 68
43 82 89
43 83 152
43 84 188
43 85 52
43 86 155
43 87 124
43 88 71
43 89 179
43 90 167
43 91 30
43 92 128
43 93 154
43 94 142
43 95 65
43 96 160
43 97 8
43 98 116
43 99 81
44 45 95
44 46 54
44 47 158
44 48 1
44 49 167
44 50 79
44 51 20
44 52 29
44 53 34
44 54 83
44 55 27
44 56 102
44 57 191
44 58 67
44 59 136
44 60 23
44 61 61
44 62 104
44 63 81
44 64 82
44 65 131
44 66 96
44 67 34
44 68 113
44 69 156
44 70 148
44 71 37
44 72 108
44 73 101
44 74 64
44 75 139
44 76 53
44 77 142
44 78 73
44 79 81
44 80 196
44 81 133
44 82 100
44 83 100
44 84 146
44 85 101
44 86 107
44 87 127
44 88 108
44 89 33
44 90 168
44 91 187
44 92 92
44 93 189
44 94 56
44 95 32
44 96 115
44 97 131
44 98 75
44 99 38
45 46 113
45 47 75
45 48 199
45 49 88
45 50 140
45 51 114
45 52 29
45 53 21
45 54 19
45 55 74
45 56 88
45 57 142
45 58 171
45 59 63
45 60 30
45 61 130
45 62 86
45 63 99
45 64 93
45 65 188
45 66 159
45 67 119
45 68 28
45 69 52
45 70 67
45 71 41
45 72 12
45 73 125
45 74 9
45 75 77
45 76 8
45 77 153
45 78 61
45 79 150
45 80 197
45 81 125
45 82 24
45 83 51
45 84 27
45 85 159
45 86 40
45 87 139
45 88 113
45 89 199
45 90 110
45 91 158
45 92 92
45 93 145
45 94 179
45 95 13
45 96 14
45 97 42
45 98 165
45 99 121
46 47 171
46 48 26
46 49 58
46 50 135
46 51 11
46 52 167
46 53 68
46 54 169
46 55 51
46 56 19
46 57 61
46 58 21
46 59 129
46 60 79
46 61 80
46 62 78
46 63 8
46 64 74
46 65 45
46 66 26
46 67 94
46 68 143
46 69 97
46 70 101
46 71 159
46 72 72
46 73 122
46 74 161
46 75 198
46 76 148
46 77 178
46 78 8
46 79 46
46 80 116
46 81 54
46 82 41
46 83 71
46 84 53
46 85 46
46 86 110
46 87 18
46 88 148
46 89 43
46 90 50
46 91 77
46 92 109
46 93 67
46 94 2
46 95 108
46 96 134
46 97 137
46 98 93
46 99 160
