100 4599
0 1 97
0 2 116
0 3 95
0 4 86
0 5 18
0 6 7
0 7 6
0 8 6
0 9 56
0 10 67
0 11 112
0 12 108
0 13 28
0 14 153
0 15 120
0 16 165
0 17 175
0 18 53
0 19 21
0 20 91
0 21 33
0 22 175
0 23 76
0 24 27
0 25 137
0 26 41
0 27 37
0 28 37
0 29 65
0 30 42
0 31 165
0 32 33
0 33 156
0 34 178
0 35 195
0 36 194
0 37 4
0 38 145
0 39 51
0 40 128
0 41 72
0 42 94
0 43 106
0 44 83
0 45 63
0 46 164
0 47 70
0 48 96
0 49 109
0 50 193
0 51 74
0 52 188
0 53 188
0 54 74
0 55 124
0 56 150
0 57 170
0 58 103
0 59 103
0 60 186
0 61 162
0 62 167
0 63 184
0 64 115
0 65 72
0 66 61
0 67 166
0 68 21
0 69 157
0 70 2
0 71 118
0 72 132
0 73 87
0 74 128
0 75 111
0 76 164
0 77 166
0 78 107
0 79 190
0 80 99
0 81 125
0 82 159
0 83 75
0 84 188
0 85 3
0 86 75
0 87 48
0 88 4
0 89 135
0 90 81
0 91 124
0 92 122
0 93 47
0 94 94
0 95 59
0 96 185
0 97 63
0 98 45
0 99 66
1 2 184
1 3 18
1 4 177
1 5 59
1 6 51
1 7 165
1 8 34
1 9 149
1 10 102
1 11 135
1 12 131
1 13 199
1 14 165
1 15 144
1 16 14
1 17 24
1 18 126
1 19 192
1 20 103
1 21 151
1 22 181
1 23 185
1 24 94
1 25 42
1 26 52
1 27 170
1 28 71
1 29 152
1 30 39
1 31 91
1 32 25
1 33 194
1 34 132
1 35 80
1 36 187
1 37 78
1 38 158
1 39 164
1 40 191
1 41 185
1 42 115
1 43 97
1 44 82
1 45 28
1 46 102
1 47 108
1 48 44
1 49 148
1 50 30
1 51 79
1 52 81
1 53 194
1 54 174
1 55 12
1 56 64
1 57 28
1 58 108
1 59 144
1 60 1
1 61 88
1 62 126
1 63 129
1 64 40
1 65 71
1 66 71
1 67 182
1 68 161
1 69 90
1 70 96
1 71 124
1 72 186
1 73 169
1 74 83
1 75 130
1 76 173
1 77 95
1 78 98
1 79 10
1 80 195
1 81 86
1 82 101
1 83 162
1 84 195
1 85 74
1 86 96
1 87 82
1 88 166
1 89 62
1 90 112
1 91 112
1 92 123
1 93 12
1 94 39
1 95 101
1 96 122
1 97 85
1 98 127
1 99 101
2 3 71
2 4 37
2 5 157
2 6 135
2 7 188
2 8 145
2 9 78
2 10 191
2 11 91
2 12 23
2 13 109
2 14 93
2 15 10
2 16 100
2 17 75
2 18 77
2 19 109
2 20 148
2 21 53
2 22 196
2 23 14
2 24 70
2 25 152
2 26 25
2 27 69
2 28 53
2 29 24
2 30 50
2 31 139
2 32 113
2 33 150
2 34 17
2 35 75
2 36 152
2 37 89
2 38 191
2 39 145
2 40 121
2 41 70
2 42 185
2 43 134
2 44 48
2 45 197
2 46 16
2 47 6
2 48 71
2 49 93
2 50 35
2 51 75
2 52 104
2 53 151
2 54 167
2 55 108
2 56 20
2 57 23
2 58 185
2 59 157
2 60 197
2 61 123
2 62 20
2 63 44
2 64 49
2 65 121
2 66 81
2 67 15
2 68 154
2 69 151
2 70 109
2 71 11
2 72 35
2 73 182
2 74 90
2 75 193
2 76 25
2 77 50
2 78 171
2 79 97
2 80 80
2 81 18
2 82 179
2 83 17
2 84 55
2 85 163
2 86 101
2 87 187
2 88 73
2 89 189
2 90 5
2 91 43
2 92 1
2 93 147
2 94 74
2 95 73
2 96 151
2 97 198
2 98 90
2 99 63
3 4 26
3 5 175
3 6 155
3 7 190
3 8 126
3 9 41
3 10 8
3 11 154
3 12 175
3 13 138
3 14 38
3 15 80
3 16 182
3 17 170
3 18 165
3 19 83
3 20 59
3 21 68
3 22 101
3 23 27
3 24 74
3 25 141
3 26 48
3 27 181
3 28 118
3 29 59
3 30 87
3 31 144
3 32 155
3 33 5
3 34 96
3 35 35
3 36 8
3 37 84
3 38 118
3 39 187
3 40 141
3 41 165
3 42 16
3 43 173
3 44 130
3 45 123
3 46 18
3 47 200
3 48 160
3 49 116
3 50 178
3 51 76
3 52 147
3 53 179
3 54 89
3 55 191
3 56 12
3 57 174
3 58 154
3 59 129
3 60 183
3 61 131
3 62 93
3 63 160
3 64 148
3 65 183
3 66 93
3 67 89
3 68 60
3 69 169
3 70 1
3 71 191
3 72 5
3 73 19
3 74 37
3 75 158
3 76 73
3 77 63
3 78 128
3 79 75
3 80 157
3 81 168
3 82 184
3 83 150
3 84 57
3 85 10
3 86 153
3 87 166
3 88 76
3 89 18
3 90 59
3 91 44
3 92 23
3 93 47
3 94 58
3 95 118
3 96 60
3 97 86
3 98 58
3 99 83
4 5 5
4 6 90
4 7 93
4 8 95
4 9 91
4 10 107
4 11 113
4 12 174
4 13 112
4 14 174
4 15 97
4 16 194
4 17 54
4 18 187
4 19 77
4 20 17
4 21 110
4 22 14
4 23 188
4 24 78
4 25 2
4 26 157
4 27 53
4 28 186
4 29 199
4 30 167
4 31 41
4 32 4
4 33 58
4 34 119
4 35 145
4 36 142
4 37 43
4 38 59
4 39 126
4 40 42
4 41 25
4 42 74
4 43 105
4 44 20
4 45 142
4 46 135
4 47 40
4 48 64
4 49 120
4 50 196
4 51 31
4 52 115
4 53 11
4 54 198
4 55 170
4 56 67
4 57 127
4 58 96
4 59 180
4 60 171
4 61 95
4 62 36
4 63 60
4 64 98
4 65 17
4 66 188
4 67 74
4 68 98
4 69 134
4 70 194
4 71 0
4 72 134
4 73 98
4 74 81
4 75 24
4 76 187
4 77 138
4 78 102
4 79 118
4 80 85
4 81 98
4 82 186
4 83 173
4 84 138
4 85 191
4 86 183
4 87 60
4 88 23
4 89 101
4 90 180
4 91 120
4 92 37
4 93 41
4 94 167
4 95 137
4 96 128
4 97 79
4 98 155
4 99 196
5 6 105
5 7 66
5 8 168
5 9 64
5 10 57
5 11 173
5 12 109
5 13 78
5 14 80
5 15 182
5 16 49
5 17 174
5 18 82
5 19 174
5 20 172
5 21 114
5 22 140
5 23 178
5 24 35
5 25 158
5 26 56
5 27 136
5 28 171
5 29 50
5 30 143
5 31 97
5 32 137
5 33 9
5 34 113
5 35 97
5 36 16
5 37 97
5 38 51
5 39 82
5 40 141
5 41 36
5 42 75
5 43 146
5 44 22
5 45 48
5 46 68
5 47 189
5 48 56
5 49 64
5 50 47
5 51 76
5 52 123
5 53 143
5 54 78
5 55 132
5 56 15
5 57 25
5 58 62
5 59 192
5 60 12
5 61 99
5 62 175
5 63 32
5 64 106
5 65 52
5 66 160
5 67 115
5 68 194
5 69 54
5 70 144
5 71 9
5 72 115
5 73 90
5 74 141
5 75 129
5 76 103
5 77 196
5 78 117
5 79 172
5 80 65
5 81 155
5 82 95
5 83 128
5 84 127
5 85 111
5 86 76
5 87 178
5 88 77
5 89 80
5 90 25
5 91 51
5 92 11
5 93 133
5 94 103
5 95 34
5 96 13
5 97 47
5 98 97
5 99 120
6 7 173
6 8 158
6 9 172
6 10 121
6 11 78
6 12 23
6 13 52
6 14 110
6 15 19
6 16 124
6 17 193
6 18 196
6 19 63
6 20 115
6 21 95
6 22 82
6 23 135
6 24 190
6 25 135
6 26 165
6 27 20
6 28 148
6 29 187
6 30 127
6 31 2
6 32 117
6 33 95
6 34 93
6 35 55
6 36 103
6 37 136
6 38 175
6 39 67
6 40 125
6 41 161
6 42 107
6 43 105
6 44 84
6 45 1
6 46 16
6 47 17
6 48 10
6 49 108
6 50 156
6 51 191
6 52 146
6 53 144
6 54 124
6 55 92
6 56 75
6 57 162
6 58 146
6 59 33
6 60 63
6 61 60
6 62 112
6 63 179
6 64 84
6 65 112
6 66 22
6 67 128
6 68 47
6 69 37
6 70 57
6 71 58
6 72 76
6 73 31
6 74 41
6 75 111
6 76 95
6 77 24
6 78 125
6 79 116
6 80 124
6 81 73
6 82 84
6 83 198
6 84 127
6 85 165
6 86 126
6 87 124
6 88 90
6 89 60
6 90 49
6 91 53
6 92 59
6 93 118
6 94 81
6 95 147
6 96 166
6 97 0
6 98 137
6 99 169
7 8 169
7 9 97
7 10 67
7 11 96
7 12 157
7 13 198
7 14 175
7 15 42
7 16 193
7 17 163
7 18 149
7 19 135
7 20 139
7 21 175
7 22 107
7 23 23
7 24 177
7 25 70
7 26 16
7 27 134
7 28 108
7 29 85
7 30 182
7 31 122
7 32 111
7 33 102
7 34 108
7 35 153
7 36 58
7 37 196
7 38 182
7 39 94
7 40 69
7 41 29
7 42 138
7 43 4
7 44 199
7 45 61
7 46 122
7 47 15
7 48 143
7 49 81
7 50 192
7 51 49
7 52 161
7 53 27
7 54 135
7 55 70
7 56 146
7 57 159
7 58 116
7 59 92
7 60 121
7 61 123
7 62 10
7 63 163
7 64 8
7 65 112
7 66 166
7 67 196
7 68 32
7 69 94
7 70 103
7 71 179
7 72 118
7 73 190
7 74 109
7 75 158
7 76 163
7 77 98
7 78 98
7 79 103
7 80 192
7 81 88
7 82 26
7 83 108
7 84 52
7 85 64
7 86 108
7 87 27
7 88 184
7 89 99
7 90 28
7 91 124
7 92 139
7 93 190
7 94 199
7 95 78
7 96 107
7 97 29
7 98 25
7 99 147
8 9 58
8 10 123
8 11 3
8 12 86
8 13 114
8 14 67
8 15 94
8 16 175
8 17 59
8 18 8
8 19 172
8 20 190
8 21 60
8 22 50
8 23 0
8 24 13
8 25 144
8 26 155
8 27 183
8 28 117
8 29 41
8 30 156
8 31 161
8 32 171
8 33 168
8 34 153
8 35 140
8 36 99
8 37 20
8 38 45
8 39 121
8 40 41
8 41 76
8 42 148
8 43 141
8 44 8
8 45 129
8 46 112
8 47 182
8 48 179
8 49 157
8 50 78
8 51 127
8 52 100
8 53 167
8 54 18
8 55 45
8 56 135
8 57 60
8 58 199
8 59 19
8 60 147
8 61 137
8 62 96
8 63 197
8 64 190
8 65 3
8 66 103
8 67 55
8 68 183
8 69 37
8 70 146
8 71 73
8 72 124
8 73 27
8 74 32
8 75 101
8 76 190
8 77 176
8 78 170
8 79 199
8 80 69
8 81 183
8 82 3
8 83 63
8 84 83
8 85 84
8 86 197
8 87 150
8 88 72
8 89 91
8 90 2
8 91 21
8 92 167
8 93 84
8 94 58
8 95 156
8 96 19
8 97 96
8 98 18
8 99 38
9 10 152
9 11 160
9 12 54
9 13 76
9 14 60
9 15 56
9 16 21
9 17 160
9 18 89
9 19 78
9 20 45
9 21 199
9 22 29
9 23 9
9 24 77
9 25 122
9 26 35
9 27 179
9 28 119
9 29 80
9 30 193
9 31 5
9 32 4
9 33 53
9 34 48
9 35 1
9 36 130
9 37 167
9 38 96
9 39 20
9 40 77
9 41 21
9 42 33
9 43 6
9 44 139
9 45 117
9 46 162
9 47 51
9 48 59
9 49 100
9 50 17
9 51 66
9 52 81
9 53 54
9 54 115
9 55 113
9 56 133
9 57 196
9 58 28
9 59 174
9 60 165
9 61 154
9 62 149
9 63 9
9 64 37
9 65 200
9 66 190
9 67 29
9 68 181
9 69 31
9 70 75
9 71 130
9 72 160
9 73 48
9 74 23
9 75 23
9 76 103
9 77 69
9 78 193
9 79 153
9 80 118
9 81 152
9 82 71
9 83 178
9 84 183
9 85 150
9 86 179
9 87 166
9 88 92
9 89 146
9 90 191
9 91 2
9 92 81
9 93 103
9 94 154
9 95 147
9 96 107
9 97 27
9 98 34
9 99 176
10 11 92
10 12 195
10 13 55
10 14 107
10 15 164
10 16 103
10 17 84
10 18 130
10 19 66
10 20 113
10 21 63
10 22 94
10 23 37
10 24 185
10 25 157
10 26 45
10 27 161
10 28 163
10 29 109
10 30 119
10 31 66
10 32 116
10 33 97
10 34 107
10 35 122
10 36 179
10 37 120
10 38 171
10 39 160
10 40 90
10 41 117
10 42 14
10 43 162
10 44 30
10 45 148
10 46 71
10 47 103
10 48 178
10 49 118
10 50 73
10 51 17
10 52 47
10 53 15
10 54 60
10 55 126
10 56 94
10 57 151
10 58 75
10 59 125
10 60 130
10 61 43
10 62 138
10 63 44
10 64 47
10 65 69
10 66 170
10 67 50
10 68 5
10 69 47
10 70 75
10 71 144
10 72 62
10 73 33
10 74 199
10 75 112
10 76 9
10 77 137
10 78 123
10 79 6
10 80 85
10 81 101
10 82 170
10 83 26
10 84 192
10 85 109
10 86 0
10 87 157
10 88 62
10 89 136
10 90 74
10 91 187
10 92 41
10 93 126
10 94 66
10 95 104
10 96 33
10 97 158
10 98 143
10 99 104
11 12 151
11 13 4
11 14 120
11 15 1
11 16 45
11 17 2
11 18 172
11 19 121
11 20 130
11 21 104
11 22 173
11 23 61
11 24 124
11 25 35
11 26 41
11 27 79
11 28 28
11 29 169
11 30 16
11 31 149
11 32 29
11 33 78
11 34 172
11 35 97
11 36 0
11 37 64
11 38 197
11 39 43
11 40 26
11 41 127
11 42 173
11 43 159
11 44 183
11 45 14
11 46 109
11 47 113
11 48 50
11 49 176
11 50 14
11 51 1
11 52 79
11 53 9
11 54 104
11 55 124
11 56 176
11 57 112
11 58 87
11 59 86
11 60 72
11 61 66
11 62 25
11 63 78
11 64 98
11 65 158
11 66 34
11 67 95
11 68 151
11 69 101
11 70 108
11 71 190
11 72 120
11 73 9
11 74 89
11 75 10
11 76 175
11 77 199
11 78 110
11 79 30
11 80 112
11 81 11
11 82 152
11 83 181
11 84 63
11 85 144
11 86 15
11 87 0
11 88 170
11 89 5
11 90 31
11 91 140
11 92 143
11 93 81
11 94 170
11 95 63
11 96 150
11 97 185
11 98 66
11 99 193
12 13 139
12 14 51
12 15 44
12 16 88
12 17 114
12 18 195
12 19 121
12 20 166
12 21 122
12 22 52
12 23 4
12 24 158
12 25 88
12 26 91
12 27 90
12 28 189
12 29 33
12 30 68
12 31 75
12 32 80
12 33 149
12 34 51
12 35 189
12 36 30
12 37 23
12 38 152
12 39 72
12 40 105
12 41 62
12 42 56
12 43 156
12 44 17
12 45 111
12 46 142
12 47 136
12 48 25
12 49 165
12 50 65
12 51 200
12 52 196
12 53 181
12 54 177
12 55 131
12 56 43
12 57 23
12 58 136
12 59 129
12 60 84
12 61 167
12 62 4
12 63 132
12 64 197
12 65 18
12 66 70
12 67 56
12 68 179
12 69 123
12 70 36
12 71 100
12 72 72
12 73 104
12 74 154
12 75 166
12 76 119
12 77 19
12 78 53
12 79 110
12 80 72
12 81 13
12 82 78
12 83 10
12 84 113
12 85 187
12 86 73
12 87 69
12 88 49
12 89 46
12 90 117
12 91 128
12 92 120
12 93 193
12 94 6
12 95 145
12 96 80
12 97 100
12 98 93
12 99 174
13 14 19
13 15 168
13 16 179
13 17 6
13 18 154
13 19 107
13 20 58
13 21 102
13 22 125
13 23 89
13 24 142
13 25 35
13 26 59
13 27 194
13 28 161
13 29 77
13 30 12
13 31 1
13 32 49
13 33 111
13 34 173
13 35 68
13 36 29
13 37 55
13 38 141
13 39 23
13 40 4
13 41 124
13 42 91
13 43 57
13 44 2
13 45 44
13 46 111
13 47 118
13 48 12
13 49 30
13 50 31
13 51 74
13 52 11
13 53 109
13 54 53
13 55 90
13 56 112
13 57 169
13 58 67
13 59 38
13 60 54
13 61 17
13 62 0
13 63 106
13 64 18
13 65 166
13 66 191
13 67 45
13 68 144
13 69 79
13 70 98
13 71 2
13 72 5
13 73 90
13 74 31
13 75 185
13 76 83
13 77 168
13 78 148
13 79 72
13 80 125
13 81 42
13 82 53
13 83 142
13 84 122
13 85 180
13 86 138
13 87 163
13 88 53
13 89 23
13 90 3
13 91 154
13 92 93
13 93 27
13 94 123
13 95 56
13 96 188
13 97 90
13 98 127
13 99 53
14 15 131
14 16 69
14 17 167
14 18 45
14 19 16
14 20 43
14 21 116
14 22 50
14 23 107
14 24 124
14 25 56
14 26 117
14 27 21
14 28 47
14 29 123
14 30 2
14 31 136
14 32 45
14 33 72
14 34 98
14 35 18
14 36 140
14 37 121
14 38 128
14 39 124
14 40 48
14 41 141
14 42 104
14 43 62
14 44 179
14 45 138
14 46 185
14 47 175
14 48 105
14 49 139
14 50 35
14 51 49
14 52 5
14 53 188
14 54 83
14 55 123
14 56 20
14 57 117
14 58 149
14 59 112
14 60 18
14 61 139
14 62 144
14 63 84
14 64 143
14 65 152
14 66 114
14 67 186
14 68 129
14 69 49
14 70 64
14 71 157
14 72 2
14 73 123
14 74 40
14 75 149
14 76 194
14 77 66
14 78 4
14 79 5
14 80 80
14 81 180
14 82 178
14 83 46
14 84 4
14 85 147
14 86 189
14 87 114
14 88 164
14 89 151
14 90 118
14 91 88
14 92 39
14 93 182
14 94 81
14 95 75
14 96 64
14 97 72
14 98 120
14 99 19
15 16 17
15 17 158
15 18 190
15 19 159
15 20 49
15 21 136
15 22 138
15 23 82
15 24 170
15 25 170
15 26 16
15 27 154
15 28 128
15 29 94
15 30 59
15 31 25
15 32 108
15 33 104
15 34 119
15 35 171
15 36 148
15 37 77
15 38 22
15 39 174
15 40 141
15 41 100
15 42 134
15 43 11
15 44 16
15 45 144
15 46 99
15 47 25
15 48 136
15 49 198
15 50 198
15 51 60
15 52 193
15 53 11
15 54 161
15 55 34
15 56 77
15 57 102
15 58 134
15 59 16
15 60 2
15 61 146
15 62 103
15 63 57
15 64 182
15 65 98
15 66 72
15 67 112
15 68 196
15 69 4
15 70 102
15 71 77
15 72 1
15 73 84
15 74 162
15 75 13
15 76 36
15 77 92
15 78 2
15 79 88
15 80 33
15 81 163
15 82 150
15 83 39
15 84 130
15 85 29
15 86 123
15 87 158
15 88 141
15 89 44
15 90 166
15 91 164
15 92 114
15 93 74
15 94 145
15 95 63
15 96 174
15 97 100
15 98 165
15 99 156
16 17 2
16 18 174
16 19 48
16 20 8
16 21 129
16 22 158
16 23 8
16 24 117
16 25 0
16 26 71
16 27 161
16 28 78
16 29 147
16 30 117
16 31 97
16 32 90
16 33 138
16 34 99
16 35 33
16 36 171
16 37 176
16 38 5
16 39 10
16 40 114
16 41 83
16 42 69
16 43 113
16 44 164
16 45 7
16 46 61
16 47 199
16 48 167
16 49 157
16 50 114
16 51 65
16 52 163
16 53 179
16 54 10
16 55 61
16 56 156
16 57 131
16 58 82
16 59 38
16 60 77
16 61 44
16 62 177
16 63 36
16 64 37
16 65 165
16 66 42
16 67 183
16 68 80
16 69 5
16 70 55
16 71 192
16 72 44
16 73 53
16 74 10
16 75 25
16 76 184
16 77 170
16 78 92
16 79 172
16 80 163
16 81 43
16 82 123
16 83 3
16 84 195
16 85 83
16 86 121
16 87 61
16 88 176
16 89 114
16 90 166
16 91 47
16 92 183
16 93 141
16 94 64
16 95 190
16 96 114
16 97 153
16 98 136
16 99 48
17 18 13
17 19 125
17 20 142
17 21 66
17 22 115
17 23 151
17 24 172
17 25 147
17 26 6
17 27 38
17 28 92
17 29 126
17 30 155
17 31 52
17 32 45
17 33 159
17 34 27
17 35 180
17 36 134
17 37 58
17 38 9
17 39 99
17 40 149
17 41 135
17 42 200
17 43 131
17 44 132
17 45 118
17 46 172
17 47 115
17 48 141
17 49 159
17 50 76
17 51 57
17 52 109
17 53 40
17 54 110
17 55 193
17 56 192
17 57 147
17 58 149
17 59 161
17 60 19
17 61 26
17 62 43
17 63 44
17 64 86
17 65 115
17 66 102
17 67 155
17 68 27
17 69 192
17 70 94
17 71 108
17 72 131
17 73 12
17 74 175
17 75 9
17 76 196
17 77 155
17 78 70
17 79 75
17 80 190
17 81 126
17 82 128
17 83 41
17 84 46
17 85 197
17 86 79
17 87 73
17 88 44
17 89 164
17 90 179
17 91 194
17 92 43
17 93 53
17 94 143
17 95 130
17 96 79
17 97 143
17 98 138
17 99 65
18 19 182
18 20 31
18 21 19
18 22 92
18 23 68
18 24 35
18 25 155
18 26 159
18 27 2
18 28 104
18 29 92
18 30 156
18 31 12
18 32 161
18 33 114
18 34 141
18 35 71
18 36 17
18 37 158
18 38 69
18 39 26
18 40 175
18 41 189
18 42 63
18 43 9
18 44 41
18 45 108
18 46 46
18 47 137
18 48 88
18 49 165
18 50 174
18 51 173
18 52 15
18 53 150
18 54 102
18 55 71
18 56 181
18 57 118
18 58 169
18 59 14
18 60 187
18 61 146
18 62 139
18 63 94
18 64 149
18 65 125
18 66 98
18 67 18
18 68 35
18 69 176
18 70 79
18 71 158
18 72 180
18 73 70
18 74 157
18 75 21
18 76 78
18 77 20
18 78 174
18 79 25
18 80 165
18 81 160
18 82 6
18 83 94
18 84 34
18 85 79
18 86 179
18 87 19
18 88 133
18 89 137
18 90 121
18 91 49
18 92 179
18 93 125
18 94 86
18 95 67
18 96 161
18 97 31
18 98 166
18 99 27
19 20 101
19 21 104
19 22 163
19 23 65
19 24 66
19 25 108
19 26 109
19 27 14
19 28 75
19 29 98
19 30 167
19 31 124
19 32 27
19 33 34
19 34 93
19 35 101
19 36 101
19 37 79
19 38 0
19 39 34
19 40 82
19 41 169
19 42 107
19 43 128
19 44 109
19 45 197
19 46 64
19 47 122
19 48 137
19 49 164
19 50 2
19 51 182
19 52 60
19 53 156
19 54 69
19 55 25
19 56 185
19 57 79
19 58 65
19 59 156
19 60 94
19 61 43
19 62 176
19 63 176
19 64 64
19 65 26
19 66 189
19 67 151
19 68 69
19 69 163
19 70 52
19 71 84
19 72 182
19 73 95
19 74 55
19 75 115
19 76 90
19 77 31
19 78 126
19 79 30
19 80 75
19 81 37
19 82 101
19 83 187
19 84 111
19 85 104
19 86 118
19 87 16
19 88 43
19 89 137
19 90 136
19 91 133
19 92 149
19 93 18
19 94 76
19 95 18
19 96 65
19 97 170
19 98 128
19 99 145
20 21 54
20 22 125
20 23 22
20 24 170
20 25 114
20 26 91
20 27 46
20 28 69
20 29 132
20 30 167
20 31 42
20 32 160
20 33 68
20 34 26
20 35 102
20 36 180
20 37 100
20 38 88
20 39 126
20 40 123
20 41 87
20 42 32
20 43 189
20 44 107
20 45 199
20 46 15
20 47 139
20 48 185
20 49 200
20 50 19
20 51 97
20 52 112
20 53 132
20 54 52
20 55 80
20 56 161
20 57 138
20 58 152
20 59 15
20 60 22
20 61 6
20 62 24
20 63 103
20 64 115
20 65 112
20 66 48
20 67 125
20 68 136
20 69 197
20 70 87
20 71 57
20 72 150
20 73 128
20 74 39
20 75 200
20 76 69
20 77 94
20 78 22
20 79 142
20 80 18
20 81 152
20 82 155
20 83 124
20 84 85
20 85 197
20 86 42
20 87 13
20 88 111
20 89 63
20 90 50
20 91 75
20 92 154
20 93 24
20 94 85
20 95 32
20 96 140
20 97 74
20 98 61
20 99 22
21 22 8
21 23 41
21 24 193
21 25 18
21 26 94
21 27 188
21 28 22
21 29 139
21 30 11
21 31 176
21 32 126
21 33 98
21 34 194
21 35 100
21 36 64
21 37 141
21 38 104
21 39 31
21 40 155
21 41 183
21 42 157
21 43 121
21 44 43
21 45 114
21 46 74
21 47 173
21 48 59
21 49 174
21 50 16
21 51 130
21 52 123
21 53 181
21 54 144
21 55 125
21 56 47
21 57 40
21 58 17
21 59 3
21 60 132
21 61 125
21 62 176
21 63 32
21 64 24
21 65 128
21 66 14
21 67 66
21 68 139
21 69 103
21 70 18
21 71 45
21 72 172
21 73 84
21 74 178
21 75 135
21 76 70
21 77 144
21 78 113
21 79 103
21 80 168
21 81 94
21 82 154
21 83 141
21 84 152
21 85 22
21 86 12
21 87 19
21 88 87
21 89 123
21 90 43
21 91 189
21 92 9
21 93 135
21 94 188
21 95 0
21 96 103
21 97 107
21 98 142
21 99 93
22 23 191
22 24 95
22 25 6
22 26 195
22 27 182
22 28 150
22 29 26
22 30 154
22 31 177
22 32 50
22 33 194
22 34 59
22 35 18
22 36 88
22 37 8
22 38 198
22 39 72
22 40 46
22 41 35
22 42 190
22 43 168
22 44 55
22 45 95
22 46 191
22 47 100
22 48 48
22 49 142
22 50 28
22 51 175
22 52 152
22 53 52
22 54 195
22 55 25
22 56 78
22 57 169
22 58 191
22 59 18
22 60 58
22 61 90
22 62 35
22 63 85
22 64 105
22 65 84
22 66 40
22 67 57
22 68 167
22 69 93
22 70 71
22 71 57
22 72 59
22 73 179
22 74 86
22 75 178
22 76 54
22 77 89
22 78 166
22 79 28
22 80 61
22 81 78
22 82 102
22 83 26
22 84 59
22 85 64
22 86 114
22 87 94
22 88 85
22 89 40
22 90 188
22 91 154
22 92 119
22 93 148
22 94 8
22 95 68
22 96 87
22 97 6
22 98 188
22 99 54
23 24 197
23 25 165
23 26 179
23 27 39
23 28 97
23 29 1
23 30 99
23 31 15
23 32 180
23 33 117
23 34 39
23 35 123
23 36 64
23 37 65
23 38 32
23 39 100
23 40 90
23 41 149
23 42 92
23 43 5
23 44 140
23 45 131
23 46 175
23 47 108
23 48 2
23 49 53
23 50 114
23 51 154
23 52 95
23 53 36
23 54 179
23 55 44
23 56 53
23 57 0
23 58 63
23 59 144
23 60 88
23 61 113
23 62 9
23 63 52
23 64 174
23 65 23
23 66 107
23 67 46
23 68 112
23 69 167
23 70 87
23 71 43
23 72 125
23 73 35
23 74 123
23 75 63
23 76 105
23 77 89
23 78 12
23 79 12
23 80 46
23 81 196
23 82 150
23 83 71
23 84 200
23 85 2
23 86 45
23 87 137
23 88 54
23 89 127
23 90 111
23 91 69
23 92 149
23 93 62
23 94 81
23 95 34
23 96 182
23 97 30
23 98 98
23 99 107
24 25 169
24 26 145
24 27 11
24 28 1
24 29 3
24 30 131
24 31 191
24 32 159
24 33 156
24 34 11
24 35 109
24 36 133
24 37 119
24 38 197
24 39 64
24 40 185
24 41 3
24 42 186
24 43 141
24 44 30
24 45 31
24 46 133
24 47 147
24 48 165
24 49 1
24 50 73
24 51 195
24 52 37
24 53 52
24 54 30
24 55 27
24 56 69
24 57 165
24 58 188
24 59 75
24 60 28
24 61 113
24 62 75
24 63 176
24 64 113
24 65 134
24 66 179
24 67 86
24 68 133
24 69 169
24 70 64
24 71 175
24 72 72
24 73 78
24 74 3
24 75 71
24 76 29
24 77 88
24 78 199
24 79 143
24 80 109
24 81 20
24 82 104
24 83 143
24 84 67
24 85 112
24 86 114
24 87 149
24 88 31
24 89 104
24 90 153
24 91 172
24 92 53
24 93 94
24 94 153
24 95 101
24 96 28
24 97 97
24 98 93
24 99 73
25 26 57
25 27 83
25 28 184
25 29 31
25 30 86
25 31 26
25 32 119
25 33 8
25 34 174
25 35 12
25 36 117
25 37 66
25 38 137
25 39 145
25 40 85
25 41 31
25 42 8
25 43 77
25 44 30
25 45 151
25 46 119
25 47 106
25 48 36
25 49 69
25 50 16
25 51 176
25 52 166
25 53 2
25 54 186
25 55 98
25 56 34
25 57 23
25 58 43
25 59 44
25 60 164
25 61 73
25 62 15
25 63 94
25 64 75
25 65 141
25 66 99
25 67 93
25 68 112
25 69 150
25 70 170
25 71 30
25 72 84
25 73 141
25 74 58
25 75 70
25 76 117
25 77 26
25 78 14
25 79 152
25 80 149
25 81 179
25 82 22
25 83 21
25 84 130
25 85 163
25 86 156
25 87 164
25 88 94
25 89 92
25 90 72
25 91 144
25 92 16
25 93 123
25 94 19
25 95 24
25 96 155
25 97 29
25 98 192
25 99 47
26 27 22
26 28 73
26 29 128
26 30 198
26 31 117
26 32 2
26 33 197
26 34 170
26 35 22
26 36 112
26 37 28
26 38 166
26 39 12
26 40 200
26 41 19
26 42 175
26 43 151
26 44 51
26 45 30
26 46 178
26 47 131
26 48 179
26 49 200
26 50 73
26 51 80
26 52 92
26 53 156
26 54 152
26 55 57
26 56 102
26 57 177
26 58 81
26 59 150
26 60 60
26 61 50
26 62 92
26 63 153
26 64 122
26 65 137
26 66 174
26 67 37
26 68 112
26 69 100
26 70 93
26 71 126
26 72 186
26 73 26
26 74 27
26 75 91
26 76 78
26 77 72
26 78 155
26 79 52
26 80 96
26 81 98
26 82 157
26 83 66
26 84 4
26 85 39
26 86 170
26 87 183
26 88 115
26 89 8
26 90 170
26 91 50
26 92 7
26 93 13
26 94 196
26 95 40
26 96 41
26 97 199
26 98 57
26 99 138
27 28 120
27 29 49
27 30 153
27 31 72
27 32 156
27 33 88
27 34 62
27 35 122
27 36 31
27 37 158
27 38 81
27 39 194
27 40 101
27 41 151
27 42 16
27 43 44
27 44 163
27 45 0
27 46 198
27 47 4
27 48 28
27 49 111
27 50 59
27 51 98
27 52 65
27 53 18
27 54 23
27 55 185
27 56 171
27 57 28
27 58 47
27 59 181
27 60 23
27 61 77
27 62 153
27 63 81
27 64 189
27 65 121
27 66 101
27 67 173
27 68 43
27 69 102
27 70 79
27 71 120
27 72 51
27 73 12
27 74 188
27 75 11
27 76 43
27 77 6
27 78 55
27 79 176
27 80 145
27 81 85
27 82 51
27 83 158
27 84 78
27 85 179
27 86 111
27 87 170
27 88 33
27 89 46
27 90 169
27 91 150
27 92 42
27 93 197
27 94 200
27 95 38
27 96 39
27 97 62
27 98 24
27 99 198
28 29 72
28 30 100
28 31 181
28 32 146
28 33 80
28 34 120
28 35 68
28 36 133
28 37 165
28 38 35
28 39 0
28 40 23
28 41 172
28 42 153
28 43 17
28 44 4
28 45 61
28 46 119
28 47 44
28 48 129
28 49 137
28 50 97
28 51 160
28 52 112
28 53 3
28 54 26
28 55 166
28 56 99
28 57 46
28 58 125
28 59 88
28 60 193
28 61 137
28 62 16
28 63 162
28 64 165
28 65 62
28 66 30
28 67 140
28 68 116
28 69 196
28 70 22
28 71 193
28 72 116
28 73 12
28 74 131
28 75 191
28 76 164
28 77 73
28 78 102
28 79 73
28 80 22
28 81 99
28 82 158
28 83 182
28 84 37
28 85 89
28 86 113
28 87 117
28 88 123
28 89 127
28 90 194
28 91 37
28 92 63
28 93 49
28 94 102
28 95 188
28 96 45
28 97 21
28 98 193
28 99 150
29 30 107
29 31 195
29 32 12
29 33 113
29 34 86
29 35 83
29 36 108
29 37 185
29 38 8
29 39 92
29 40 18
29 41 150
29 42 0
29 43 179
29 44 102
29 45 78
29 46 184
29 47 112
29 48 15
29 49 87
29 50 92
29 51 143
29 52 54
29 53 27
29 54 125
29 55 23
29 56 187
29 57 188
29 58 50
29 59 79
29 60 138
29 61 68
29 62 6
29 63 137
29 64 62
29 65 196
29 66 129
29 67 174
29 68 162
29 69 99
29 70 143
29 71 162
29 72 23
29 73 52
29 74 32
29 75 186
29 76 184
29 77 154
29 78 73
29 79 132
29 80 185
29 81 6
29 82 21
29 83 54
29 84 92
29 85 144
29 86 0
29 87 105
29 88 40
29 89 48
29 90 22
29 91 154
29 92 74
29 93 138
29 94 64
29 95 83
29 96 147
29 97 16
29 98 121
29 99 11
30 31 177
30 32 130
30 33 185
30 34 131
30 35 197
30 36 158
30 37 8
30 38 53
30 39 17
30 40 194
30 41 147
30 42 48
30 43 158
30 44 193
30 45 85
30 46 155
30 47 100
30 48 149
30 49 121
30 50 24
30 51 171
30 52 136
30 53 93
30 54 172
30 55 189
30 56 41
30 57 125
30 58 29
30 59 197
30 60 26
30 61 157
30 62 41
30 63 173
30 64 24
30 65 64
30 66 14
30 67 64
30 68 2
30 69 40
30 70 145
30 71 43
30 72 25
30 73 46
30 74 3
30 75 100
30 76 157
30 77 103
30 78 102
30 79 190
30 80 16
30 81 145
30 82 39
30 83 53
30 84 60
30 85 162
30 86 46
30 87 50
30 88 140
30 89 187
30 90 126
30 91 116
30 92 48
30 93 142
30 94 80
30 95 7
30 96 162
30 97 119
30 98 142
30 99 14
31 32 17
31 33 60
31 34 27
31 35 17
31 36 137
31 37 129
31 38 134
31 39 136
31 40 45
31 41 61
31 42 111
31 43 152
31 44 191
31 45 197
31 46 74
31 47 60
31 48 56
31 49 34
31 50 121
31 51 67
31 52 30
31 53 165
31 54 96
31 55 118
31 56 20
31 57 154
31 58 115
31 59 135
31 60 140
31 61 47
31 62 7
31 63 48
31 64 133
31 65 151
31 66 189
31 67 174
31 68 123
31 69 39
31 70 37
31 71 124
31 72 70
31 73 14
31 74 128
31 75 61
31 76 80
31 77 110
31 78 3
31 79 63
31 80 53
31 81 35
31 82 30
31 83 187
31 84 106
31 85 100
31 86 166
31 87 186
31 88 144
31 89 106
31 90 128
31 91 76
31 92 10
31 93 183
31 94 196
31 95 21
31 96 101
31 97 155
31 98 14
31 99 36
32 33 20
32 34 103
32 35 100
32 36 79
32 37 168
32 38 136
32 39 57
32 40 60
32 41 175
32 42 160
32 43 168
32 44 133
32 45 157
32 46 168
32 47 18
32 48 58
32 49 99
32 50 161
32 51 42
32 52 85
32 53 28
32 54 162
32 55 108
32 56 182
32 57 153
32 58 70
32 59 132
32 60 133
32 61 166
32 62 116
32 63 195
32 64 133
32 65 187
32 66 185
32 67 18
32 68 71
32 69 33
32 70 148
32 71 193
32 72 2
32 73 26
32 74 25
32 75 87
32 76 29
32 77 72
32 78 82
32 79 194
32 80 181
32 81 71
32 82 137
32 83 144
32 84 199
32 85 120
32 86 149
32 87 168
32 88 170
32 89 194
32 90 171
32 91 88
32 92 21
32 93 161
32 94 76
32 95 12
32 96 182
32 97 40
32 98 12
32 99 40
33 34 58
33 35 126
33 36 64
33 37 32
33 38 82
33 39 120
33 40 5
33 41 166
33 42 55
33 43 106
33 44 128
33 45 64
33 46 29
33 47 174
33 48 148
33 49 25
33 50 191
33 51 0
33 52 29
33 53 63
33 54 114
33 55 162
33 56 109
33 57 87
33 58 150
33 59 170
33 60 146
33 61 91
33 62 150
33 63 103
33 64 2
33 65 50
33 66 128
33 67 124
33 68 153
33 69 123
33 70 193
33 71 192
33 72 181
33 73 118
33 74 106
33 75 73
33 76 127
33 77 84
33 78 193
33 79 33
33 80 145
33 81 49
33 82 173
33 83 52
33 84 115
33 85 177
33 86 113
33 87 43
33 88 181
33 89 187
33 90 163
33 91 107
33 92 32
33 93 183
33 94 9
33 95 43
33 96 23
33 97 128
33 98 149
33 99 121
34 35 36
34 36 102
34 37 74
34 38 166
34 39 85
34 40 8
34 41 143
34 42 165
34 43 44
34 44 194
34 45 146
34 46 147
34 47 197
34 48 63
34 49 83
34 50 27
34 51 177
34 52 193
34 53 82
34 54 167
34 55 86
34 56 123
34 57 149
34 58 172
34 59 50
34 60 15
34 61 145
34 62 165
34 63 129
34 64 49
34 65 130
34 66 86
34 67 34
34 68 96
34 69 137
34 70 157
34 71 168
34 72 126
34 73 199
34 74 198
34 75 49
34 76 138
34 77 62
34 78 68
34 79 187
34 80 88
34 81 39
34 82 188
34 83 70
34 84 42
34 85 143
34 86 41
34 87 89
34 88 192
34 89 34
34 90 189
34 91 53
34 92 105
34 93 87
34 94 138
34 95 84
34 96 181
34 97 58
34 98 122
34 99 178
35 36 55
35 37 17
35 38 117
35 39 66
35 40 61
35 41 150
35 42 193
35 43 184
35 44 23
35 45 57
35 46 66
35 47 1
35 48 148
35 49 45
35 50 170
35 51 115
35 52 13
35 53 20
35 54 191
35 55 25
35 56 16
35 57 50
35 58 71
35 59 17
35 60 178
35 61 83
35 62 33
35 63 19
35 64 52
35 65 113
35 66 142
35 67 136
35 68 26
35 69 96
35 70 200
35 71 99
35 72 86
35 73 21
35 74 126
35 75 11
35 76 52
35 77 73
35 78 159
35 79 131
35 80 28
35 81 48
35 82 155
35 83 172
35 84 100
35 85 55
35 86 164
35 87 69
35 88 196
35 89 169
35 90 89
35 91 84
35 92 49
35 93 153
35 94 89
35 95 36
35 96 193
35 97 193
35 98 75
35 99 20
36 37 110
36 38 188
36 39 123
36 40 36
36 41 29
36 42 158
36 43 188
36 44 148
36 45 196
36 46 69
36 47 37
36 48 168
36 49 57
36 50 197
36 51 59
36 52 20
36 53 68
36 54 38
36 55 89
36 56 75
36 57 32
36 58 161
36 59 42
36 60 113
36 61 57
36 62 168
36 63 167
36 64 31
36 65 22
36 66 127
36 67 69
36 68 108
36 69 194
36 70 163
36 71 159
36 72 46
36 73 166
36 74 73
36 75 149
36 76 102
36 77 75
36 78 56
36 79 15
36 80 105
36 81 66
36 82 11
36 83 200
36 84 185
36 85 114
36 86 17
36 87 78
36 88 40
36 89 89
36 90 171
36 91 151
36 92 73
36 93 167
36 94 188
36 95 96
36 96 196
36 97 128
36 98 47
36 99 114
37 38 71
37 39 22
37 40 71
37 41 86
37 42 189
37 43 18
37 44 195
37 45 1
37 46 48
37 47 199
37 48 95
37 49 14
37 50 90
37 51 138
37 52 183
37 53 42
37 54 62
37 55 124
37 56 179
37 57 188
37 58 90
37 59 24
37 60 174
37 61 148
37 62 173
37 63 53
37 64 32
37 65 106
37 66 114
37 67 147
37 68 1
37 69 182
37 70 190
37 71 84
37 72 197
37 73 93
37 74 185
37 75 8
37 76 67
37 77 87
37 78 194
37 79 193
37 80 55
37 81 198
37 82 77
37 83 193
37 84 109
37 85 165
37 86 188
37 87 182
37 88 53
37 89 182
37 90 10
37 91 6
37 92 73
37 93 49
37 94 84
37 95 36
37 96 29
37 97 129
37 98 91
37 99 181
38 39 135
38 40 47
38 41 98
38 42 101
38 43 34
38 44 132
38 45 166
38 46 34
38 47 193
38 48 78
38 49 196
38 50 86
38 51 112
38 52 15
38 53 24
38 54 24
38 55 163
38 56 123
38 57 174
38 58 1
38 59 66
38 60 15
38 61 49
38 62 55
38 63 136
38 64 16
38 65 135
38 66 180
38 67 187
38 68 177
38 69 53
38 70 104
38 71 112
38 72 49
38 73 76
38 74 60
38 75 65
38 76 192
38 77 99
38 78 61
38 79 75
38 80 142
38 81 13
38 82 191
38 83 36
38 84 70
38 85 90
38 86 84
38 87 181
38 88 129
38 89 131
38 90 200
38 91 9
38 92 181
38 93 59
38 94 175
38 95 168
38 96 192
38 97 166
38 98 109
38 99 23
39 40 42
39 41 101
39 42 66
39 43 189
39 44 3
39 45 90
39 46 161
39 47 33
39 48 35
39 49 99
39 50 200
39 51 5
39 52 194
39 53 186
39 54 115
39 55 54
39 56 60
39 57 5
39 58 175
39 59 75
39 60 157
39 61 178
39 62 7
39 63 115
39 64 15
39 65 187
39 66 69
39 67 110
39 68 34
39 69 0
39 70 128
39 71 109
39 72 135
39 73 76
39 74 83
39 75 177
39 76 152
39 77 162
39 78 176
39 79 142
39 80 147
39 81 183
39 82 131
39 83 147
39 84 27
39 85 53
39 86 157
39 87 19
39 88 156
39 89 149
39 90 143
39 91 60
39 92 132
39 93 189
39 94 103
39 95 110
39 96 12
39 97 106
39 98 167
39 99 166
40 41 107
40 42 93
40 43 110
40 44 46
40 45 14
40 46 58
40 47 100
40 48 57
40 49 197
40 50 153
40 51 86
40 52 189
40 53 42
40 54 187
40 55 30
40 56 42
40 57 77
40 58 61
40 59 151
40 60 90
40 61 199
40 62 67
40 63 154
40 64 58
40 65 115
40 66 193
40 67 54
40 68 107
40 69 41
40 70 10
40 71 103
40 72 13
40 73 107
40 74 43
40 75 141
40 76 148
40 77 123
40 78 118
40 79 131
40 80 102
40 81 200
40 82 79
40 83 47
40 84 151
40 85 36
40 86 0
40 87 61
40 88 5
40 89 9
40 90 196
40 91 49
40 92 94
40 93 79
40 94 94
40 95 122
40 96 145
40 97 141
40 98 87
40 99 167
41 42 155
41 43 122
41 44 109
41 45 112
41 46 38
41 47 80
41 48 87
41 49 155
41 50 70
41 51 46
41 52 130
41 53 100
41 54 49
41 55 83
41 56 44
41 57 36
41 58 50
41 59 115
41 60 124
41 61 128
41 62 43
41 63 99
41 64 116
41 65 100
41 66 51
41 67 120
41 68 181
41 69 181
41 70 27
41 71 176
41 72 176
41 73 13
41 74 108
41 75 154
41 76 67
41 77 29
41 78 86
41 79 22
41 80 24
41 81 13
41 82 198
41 83 140
41 84 47
41 85 136
41 86 13
41 87 132
41 88 103
41 89 159
41 90 54
41 91 53
41 92 82
41 93 31
41 94 156
41 95 139
41 96 112
41 97 130
41 98 107
41 99 181
42 43 64
42 44 155
42 45 14
42 46 15
42 47 79
42 48 161
42 49 80
42 50 88
42 51 47
42 52 138
42 53 153
42 54 74
42 55 109
42 56 198
42 57 100
42 58 145
42 59 144
42 60 2
42 61 175
42 62 131
42 63 11
42 64 25
42 65 52
42 66 68
42 67 67
42 68 101
42 69 38
42 70 172
42 71 57
42 72 94
42 73 104
42 74 49
42 75 131
42 76 115
42 77 155
42 78 13
42 79 194
42 80 139
42 81 17
42 82 155
42 83 77
42 84 193
42 85 79
42 86 73
42 87 169
42 88 123
42 89 92
42 90 184
42 91 152
42 92 177
42 93 134
42 94 180
42 95 154
42 96 197
42 97 113
42 98 88
42 99 99
43 44 152
43 45 70
43 46 19
43 47 49
43 48 174
43 49 131
43 50 112
43 51 58
43 52 142
43 53 108
43 54 190
43 55 106
43 56 80
43 57 74
43 58 153
43 59 34
43 60 119
43 61 21
43 62 176
43 63 200
43 64 186
43 65 93
43 66 186
43 67 129
43 68 62
43 69 177
43 70 91
43 71 178
43 72 186
43 73 129
43 74 184
43 75 169
43 76 2
43 77 80
43 78 34
43 79 183
43 80 99
43 81 158
43 82 155
43 83 196
43 84 129
43 85 30
43 86 74
43 87 191
43 88 184
43 89 197
43 90 130
43 91 71
43 92 138
43 93 150
43 94 111
43 95 164
43 96 26
43 97 10
43 98 145
43 99 68
44 45 143
44 46 97
44 47 40
44 48 169
44 49 72
44 50 192
44 51 145
44 52 10
44 53 167
44 54 89
44 55 148
44 56 12
44 57 88
44 58 80
44 59 10
44 60 200
44 61 10
44 62 135
44 63 128
44 64 122
44 65 9
44 66 54
44 67 28
44 68 5
44 69 128
44 70 200
44 71 127
44 72 3
44 73 135
44 74 83
44 75 83
44 76 55
44 77 153
44 78 133
44 79 30
44 80 19
44 81 148
44 82 68
44 83 165
44 84 80
44 85 39
44 86 126
44 87 23
44 88 199
44 89 154
44 90 123
44 91 50
44 92 75
44 93 122
44 94 18
44 95 174
44 96 70
44 97 82
44 98 51
44 99 190
45 46 189
45 47 155
45 48 168
45 49 47
45 50 78
45 51 181
45 52 187
45 53 14
45 54 164
45 55 34
45 56 173
45 57 37
45 58 163
45 59 124
45 60 123
45 61 110
45 62 93
45 63 170
45 64 145
45 65 155
45 66 69
45 67 93
45 68 141
45 69 41
45 70 36
45 71 169
45 72 55
45 73 5
45 74 177
45 75 126
45 76 122
45 77 133
45 78 54
45 79 156
45 80 99
45 81 4
45 82 196
45 83 74
45 84 22
45 85 191
45 86 98
45 87 1
45 88 119
45 89 91
45 90 169
45 91 38
45 92 20
45 93 1
45 94 143
45 95 51
45 96 18
45 97 196
45 98 68
45 99 99
46 47 84
46 48 32
46 49 164
46 50 65
46 51 15
46 52 60
46 53 170
46 54 8
46 55 31
46 56 112
46 57 103
46 58 181
46 59 14
46 60 129
46 61 187
46 62 164
46 63 182
46 64 122
46 65 90
46 66 68
46 67 57
46 68 102
46 69 185
46 70 58
46 71 93
46 72 25
46 73 28
46 74 154
46 75 32
46 76 117
46 77 172
46 78 89
46 79 65
46 80 182
46 81 130
46 82 193
46 83 174
46 84 106
46 85 196
46 86 27
46 87 62
46 88 17
46 89 26
46 90 186
46 91 126
46 92 168
46 93 32
46 94 99
46 95 96
46 96 97
46 97 112
46 98 124
46 99 94
47 48 147
47 49 182
47 50 112
47 51 39
47 52 149
47 53 143
47 54 20
47 55 96
47 56 177
47 57 38
47 58 51
47 59 66
47 60 145
47 61 83
47 62 88
47 63 120
47 64 16
47 65 191
47 66 112
47 67 50
47 68 102
47 69 75
47 70 47
47 71 197
47 72 110
47 73 193
47 74 170
47 75 96
47 76 47
47 77 179
47 78 138
47 79 74
47 80 135
47 81 162
47 82 1
47 83 175
47 84 196
47 85 16
47 86 79
47 87 69
47 88 41
47 89 134
47 90 130
47 91 107
47 92 15
47 93 146
47 94 46
47 95 192
47 96 70
47 97 147
47 98 166
47 99 7
48 49 34
48 50 181
48 51 57
48 52 150
48 53 25
48 54 153
48 55 116
48 56 180
48 57 66
48 58 98
48 59 3
48 60 86
48 61 22
48 62 175
48 63 87
48 64 120
48 65 105
48 66 148
48 67 10
48 68 69
48 69 68
48 70 136
48 71 144
48 72 61
48 73 133
48 74 76
48 75 123
48 76 177
48 77 112
48 78 58
48 79 97
48 80 126
48 81 190
48 82 197
48 83 161
48 84 97
48 85 104
48 86 152
48 87 70
48 88 150
48 89 118
48 90 198
48 91 141
48 92 21
48 93 167
48 94 24
48 95 198
48 96 17
48 97 144
48 98 31
48 99 153
49 50 116
49 51 73
49 52 30
49 53 157
49 54 9
49 55 136
49 56 163
49 57 115
49 58 22
49 59 127
49 60 117
49 61 106
49 62 70
49 63 61
49 64 160
49 65 30
49 66 83
49 67 153
49 68 32
49 69 90
49 70 153
49 71 111
49 72 166
49 73 168
49 74 161
49 75 63
49 76 55
49 77 173
49 78 65
49 79 109
49 80 44
49 81 2
49 82 164
49 83 181
49 84 56
49 85 110
49 86 11
49 87 81
49 88 37
49 89 77
49 90 118
49 91 109
49 92 164
49 93 195
49 94 88
49 95 54
49 96 124
49 97 72
49 98 107
49 99 40
50 51 94
50 52 68
50 53 108
50 54 71
50 55 44
50 56 182
50 57 169
50 58 147
50 59 179
50 60 137
50 61 57
50 62 113
50 63 194
50 64 5
50 65 10
50 66 50
50 67 74
50 68 116
50 69 130
50 70 149
50 71 132
50 72 170
50 73 185
50 74 130
50 75 196
50 76 134
50 77 132
50 78 131
50 79 31
50 80 33
50 81 14
50 82 31
50 83 100
50 84 58
50 85 176
50 86 9
50 87 148
50 88 157
50 89 43
50 90 137
50 91 104
50 92 42
50 93 121
50 94 56
50 95 110
50 96 150
50 97 158
50 98 148
50 99 174
51 52 195
51 53 16
51 54 55
51 55 40
51 56 16
51 57 97
51 58 21
51 59 84
51 60 0
51 61 10
51 62 145
51 63 46
51 64 182
51 65 154
51 66 150
51 67 78
51 68 44
51 69 105
51 70 65
51 71 8
51 72 172
51 73 183
51 74 108
51 75 27
51 76 125
51 77 192
51 78 32
51 79 188
51 80 128
51 81 73
51 82 186
51 83 150
51 84 163
51 85 197
51 86 172
51 87 54
51 88 60
51 89 88
51 90 82
51 91 1
51 92 77
51 93 124
51 94 10
51 95 93
51 96 108
51 97 97
51 98 13
51 99 22
52 53 19
52 54 78
52 55 25
52 56 165
52 57 141
52 58 53
52 59 145
52 60 110
52 61 165
52 62 89
52 63 1
52 64 75
52 65 108
52 66 167
52 67 151
52 68 65
52 69 22
52 70 17
52 71 76
52 72 139
52 73 14
52 74 44
52 75 12
52 76 140
52 77 165
52 78 78
52 79 122
52 80 100
52 81 98
52 82 123
52 83 29
52 84 171
52 85 182
52 86 26
52 87 157
52 88 36
52 89 74
52 90 102
52 91 95
52 92 5
52 93 0
52 94 189
52 95 192
52 96 142
52 97 6
52 98 144
52 99 19
53 54 88
53 55 182
53 56 74
53 57 77
53 58 41
53 59 107
53 60 4
53 61 112
53 62 132
53 63 105
53 64 118
53 65 174
53 66 140
53 67 41
53 68 5
53 69 106
53 70 37
53 71 125
53 72 60
53 73 132
53 74 56
53 75 160
53 76 25
53 77 105
53 78 172
53 79 83
53 80 11
53 81 16
53 82 21
53 83 90
53 84 160
53 85 139
53 86 119
53 87 45
53 88 12
53 89 40
53 90 191
53 91 151
53 92 88
53 93 72
53 94 34
53 95 93
53 96 186
53 97 127
53 98 44
53 99 158
54 55 69
54 56 124
54 57 137
54 58 124
54 59 44
54 60 168
54 61 74
54 62 75
54 63 117
54 64 67
54 65 168
54 66 13
54 67 144
54 68 180
54 69 117
54 70 41
54 71 157
54 72 98
54 73 74
54 74 16
54 75 105
54 76 96
54 77 107
54 78 145
54 79 58
54 80 93
54 81 50
54 82 169
54 83 8
54 84 168
54 85 70
54 86 179
54 87 133
54 88 103
54 89 55
54 90 173
54 91 83
54 92 95
54 93 65
54 94 111
54 95 106
54 96 142
54 97 154
54 98 29
54 99 166
55 56 38
55 57 181
55 58 177
55 59 84
55 60 66
55 61 8
55 62 41
55 63 198
55 64 160
55 65 168
55 66 52
55 67 10
55 68 159
55 69 44
55 70 196
55 71 83
55 72 122
55 73 15
55 74 7
55 75 67
55 76 72
55 77 127
55 78 66
55 79 54
55 80 31
55 81 47
55 82 108
55 83 185
55 84 24
55 85 75
55 86 37
55 87 34
55 88 36
55 89 25
55 90 188
55 91 119
55 92 34
55 93 58
55 94 199
55 95 43
55 96 191
55 97 174
55 98 149
55 99 169
56 57 193
56 58 123
56 59 64
56 60 136
56 61 174
56 62 0
56 63 132
56 64 157
56 65 148
56 66 158
56 67 140
56 68 112
56 69 55
56 70 109
56 71 49
56 72 163
56 73 32
56 74 87
56 75 120
56 76 188
56 77 130
56 78 69
56 79 59
56 80 199
56 81 193
56 82 24
56 83 149
56 84 28
56 85 114
56 86 73
56 87 68
56 88 92
56 89 77
56 90 158
56 91 25
56 92 88
56 93 162
56 94 195
56 95 191
56 96 161
56 97 56
56 98 4
56 99 193
57 58 44
57 59 37
57 60 180
57 61 131
57 62 56
57 63 72
57 64 132
57 65 131
57 66 96
57 67 157
57 68 11
57 69 85
57 70 19
57 71 147
57 72 118
57 73 122
57 74 144
57 75 143
57 76 12
57 77 19
57 78 155
57 79 170
57 80 126
57 81 64
57 82 19
57 83 125
57 84 196
57 85 181
57 86 56
57 87 7
57 88 173
57 89 45
57 90 19
57 91 180
57 92 46
57 93 191
57 94 88
57 95 94
57 96 36
57 97 8
57 98 61
57 99 30
58 59 183
58 60 112
58 61 51
58 62 5
58 63 37
58 64 92
58 65 62
58 66 96
58 67 186
58 68 78
58 69 7
58 70 175
58 71 142
58 72 178
58 73 19
58 74 126
58 75 105
58 76 174
58 77 192
58 78 166
58 79 19
58 80 120
58 81 65
58 82 178
58 83 194
58 84 185
58 85 108
58 86 101
58 87 200
58 88 68
58 89 168
58 90 43
58 91 171
58 92 5
58 93 128
58 94 125
58 95 90
58 96 145
58 97 29
58 98 155
58 99 71
59 60 118
59 61 46
59 62 193
59 63 85
59 64 15
59 65 5
59 66 153
59 67 129
59 68 8
59 69 124
59 70 18
59 71 161
59 72 11
59 73 175
59 74 58
59 75 115
59 76 91
59 77 163
59 78 34
59 79 175
59 80 158
59 81 139
59 82 78
59 83 161
59 84 113
59 85 69
59 86 43
59 87 118
59 88 164
59 89 10
59 90 86
59 91 90
59 92 46
59 93 192
59 94 142
59 95 75
59 96 191
59 97 85
59 98 96
59 99 132
60 61 23
60 62 170
60 63 73
60 64 60
60 65 140
60 66 89
60 67 19
60 68 33
60 69 40
60 70 191
60 71 106
60 72 48
60 73 55
60 74 70
60 75 174
60 76 31
60 77 117
60 78 187
60 79 182
60 80 101
60 81 94
60 82 13
60 83 61
60 84 79
60 85 78
60 86 145
60 87 63
60 88 93
60 89 198
60 90 87
60 91 89
60 92 195
60 93 71
60 94 29
60 95 2
60 96 150
60 97 61
60 98 180
60 99 65
61 62 196
61 63 173
61 64 168
61 65 96
61 66 17
61 67 121
61 68 168
61 69 28
61 70 199
61 71 63
61 72 183
61 73 62
61 74 161
61 75 32
61 76 25
61 77 79
61 78 168
61 79 190
61 80 95
61 81 174
61 82 34
61 83 96
61 84 200
61 85 108
61 86 22
61 87 24
61 88 142
61 89 92
61 90 21
61 91 82
61 92 187
61 93 136
61 94 61
61 95 124
61 96 183
61 97 31
61 98 136
61 99 119
62 63 33
62 64 176
62 65 51
62 66 94
62 67 41
62 68 4
62 69 91
62 70 200
62 71 177
62 72 125
62 73 141
62 74 188
62 75 189
62 76 195
62 77 153
62 78 158
62 79 75
62 80 37
62 81 58
62 82 100
62 83 122
62 84 155
62 85 170
62 86 177
62 87 112
62 88 51
62 89 142
62 90 1
62 91 30
62 92 165
62 93 16
62 94 95
62 95 20
62 96 66
62 97 14
62 98 137
62 99 60
63 64 180
63 65 185
63 66 181
63 67 31
63 68 116
63 69 36
63 70 149
63 71 112
63 72 101
63 73 135
63 74 123
63 75 39
63 76 53
63 77 104
63 78 188
63 79 171
63 80 173
63 81 156
63 82 149
63 83 195
63 84 159
63 85 70
63 86 129
63 87 14
63 88 115
63 89 13
63 90 18
63 91 92
63 92 9
63 93 150
63 94 120
63 95 92
63 96 199
63 97 126
63 98 178
63 99 61
64 65 106
64 66 64
64 67 175
64 68 113
64 69 75
64 70 90
64 71 71
64 72 41
64 73 175
64 74 61
64 75 41
64 76 82
64 77 107
64 78 91
64 79 131
64 80 100
64 81 48
64 82 5
64 83 92
64 84 99
64 85 56
64 86 170
64 87 165
64 88 75
64 89 54
64 90 168
64 91 97
64 92 38
64 93 20
64 94 165
64 95 193
64 96 47
64 97 70
64 98 47
64 99 52
65 66 198
65 67 21
65 68 172
65 69 166
65 70 67
65 71 143
65 72 190
65 73 120
65 74 164
65 75 171
65 76 96
65 77 170
65 78 52
65 79 4
65 80 14
65 81 9
65 82 182
65 83 183
65 84 58
65 85 33
65 86 72
65 87 127
65 88 126
65 89 194
65 90 177
65 91 52
65 92 112
65 93 196
65 94 117
65 95 47
65 96 56
65 97 87
65 98 180
65 99 53
66 67 130
66 68 170
66 69 20
66 70 70
66 71 19
66 72 9
66 73 58
66 74 184
66 75 153
66 76 59
66 77 82
66 78 143
66 79 111
66 80 164
66 81 91
66 82 164
66 83 111
66 84 166
66 85 91
66 86 117
66 87 118
66 88 156
66 89 59
66 90 154
66 91 7
66 92 35
66 93 121
66 94 57
66 95 37
66 96 29
66 97 47
66 98 125
66 99 77
67 68 198
67 69 86
67 70 84
67 71 134
67 72 91
67 73 139
67 74 1
67 75 109
67 76 48
67 77 155
67 78 133
67 79 79
67 80 52
67 81 173
67 82 124
67 83 62
67 84 67
67 85 143
67 86 190
67 87 167
67 88 57
67 89 85
67 90 44
67 91 51
67 92 175
67 93 119
67 94 47
67 95 130
67 96 167
67 97 195
67 98 165
67 99 146
68 69 32
68 70 19
68 71 77
68 72 175
68 73 106
68 74 129
68 75 59
68 76 67
68 77 148
68 78 23
68 79 1
68 80 49
68 81 147
68 82 69
68 83 165
68 84 136
68 85 117
68 86 127
68 87 94
68 88 14
68 89 49
68 90 143
68 91 134
68 92 169
68 93 29
68 94 146
68 95 56
68 96 197
68 97 174
68 98 143
68 99 92
69 70 78
69 71 87
69 72 96
69 73 133
69 74 159
69 75 192
69 76 9
69 77 16
69 78 104
69 79 89
69 80 87
69 81 120
69 82 181
69 83 95
69 84 82
69 85 64
69 86 181
69 87 1
69 88 71
69 89 3
69 90 83
69 91 98
69 92 92
69 93 73
69 94 135
69 95 9
69 96 84
69 97 171
69 98 21
69 99 165
70 71 109
70 72 54
70 73 175
70 74 36
70 75 111
70 76 83
70 77 42
70 78 196
70 79 112
70 80 154
70 81 78
70 82 89
70 83 177
70 84 51
70 85 21
70 86 97
70 87 38
70 88 103
70 89 32
70 90 116
70 91 121
70 92 133
70 93 97
70 94 105
70 95 56
70 96 180
70 97 172
70 98 176
70 99 33
71 72 152
71 73 18
71 74 153
71 75 114
71 76 145
71 77 126
71 78 143
71 79 29
71 80 107
71 81 73
71 82 159
71 83 181
71 84 191
71 85 15
71 86 180
71 87 186
71 88 97
71 89 4
71 90 85
71 91 18
71 92 32
71 93 49
71 94 67
71 95 91
71 96 149
71 97 60
71 98 3
71 99 124
72 73 23
72 74 55
72 75 64
72 76 179
72 77 147
72 78 147
72 79 46
72 80 85
72 81 177
72 82 33
72 83 78
72 84 182
72 85 28
72 86 24
72 87 148
72 88 157
72 89 127
72 90 145
72 91 185
72 92 125
72 93 131
72 94 2
72 95 120
72 96 77
72 97 164
72 98 194
72 99 18
