100 4485
0 1 197
0 2 107
0 3 105
0 4 144
0 5 198
0 6 30
0 7 150
0 8 27
0 9 19
0 10 125
0 11 65
0 12 169
0 13 120
0 14 13
0 15 85
0 16 143
0 17 187
0 18 54
0 19 34
0 20 94
0 21 95
0 22 105
0 23 93
0 24 23
0 25 138
0 26 51
0 27 180
0 28 77
0 29 176
0 30 77
0 31 146
0 32 10
0 33 96
0 34 140
0 35 30
0 36 102
0 37 104
0 38 136
0 39 184
0 40 172
0 41 162
0 42 110
0 43 17
0 44 45
0 45 109
0 46 129
0 47 18
0 48 78
0 49 197
0 50 26
0 51 186
0 52 127
0 53 90
0 54 30
0 55 62
0 56 144
0 57 64
0 58 151
0 59 35
0 60 70
0 61 196
0 62 73
0 63 108
0 64 175
0 65 179
0 66 106
0 67 122
0 68 143
0 69 168
0 70 159
0 71 159
0 72 128
0 73 147
0 74 165
0 75 168
0 76 37
0 77 76
0 78 156
0 79 36
0 80 49
0 81 116
0 82 45
0 83 146
0 84 143
0 85 136
0 86 124
0 87 130
0 88 30
0 89 14
0 90 104
0 91 30
0 92 94
0 93 47
0 94 102
0 95 25
0 96 115
0 97 38
0 98 22
0 99 173
1 2 183
1 3 84
1 4 66
1 5 29
1 6 146
1 7 138
1 8 137
1 9 118
1 10 39
1 11 142
1 12 181
1 13 61
1 14 102
1 15 46
1 16 178
1 17 34
1 18 13
1 19 55
1 20 197
1 21 20
1 22 124
1 23 157
1 24 59
1 25 67
1 26 128
1 27 144
1 28 10
1 29 76
1 30 57
1 31 197
1 32 116
1 33 176
1 34 47
1 35 12
1 36 18
1 37 122
1 38 36
1 39 8
1 40 107
1 41 141
1 42 164
1 43 51
1 44 87
1 45 185
1 46 111
1 47 30
1 48 132
1 49 98
1 50 2
1 51 176
1 52 135
1 53 23
1 54 190
1 55 53
1 56 47
1 57 192
1 58 49
1 59 71
1 60 137
1 61 112
1 62 155
1 63 91
1 64 142
1 65 8
1 66 180
1 67 90
1 68 133
1 69 37
1 70 70
1 71 20
1 72 53
1 73 43
1 74 82
1 75 32
1 76 194
1 77 191
1 78 130
1 79 157
1 80 83
1 81 114
1 82 40
1 83 145
1 84 113
1 85 36
1 86 118
1 87 44
1 88 116
1 89 189
1 90 59
1 91 133
1 92 195
1 93 92
1 94 82
1 95 142
1 96 197
1 97 191
1 98 148
1 99 141
2 3 82
2 4 113
2 5 191
2 6 129
2 7 53
2 8 94
2 9 98
2 10 160
2 11 42
2 12 167
2 13 136
2 14 15
2 15 150
2 16 100
2 17 158
2 18 168
2 19 44
2 20 46
2 21 0
2 22 96
2 23 46
2 24 27
2 25 155
2 26 121
2 27 33
2 28 28
2 29 83
2 30 138
2 31 4
2 32 15
2 33 189
2 34 43
2 35 80
2 36 42
2 37 188
2 38 123
2 39 110
2 40 13
2 41 39
2 42 79
2 43 181
2 44 119
2 45 74
2 46 72
2 47 7
2 48 150
2 49 3
2 50 83
2 51 28
2 52 36
2 53 109
2 54 59
2 55 94
2 56 9
2 57 65
2 58 147
2 59 90
2 60 172
2 61 108
2 62 79
2 63 142
2 64 46
2 65 36
2 66 129
2 67 42
2 68 143
2 69 67
2 70 173
2 71 136
2 72 175
2 73 103
2 74 200
2 75 162
2 76 190
2 77 108
2 78 13
2 79 34
2 80 108
2 81 127
2 82 162
2 83 76
2 84 127
2 85 24
2 86 46
2 87 196
2 88 5
2 89 68
2 90 149
2 91 129
2 92 192
2 93 43
2 94 182
2 95 173
2 96 59
2 97 29
2 98 150
2 99 64
3 4 179
3 5 97
3 6 56
3 7 190
3 8 174
3 9 73
3 10 165
3 11 188
3 12 33
3 13 3
3 14 186
3 15 30
3 16 195
3 17 18
3 18 18
3 19 164
3 20 196
3 21 8
3 22 114
3 23 86
3 24 80
3 25 52
3 26 91
3 27 106
3 28 113
3 29 109
3 30 165
3 31 144
3 32 88
3 33 52
3 34 137
3 35 192
3 36 186
3 37 94
3 38 95
3 39 156
3 40 32
3 41 40
3 42 139
3 43 59
3 44 149
3 45 30
3 46 116
3 47 171
3 48 88
3 49 43
3 50 134
3 51 84
3 52 43
3 53 37
3 54 27
3 55 80
3 56 168
3 57 186
3 58 56
3 59 63
3 60 56
3 61 19
3 62 0
3 63 33
3 64 158
3 65 195
3 66 45
3 67 177
3 68 120
3 69 12
3 70 81
3 71 18
3 72 122
3 73 71
3 74 55
3 75 31
3 76 200
3 77 26
3 78 8
3 79 120
3 80 59
3 81 41
3 82 37
3 83 141
3 84 196
3 85 31
3 86 33
3 87 145
3 88 174
3 89 159
3 90 54
3 91 97
3 92 41
3 93 162
3 94 3
3 95 27
3 96 5
3 97 193
3 98 199
3 99 0
4 5 25
4 6 85
4 7 60
4 8 114
4 9 61
4 10 58
4 11 123
4 12 38
4 13 32
4 14 72
4 15 23
4 16 146
4 17 74
4 18 78
4 19 106
4 20 59
4 21 59
4 22 147
4 23 1
4 24 84
4 25 65
4 26 98
4 27 176
4 28 68
4 29 26
4 30 131
4 31 166
4 32 189
4 33 192
4 34 179
4 35 196
4 36 173
4 37 155
4 38 35
4 39 102
4 40 155
4 41 18
4 42 194
4 43 114
4 44 174
4 45 145
4 46 90
4 47 171
4 48 21
4 49 189
4 50 131
4 51 80
4 52 40
4 53 40
4 54 195
4 55 93
4 56 102
4 57 98
4 58 124
4 59 10
4 60 194
4 61 147
4 62 25
4 63 23
4 64 37
4 65 156
4 66 55
4 67 193
4 68 178
4 69 109
4 70 72
4 71 133
4 72 123
4 73 92
4 74 185
4 75 106
4 76 147
4 77 3
4 78 106
4 79 67
4 80 103
4 81 50
4 82 56
4 83 26
4 84 153
4 85 87
4 86 111
4 87 160
4 88 67
4 89 196
4 90 104
4 91 49
4 92 49
4 93 40
4 94 119
4 95 19
4 96 143
4 97 14
4 98 101
4 99 23
5 6 136
5 7 61
5 8 107
5 9 77
5 10 120
5 11 184
5 12 34
5 13 80
5 14 196
5 15 134
5 16 82
5 17 98
5 18 29
5 19 149
5 20 103
5 21 111
5 22 36
5 23 0
5 24 53
5 25 153
5 26 154
5 27 95
5 28 42
5 29 154
5 30 149
5 31 50
5 32 19
5 33 75
5 34 60
5 35 38
5 36 82
5 37 38
5 38 92
5 39 18
5 40 55
5 41 130
5 42 125
5 43 74
5 44 138
5 45 148
5 46 2
5 47 21
5 48 159
5 49 160
5 50 120
5 51 169
5 52 99
5 53 172
5 54 35
5 55 147
5 56 184
5 57 115
5 58 56
5 59 4
5 60 190
5 61 78
5 62 11
5 63 189
5 64 3
5 65 131
5 66 27
5 67 62
5 68 57
5 69 136
5 70 87
5 71 198
5 72 14
5 73 79
5 74 1
5 75 184
5 76 17
5 77 142
5 78 124
5 79 154
5 80 135
5 81 199
5 82 140
5 83 72
5 84 160
5 85 102
5 86 137
5 87 169
5 88 196
5 89 148
5 90 171
5 91 127
5 92 123
5 93 124
5 94 137
5 95 119
5 96 152
5 97 11
5 98 151
5 99 165
6 7 63
6 8 134
6 9 119
6 10 42
6 11 195
6 12 73
6 13 7
6 14 147
6 15 33
6 16 59
6 17 71
6 18 117
6 19 85
6 20 75
6 21 118
6 22 186
6 23 105
6 24 90
6 25 187
6 26 122
6 27 112
6 28 13
6 29 193
6 30 166
6 31 127
6 32 169
6 33 135
6 34 129
6 35 158
6 36 198
6 37 10
6 38 81
6 39 156
6 40 78
6 41 67
6 42 175
6 43 70
6 44 22
6 45 138
6 46 7
6 47 53
6 48 137
6 49 104
6 50 26
6 51 32
6 52 30
6 53 159
6 54 184
6 55 184
6 56 149
6 57 186
6 58 4
6 59 90
6 60 148
6 61 1
6 62 139
6 63 164
6 64 174
6 65 69
6 66 167
6 67 172
6 68 69
6 69 10
6 70 2
6 71 54
6 72 197
6 73 62
6 74 31
6 75 23
6 76 63
6 77 191
6 78 61
6 79 170
6 80 45
6 81 168
6 82 12
6 83 90
6 84 14
6 85 116
6 86 144
6 87 180
6 88 75
6 89 104
6 90 69
6 91 116
6 92 177
6 93 127
6 94 62
6 95 60
6 96 152
6 97 75
6 98 121
6 99 62
7 8 116
7 9 121
7 10 186
7 11 72
7 12 80
7 13 144
7 14 190
7 15 129
7 16 47
7 17 45
7 18 87
7 19 80
7 20 49
7 21 145
7 22 151
7 23 156
7 24 43
7 25 133
7 26 192
7 27 78
7 28 0
7 29 152
7 30 154
7 31 0
7 32 134
7 33 91
7 34 144
7 35 91
7 36 200
7 37 152
7 38 123
7 39 4
7 40 186
7 41 15
7 42 148
7 43 159
7 44 200
7 45 186
7 46 156
7 47 85
7 48 92
7 49 19
7 50 166
7 51 96
7 52 126
7 53 74
7 54 105
7 55 82
7 56 139
7 57 118
7 58 199
7 59 38
7 60 132
7 61 180
7 62 74
7 63 114
7 64 16
7 65 114
7 66 86
7 67 36
7 68 67
7 69 20
7 70 119
7 71 106
7 72 51
7 73 65
7 74 10
7 75 163
7 76 1
7 77 152
7 78 187
7 79 185
7 80 111
7 81 97
7 82 74
7 83 13
7 84 18
7 85 105
7 86 37
7 87 113
7 88 136
7 89 109
7 90 85
7 91 181
7 92 79
7 93 84
7 94 193
7 95 34
7 96 35
7 97 74
7 98 102
7 99 151
8 9 99
8 10 147
8 11 199
8 12 187
8 13 160
8 14 36
8 15 3
8 16 191
8 17 157
8 18 79
8 19 85
8 20 158
8 21 172
8 22 159
8 23 55
8 24 169
8 25 145
8 26 54
8 27 57
8 28 82
8 29 78
8 30 32
8 31 144
8 32 38
8 33 157
8 34 164
8 35 58
8 36 183
8 37 194
8 38 89
8 39 66
8 40 26
8 41 178
8 42 40
8 43 129
8 44 24
8 45 132
8 46 196
8 47 147
8 48 124
8 49 65
8 50 178
8 51 10
8 52 179
8 53 34
8 54 155
8 55 86
8 56 83
8 57 197
8 58 155
8 59 97
8 60 99
8 61 66
8 62 146
8 63 28
8 64 34
8 65 149
8 66 81
8 67 175
8 68 171
8 69 94
8 70 127
8 71 182
8 72 171
8 73 106
8 74 104
8 75 118
8 76 83
8 77 133
8 78 130
8 79 1
8 80 180
8 81 93
8 82 20
8 83 44
8 84 199
8 85 196
8 86 169
8 87 70
8 88 34
8 89 166
8 90 197
8 91 144
8 92 16
8 93 187
8 94 128
8 95 146
8 96 61
8 97 58
8 98 157
8 99 39
9 10 174
9 11 156
9 12 25
9 13 181
9 14 44
9 15 112
9 16 189
9 17 92
9 18 192
9 19 198
9 20 169
9 21 87
9 22 69
9 23 72
9 24 14
9 25 38
9 26 97
9 27 169
9 28 193
9 29 68
9 30 165
9 31 36
9 32 140
9 33 136
9 34 57
9 35 106
9 36 150
9 37 152
9 38 95
9 39 28
9 40 69
9 41 20
9 42 21
9 43 154
9 44 17
9 45 129
9 46 99
9 47 179
9 48 150
9 49 183
9 50 190
9 51 116
9 52 156
9 53 48
9 54 144
9 55 133
9 56 184
9 57 109
9 58 95
9 59 35
9 60 149
9 61 189
9 62 193
9 63 53
9 64 197
9 65 10
9 66 129
9 67 79
9 68 46
9 69 184
9 70 132
9 71 66
9 72 76
9 73 81
9 74 106
9 75 194
9 76 45
9 77 4
9 78 5
9 79 3
9 80 118
9 81 157
9 82 185
9 83 149
9 84 26
9 85 153
9 86 51
9 87 61
9 88 163
9 89 138
9 90 85
9 91 122
9 92 85
9 93 116
9 94 136
9 95 41
9 96 63
9 97 153
9 98 43
9 99 193
10 11 0
10 12 153
10 13 174
10 14 144
10 15 118
10 16 170
10 17 136
10 18 169
10 19 17
10 20 179
10 21 166
10 22 184
10 23 77
10 24 114
10 25 49
10 26 121
10 27 20
10 28 93
10 29 64
10 30 46
10 31 74
10 32 39
10 33 24
10 34 187
10 35 139
10 36 59
10 37 44
10 38 55
10 39 35
10 40 162
10 41 12
10 42 137
10 43 142
10 44 90
10 45 9
10 46 175
10 47 173
10 48 176
10 49 179
10 50 145
10 51 153
10 52 20
10 53 19
10 54 10
10 55 68
10 56 187
10 57 18
10 58 101
10 59 100
10 60 198
10 61 112
10 62 67
10 63 179
10 64 180
10 65 139
10 66 64
10 67 197
10 68 187
10 69 34
10 70 163
10 71 6
10 72 42
10 73 70
10 74 161
10 75 112
10 76 143
10 77 162
10 78 189
10 79 185
10 80 76
10 81 87
10 82 93
10 83 4
10 84 185
10 85 178
10 86 148
10 87 55
10 88 50
10 89 80
10 90 39
10 91 32
10 92 11
10 93 34
10 94 17
10 95 187
10 96 166
10 97 139
10 98 65
10 99 26
11 12 187
11 13 183
11 14 5
11 15 155
11 16 70
11 17 28
11 18 31
11 19 179
11 20 26
11 21 75
11 22 24
11 23 171
11 24 23
11 25 56
11 26 173
11 27 60
11 28 50
11 29 11
11 30 131
11 31 192
11 32 83
11 33 91
11 34 34
11 35 3
11 36 73
11 37 174
11 38 190
11 39 72
11 40 137
11 41 2
11 42 144
11 43 102
11 44 154
11 45 53
11 46 146
11 47 54
11 48 85
11 49 63
11 50 60
11 51 40
11 52 29
11 53 83
11 54 95
11 55 122
11 56 139
11 57 146
11 58 80
11 59 7
11 60 97
11 61 81
11 62 76
11 63 104
11 64 124
11 65 162
11 66 46
11 67 51
11 68 197
11 69 10
11 70 160
11 71 112
11 72 112
11 73 94
11 74 165
11 75 156
11 76 148
11 77 67
11 78 76
11 79 191
11 80 12
11 81 181
11 82 87
11 83 199
11 84 152
11 85 172
11 86 162
11 87 181
11 88 5
11 89 11
11 90 165
11 91 0
11 92 163
11 93 145
11 94 25
11 95 191
11 96 121
11 97 33
11 98 34
11 99 171
12 13 107
12 14 78
12 15 43
12 16 111
12 17 172
12 18 147
12 19 146
12 20 190
12 21 98
12 22 131
12 23 51
12 24 171
12 25 64
12 26 98
12 27 9
12 28 170
12 29 168
12 30 54
12 31 109
12 32 28
12 33 43
12 34 102
12 35 94
12 36 88
12 37 173
12 38 89
12 39 159
12 40 16
12 41 113
12 42 103
12 43 175
12 44 74
12 45 133
12 46 86
12 47 136
12 48 160
12 49 124
12 50 89
12 51 197
12 52 173
12 53 9
12 54 104
12 55 163
12 56 176
12 57 76
12 58 155
12 59 45
12 60 152
12 61 109
12 62 89
12 63 198
12 64 46
12 65 195
12 66 43
12 67 162
12 68 119
12 69 192
12 70 5
12 71 100
12 72 78
12 73 51
12 74 47
12 75 100
12 76 139
12 77 165
12 78 195
12 79 53
12 80 99
12 81 30
12 82 157
12 83 91
12 84 7
12 85 199
12 86 22
12 87 115
12 88 128
12 89 188
12 90 96
12 91 24
12 92 159
12 93 180
12 94 44
12 95 58
12 96 6
12 97 43
12 98 30
12 99 3
13 14 13
13 15 4
13 16 109
13 17 181
13 18 58
13 19 2
13 20 16
13 21 91
13 22 47
13 23 98
13 24 193
13 25 191
13 26 178
13 27 192
13 28 56
13 29 34
13 30 115
13 31 28
13 32 129
13 33 63
13 34 130
13 35 36
13 36 90
13 37 97
13 38 110
13 39 74
13 40 140
13 41 93
13 42 192
13 43 52
13 44 56
13 45 90
13 46 101
13 47 88
13 48 73
13 49 178
13 50 127
13 51 183
13 52 160
13 53 152
13 54 5
13 55 22
13 56 128
13 57 174
13 58 62
13 59 24
13 60 135
13 61 138
13 62 6
13 63 49
13 64 113
13 65 144
13 66 77
13 67 195
13 68 14
13 69 18
13 70 3
13 71 70
13 72 15
13 73 69
13 74 200
13 75 175
13 76 152
13 77 151
13 78 72
13 79 37
13 80 70
13 81 15
13 82 102
13 83 6
13 84 159
13 85 186
13 86 168
13 87 164
13 88 39
13 89 172
13 90 157
13 91 198
13 92 91
13 93 179
13 94 175
13 95 185
13 96 155
13 97 15
13 98 54
13 99 99
14 15 57
14 16 130
14 17 200
14 18 184
14 19 9
14 20 167
14 21 8
14 22 193
14 23 143
14 24 145
14 25 80
14 26 61
14 27 180
14 28 86
14 29 134
14 30 69
14 31 92
14 32 160
14 33 100
14 34 141
14 35 114
14 36 9
14 37 53
14 38 118
14 39 0
14 40 121
14 41 158
14 42 132
14 43 161
14 44 66
14 45 66
14 46 112
14 47 109
14 48 22
14 49 127
14 50 123
14 51 47
14 52 168
14 53 62
14 54 153
14 55 162
14 56 56
14 57 153
14 58 10
14 59 198
14 60 150
14 61 189
14 62 199
14 63 130
14 64 176
14 65 158
14 66 76
14 67 13
14 68 114
14 69 94
14 70 85
14 71 149
14 72 62
14 73 105
14 74 113
14 75 99
14 76 125
14 77 116
14 78 86
14 79 68
14 80 111
14 81 133
14 82 119
14 83 39
14 84 122
14 85 185
14 86 70
14 87 82
14 88 134
14 89 139
14 90 14
14 91 122
14 92 79
14 93 17
14 94 32
14 95 29
14 96 51
14 97 66
14 98 105
14 99 122
15 16 63
15 17 124
15 18 41
15 19 50
15 20 73
15 21 134
15 22 118
15 23 171
15 24 69
15 25 183
15 26 183
15 27 173
15 28 186
15 29 140
15 30 127
15 31 51
15 32 152
15 33 65
15 34 5
15 35 73
15 36 85
15 37 106
15 38 106
15 39 3
15 40 192
15 41 19
15 42 63
15 43 23
15 44 109
15 45 159
15 46 110
15 47 28
15 48 42
15 49 84
15 50 154
15 51 124
15 52 175
15 53 20
15 54 65
15 55 136
15 56 143
15 57 48
15 58 36
15 59 130
15 60 32
15 61 126
15 62 105
15 63 191
15 64 57
15 65 10
15 66 187
15 67 42
15 68 33
15 69 151
15 70 200
15 71 198
15 72 197
15 73 130
15 74 184
15 75 108
15 76 104
15 77 131
15 78 130
15 79 6
15 80 97
15 81 182
15 82 133
15 83 82
15 84 168
15 85 191
15 86 165
15 87 95
15 88 74
15 89 48
15 90 151
15 91 140
15 92 120
15 93 70
15 94 76
15 95 133
15 96 98
15 97 122
15 98 36
15 99 186
16 17 56
16 18 143
16 19 148
16 20 107
16 21 63
16 22 33
16 23 181
16 24 3
16 25 47
16 26 121
16 27 118
16 28 61
16 29 164
16 30 69
16 31 155
16 32 150
16 33 5
16 34 165
16 35 148
16 36 106
16 37 188
16 38 14
16 39 68
16 40 37
16 41 128
16 42 183
16 43 2
16 44 51
16 45 74
16 46 162
16 47 36
16 48 111
16 49 22
16 50 136
16 51 196
16 52 62
16 53 12
16 54 63
16 55 25
16 56 11
16 57 64
16 58 111
16 59 200
16 60 199
16 61 141
16 62 15
16 63 86
16 64 185
16 65 69
16 66 64
16 67 88
16 68 46
16 69 186
16 70 33
16 71 134
16 72 140
16 73 23
16 74 52
16 75 125
16 76 119
16 77 134
16 78 78
16 79 8
16 80 74
16 81 76
16 82 178
16 83 148
16 84 49
16 85 23
16 86 0
16 87 46
16 88 61
16 89 147
16 90 170
16 91 120
16 92 146
16 93 87
16 94 168
16 95 101
16 96 16
16 97 58
16 98 66
16 99 109
17 18 87
17 19 75
17 20 98
17 21 2
17 22 18
17 23 29
17 24 55
17 25 181
17 26 108
17 27 48
17 28 76
17 29 190
17 30 83
17 31 171
17 32 195
17 33 197
17 34 81
17 35 4
17 36 76
17 37 185
17 38 123
17 39 11
17 40 130
17 41 48
17 42 4
17 43 142
17 44 115
17 45 140
17 46 1
17 47 99
17 48 117
17 49 27
17 50 24
17 51 100
17 52 37
17 53 113
17 54 104
17 55 151
17 56 76
17 57 150
17 58 40
17 59 89
17 60 156
17 61 24
17 62 2
17 63 192
17 64 110
17 65 103
17 66 65
17 67 156
17 68 85
17 69 27
17 70 186
17 71 35
17 72 43
17 73 196
17 74 50
17 75 140
17 76 100
17 77 73
17 78 129
17 79 128
17 80 16
17 81 133
17 82 46
17 83 188
17 84 65
17 85 155
17 86 153
17 87 168
17 88 130
17 89 199
17 90 156
17 91 86
17 92 97
17 93 197
17 94 119
17 95 75
17 96 105
17 97 191
17 98 32
17 99 153
18 19 200
18 20 33
18 21 160
18 22 113
18 23 176
18 24 48
18 25 119
18 26 200
18 27 53
18 28 47
18 29 105
18 30 65
18 31 2
18 32 118
18 33 127
18 34 104
18 35 15
18 36 157
18 37 61
18 38 48
18 39 51
18 40 97
18 41 14
18 42 77
18 43 98
18 44 141
18 45 61
18 46 129
18 47 200
18 48 49
18 49 142
18 50 98
18 51 187
18 52 121
18 53 13
18 54 136
18 55 162
18 56 51
18 57 35
18 58 91
18 59 95
18 60 88
18 61 67
18 62 113
18 63 123
18 64 57
18 65 130
18 66 136
18 67 184
18 68 116
18 69 200
18 70 32
18 71 197
18 72 76
18 73 62
18 74 108
18 75 39
18 76 18
18 77 99
18 78 45
18 79 152
18 80 35
18 81 168
18 82 191
18 83 62
18 84 132
18 85 172
18 86 109
18 87 145
18 88 194
18 89 66
18 90 112
18 91 135
18 92 39
18 93 93
18 94 27
18 95 181
18 96 103
18 97 85
18 98 142
18 99 35
19 20 22
19 21 119
19 22 120
19 23 123
19 24 44
19 25 173
19 26 47
19 27 21
19 28 146
19 29 159
19 30 39
19 31 194
19 32 162
19 33 19
19 34 200
19 35 45
19 36 163
19 37 182
19 38 163
19 39 155
19 40 12
19 41 199
19 42 119
19 43 156
19 44 32
19 45 144
19 46 89
19 47 84
19 48 28
19 49 101
19 50 86
19 51 119
19 52 101
19 53 158
19 54 43
19 55 25
19 56 97
19 57 47
19 58 29
19 59 40
19 60 17
19 61 42
19 62 165
19 63 33
19 64 27
19 65 56
19 66 104
19 67 57
19 68 171
19 69 11
19 70 103
19 71 158
19 72 17
19 73 22
19 74 63
19 75 145
19 76 91
19 77 130
19 78 181
19 79 122
19 80 150
19 81 109
19 82 185
19 83 68
19 84 200
19 85 179
19 86 125
19 87 98
19 88 156
19 89 85
19 90 107
19 91 68
19 92 124
19 93 97
19 94 188
19 95 45
19 96 115
19 97 12
19 98 62
19 99 194
20 21 87
20 22 7
20 23 2
20 24 2
20 25 61
20 26 162
20 27 86
20 28 4
20 29 39
20 30 185
20 31 138
20 32 51
20 33 17
20 34 131
20 35 127
20 36 173
20 37 45
20 38 158
20 39 96
20 40 113
20 41 172
20 42 135
20 43 47
20 44 29
20 45 85
20 46 149
20 47 131
20 48 194
20 49 57
20 50 18
20 51 130
20 52 3
20 53 109
20 54 21
20 55 189
20 56 69
20 57 59
20 58 136
20 59 177
20 60 85
20 61 165
20 62 9
20 63 117
20 64 5
20 65 199
20 66 196
20 67 114
20 68 64
20 69 187
20 70 22
20 71 181
20 72 198
20 73 119
20 74 67
20 75 123
20 76 105
20 77 144
20 78 10
20 79 129
20 80 175
20 81 67
20 82 174
20 83 165
20 84 94
20 85 139
20 86 123
20 87 196
20 88 192
20 89 129
20 90 164
20 91 44
20 92 43
20 93 74
20 94 37
20 95 129
20 96 77
20 97 25
20 98 180
20 99 67
21 22 193
21 23 7
21 24 197
21 25 2
21 26 45
21 27 140
21 28 23
21 29 197
21 30 155
21 31 179
21 32 50
21 33 54
21 34 42
21 35 68
21 36 84
21 37 177
21 38 117
21 39 47
21 40 30
21 41 118
21 42 145
21 43 93
21 44 144
21 45 64
21 46 150
21 47 182
21 48 142
21 49 68
21 50 97
21 51 114
21 52 182
21 53 96
21 54 144
21 55 122
21 56 5
21 57 57
21 58 198
21 59 124
21 60 109
21 61 84
21 62 60
21 63 116
21 64 74
21 65 112
21 66 116
21 67 144
21 68 103
21 69 29
21 70 62
21 71 161
21 72 181
21 73 12
21 74 125
21 75 128
21 76 76
21 77 140
21 78 95
21 79 41
21 80 84
21 81 74
21 82 6
21 83 114
21 84 44
21 85 153
21 86 117
21 87 80
21 88 111
21 89 95
21 90 95
21 91 166
21 92 49
21 93 116
21 94 169
21 95 92
21 96 129
21 97 159
21 98 158
21 99 162
22 23 122
22 24 43
22 25 68
22 26 177
22 27 80
22 28 198
22 29 158
22 30 110
22 31 122
22 32 121
22 33 198
22 34 152
22 35 180
22 36 157
22 37 91
22 38 112
22 39 29
22 40 130
22 41 30
22 42 11
22 43 184
22 44 172
22 45 48
22 46 49
22 47 123
22 48 81
22 49 38
22 50 67
22 51 164
22 52 162
22 53 40
22 54 149
22 55 153
22 56 73
22 57 99
22 58 16
22 59 47
22 60 84
22 61 151
22 62 56
22 63 10
22 64 149
22 65 200
22 66 28
22 67 46
22 68 153
22 69 32
22 70 176
22 71 46
22 72 13
22 73 139
22 74 43
22 75 139
22 76 85
22 77 50
22 78 146
22 79 87
22 80 180
22 81 81
22 82 101
22 83 183
22 84 76
22 85 140
22 86 143
22 87 49
22 88 69
22 89 62
22 90 35
22 91 183
22 92 147
22 93 45
22 94 157
22 95 154
22 96 183
22 97 181
22 98 95
22 99 108
23 24 19
23 25 161
23 26 9
23 27 197
23 28 142
23 29 167
23 30 16
23 31 37
23 32 6
23 33 149
23 34 14
23 35 113
23 36 186
23 37 158
23 38 126
23 39 113
23 40 108
23 41 198
23 42 127
23 43 19
23 44 57
23 45 63
23 46 73
23 47 67
23 48 180
23 49 199
23 50 30
23 51 70
23 52 199
23 53 26
23 54 92
23 55 124
23 56 37
23 57 131
23 58 75
23 59 167
23 60 125
23 61 42
23 62 0
23 63 138
23 64 74
23 65 138
23 66 149
23 67 136
23 68 22
23 69 105
23 70 157
23 71 131
23 72 28
23 73 114
23 74 71
23 75 87
23 76 132
23 77 176
23 78 48
23 79 125
23 80 168
23 81 11
23 82 91
23 83 10
23 84 188
23 85 13
23 86 25
23 87 171
23 88 132
23 89 73
23 90 51
23 91 200
23 92 55
23 93 194
23 94 25
23 95 182
23 96 27
23 97 104
23 98 99
23 99 188
24 25 9
24 26 175
24 27 63
24 28 2
24 29 99
24 30 159
24 31 91
24 32 193
24 33 48
24 34 148
24 35 159
24 36 178
24 37 99
24 38 140
24 39 141
24 40 195
24 41 104
24 42 110
24 43 164
24 44 79
24 45 93
24 46 84
24 47 151
24 48 196
24 49 189
24 50 94
24 51 76
24 52 66
24 53 56
24 54 138
24 55 54
24 56 154
24 57 122
24 58 40
24 59 93
24 60 168
24 61 97
24 62 1
24 63 10
24 64 81
24 65 39
24 66 78
24 67 70
24 68 66
24 69 144
24 70 140
24 71 162
24 72 175
24 73 26
24 74 167
24 75 165
24 76 158
24 77 22
24 78 28
24 79 120
24 80 40
24 81 109
24 82 123
24 83 190
24 84 182
24 85 184
24 86 72
24 87 184
24 88 56
24 89 115
24 90 41
24 91 172
24 92 143
24 93 10
24 94 194
24 95 27
24 96 132
24 97 29
24 98 126
24 99 115
25 26 78
25 27 134
25 28 7
25 29 118
25 30 79
25 31 72
25 32 197
25 33 187
25 34 48
25 35 109
25 36 164
25 37 86
25 38 90
25 39 146
25 40 160
25 41 136
25 42 48
25 43 9
25 44 110
25 45 97
25 46 140
25 47 193
25 48 111
25 49 98
25 50 138
25 51 196
25 52 137
25 53 117
25 54 124
25 55 197
25 56 36
25 57 160
25 58 85
25 59 190
25 60 57
25 61 66
25 62 11
25 63 121
25 64 107
25 65 140
25 66 69
25 67 52
25 68 167
25 69 26
25 70 116
25 71 4
25 72 164
25 73 36
25 74 75
25 75 45
25 76 37
25 77 157
25 78 149
25 79 97
25 80 179
25 81 181
25 82 127
25 83 1
25 84 60
25 85 99
25 86 185
25 87 127
25 88 41
25 89 55
25 90 66
25 91 14
25 92 138
25 93 159
25 94 153
25 95 117
25 96 22
25 97 165
25 98 144
25 99 27
26 27 109
26 28 182
26 29 126
26 30 173
26 31 167
26 32 82
26 33 0
26 34 186
26 35 192
26 36 191
26 37 185
26 38 71
26 39 187
26 40 81
26 41 182
26 42 47
26 43 37
26 44 138
26 45 159
26 46 160
26 47 33
26 48 147
26 49 165
26 50 49
26 51 70
26 52 20
26 53 75
26 54 1
26 55 37
26 56 109
26 57 43
26 58 23
26 59 1
26 60 192
26 61 5
26 62 12
26 63 110
26 64 11
26 65 186
26 66 170
26 67 91
26 68 71
26 69 185
26 70 9
26 71 96
26 72 90
26 73 172
26 74 142
26 75 166
26 76 125
26 77 128
26 78 69
26 79 151
26 80 12
26 81 130
26 82 149
26 83 182
26 84 101
26 85 64
26 86 127
26 87 185
26 88 90
26 89 116
26 90 10
26 91 145
26 92 73
26 93 76
26 94 24
26 95 24
26 96 69
26 97 68
26 98 117
26 99 173
27 28 100
27 29 38
27 30 80
27 31 40
27 32 160
27 33 7
27 34 157
27 35 149
27 36 149
27 37 2
27 38 148
27 39 96
27 40 166
27 41 138
27 42 84
27 43 63
27 44 45
27 45 42
27 46 139
27 47 126
27 48 44
27 49 66
27 50 37
27 51 34
27 52 17
27 53 83
27 54 188
27 55 163
27 56 192
27 57 152
27 58 40
27 59 31
27 60 80
27 61 45
27 62 117
27 63 100
27 64 7
27 65 87
27 66 120
27 67 169
27 68 142
27 69 8
27 70 19
27 71 114
27 72 199
27 73 159
27 74 100
27 75 2
27 76 13
27 77 2
27 78 37
27 79 130
27 80 94
27 81 178
27 82 71
27 83 0
27 84 6
27 85 97
27 86 164
27 87 138
27 88 166
27 89 172
27 90 62
27 91 146
27 92 187
27 93 91
27 94 12
27 95 198
27 96 148
27 97 179
27 98 176
27 99 66
28 29 127
28 30 94
28 31 84
28 32 181
28 33 85
28 34 88
28 35 57
28 36 158
28 37 50
28 38 151
28 39 42
28 40 46
28 41 55
28 42 178
28 43 60
28 44 38
28 45 175
28 46 182
28 47 194
28 48 27
28 49 167
28 50 120
28 51 23
28 52 12
28 53 84
28 54 48
28 55 193
28 56 40
28 57 169
28 58 4
28 59 107
28 60 70
28 61 61
28 62 42
28 63 178
28 64 36
28 65 48
28 66 23
28 67 189
28 68 144
28 69 168
28 70 152
28 71 158
28 72 73
28 73 158
28 74 72
28 75 88
28 76 187
28 77 52
28 78 70
28 79 36
28 80 193
28 81 199
28 82 29
28 83 63
28 84 119
28 85 85
28 86 146
28 87 2
28 88 165
28 89 21
28 90 119
28 91 63
28 92 102
28 93 99
28 94 69
28 95 28
28 96 196
28 97 26
28 98 75
28 99 175
29 30 82
29 31 187
29 32 35
29 33 30
29 34 12
29 35 110
29 36 76
29 37 17
29 38 69
29 39 181
29 40 67
29 41 8
29 42 48
29 43 155
29 44 58
29 45 134
29 46 175
29 47 35
29 48 71
29 49 88
29 50 102
29 51 80
29 52 20
29 53 171
29 54 86
29 55 114
29 56 172
29 57 131
29 58 43
29 59 112
29 60 89
29 61 197
29 62 120
29 63 9
29 64 131
29 65 155
29 66 151
29 67 122
29 68 112
29 69 200
29 70 89
29 71 101
29 72 24
29 73 146
29 74 40
29 75 89
29 76 92
29 77 199
29 78 138
29 79 9
29 80 116
29 81 111
29 82 8
29 83 118
29 84 46
29 85 75
29 86 117
29 87 107
29 88 137
29 89 110
29 90 147
29 91 32
29 92 65
29 93 70
29 94 90
29 95 114
29 96 10
29 97 55
29 98 80
29 99 134
30 31 82
30 32 165
30 33 38
30 34 4
30 35 97
30 36 100
30 37 35
30 38 188
30 39 60
30 40 37
30 41 23
30 42 93
30 43 6
30 44 65
30 45 38
30 46 158
30 47 83
30 48 133
30 49 113
30 50 31
30 51 174
30 52 178
30 53 78
30 54 118
30 55 161
30 56 138
30 57 86
30 58 185
30 59 154
30 60 197
30 61 116
30 62 145
30 63 162
30 64 57
30 65 179
30 66 189
30 67 109
30 68 53
30 69 94
30 70 94
30 71 18
30 72 190
30 73 52
30 74 73
30 75 85
30 76 131
30 77 76
30 78 48
30 79 27
30 80 11
30 81 99
30 82 52
30 83 92
30 84 105
30 85 63
30 86 14
30 87 120
30 88 84
30 89 47
30 90 111
30 91 52
30 92 176
30 93 53
30 94 186
30 95 75
30 96 6
30 97 69
30 98 30
30 99 100
31 32 158
31 33 139
31 34 195
31 35 14
31 36 200
31 37 77
31 38 106
31 39 153
31 40 4
31 41 56
31 42 93
31 43 163
31 44 164
31 45 180
31 46 96
31 47 51
31 48 85
31 49 188
31 50 55
31 51 76
31 52 145
31 53 141
31 54 199
31 55 18
31 56 187
31 57 175
31 58 62
31 59 153
31 60 31
31 61 77
31 62 142
31 63 157
31 64 36
31 65 94
31 66 176
31 67 26
31 68 101
31 69 191
31 70 136
31 71 63
31 72 55
31 73 110
31 74 27
31 75 79
31 76 9
31 77 111
31 78 141
31 79 173
31 80 157
31 81 199
31 82 99
31 83 105
31 84 70
31 85 185
31 86 149
31 87 193
31 88 184
31 89 138
31 90 76
31 91 25
31 92 167
31 93 60
31 94 166
31 95 147
31 96 27
31 97 9
31 98 72
31 99 154
32 33 82
32 34 72
32 35 118
32 36 180
32 37 47
32 38 189
32 39 22
32 40 51
32 41 38
32 42 86
32 43 137
32 44 187
32 45 22
32 46 168
32 47 172
32 48 125
32 49 176
32 50 3
32 51 74
32 52 159
32 53 44
32 54 197
32 55 171
32 56 194
32 57 15
32 58 75
32 59 72
32 60 62
32 61 96
32 62 112
32 63 35
32 64 107
32 65 101
32 66 122
32 67 111
32 68 109
32 69 87
32 70 6
32 71 165
32 72 99
32 73 189
32 74 136
32 75 164
32 76 155
32 77 47
32 78 169
32 79 75
32 80 72
32 81 185
32 82 25
32 83 111
32 84 185
32 85 177
32 86 190
32 87 38
32 88 98
32 89 42
32 90 187
32 91 1
32 92 105
32 93 140
32 94 60
32 95 122
32 96 57
32 97 19
32 98 1
32 99 112
33 34 48
33 35 119
33 36 200
33 37 0
33 38 39
33 39 142
33 40 158
33 41 24
33 42 87
33 43 58
33 44 32
33 45 11
33 46 150
33 47 55
33 48 156
33 49 110
33 50 101
33 51 117
33 52 99
33 53 33
33 54 87
33 55 157
33 56 78
33 57 92
33 58 182
33 59 171
33 60 122
33 61 133
33 62 138
33 63 60
33 64 125
33 65 60
33 66 115
33 67 193
33 68 138
33 69 60
33 70 27
33 71 6
33 72 38
33 73 42
33 74 190
33 75 159
33 76 119
33 77 192
33 78 195
33 79 35
33 80 110
33 81 153
33 82 47
33 83 61
33 84 185
33 85 120
33 86 83
33 87 101
33 88 94
33 89 112
33 90 33
33 91 139
33 92 25
33 93 142
33 94 77
33 95 21
33 96 78
33 97 110
33 98 2
33 99 42
34 35 194
34 36 108
34 37 42
34 38 13
34 39 198
34 40 81
34 41 92
34 42 86
34 43 58
34 44 157
34 45 177
34 46 122
34 47 196
34 48 6
34 49 82
34 50 189
34 51 10
34 52 153
34 53 113
34 54 163
34 55 174
34 56 134
34 57 24
34 58 165
34 59 60
34 60 199
34 61 82
34 62 94
34 63 104
34 64 177
34 65 106
34 66 193
34 67 131
34 68 20
34 69 191
34 70 0
34 71 28
34 72 172
34 73 37
34 74 22
34 75 51
34 76 165
34 77 86
34 78 161
34 79 104
34 80 22
34 81 81
34 82 163
34 83 190
34 84 73
34 85 65
34 86 156
34 87 155
34 88 87
34 89 167
34 90 63
34 91 15
34 92 152
34 93 194
34 94 75
34 95 25
34 96 12
34 97 79
34 98 16
34 99 41
35 36 107
35 37 143
35 38 43
35 39 72
35 40 63
35 41 44
35 42 34
35 43 152
35 44 200
35 45 119
35 46 200
35 47 87
35 48 75
35 49 159
35 50 73
35 51 107
35 52 29
35 53 47
35 54 138
35 55 150
35 56 52
35 57 119
35 58 163
35 59 170
35 60 38
35 61 103
35 62 105
35 63 194
35 64 183
35 65 69
35 66 88
35 67 139
35 68 30
35 69 6
35 70 83
35 71 103
35 72 146
35 73 28
35 74 191
35 75 128
35 76 58
35 77 161
35 78 161
35 79 147
35 80 72
35 81 4
35 82 141
35 83 59
35 84 11
35 85 22
35 86 106
35 87 128
35 88 93
35 89 54
35 90 183
35 91 23
35 92 65
35 93 47
35 94 28
35 95 134
35 96 158
35 97 157
35 98 105
35 99 47
36 37 165
36 38 174
36 39 40
36 40 190
36 41 174
36 42 52
36 43 37
36 44 137
36 45 93
36 46 200
36 47 14
36 48 8
36 49 152
36 50 196
36 51 70
36 52 165
36 53 173
36 54 2
36 55 14
36 56 200
36 57 179
36 58 107
36 59 188
36 60 146
36 61 137
36 62 72
36 63 159
36 64 51
36 65 162
36 66 185
36 67 111
36 68 47
36 69 39
36 70 68
36 71 160
36 72 57
36 73 153
36 74 81
36 75 127
36 76 67
36 77 12
36 78 72
36 79 167
36 80 24
36 81 157
36 82 64
36 83 3
36 84 98
36 85 152
36 86 12
36 87 106
36 88 66
36 89 117
36 90 2
36 91 166
36 92 155
36 93 121
36 94 194
36 95 3
36 96 94
36 97 57
36 98 187
36 99 127
37 38 29
37 39 47
37 40 103
37 41 157
37 42 125
37 43 125
37 44 81
37 45 102
37 46 189
37 47 47
37 48 172
37 49 35
37 50 84
37 51 35
37 52 194
37 53 175
37 54 130
37 55 198
37 56 141
37 57 55
37 58 200
37 59 12
37 60 156
37 61 99
37 62 172
37 63 38
37 64 85
37 65 101
37 66 174
37 67 106
37 68 9
37 69 85
37 70 152
37 71 54
37 72 197
37 73 142
37 74 9
37 75 185
37 76 186
37 77 34
37 78 1
37 79 197
37 80 174
37 81 9
37 82 72
37 83 94
37 84 56
37 85 137
37 86 169
37 87 161
37 88 160
37 89 4
37 90 124
37 91 165
37 92 197
37 93 188
37 94 50
37 95 102
37 96 151
37 97 126
37 98 79
37 99 145
38 39 163
38 40 191
38 41 72
38 42 25
38 43 2
38 44 175
38 45 142
38 46 14
38 47 10
38 48 2
38 49 112
38 50 132
38 51 197
38 52 181
38 53 10
38 54 178
38 55 93
38 56 152
38 57 109
38 58 112
38 59 102
38 60 25
38 61 115
38 62 166
38 63 88
38 64 121
38 65 72
38 66 44
38 67 46
38 68 79
38 69 37
38 70 80
38 71 137
38 72 171
38 73 200
38 74 25
38 75 141
38 76 102
38 77 35
38 78 10
38 79 129
38 80 192
38 81 120
38 82 57
38 83 16
38 84 35
38 85 23
38 86 121
38 87 12
38 88 87
38 89 79
38 90 71
38 91 146
38 92 64
38 93 128
38 94 8
38 95 156
38 96 128
38 97 190
38 98 112
38 99 23
39 40 69
39 41 194
39 42 27
39 43 180
39 44 0
39 45 122
39 46 110
39 47 190
39 48 170
39 49 166
39 50 22
39 51 117
39 52 97
39 53 41
39 54 23
39 55 178
39 56 52
39 57 125
39 58 124
39 59 168
39 60 200
39 61 132
39 62 88
39 63 134
39 64 165
39 65 29
39 66 195
39 67 141
39 68 105
39 69 37
39 70 49
39 71 176
39 72 48
39 73 20
39 74 101
39 75 82
39 76 53
39 77 71
39 78 101
39 79 101
39 80 173
39 81 22
39 82 111
39 83 175
39 84 122
39 85 179
39 86 187
39 87 26
39 88 110
39 89 198
39 90 143
39 91 39
39 92 123
39 93 139
39 94 14
39 95 123
39 96 22
39 97 112
39 98 5
39 99 31
40 41 32
40 42 154
40 43 76
40 44 177
40 45 149
40 46 106
40 47 110
40 48 22
40 49 195
40 50 101
40 51 197
40 52 149
40 53 173
40 54 39
40 55 111
40 56 28
40 57 104
40 58 194
40 59 128
40 60 140
40 61 9
40 62 188
40 63 4
40 64 174
40 65 175
40 66 176
40 67 123
40 68 143
40 69 22
40 70 142
40 71 168
40 72 43
40 73 182
40 74 110
40 75 16
40 76 184
40 77 131
40 78 119
40 79 97
40 80 69
40 81 82
40 82 103
40 83 15
40 84 16
40 85 183
40 86 86
40 87 64
40 88 173
40 89 140
40 90 138
40 91 78
40 92 91
40 93 132
40 94 127
40 95 9
40 96 151
40 97 101
40 98 36
40 99 144
41 42 47
41 43 198
41 44 105
41 45 11
41 46 105
41 47 95
41 48 16
41 49 134
41 50 135
41 51 41
41 52 127
41 53 132
41 54 102
41 55 45
41 56 25
41 57 20
41 58 41
41 59 85
41 60 189
41 61 163
41 62 52
41 63 108
41 64 141
41 65 12
41 66 38
41 67 94
41 68 74
41 69 9
41 70 101
41 71 200
41 72 189
41 73 64
41 74 130
41 75 150
41 76 19
41 77 19
41 78 50
41 79 144
41 80 16
41 81 82
41 82 176
41 83 142
41 84 9
41 85 73
41 86 154
41 87 184
41 88 35
41 89 149
41 90 192
41 91 39
41 92 22
41 93 118
41 94 24
41 95 14
41 96 5
41 97 186
41 98 147
41 99 181
42 43 156
42 44 74
42 45 78
42 46 165
42 47 5
42 48 54
42 49 41
42 50 4
42 51 16
42 52 91
42 53 12
42 54 165
42 55 85
42 56 100
42 57 57
42 58 129
42 59 130
42 60 174
42 61 53
42 62 33
42 63 29
42 64 6
42 65 81
42 66 64
42 67 49
42 68 40
42 69 192
42 70 101
42 71 103
42 72 23
42 73 12
42 74 143
42 75 10
42 76 105
42 77 81
42 78 64
42 79 13
42 80 11
42 81 90
42 82 12
42 83 144
42 84 36
42 85 37
42 86 52
42 87 106
42 88 144
42 89 39
42 90 25
42 91 81
42 92 42
42 93 153
42 94 160
42 95 31
42 96 13
42 97 106
42 98 47
42 99 118
43 44 15
43 45 67
43 46 115
43 47 105
43 48 133
43 49 144
43 50 22
43 51 107
43 52 78
43 53 92
43 54 24
43 55 61
43 56 57
43 57 52
43 58 61
43 59 66
43 60 132
43 61 86
43 62 28
43 63 25
43 64 151
43 65 55
43 66 70
43 67 42
43 68 77
43 69 9
43 70 99
43 71 154
43 72 156
43 73 53
43 74 10
43 75 110
43 76 67
43 77 151
43 78 71
43 79 30
43 80 94
43 81 0
43 82 133
43 83 182
43 84 113
43 85 159
43 86 179
43 87 165
43 88 49
43 89 63
43 90 85
43 91 152
43 92 50
43 93 51
43 94 9
43 95 119
43 96 110
43 97 195
43 98 151
43 99 185
44 45 199
44 46 157
44 47 124
44 48 71
44 49 191
44 50 167
44 51 13
44 52 46
44 53 41
44 54 176
44 55 54
44 56 144
44 57 178
44 58 169
44 59 66
44 60 36
44 61 120
44 62 103
44 63 171
44 64 122
44 65 85
44 66 35
44 67 182
44 68 129
44 69 57
44 70 101
44 71 54
44 72 127
44 73 34
44 74 107
44 75 189
44 76 125
44 77 181
44 78 48
44 79 28
44 80 10
44 81 166
44 82 119
44 83 112
44 84 36
44 85 71
44 86 104
44 87 32
44 88 77
44 89 88
44 90 126
44 91 192
44 92 89
44 93 161
44 94 18
44 95 172
44 96 91
44 97 141
44 98 78
44 99 176
45 46 55
45 47 17
45 48 115
45 49 55
45 50 35
45 51 55
45 52 20
45 53 151
45 54 24
45 55 182
45 56 150
45 57 167
45 58 151
45 59 25
45 60 105
45 61 126
45 62 122
45 63 24
45 64 120
45 65 40
45 66 128
45 67 72
45 68 111
45 69 104
45 70 68
45 71 67
45 72 52
45 73 67
45 74 153
45 75 45
45 76 191
45 77 36
45 78 15
45 79 163
45 80 81
45 81 166
45 82 162
45 83 197
45 84 161
45 85 111
45 86 97
45 87 115
45 88 45
45 89 89
45 90 25
45 91 13
45 92 89
45 93 123
45 94 175
45 95 109
45 96 60
45 97 191
45 98 4
45 99 132
46 47 64
46 48 200
46 49 84
46 50 27
46 51 168
46 52 54
46 53 128
46 54 43
46 55 106
46 56 16
46 57 177
46 58 53
46 59 38
46 60 70
46 61 47
46 62 50
46 63 108
46 64 18
46 65 98
46 66 170
46 67 53
46 68 9
46 69 135
46 70 88
46 71 55
46 72 162
46 73 164
46 74 6
46 75 154
46 76 34
46 77 135
46 78 33
46 79 140
46 80 37
46 81 171
46 82 111
46 83 0
46 84 154
46 85 56
46 86 112
46 87 42
46 88 110
46 89 59
46 90 21
46 91 198
46 92 82
46 93 118
46 94 180
46 95 86
46 96 12
46 97 73
46 98 190
46 99 181
47 48 19
47 49 141
47 50 200
47 51 191
47 52 113
47 53 137
47 54 163
47 55 17
47 56 145
47 57 23
47 58 198
47 59 95
47 60 55
47 61 97
47 62 188
47 63 190
47 64 95
47 65 134
47 66 131
47 67 140
47 68 40
47 69 15
47 70 181
47 71 90
47 72 35
47 73 174
47 74 65
47 75 146
47 76 198
47 77 113
47 78 128
47 79 107
47 80 46
47 81 197
47 82 165
47 83 54
47 84 156
47 85 70
47 86 133
47 87 54
47 88 174
47 89 108
47 90 89
47 91 13
47 92 149
47 93 198
47 94 84
47 95 171
47 96 117
47 97 74
47 98 140
47 99 191
48 49 117
48 50 19
48 51 114
48 52 32
48 53 188
48 54 163
48 55 118
48 56 140
48 57 8
48 58 70
48 59 164
48 60 55
48 61 80
48 62 144
48 63 189
48 64 95
48 65 197
48 66 25
48 67 62
48 68 42
48 69 47
48 70 60
48 71 77
48 72 1
48 73 31
48 74 31
48 75 183
48 76 169
48 77 164
48 78 99
48 79 1
48 80 158
48 81 179
48 82 72
48 83 200
48 84 180
48 85 189
48 86 176
48 87 196
48 88 176
48 89 138
48 90 49
48 91 79
48 92 15
48 93 36
48 94 76
48 95 85
48 96 56
48 97 195
48 98 35
48 99 113
49 50 179
49 51 144
49 52 19
49 53 89
49 54 85
49 55 50
49 56 47
49 57 117
49 58 77
49 59 200
49 60 51
49 61 2
49 62 198
49 63 80
49 64 136
49 65 192
49 66 78
49 67 38
49 68 1
49 69 156
49 70 138
49 71 48
49 72 1
49 73 124
49 74 117
49 75 92
49 76 140
49 77 101
49 78 187
49 79 171
49 80 179
49 81 168
49 82 164
49 83 65
49 84 68
49 85 111
49 86 181
49 87 156
49 88 198
49 89 30
49 90 132
49 91 67
49 92 23
49 93 138
49 94 51
49 95 154
49 96 7
49 97 72
49 98 48
49 99 104
50 51 113
50 52 77
50 53 148
50 54 200
50 55 119
50 56 155
50 57 2
50 58 46
50 59 39
50 60 32
50 61 21
50 62 23
50 63 83
50 64 121
50 65 192
50 66 6
50 67 51
50 68 180
50 69 56
50 70 84
50 71 167
50 72 90
50 73 97
50 74 176
50 75 144
50 76 133
50 77 136
50 78 154
50 79 147
50 80 148
50 81 163
50 82 146
50 83 57
50 84 91
50 85 180
50 86 199
50 87 165
50 88 137
50 89 18
50 90 67
50 91 61
50 92 93
50 93 30
50 94 74
50 95 43
50 96 187
50 97 24
50 98 44
50 99 102
51 52 71
51 53 157
51 54 75
51 55 25
51 56 14
51 57 65
51 58 126
51 59 176
51 60 79
51 61 62
51 62 41
51 63 34
51 64 111
51 65 149
51 66 155
51 67 119
51 68 163
51 69 0
51 70 20
51 71 67
51 72 60
51 73 101
51 74 8
51 75 10
51 76 156
51 77 77
51 78 188
51 79 55
51 80 87
51 81 90
51 82 120
51 83 31
51 84 98
51 85 1
51 86 76
51 87 13
51 88 185
51 89 10
51 90 60
51 91 60
51 92 12
51 93 161
51 94 128
51 95 188
51 96 32
51 97 182
51 98 200
51 99 189
52 53 182
52 54 180
52 55 102
52 56 142
52 57 108
52 58 181
52 59 93
52 60 27
52 61 162
52 62 23
52 63 27
52 64 160
52 65 120
52 66 94
52 67 9
52 68 15
52 69 152
52 70 134
52 71 30
52 72 11
52 73 12
52 74 97
52 75 31
52 76 94
52 77 29
52 78 173
52 79 78
52 80 22
52 81 56
52 82 182
52 83 50
52 84 160
52 85 89
52 86 22
52 87 30
52 88 137
52 89 34
52 90 169
52 91 72
52 92 114
52 93 83
52 94 128
52 95 0
52 96 173
52 97 66
52 98 125
52 99 73
53 54 141
53 55 173
53 56 38
53 57 89
53 58 112
53 59 200
53 60 44
53 61 16
53 62 96
53 63 44
53 64 102
53 65 41
53 66 184
53 67 136
53 68 106
53 69 35
53 70 65
53 71 74
53 72 66
53 73 28
53 74 170
53 75 120
53 76 92
53 77 21
53 78 180
53 79 47
53 80 108
53 81 144
53 82 173
53 83 180
53 84 200
53 85 187
53 86 23
53 87 200
53 88 160
53 89 39
53 90 3
53 91 14
53 92 112
53 93 122
53 94 86
53 95 199
53 96 159
53 97 44
53 98 127
53 99 82
54 55 137
54 56 31
54 57 172
54 58 9
54 59 134
54 60 161
54 61 161
54 62 26
54 63 56
54 64 112
54 65 21
54 66 160
54 67 27
54 68 137
54 69 101
54 70 68
54 71 174
54 72 120
54 73 15
54 74 173
54 75 152
54 76 178
54 77 193
54 78 110
54 79 185
54 80 23
54 81 70
54 82 133
54 83 92
54 84 199
54 85 135
54 86 193
54 87 32
54 88 144
54 89 55
54 90 159
54 91 14
54 92 89
54 93 95
54 94 167
54 95 55
54 96 176
54 97 82
54 98 31
54 99 85
55 56 170
55 57 116
55 58 20
55 59 55
55 60 8
55 61 193
55 62 21
55 63 93
55 64 172
55 65 188
55 66 65
55 67 110
55 68 86
55 69 198
55 70 109
55 71 32
55 72 88
55 73 179
55 74 109
55 75 1
55 76 138
55 77 93
55 78 6
55 79 149
55 80 69
55 81 171
55 82 90
55 83 132
55 84 96
55 85 161
55 86 110
55 87 135
55 88 99
55 89 123
55 90 85
55 91 111
55 92 148
55 93 97
55 94 199
55 95 18
55 96 198
55 97 65
55 98 65
55 99 135
56 57 188
56 58 32
56 59 151
56 60 48
56 61 153
56 62 148
56 63 25
56 64 160
56 65 134
56 66 23
56 67 91
56 68 77
56 69 171
56 70 87
56 71 177
56 72 48
56 73 70
56 74 89
56 75 180
56 76 194
56 77 25
56 78 89
56 79 166
56 80 120
56 81 191
56 82 23
56 83 22
56 84 175
56 85 91
56 86 19
56 87 114
56 88 177
56 89 111
56 90 79
56 91 72
56 92 0
56 93 119
56 94 123
56 95 154
56 96 167
56 97 66
56 98 4
56 99 55
57 58 106
57 59 77
57 60 81
57 61 97
57 62 96
57 63 61
57 64 99
57 65 8
57 66 139
57 67 33
57 68 160
57 69 155
57 70 124
57 71 199
57 72 13
57 73 126
57 74 109
57 75 39
57 76 137
57 77 44
57 78 74
57 79 24
57 80 176
57 81 85
57 82 190
57 83 146
57 84 25
57 85 72
57 86 79
57 87 183
57 88 58
57 89 16
57 90 190
57 91 47
57 92 93
57 93 58
57 94 168
57 95 81
57 96 160
57 97 23
57 98 139
57 99 94
58 59 0
58 60 52
58 61 131
58 62 143
58 63 124
58 64 136
58 65 24
58 66 38
58 67 129
58 68 194
58 69 38
58 70 161
58 71 113
58 72 180
58 73 58
58 74 189
58 75 18
58 76 190
58 77 120
58 78 188
58 79 161
58 80 124
58 81 148
58 82 191
58 83 86
58 84 46
58 85 51
58 86 67
58 87 54
58 88 51
58 89 115
58 90 181
58 91 176
58 92 155
58 93 137
58 94 53
58 95 196
58 96 24
58 97 189
58 98 125
58 99 84
59 60 200
59 61 160
59 62 39
59 63 26
59 64 52
59 65 0
59 66 13
59 67 191
59 68 44
59 69 30
59 70 13
59 71 127
59 72 52
59 73 79
59 74 131
59 75 21
59 76 137
59 77 129
59 78 117
59 79 106
59 80 167
59 81 140
59 82 74
59 83 172
59 84 32
59 85 171
59 86 53
59 87 89
59 88 130
59 89 118
59 90 80
59 91 158
59 92 146
59 93 93
59 94 85
59 95 149
59 96 191
59 97 23
59 98 91
59 99 107
60 61 116
60 62 83
60 63 32
60 64 159
60 65 137
60 66 118
60 67 119
60 68 5
60 69 62
60 70 136
60 71 88
60 72 161
60 73 90
60 74 86
60 75 101
60 76 120
60 77 151
60 78 99
60 79 88
60 80 88
60 81 66
60 82 89
60 83 191
60 84 74
60 85 75
60 86 154
60 87 52
60 88 72
60 89 92
60 90 75
60 91 102
60 92 147
60 93 174
60 94 147
60 95 160
60 96 108
60 97 110
60 98 130
60 99 144
61 62 68
61 63 126
61 64 12
61 65 179
61 66 54
61 67 96
61 68 47
61 69 37
61 70 187
61 71 105
61 72 71
61 73 66
61 74 3
61 75 71
61 76 1
61 77 9
61 78 198
61 79 184
61 80 34
61 81 16
61 82 55
61 83 58
61 84 85
61 85 160
61 86 133
61 87 173
61 88 101
61 89 49
61 90 78
61 91 54
61 92 42
61 93 126
61 94 150
61 95 1
61 96 81
61 97 64
61 98 167
61 99 2
62 63 101
62 64 172
62 65 152
62 66 177
62 67 24
62 68 181
62 69 10
62 70 29
62 71 163
62 72 61
62 73 94
62 74 126
62 75 107
62 76 58
62 77 75
62 78 118
62 79 58
62 80 53
62 81 133
62 82 121
62 83 159
62 84 152
62 85 141
62 86 74
62 87 113
62 88 66
62 89 62
62 90 57
62 91 17
62 92 61
62 93 192
62 94 9
62 95 20
62 96 34
62 97 96
62 98 137
62 99 79
63 64 119
63 65 95
63 66 152
63 67 117
63 68 181
63 69 175
63 70 192
63 71 135
63 72 35
63 73 127
63 74 13
63 75 154
63 76 113
63 77 120
63 78 100
63 79 67
63 80 62
63 81 62
63 82 88
63 83 181
63 84 90
63 85 24
63 86 28
63 87 88
63 88 93
63 89 87
63 90 106
63 91 17
63 92 0
63 93 111
63 94 32
63 95 43
63 96 179
63 97 73
63 98 10
63 99 13
64 65 16
64 66 162
64 67 39
64 68 192
64 69 27
64 70 98
64 71 51
64 72 51
64 73 37
64 74 57
64 75 180
64 76 157
64 77 125
64 78 158
64 79 137
64 80 148
64 81 64
64 82 2
64 83 112
64 84 10
64 85 65
64 86 186
64 87 179
64 88 18
64 89 191
64 90 196
64 91 192
64 92 35
64 93 114
64 94 177
64 95 129
64 96 78
64 97 117
64 98 186
64 99 112
65 66 182
65 67 153
65 68 112
65 69 42
65 70 127
65 71 193
65 72 128
65 73 82
65 74 184
65 75 115
65 76 78
65 77 162
65 78 6
65 79 8
65 80 15
65 81 112
65 82 108
65 83 136
65 84 60
65 85 173
65 86 34
65 87 9
65 88 195
65 89 36
65 90 57
65 91 132
65 92 88
65 93 49
65 94 0
65 95 56
65 96 93
65 97 194
65 98 57
65 99 98
66 67 9
66 68 95
66 69 9
66 70 48
66 71 97
66 72 3
66 73 162
66 74 72
66 75 181
66 76 5
66 77 126
66 78 141
66 79 56
66 80 58
66 81 29
66 82 99
66 83 159
66 84 90
66 85 173
66 86 91
66 87 42
66 88 93
66 89 151
66 90 163
66 91 11
66 92 66
66 93 44
66 94 49
66 95 162
66 96 134
66 97 172
66 98 108
66 99 50
67 68 133
67 69 150
67 70 3
67 71 95
67 72 137
67 73 118
67 74 179
67 75 161
67 76 93
67 77 56
67 78 111
67 79 104
67 80 42
67 81 191
67 82 47
67 83 113
67 84 114
67 85 164
67 86 45
67 87 21
67 88 9
67 89 30
67 90 39
67 91 21
67 92 53
67 93 114
67 94 13
67 95 13
67 96 115
67 97 29
67 98 120
67 99 135
68 69 31
68 70 29
68 71 57
68 72 118
68 73 119
68 74 4
68 75 19
68 76 82
68 77 7
68 78 115
68 79 53
68 80 9
68 81 163
68 82 8
68 83 92
68 84 166
68 85 122
68 86 167
68 87 21
68 88 75
68 89 172
68 90 15
68 91 160
68 92 166
68 93 58
68 94 162
68 95 115
68 96 23
68 97 49
68 98 87
68 99 200
