100 4454
0 1 138
0 2 111
0 3 7
0 4 27
0 5 6
0 6 133
0 7 64
0 8 162
0 9 33
0 10 127
0 11 193
0 12 38
0 13 132
0 14 102
0 15 43
0 16 75
0 17 169
0 18 35
0 19 126
0 20 99
0 21 1
0 22 197
0 23 70
0 24 117
0 25 83
0 26 46
0 27 168
0 28 83
0 29 175
0 30 196
0 31 30
0 32 149
0 33 13
0 34 17
0 35 64
0 36 17
0 37 107
0 38 130
0 39 146
0 40 113
0 41 73
0 42 81
0 43 18
0 44 152
0 45 160
0 46 20
0 47 34
0 48 66
0 49 83
0 50 165
0 51 50
0 52 63
0 53 157
0 54 147
0 55 116
0 56 35
0 57 138
0 58 150
0 59 64
0 60 7
0 61 77
0 62 31
0 63 191
0 64 13
0 65 86
0 66 166
0 67 163
0 68 119
0 69 184
0 70 197
0 71 189
0 72 144
0 73 9
0 74 92
0 75 158
0 76 1
0 77 135
0 78 139
0 79 27
0 80 199
0 81 27
0 82 176
0 83 107
0 84 128
0 85 93
0 86 129
0 87 161
0 88 31
0 89 92
0 90 62
0 91 55
0 92 24
0 93 164
0 94 95
0 95 28
0 96 94
0 97 158
0 98 155
0 99 156
1 2 70
1 3 103
1 4 108
1 5 107
1 6 52
1 7 14
1 8 144
1 9 178
1 10 165
1 11 200
1 12 165
1 13 96
1 14 84
1 15 137
1 16 1
1 17 40
1 18 198
1 19 194
1 20 143
1 21 77
1 22 195
1 23 139
1 24 73
1 25 155
1 26 10
1 27 197
1 28 107
1 29 162
1 30 76
1 31 114
1 32 129
1 33 82
1 34 16
1 35 68
1 36 180
1 37 161
1 38 151
1 39 168
1 40 98
1 41 36
1 42 125
1 43 5
1 44 95
1 45 7
1 46 143
1 47 141
1 48 108
1 49 12
1 50 32
1 51 14
1 52 13
1 53 118
1 54 198
1 55 108
1 56 39
1 57 150
1 58 57
1 59 113
1 60 116
1 61 138
1 62 121
1 63 25
1 64 34
1 65 72
1 66 135
1 67 115
1 68 104
1 69 156
1 70 168
1 71 35
1 72 113
1 73 38
1 74 159
1 75 198
1 76 129
1 77 191
1 78 167
1 79 124
1 80 200
1 81 52
1 82 141
1 83 54
1 84 151
1 85 38
1 86 187
1 87 184
1 88 9
1 89 67
1 90 46
1 91 7
1 92 78
1 93 52
1 94 74
1 95 165
1 96 118
1 97 71
1 98 101
1 99 133
2 3 69
2 4 42
2 5 169
2 6 67
2 7 144
2 8 32
2 9 71
2 10 131
2 11 147
2 12 58
2 13 104
2 14 112
2 15 15
2 16 125
2 17 127
2 18 7
2 19 27
2 20 73
2 21 66
2 22 145
2 23 110
2 24 127
2 25 175
2 26 196
2 27 187
2 28 71
2 29 64
2 30 57
2 31 193
2 32 0
2 33 46
2 34 64
2 35 102
2 36 182
2 37 139
2 38 106
2 39 142
2 40 103
2 41 161
2 42 86
2 43 80
2 44 3
2 45 81
2 46 61
2 47 53
2 48 186
2 49 116
2 50 104
2 51 55
2 52 127
2 53 8
2 54 141
2 55 40
2 56 70
2 57 118
2 58 21
2 59 161
2 60 179
2 61 95
2 62 0
2 63 63
2 64 194
2 65 100
2 66 89
2 67 120
2 68 164
2 69 118
2 70 193
2 71 40
2 72 154
2 73 70
2 74 45
2 75 44
2 76 97
2 77 128
2 78 55
2 79 178
2 80 81
2 81 142
2 82 164
2 83 71
2 84 71
2 85 59
2 86 98
2 87 83
2 88 91
2 89 53
2 90 51
2 91 79
2 92 55
2 93 120
2 94 142
2 95 163
2 96 22
2 97 30
2 98 35
2 99 134
3 4 141
3 5 148
3 6 117
3 7 16
3 8 155
3 9 41
3 10 67
3 11 168
3 12 183
3 13 106
3 14 59
3 15 126
3 16 44
3 17 0
3 18 94
3 19 80
3 20 54
3 21 127
3 22 174
3 23 117
3 24 165
3 25 190
3 26 97
3 27 52
3 28 115
3 29 91
3 30 45
3 31 182
3 32 117
3 33 109
3 34 93
3 35 29
3 36 124
3 37 2
3 38 74
3 39 195
3 40 145
3 41 162
3 42 53
3 43 3
3 44 185
3 45 130
3 46 13
3 47 172
3 48 39
3 49 37
3 50 132
3 51 30
3 52 97
3 53 68
3 54 6
3 55 140
3 56 65
3 57 184
3 58 124
3 59 1
3 60 192
3 61 31
3 62 69
3 63 91
3 64 130
3 65 83
3 66 194
3 67 56
3 68 51
3 69 113
3 70 141
3 71 141
3 72 70
3 73 193
3 74 179
3 75 85
3 76 69
3 77 67
3 78 4
3 79 187
3 80 95
3 81 137
3 82 181
3 83 4
3 84 34
3 85 186
3 86 164
3 87 74
3 88 193
3 89 78
3 90 33
3 91 40
3 92 137
3 93 195
3 94 134
3 95 141
3 96 116
3 97 18
3 98 87
3 99 183
4 5 12
4 6 0
4 7 149
4 8 23
4 9 31
4 10 142
4 11 72
4 12 69
4 13 154
4 14 91
4 15 113
4 16 41
4 17 112
4 18 197
4 19 155
4 20 113
4 21 133
4 22 159
4 23 161
4 24 121
4 25 175
4 26 23
4 27 161
4 28 86
4 29 21
4 30 117
4 31 200
4 32 171
4 33 139
4 34 86
4 35 63
4 36 148
4 37 3
4 38 60
4 39 112
4 40 132
4 41 73
4 42 1
4 43 130
4 44 26
4 45 187
4 46 29
4 47 189
4 48 33
4 49 200
4 50 188
4 51 73
4 52 129
4 53 23
4 54 196
4 55 95
4 56 38
4 57 67
4 58 179
4 59 165
4 60 10
4 61 178
4 62 182
4 63 187
4 64 85
4 65 72
4 66 118
4 67 21
4 68 8
4 69 109
4 70 120
4 71 39
4 72 85
4 73 78
4 74 28
4 75 148
4 76 169
4 77 103
4 78 24
4 79 190
4 80 87
4 81 90
4 82 165
4 83 19
4 84 45
4 85 5
4 86 64
4 87 174
4 88 200
4 89 17
4 90 117
4 91 84
4 92 81
4 93 101
4 94 1
4 95 51
4 96 115
4 97 58
4 98 146
4 99 115
5 6 8
5 7 95
5 8 187
5 9 30
5 10 109
5 11 129
5 12 88
5 13 119
5 14 75
5 15 58
5 16 131
5 17 139
5 18 118
5 19 124
5 20 27
5 21 132
5 22 166
5 23 126
5 24 32
5 25 176
5 26 164
5 27 95
5 28 163
5 29 12
5 30 64
5 31 2
5 32 142
5 33 46
5 34 157
5 35 162
5 36 10
5 37 66
5 38 8
5 39 114
5 40 103
5 41 1
5 42 80
5 43 66
5 44 137
5 45 18
5 46 153
5 47 136
5 48 59
5 49 80
5 50 131
5 51 58
5 52 91
5 53 178
5 54 148
5 55 7
5 56 14
5 57 93
5 58 100
5 59 6
5 60 111
5 61 110
5 62 16
5 63 113
5 64 138
5 65 8
5 66 143
5 67 77
5 68 168
5 69 127
5 70 100
5 71 36
5 72 67
5 73 122
5 74 100
5 75 98
5 76 74
5 77 13
5 78 180
5 79 29
5 80 142
5 81 16
5 82 72
5 83 183
5 84 187
5 85 4
5 86 20
5 87 92
5 88 174
5 89 134
5 90 142
5 91 137
5 92 11
5 93 128
5 94 175
5 95 0
5 96 146
5 97 179
5 98 51
5 99 115
6 7 199
6 8 63
6 9 189
6 10 197
6 11 44
6 12 160
6 13 65
6 14 128
6 15 46
6 16 26
6 17 15
6 18 6
6 19 88
6 20 100
6 21 150
6 22 107
6 23 200
6 24 150
6 25 133
6 26 164
6 27 110
6 28 17
6 29 74
6 30 32
6 31 42
6 32 168
6 33 95
6 34 67
6 35 153
6 36 56
6 37 51
6 38 23
6 39 126
6 40 112
6 41 146
6 42 53
6 43 128
6 44 172
6 45 172
6 46 143
6 47 160
6 48 73
6 49 2
6 50 140
6 51 17
6 52 22
6 53 82
6 54 187
6 55 124
6 56 13
6 57 19
6 58 121
6 59 155
6 60 183
6 61 174
6 62 137
6 63 162
6 64 128
6 65 118
6 66 78
6 67 140
6 68 104
6 69 190
6 70 82
6 71 121
6 72 138
6 73 97
6 74 177
6 75 129
6 76 149
6 77 113
6 78 71
6 79 23
6 80 35
6 81 84
6 82 54
6 83 66
6 84 111
6 85 80
6 86 192
6 87 3
6 88 195
6 89 188
6 90 134
6 91 11
6 92 58
6 93 114
6 94 79
6 95 99
6 96 74
6 97 40
6 98 47
6 99 141
7 8 59
7 9 178
7 10 94
7 11 25
7 12 146
7 13 152
7 14 73
7 15 160
7 16 115
7 17 200
7 18 189
7 19 86
7 20 181
7 21 49
7 22 199
7 23 55
7 24 105
7 25 167
7 26 33
7 27 189
7 28 60
7 29 38
7 30 61
7 31 1
7 32 136
7 33 164
7 34 198
7 35 7
7 36 161
7 37 189
7 38 88
7 39 80
7 40 168
7 41 92
7 42 159
7 43 0
7 44 48
7 45 36
7 46 177
7 47 107
7 48 32
7 49 134
7 50 119
7 51 176
7 52 181
7 53 105
7 54 111
7 55 61
7 56 200
7 57 164
7 58 143
7 59 109
7 60 35
7 61 26
7 62 141
7 63 96
7 64 115
7 65 62
7 66 6
7 67 60
7 68 52
7 69 68
7 70 139
7 71 184
7 72 93
7 73 189
7 74 109
7 75 36
7 76 127
7 77 65
7 78 171
7 79 175
7 80 28
7 81 30
7 82 102
7 83 124
7 84 12
7 85 119
7 86 193
7 87 124
7 88 196
7 89 100
7 90 70
7 91 98
7 92 7
7 93 46
7 94 150
7 95 189
7 96 71
7 97 194
7 98 120
7 99 108
8 9 103
8 10 32
8 11 158
8 12 168
8 13 130
8 14 67
8 15 120
8 16 52
8 17 126
8 18 109
8 19 189
8 20 54
8 21 67
8 22 20
8 23 143
8 24 123
8 25 80
8 26 25
8 27 153
8 28 155
8 29 113
8 30 192
8 31 162
8 32 179
8 33 108
8 34 163
8 35 6
8 36 119
8 37 173
8 38 163
8 39 7
8 40 135
8 41 177
8 42 52
8 43 76
8 44 105
8 45 113
8 46 23
8 47 77
8 48 30
8 49 5
8 50 135
8 51 156
8 52 100
8 53 83
8 54 150
8 55 94
8 56 55
8 57 14
8 58 104
8 59 42
8 60 193
8 61 189
8 62 135
8 63 62
8 64 145
8 65 69
8 66 16
8 67 161
8 68 175
8 69 131
8 70 9
8 71 182
8 72 114
8 73 9
8 74 70
8 75 70
8 76 7
8 77 29
8 78 194
8 79 17
8 80 48
8 81 49
8 82 40
8 83 198
8 84 63
8 85 113
8 86 160
8 87 187
8 88 50
8 89 138
8 90 133
8 91 154
8 92 178
8 93 38
8 94 64
8 95 32
8 96 6
8 97 116
8 98 44
8 99 138
9 10 117
9 11 92
9 12 3
9 13 96
9 14 143
9 15 192
9 16 119
9 17 6
9 18 103
9 19 13
9 20 104
9 21 48
9 22 18
9 23 175
9 24 20
9 25 144
9 26 69
9 27 138
9 28 8
9 29 194
9 30 41
9 31 5
9 32 139
9 33 100
9 34 50
9 35 32
9 36 5
9 37 17
9 38 82
9 39 199
9 40 191
9 41 92
9 42 132
9 43 45
9 44 70
9 45 165
9 46 187
9 47 110
9 48 152
9 49 6
9 50 139
9 51 14
9 52 153
9 53 23
9 54 141
9 55 105
9 56 67
9 57 14
9 58 5
9 59 200
9 60 32
9 61 126
9 62 175
9 63 115
9 64 62
9 65 28
9 66 91
9 67 166
9 68 38
9 69 4
9 70 58
9 71 129
9 72 51
9 73 169
9 74 169
9 75 58
9 76 33
9 77 3
9 78 123
9 79 155
9 80 192
9 81 193
9 82 128
9 83 166
9 84 181
9 85 101
9 86 66
9 87 109
9 88 189
9 89 94
9 90 95
9 91 23
9 92 134
9 93 110
9 94 26
9 95 8
9 96 154
9 97 47
9 98 10
9 99 181
10 11 19
10 12 59
10 13 44
10 14 183
10 15 62
10 16 64
10 17 35
10 18 56
10 19 64
10 20 53
10 21 142
10 22 167
10 23 185
10 24 77
10 25 56
10 26 142
10 27 160
10 28 137
10 29 170
10 30 22
10 31 147
10 32 137
10 33 90
10 34 78
10 35 162
10 36 102
10 37 30
10 38 59
10 39 117
10 40 54
10 41 115
10 42 124
10 43 12
10 44 147
10 45 60
10 46 123
10 47 35
10 48 117
10 49 32
10 50 174
10 51 34
10 52 37
10 53 15
10 54 86
10 55 114
10 56 17
10 57 47
10 58 13
10 59 102
10 60 80
10 61 11
10 62 113
10 63 92
10 64 24
10 65 189
10 66 137
10 67 50
10 68 103
10 69 64
10 70 107
10 71 96
10 72 178
10 73 135
10 74 198
10 75 66
10 76 189
10 77 184
10 78 116
10 79 151
10 80 158
10 81 40
10 82 173
10 83 165
10 84 4
10 85 149
10 86 90
10 87 120
10 88 155
10 89 73
10 90 26
10 91 182
10 92 153
10 93 64
10 94 153
10 95 26
10 96 190
10 97 176
10 98 118
10 99 17
11 12 55
11 13 53
11 14 29
11 15 22
11 16 145
11 17 140
11 18 142
11 19 144
11 20 133
11 21 63
11 22 133
11 23 93
11 24 198
11 25 116
11 26 1
11 27 0
11 28 133
11 29 59
11 30 24
11 31 178
11 32 36
11 33 28
11 34 49
11 35 5
11 36 163
11 37 167
11 38 57
11 39 158
11 40 27
11 41 168
11 42 183
11 43 52
11 44 166
11 45 166
11 46 147
11 47 74
11 48 166
11 49 35
11 50 117
11 51 77
11 52 176
11 53 13
11 54 155
11 55 18
11 56 121
11 57 151
11 58 28
11 59 137
11 60 158
11 61 200
11 62 76
11 63 162
11 64 80
11 65 49
11 66 49
11 67 20
11 68 62
11 69 98
11 70 69
11 71 181
11 72 17
11 73 99
11 74 62
11 75 163
11 76 99
11 77 8
11 78 143
11 79 68
11 80 142
11 81 185
11 82 46
11 83 181
11 84 19
11 85 159
11 86 156
11 87 49
11 88 20
11 89 114
11 90 72
11 91 29
11 92 91
11 93 62
11 94 197
11 95 44
11 96 91
11 97 132
11 98 86
11 99 191
12 13 26
12 14 110
12 15 169
12 16 96
12 17 23
12 18 161
12 19 101
12 20 67
12 21 83
12 22 69
12 23 155
12 24 145
12 25 185
12 26 70
12 27 8
12 28 5
12 29 103
12 30 89
12 31 195
12 32 51
12 33 156
12 34 188
12 35 180
12 36 76
12 37 37
12 38 101
12 39 48
12 40 122
12 41 122
12 42 114
12 43 120
12 44 171
12 45 107
12 46 111
12 47 132
12 48 108
12 49 121
12 50 67
12 51 188
12 52 121
12 53 75
12 54 82
12 55 79
12 56 163
12 57 182
12 58 11
12 59 81
12 60 34
12 61 42
12 62 19
12 63 86
12 64 150
12 65 113
12 66 58
12 67 133
12 68 51
12 69 67
12 70 24
12 71 197
12 72 198
12 73 8
12 74 98
12 75 70
12 76 124
12 77 52
12 78 125
12 79 82
12 80 124
12 81 99
12 82 5
12 83 178
12 84 149
12 85 79
12 86 185
12 87 4
12 88 146
12 89 78
12 90 179
12 91 150
12 92 174
12 93 138
12 94 75
12 95 29
12 96 25
12 97 5
12 98 23
12 99 65
13 14 32
13 15 105
13 16 10
13 17 11
13 18 30
13 19 132
13 20 119
13 21 49
13 22 168
13 23 174
13 24 99
13 25 164
13 26 141
13 27 40
13 28 200
13 29 125
13 30 77
13 31 184
13 32 22
13 33 130
13 34 159
13 35 79
13 36 189
13 37 194
13 38 122
13 39 65
13 40 168
13 41 143
13 42 102
13 43 94
13 44 53
13 45 188
13 46 55
13 47 194
13 48 4
13 49 19
13 50 169
13 51 113
13 52 151
13 53 2
13 54 35
13 55 118
13 56 24
13 57 16
13 58 100
13 59 33
13 60 22
13 61 59
13 62 15
13 63 114
13 64 195
13 65 49
13 66 185
13 67 14
13 68 15
13 69 72
13 70 198
13 71 7
13 72 7
13 73 36
13 74 143
13 75 77
13 76 51
13 77 181
13 78 169
13 79 52
13 80 112
13 81 19
13 82 90
13 83 26
13 84 129
13 85 26
13 86 7
13 87 79
13 88 94
13 89 118
13 90 72
13 91 87
13 92 191
13 93 67
13 94 97
13 95 35
13 96 32
13 97 106
13 98 33
13 99 147
14 15 154
14 16 161
14 17 152
14 18 102
14 19 149
14 20 45
14 21 67
14 22 130
14 23 166
14 24 38
14 25 151
14 26 84
14 27 88
14 28 189
14 29 3
14 30 164
14 31 97
14 32 28
14 33 27
14 34 0
14 35 116
14 36 178
14 37 90
14 38 6
14 39 58
14 40 107
14 41 47
14 42 30
14 43 114
14 44 38
14 45 197
14 46 158
14 47 143
14 48 149
14 49 67
14 50 8
14 51 36
14 52 3
14 53 162
14 54 138
14 55 186
14 56 29
14 57 153
14 58 33
14 59 198
14 60 196
14 61 88
14 62 160
14 63 135
14 64 177
14 65 72
14 66 74
14 67 199
14 68 86
14 69 28
14 70 93
14 71 89
14 72 159
14 73 167
14 74 11
14 75 62
14 76 133
14 77 45
14 78 84
14 79 87
14 80 51
14 81 95
14 82 75
14 83 173
14 84 143
14 85 24
14 86 178
14 87 49
14 88 40
14 89 85
14 90 29
14 91 0
14 92 18
14 93 165
14 94 92
14 95 21
14 96 117
14 97 130
14 98 50
14 99 24
15 16 3
15 17 92
15 18 102
15 19 137
15 20 14
15 21 28
15 22 155
15 23 78
15 24 198
15 25 45
15 26 82
15 27 154
15 28 147
15 29 130
15 30 91
15 31 192
15 32 119
15 33 101
15 34 148
15 35 48
15 36 9
15 37 31
15 38 16
15 39 143
15 40 145
15 41 111
15 42 178
15 43 99
15 44 160
15 45 111
15 46 130
15 47 8
15 48 160
15 49 92
15 50 185
15 51 22
15 52 123
15 53 143
15 54 2
15 55 105
15 56 110
15 57 11
15 58 142
15 59 95
15 60 187
15 61 116
15 62 64
15 63 125
15 64 85
15 65 8
15 66 171
15 67 37
15 68 84
15 69 72
15 70 163
15 71 51
15 72 115
15 73 104
15 74 78
15 75 78
15 76 142
15 77 5
15 78 68
15 79 157
15 80 75
15 81 119
15 82 77
15 83 152
15 84 112
15 85 60
15 86 184
15 87 116
15 88 10
15 89 122
15 90 60
15 91 0
15 92 27
15 93 112
15 94 56
15 95 59
15 96 162
15 97 147
15 98 17
15 99 99
16 17 107
16 18 120
16 19 23
16 20 183
16 21 120
16 22 159
16 23 51
16 24 178
16 25 29
16 26 73
16 27 21
16 28 28
16 29 5
16 30 194
16 31 81
16 32 23
16 33 163
16 34 160
16 35 97
16 36 106
16 37 189
16 38 39
16 39 52
16 40 61
16 41 87
16 42 186
16 43 48
16 44 46
16 45 116
16 46 185
16 47 138
16 48 28
16 49 132
16 50 84
16 51 182
16 52 146
16 53 157
16 54 157
16 55 33
16 56 65
16 57 41
16 58 109
16 59 9
16 60 121
16 61 90
16 62 161
16 63 168
16 64 105
16 65 24
16 66 166
16 67 58
16 68 32
16 69 67
16 70 69
16 71 43
16 72 77
16 73 190
16 74 99
16 75 90
16 76 165
16 77 199
16 78 79
16 79 30
16 80 142
16 81 90
16 82 120
16 83 50
16 84 67
16 85 83
16 86 193
16 87 142
16 88 97
16 89 76
16 90 196
16 91 44
16 92 151
16 93 126
16 94 109
16 95 114
16 96 32
16 97 68
16 98 15
16 99 181
17 18 25
17 19 104
17 20 198
17 21 175
17 22 81
17 23 104
17 24 50
17 25 57
17 26 52
17 27 94
17 28 198
17 29 54
17 30 77
17 31 3
17 32 193
17 33 68
17 34 165
17 35 135
17 36 134
17 37 89
17 38 74
17 39 77
17 40 64
17 41 189
17 42 197
17 43 132
17 44 108
17 45 73
17 46 24
17 47 58
17 48 4
17 49 19
17 50 22
17 51 155
17 52 69
17 53 156
17 54 9
17 55 65
17 56 82
17 57 130
17 58 105
17 59 176
17 60 177
17 61 97
17 62 53
17 63 185
17 64 170
17 65 165
17 66 68
17 67 60
17 68 84
17 69 181
17 70 11
17 71 111
17 72 95
17 73 14
17 74 145
17 75 92
17 76 55
17 77 19
17 78 167
17 79 54
17 80 70
17 81 196
17 82 118
17 83 71
17 84 48
17 85 67
17 86 38
17 87 32
17 88 156
17 89 101
17 90 45
17 91 189
17 92 199
17 93 64
17 94 92
17 95 45
17 96 6
17 97 138
17 98 16
17 99 65
18 19 24
18 20 88
18 21 27
18 22 77
18 23 9
18 24 125
18 25 194
18 26 50
18 27 144
18 28 106
18 29 3
18 30 147
18 31 134
18 32 16
18 33 77
18 34 98
18 35 121
18 36 86
18 37 161
18 38 16
18 39 24
18 40 15
18 41 181
18 42 166
18 43 117
18 44 143
18 45 163
18 46 163
18 47 94
18 48 63
18 49 117
18 50 133
18 51 94
18 52 74
18 53 137
18 54 26
18 55 30
18 56 37
18 57 31
18 58 94
18 59 131
18 60 36
18 61 170
18 62 130
18 63 176
18 64 157
18 65 186
18 66 126
18 67 146
18 68 174
18 69 59
18 70 184
18 71 83
18 72 89
18 73 187
18 74 192
18 75 184
18 76 95
18 77 168
18 78 174
18 79 151
18 80 127
18 81 49
18 82 195
18 83 122
18 84 171
18 85 77
18 86 182
18 87 18
18 88 135
18 89 47
18 90 99
18 91 146
18 92 119
18 93 31
18 94 37
18 95 52
18 96 57
18 97 167
18 98 62
18 99 49
19 20 138
19 21 89
19 22 197
19 23 155
19 24 186
19 25 119
19 26 186
19 27 67
19 28 2
19 29 0
19 30 103
19 31 169
19 32 91
19 33 25
19 34 44
19 35 15
19 36 145
19 37 182
19 38 163
19 39 97
19 40 70
19 41 198
19 42 9
19 43 45
19 44 141
19 45 28
19 46 68
19 47 20
19 48 185
19 49 48
19 50 128
19 51 40
19 52 147
19 53 2
19 54 196
19 55 92
19 56 138
19 57 145
19 58 94
19 59 169
19 60 153
19 61 120
19 62 188
19 63 200
19 64 41
19 65 114
19 66 83
19 67 23
19 68 84
19 69 121
19 70 14
19 71 25
19 72 121
19 73 142
19 74 132
19 75 66
19 76 45
19 77 113
19 78 89
19 79 136
19 80 107
19 81 46
19 82 76
19 83 172
19 84 189
19 85 117
19 86 126
19 87 96
19 88 35
19 89 137
19 90 164
19 91 106
19 92 130
19 93 95
19 94 118
19 95 1
19 96 160
19 97 89
19 98 160
19 99 169
20 21 100
20 22 110
20 23 79
20 24 111
20 25 123
20 26 133
20 27 40
20 28 116
20 29 2
20 30 194
20 31 11
20 32 3
20 33 171
20 34 14
20 35 124
20 36 174
20 37 82
20 38 22
20 39 191
20 40 37
20 41 157
20 42 75
20 43 162
20 44 193
20 45 131
20 46 88
20 47 149
20 48 119
20 49 143
20 50 127
20 51 121
20 52 170
20 53 22
20 54 114
20 55 118
20 56 151
20 57 175
20 58 142
20 59 196
20 60 157
20 61 152
20 62 60
20 63 80
20 64 117
20 65 21
20 66 40
20 67 128
20 68 77
20 69 32
20 70 131
20 71 113
20 72 148
20 73 113
20 74 81
20 75 33
20 76 145
20 77 181
20 78 43
20 79 102
20 80 12
20 81 76
20 82 10
20 83 144
20 84 109
20 85 200
20 86 138
20 87 191
20 88 53
20 89 130
20 90 188
20 91 86
20 92 108
20 93 14
20 94 1
20 95 13
20 96 10
20 97 101
20 98 149
20 99 101
21 22 97
21 23 38
21 24 199
21 25 138
21 26 40
21 27 121
21 28 9
21 29 144
21 30 129
21 31 194
21 32 93
21 33 182
21 34 33
21 35 138
21 36 23
21 37 7
21 38 71
21 39 71
21 40 133
21 41 77
21 42 58
21 43 148
21 44 127
21 45 122
21 46 53
21 47 38
21 48 51
21 49 149
21 50 156
21 51 16
21 52 2
21 53 142
21 54 9
21 55 118
21 56 193
21 57 87
21 58 159
21 59 186
21 60 64
21 61 187
21 62 190
21 63 160
21 64 186
21 65 19
21 66 160
21 67 180
21 68 192
21 69 164
21 70 152
21 71 189
21 72 85
21 73 29
21 74 92
21 75 193
21 76 196
21 77 129
21 78 108
21 79 52
21 80 128
21 81 41
21 82 25
21 83 17
21 84 118
21 85 107
21 86 151
21 87 38
21 88 169
21 89 9
21 90 42
21 91 0
21 92 73
21 93 20
21 94 12
21 95 14
21 96 198
21 97 85
21 98 92
21 99 77
22 23 32
22 24 145
22 25 183
22 26 162
22 27 106
22 28 169
22 29 49
22 30 70
22 31 14
22 32 66
22 33 197
22 34 93
22 35 186
22 36 58
22 37 159
22 38 189
22 39 165
22 40 100
22 41 13
22 42 84
22 43 104
22 44 193
22 45 45
22 46 147
22 47 40
22 48 116
22 49 199
22 50 159
22 51 80
22 52 171
22 53 79
22 54 147
22 55 32
22 56 103
22 57 24
22 58 123
22 59 20
22 60 177
22 61 122
22 62 134
22 63 67
22 64 29
22 65 3
22 66 63
22 67 165
22 68 59
22 69 140
22 70 169
22 71 31
22 72 114
22 73 178
22 74 64
22 75 147
22 76 136
22 77 4
22 78 13
22 79 43
22 80 155
22 81 97
22 82 3
22 83 110
22 84 148
22 85 32
22 86 32
22 87 48
22 88 30
22 89 33
22 90 33
22 91 34
22 92 71
22 93 144
22 94 143
22 95 163
22 96 38
22 97 137
22 98 49
22 99 188
23 24 172
23 25 6
23 26 148
23 27 110
23 28 99
23 29 106
23 30 0
23 31 114
23 32 5
23 33 69
23 34 148
23 35 150
23 36 118
23 37 88
23 38 103
23 39 66
23 40 35
23 41 6
23 42 47
23 43 130
23 44 81
23 45 98
23 46 109
23 47 4
23 48 3
23 49 129
23 50 194
23 51 5
23 52 129
23 53 122
23 54 149
23 55 172
23 56 56
23 57 196
23 58 1
23 59 33
23 60 80
23 61 38
23 62 108
23 63 141
23 64 1
23 65 166
23 66 1
23 67 144
23 68 133
23 69 29
23 70 34
23 71 117
23 72 133
23 73 94
23 74 144
23 75 160
23 76 19
23 77 106
23 78 3
23 79 26
23 80 63
23 81 45
23 82 95
23 83 100
23 84 158
23 85 3
23 86 132
23 87 45
23 88 156
23 89 79
23 90 81
23 91 144
23 92 35
23 93 59
23 94 23
23 95 170
23 96 102
23 97 17
23 98 24
23 99 61
24 25 180
24 26 135
24 27 31
24 28 181
24 29 122
24 30 18
24 31 51
24 32 28
24 33 4
24 34 74
24 35 191
24 36 25
24 37 163
24 38 110
24 39 155
24 40 50
24 41 30
24 42 170
24 43 16
24 44 108
24 45 121
24 46 120
24 47 41
24 48 74
24 49 14
24 50 56
24 51 118
24 52 51
24 53 142
24 54 106
24 55 164
24 56 3
24 57 24
24 58 99
24 59 151
24 60 157
24 61 146
24 62 166
24 63 57
24 64 163
24 65 98
24 66 91
24 67 58
24 68 185
24 69 29
24 70 83
24 71 103
24 72 91
24 73 107
24 74 123
24 75 84
24 76 52
24 77 85
24 78 194
24 79 92
24 80 30
24 81 93
24 82 151
24 83 127
24 84 73
24 85 196
24 86 52
24 87 118
24 88 53
24 89 144
24 90 159
24 91 3
24 92 157
24 93 88
24 94 83
24 95 107
24 96 15
24 97 73
24 98 123
24 99 16
25 26 145
25 27 13
25 28 155
25 29 108
25 30 194
25 31 60
25 32 128
25 33 124
25 34 80
25 35 197
25 36 50
25 37 115
25 38 67
25 39 162
25 40 194
25 41 105
25 42 73
25 43 91
25 44 39
25 45 159
25 46 151
25 47 186
25 48 144
25 49 2
25 50 173
25 51 96
25 52 46
25 53 14
25 54 53
25 55 2
25 56 130
25 57 83
25 58 135
25 59 151
25 60 185
25 61 157
25 62 126
25 63 155
25 64 47
25 65 158
25 66 38
25 67 55
25 68 151
25 69 43
25 70 134
25 71 145
25 72 148
25 73 140
25 74 75
25 75 20
25 76 112
25 77 177
25 78 70
25 79 185
25 80 77
25 81 70
25 82 139
25 83 2
25 84 31
25 85 89
25 86 25
25 87 48
25 88 6
25 89 96
25 90 64
25 91 148
25 92 55
25 93 154
25 94 158
25 95 185
25 96 115
25 97 70
25 98 118
25 99 65
26 27 27
26 28 112
26 29 7
26 30 3
26 31 120
26 32 8
26 33 64
26 34 92
26 35 69
26 36 123
26 37 71
26 38 95
26 39 141
26 40 176
26 41 184
26 42 193
26 43 58
26 44 98
26 45 149
26 46 155
26 47 118
26 48 30
26 49 70
26 50 48
26 51 117
26 52 75
26 53 176
26 54 18
26 55 43
26 56 119
26 57 138
26 58 85
26 59 82
26 60 74
26 61 30
26 62 40
26 63 179
26 64 191
26 65 75
26 66 181
26 67 78
26 68 129
26 69 73
26 70 172
26 71 59
26 72 136
26 73 161
26 74 56
26 75 120
26 76 44
26 77 27
26 78 53
26 79 190
26 80 168
26 81 120
26 82 155
26 83 102
26 84 89
26 85 129
26 86 33
26 87 197
26 88 197
26 89 200
26 90 96
26 91 187
26 92 26
26 93 155
26 94 59
26 95 26
26 96 0
26 97 126
26 98 38
26 99 163
27 28 43
27 29 78
27 30 183
27 31 169
27 32 110
27 33 160
27 34 179
27 35 14
27 36 127
27 37 45
27 38 174
27 39 156
27 40 171
27 41 107
27 42 194
27 43 131
27 44 18
27 45 19
27 46 115
27 47 54
27 48 0
27 49 173
27 50 102
27 51 180
27 52 105
27 53 137
27 54 95
27 55 200
27 56 52
27 57 141
27 58 68
27 59 57
27 60 67
27 61 96
27 62 103
27 63 180
27 64 184
27 65 133
27 66 26
27 67 75
27 68 200
27 69 108
27 70 101
27 71 132
27 72 31
27 73 139
27 74 45
27 75 55
27 76 133
27 77 40
27 78 119
27 79 107
27 80 13
27 81 169
27 82 1
27 83 172
27 84 186
27 85 102
27 86 35
27 87 111
27 88 172
27 89 113
27 90 116
27 91 107
27 92 98
27 93 194
27 94 160
27 95 199
27 96 107
27 97 151
27 98 104
27 99 160
28 29 164
28 30 16
28 31 136
28 32 197
28 33 86
28 34 104
28 35 80
28 36 103
28 37 169
28 38 62
28 39 20
28 40 116
28 41 55
28 42 15
28 43 161
28 44 134
28 45 91
28 46 101
28 47 136
28 48 101
28 49 4
28 50 124
28 51 188
28 52 162
28 53 115
28 54 200
28 55 159
28 56 89
28 57 73
28 58 99
28 59 139
28 60 45
28 61 191
28 62 63
28 63 134
28 64 166
28 65 14
28 66 65
28 67 169
28 68 104
28 69 39
28 70 153
28 71 106
28 72 107
28 73 70
28 74 93
28 75 66
28 76 147
28 77 13
28 78 169
28 79 42
28 80 64
28 81 107
28 82 56
28 83 125
28 84 63
28 85 189
28 86 142
28 87 131
28 88 134
28 89 122
28 90 9
28 91 176
28 92 21
28 93 100
28 94 121
28 95 123
28 96 132
28 97 30
28 98 172
28 99 179
29 30 59
29 31 160
29 32 127
29 33 26
29 34 61
29 35 25
29 36 47
29 37 35
29 38 114
29 39 93
29 40 155
29 41 141
29 42 91
29 43 58
29 44 138
29 45 163
29 46 11
29 47 136
29 48 141
29 49 141
29 50 117
29 51 127
29 52 47
29 53 56
29 54 99
29 55 195
29 56 57
29 57 86
29 58 43
29 59 182
29 60 121
29 61 64
29 62 199
29 63 66
29 64 52
29 65 134
29 66 64
29 67 120
29 68 36
29 69 132
29 70 50
29 71 31
29 72 134
29 73 177
29 74 27
29 75 97
29 76 105
29 77 195
29 78 100
29 79 55
29 80 109
29 81 36
29 82 28
29 83 170
29 84 122
29 85 58
29 86 170
29 87 32
29 88 199
29 89 122
29 90 0
29 91 109
29 92 173
29 93 66
29 94 20
29 95 179
29 96 52
29 97 7
29 98 195
29 99 133
30 31 88
30 32 101
30 33 96
30 34 133
30 35 59
30 36 124
30 37 120
30 38 154
30 39 101
30 40 12
30 41 174
30 42 80
30 43 99
30 44 18
30 45 74
30 46 91
30 47 76
30 48 153
30 49 149
30 50 50
30 51 182
30 52 88
30 53 50
30 54 75
30 55 163
30 56 113
30 57 116
30 58 69
30 59 90
30 60 184
30 61 95
30 62 9
30 63 151
30 64 54
30 65 32
30 66 56
30 67 124
30 68 62
30 69 66
30 70 3
30 71 185
30 72 56
30 73 99
30 74 44
30 75 48
30 76 77
30 77 22
30 78 49
30 79 4
30 80 114
30 81 165
30 82 100
30 83 11
30 84 41
30 85 15
30 86 154
30 87 122
30 88 70
30 89 61
30 90 88
30 91 173
30 92 135
30 93 52
30 94 150
30 95 18
30 96 135
30 97 165
30 98 101
30 99 132
31 32 57
31 33 98
31 34 195
31 35 40
31 36 59
31 37 178
31 38 37
31 39 158
31 40 17
31 41 5
31 42 169
31 43 36
31 44 185
31 45 127
31 46 65
31 47 165
31 48 135
31 49 156
31 50 117
31 51 87
31 52 3
31 53 177
31 54 60
31 55 167
31 56 156
31 57 166
31 58 36
31 59 23
31 60 192
31 61 20
31 62 68
31 63 11
31 64 145
31 65 189
31 66 65
31 67 185
31 68 146
31 69 82
31 70 139
31 71 50
31 72 140
31 73 61
31 74 22
31 75 143
31 76 151
31 77 126
31 78 124
31 79 120
31 80 9
31 81 13
31 82 11
31 83 13
31 84 87
31 85 12
31 86 43
31 87 158
31 88 167
31 89 185
31 90 100
31 91 173
31 92 89
31 93 157
31 94 124
31 95 106
31 96 93
31 97 147
31 98 164
31 99 35
32 33 4
32 34 17
32 35 179
32 36 53
32 37 25
32 38 171
32 39 3
32 40 146
32 41 163
32 42 119
32 43 7
32 44 140
32 45 162
32 46 186
32 47 141
32 48 103
32 49 186
32 50 162
32 51 39
32 52 64
32 53 15
32 54 75
32 55 62
32 56 2
32 57 82
32 58 29
32 59 87
32 60 144
32 61 26
32 62 72
32 63 163
32 64 102
32 65 69
32 66 119
32 67 154
32 68 39
32 69 113
32 70 127
32 71 53
32 72 12
32 73 96
32 74 124
32 75 43
32 76 135
32 77 120
32 78 185
32 79 171
32 80 93
32 81 103
32 82 5
32 83 171
32 84 17
32 85 72
32 86 117
32 87 156
32 88 22
32 89 180
32 90 4
32 91 87
32 92 123
32 93 179
32 94 199
32 95 151
32 96 59
32 97 59
32 98 35
32 99 25
33 34 141
33 35 189
33 36 178
33 37 75
33 38 192
33 39 20
33 40 48
33 41 23
33 42 193
33 43 111
33 44 116
33 45 118
33 46 94
33 47 129
33 48 111
33 49 126
33 50 18
33 51 177
33 52 17
33 53 154
33 54 84
33 55 151
33 56 118
33 57 46
33 58 87
33 59 198
33 60 184
33 61 85
33 62 147
33 63 79
33 64 22
33 65 25
33 66 1
33 67 56
33 68 87
33 69 189
33 70 179
33 71 149
33 72 177
33 73 18
33 74 47
33 75 43
33 76 165
33 77 165
33 78 43
33 79 161
33 80 118
33 81 149
33 82 57
33 83 74
33 84 54
33 85 40
33 86 116
33 87 3
33 88 75
33 89 126
33 90 84
33 91 39
33 92 186
33 93 105
33 94 63
33 95 28
33 96 18
33 97 110
33 98 84
33 99 127
34 35 103
34 36 109
34 37 49
34 38 166
34 39 5
34 40 4
34 41 86
34 42 111
34 43 90
34 44 195
34 45 122
34 46 108
34 47 106
34 48 43
34 49 7
34 50 57
34 51 155
34 52 191
34 53 166
34 54 2
34 55 47
34 56 166
34 57 16
34 58 129
34 59 47
34 60 46
34 61 2
34 62 148
34 63 165
34 64 9
34 65 120
34 66 49
34 67 122
34 68 110
34 69 37
34 70 172
34 71 44
34 72 72
34 73 66
34 74 139
34 75 166
34 76 118
34 77 121
34 78 168
34 79 53
34 80 10
34 81 34
34 82 97
34 83 65
34 84 89
34 85 187
34 86 76
34 87 7
34 88 22
34 89 185
34 90 102
34 91 150
34 92 58
34 93 116
34 94 175
34 95 87
34 96 4
34 97 99
34 98 69
34 99 120
35 36 200
35 37 102
35 38 122
35 39 192
35 40 41
35 41 75
35 42 176
35 43 67
35 44 75
35 45 72
35 46 4
35 47 50
35 48 179
35 49 42
35 50 29
35 51 189
35 52 21
35 53 95
35 54 1
35 55 178
35 56 116
35 57 191
35 58 43
35 59 196
35 60 150
35 61 186
35 62 83
35 63 26
35 64 63
35 65 13
35 66 73
35 67 78
35 68 75
35 69 104
35 70 72
35 71 29
35 72 55
35 73 82
35 74 180
35 75 64
35 76 38
35 77 110
35 78 76
35 79 14
35 80 154
35 81 89
35 82 116
35 83 35
35 84 171
35 85 174
35 86 151
35 87 73
35 88 185
35 89 53
35 90 87
35 91 32
35 92 80
35 93 149
35 94 108
35 95 40
35 96 139
35 97 93
35 98 105
35 99 89
36 37 93
36 38 83
36 39 53
36 40 125
36 41 32
36 42 124
36 43 95
36 44 66
36 45 12
36 46 143
36 47 125
36 48 62
36 49 181
36 50 1
36 51 51
36 52 91
36 53 198
36 54 174
36 55 71
36 56 105
36 57 13
36 58 10
36 59 84
36 60 15
36 61 89
36 62 43
36 63 55
36 64 4
36 65 139
36 66 172
36 67 130
36 68 43
36 69 88
36 70 75
36 71 150
36 72 35
36 73 182
36 74 135
36 75 6
36 76 171
36 77 159
36 78 100
36 79 71
36 80 52
36 81 116
36 82 55
36 83 167
36 84 151
36 85 124
36 86 182
36 87 25
36 88 155
36 89 10
36 90 88
36 91 148
36 92 11
36 93 39
36 94 33
36 95 6
36 96 64
36 97 101
36 98 176
36 99 95
37 38 104
37 39 60
37 40 146
37 41 56
37 42 72
37 43 107
37 44 160
37 45 89
37 46 123
37 47 187
37 48 33
37 49 87
37 50 95
37 51 168
37 52 113
37 53 173
37 54 12
37 55 19
37 56 95
37 57 90
37 58 148
37 59 199
37 60 159
37 61 170
37 62 25
37 63 78
37 64 184
37 65 115
37 66 150
37 67 63
37 68 130
37 69 148
37 70 17
37 71 61
37 72 58
37 73 16
37 74 192
37 75 95
37 76 126
37 77 99
37 78 199
37 79 33
37 80 43
37 81 122
37 82 1
37 83 151
37 84 179
37 85 164
37 86 131
37 87 8
37 88 144
37 89 122
37 90 121
37 91 173
37 92 112
37 93 57
37 94 196
37 95 19
37 96 134
37 97 116
37 98 17
37 99 68
38 39 16
38 40 191
38 41 42
38 42 141
38 43 170
38 44 134
38 45 53
38 46 45
38 47 100
38 48 196
38 49 156
38 50 38
38 51 143
38 52 187
38 53 154
38 54 193
38 55 142
38 56 4
38 57 178
38 58 149
38 59 58
38 60 191
38 61 83
38 62 99
38 63 153
38 64 79
38 65 88
38 66 107
38 67 118
38 68 179
38 69 15
38 70 83
38 71 191
38 72 93
38 73 58
38 74 48
38 75 71
38 76 81
38 77 142
38 78 22
38 79 122
38 80 18
38 81 49
38 82 100
38 83 117
38 84 14
38 85 190
38 86 140
38 87 23
38 88 66
38 89 32
38 90 122
38 91 182
38 92 11
38 93 31
38 94 193
38 95 178
38 96 11
38 97 93
38 98 2
38 99 96
39 40 108
39 41 49
39 42 113
39 43 62
39 44 32
39 45 99
39 46 139
39 47 169
39 48 166
39 49 108
39 50 144
39 51 77
39 52 191
39 53 43
39 54 10
39 55 172
39 56 117
39 57 37
39 58 86
39 59 101
39 60 52
39 61 38
39 62 55
39 63 118
39 64 146
39 65 120
39 66 145
39 67 147
39 68 87
39 69 52
39 70 179
39 71 116
39 72 133
39 73 28
39 74 65
39 75 122
39 76 15
39 77 97
39 78 21
39 79 159
39 80 67
39 81 88
39 82 38
39 83 155
39 84 144
39 85 135
39 86 37
39 87 46
39 88 29
39 89 11
39 90 25
39 91 183
39 92 162
39 93 134
39 94 86
39 95 105
39 96 189
39 97 72
39 98 109
39 99 195
40 41 187
40 42 11
40 43 179
40 44 4
40 45 68
40 46 159
40 47 169
40 48 8
40 49 94
40 50 0
40 51 176
40 52 27
40 53 108
40 54 153
40 55 59
40 56 191
40 57 87
40 58 65
40 59 157
40 60 21
40 61 153
40 62 149
40 63 96
40 64 99
40 65 60
40 66 0
40 67 68
40 68 9
40 69 53
40 70 145
40 71 161
40 72 132
40 73 96
40 74 4
40 75 41
40 76 12
40 77 199
40 78 100
40 79 181
40 80 141
40 81 146
40 82 0
40 83 150
40 84 53
40 85 107
40 86 130
40 87 127
40 88 79
40 89 52
40 90 196
40 91 2
40 92 134
40 93 6
40 94 68
40 95 50
40 96 1
40 97 76
40 98 195
40 99 55
41 42 17
41 43 175
41 44 126
41 45 80
41 46 184
41 47 112
41 48 139
41 49 183
41 50 99
41 51 158
41 52 22
41 53 31
41 54 171
41 55 106
41 56 80
41 57 50
41 58 160
41 59 164
41 60 195
41 61 148
41 62 30
41 63 59
41 64 108
41 65 178
41 66 87
41 67 21
41 68 185
41 69 185
41 70 41
41 71 2
41 72 115
41 73 161
41 74 151
41 75 189
41 76 175
41 77 32
41 78 91
41 79 31
41 80 85
41 81 113
41 82 82
41 83 159
41 84 90
41 85 156
41 86 73
41 87 37
41 88 175
41 89 54
41 90 160
41 91 130
41 92 95
41 93 6
41 94 174
41 95 72
41 96 176
41 97 26
41 98 56
41 99 43
42 43 86
42 44 126
42 45 10
42 46 188
42 47 134
42 48 12
42 49 2
42 50 7
42 51 32
42 52 154
42 53 75
42 54 95
42 55 101
42 56 73
42 57 18
42 58 52
42 59 198
42 60 9
42 61 90
42 62 136
42 63 67
42 64 38
42 65 84
42 66 189
42 67 191
42 68 50
42 69 61
42 70 135
42 71 77
42 72 116
42 73 104
42 74 2
42 75 6
42 76 123
42 77 70
42 78 95
42 79 173
42 80 186
42 81 142
42 82 21
42 83 173
42 84 86
42 85 105
42 86 104
42 87 154
42 88 103
42 89 123
42 90 144
42 91 76
42 92 7
42 93 152
42 94 10
42 95 27
42 96 126
42 97 147
42 98 28
42 99 138
43 44 83
43 45 154
43 46 42
43 47 50
43 48 55
43 49 112
43 50 26
43 51 129
43 52 48
43 53 200
43 54 6
43 55 189
43 56 40
43 57 129
43 58 71
43 59 52
43 60 131
43 61 63
43 62 48
43 63 130
43 64 96
43 65 159
43 66 31
43 67 90
43 68 23
43 69 17
43 70 21
43 71 95
43 72 170
43 73 41
43 74 128
43 75 63
43 76 99
43 77 29
43 78 120
43 79 150
43 80 31
43 81 43
43 82 140
43 83 146
43 84 52
43 85 143
43 86 18
43 87 89
43 88 43
43 89 26
43 90 31
43 91 55
43 92 60
43 93 45
43 94 33
43 95 181
43 96 197
43 97 45
43 98 87
43 99 2
44 45 185
44 46 187
44 47 163
44 48 50
44 49 111
44 50 196
44 51 148
44 52 20
44 53 176
44 54 76
44 55 84
44 56 103
44 57 46
44 58 46
44 59 56
44 60 193
44 61 111
44 62 118
44 63 92
44 64 62
44 65 164
44 66 120
44 67 182
44 68 166
44 69 175
44 70 184
44 71 160
44 72 13
44 73 48
44 74 132
44 75 76
44 76 44
44 77 138
44 78 86
44 79 140
44 80 91
44 81 108
44 82 189
44 83 71
44 84 67
44 85 108
44 86 45
44 87 24
44 88 23
44 89 146
44 90 169
44 91 110
44 92 13
44 93 147
44 94 51
44 95 74
44 96 7
44 97 109
44 98 87
44 99 124
45 46 117
45 47 191
45 48 157
45 49 2
45 50 42
45 51 128
45 52 76
45 53 151
45 54 177
45 55 58
45 56 179
45 57 82
45 58 115
45 59 189
45 60 197
45 61 140
45 62 178
45 63 36
45 64 59
45 65 133
45 66 191
45 67 60
45 68 8
45 69 119
45 70 133
45 71 110
45 72 184
45 73 108
45 74 83
45 75 133
45 76 50
45 77 139
45 78 150
45 79 155
45 80 146
45 81 99
45 82 14
45 83 95
45 84 41
45 85 9
45 86 98
45 87 30
45 88 129
45 89 109
45 90 164
45 91 50
45 92 153
45 93 37
45 94 200
45 95 49
45 96 82
45 97 199
45 98 91
45 99 31
46 47 184
46 48 39
46 49 1
46 50 4
46 51 185
46 52 69
46 53 124
46 54 190
46 55 14
46 56 157
46 57 131
46 58 55
46 59 35
46 60 138
46 61 40
46 62 45
46 63 146
46 64 71
46 65 97
46 66 1
46 67 186
46 68 10
46 69 158
46 70 96
46 71 60
46 72 69
46 73 78
46 74 172
46 75 101
46 76 195
46 77 118
46 78 130
46 79 140
46 80 154
46 81 45
46 82 64
46 83 114
46 84 38
46 85 82
46 86 75
46 87 9
46 88 17
46 89 109
46 90 193
46 91 193
46 92 3
46 93 56
46 94 24
46 95 9
46 96 99
46 97 69
46 98 99
46 99 57
47 48 193
47 49 40
47 50 115
47 51 183
47 52 53
47 53 44
47 54 64
47 55 145
47 56 12
47 57 88
47 58 184
47 59 200
47 60 86
47 61 49
47 62 166
47 63 28
47 64 88
47 65 196
47 66 101
47 67 99
47 68 98
47 69 168
47 70 187
47 71 134
47 72 136
47 73 137
47 74 156
47 75 128
47 76 85
47 77 84
47 78 39
47 79 146
47 80 160
47 81 132
47 82 108
47 83 18
47 84 150
47 85 54
47 86 159
47 87 112
47 88 108
47 89 19
47 90 183
47 91 182
47 92 62
47 93 102
47 94 42
47 95 98
47 96 60
47 97 195
47 98 107
47 99 14
48 49 199
48 50 35
48 51 30
48 52 17
48 53 172
48 54 63
48 55 177
48 56 191
48 57 190
48 58 85
48 59 58
48 60 191
48 61 137
48 62 150
48 63 82
48 64 34
48 65 66
48 66 17
48 67 118
48 68 89
48 69 171
48 70 115
48 71 121
48 72 72
48 73 81
48 74 18
48 75 47
48 76 100
48 77 58
48 78 32
48 79 174
48 80 168
48 81 188
48 82 189
48 83 56
48 84 178
48 85 177
48 86 199
48 87 146
48 88 84
48 89 192
48 90 14
48 91 130
48 92 80
48 93 124
48 94 64
48 95 138
48 96 60
48 97 101
48 98 64
48 99 199
49 50 104
49 51 86
49 52 84
49 53 43
49 54 63
49 55 60
49 56 132
49 57 112
49 58 2
49 59 184
49 60 199
49 61 115
49 62 1
49 63 3
49 64 102
49 65 7
49 66 200
49 67 57
49 68 78
49 69 130
49 70 117
49 71 158
49 72 10
49 73 136
49 74 7
49 75 42
49 76 114
49 77 144
49 78 158
49 79 200
49 80 3
49 81 114
49 82 56
49 83 137
49 84 10
49 85 12
49 86 136
49 87 184
49 88 52
49 89 13
49 90 32
49 91 88
49 92 133
49 93 144
49 94 80
49 95 42
49 96 4
49 97 19
49 98 53
49 99 122
50 51 177
50 52 177
50 53 192
50 54 73
50 55 33
50 56 118
50 57 155
50 58 175
50 59 62
50 60 91
50 61 138
50 62 20
50 63 160
50 64 43
50 65 91
50 66 25
50 67 140
50 68 162
50 69 191
50 70 139
50 71 189
50 72 28
50 73 4
50 74 144
50 75 144
50 76 86
50 77 87
50 78 64
50 79 143
50 80 19
50 81 144
50 82 102
50 83 65
50 84 78
50 85 164
50 86 198
50 87 59
50 88 154
50 89 74
50 90 11
50 91 97
50 92 135
50 93 118
50 94 80
50 95 21
50 96 16
50 97 79
50 98 177
50 99 186
51 52 63
51 53 105
51 54 145
51 55 22
51 56 18
51 57 154
51 58 54
51 59 150
51 60 22
51 61 74
51 62 91
51 63 59
51 64 167
51 65 111
51 66 163
51 67 84
51 68 173
51 69 7
51 70 198
51 71 151
51 72 6
51 73 196
51 74 177
51 75 57
51 76 177
51 77 144
51 78 54
51 79 28
51 80 182
51 81 20
51 82 114
51 83 146
51 84 131
51 85 20
51 86 151
51 87 48
51 88 96
51 89 34
51 90 127
51 91 165
51 92 174
51 93 31
51 94 17
51 95 55
51 96 96
51 97 24
51 98 157
51 99 85
52 53 72
52 54 64
52 55 63
52 56 36
52 57 191
52 58 106
52 59 107
52 60 54
52 61 78
52 62 162
52 63 58
52 64 181
52 65 33
52 66 36
52 67 200
52 68 136
52 69 120
52 70 75
52 71 179
52 72 150
52 73 141
52 74 93
52 75 83
52 76 86
52 77 39
52 78 83
52 79 177
52 80 138
52 81 88
52 82 174
52 83 44
52 84 13
52 85 96
52 86 38
52 87 88
52 88 178
52 89 176
52 90 100
52 91 56
52 92 89
52 93 79
52 94 48
52 95 167
52 96 41
52 97 68
52 98 10
52 99 97
53 54 174
53 55 74
53 56 43
53 57 26
53 58 194
53 59 14
53 60 164
53 61 47
53 62 152
53 63 29
53 64 90
53 65 180
53 66 149
53 67 148
53 68 28
53 69 57
53 70 20
53 71 129
53 72 169
53 73 14
53 74 117
53 75 66
53 76 158
53 77 41
53 78 99
53 79 161
53 80 12
53 81 173
53 82 182
53 83 145
53 84 116
53 85 142
53 86 31
53 87 10
53 88 150
53 89 11
53 90 180
53 91 33
53 92 5
53 93 178
53 94 22
53 95 98
53 96 118
53 97 112
53 98 169
53 99 111
54 55 150
54 56 67
54 57 143
54 58 61
54 59 89
54 60 145
54 61 95
54 62 42
54 63 123
54 64 132
54 65 9
54 66 52
54 67 115
54 68 117
54 69 80
54 70 161
54 71 107
54 72 55
54 73 2
54 74 0
54 75 71
54 76 121
54 77 107
54 78 26
54 79 79
54 80 20
54 81 133
54 82 181
54 83 164
54 84 146
54 85 56
54 86 103
54 87 160
54 88 195
54 89 143
54 90 83
54 91 144
54 92 182
54 93 17
54 94 179
54 95 53
54 96 177
54 97 90
54 98 1
54 99 183
55 56 173
55 57 3
55 58 193
55 59 69
55 60 128
55 61 141
55 62 89
55 63 195
55 64 106
55 65 31
55 66 64
55 67 130
55 68 167
55 69 147
55 70 42
55 71 133
55 72 69
55 73 197
55 74 121
55 75 173
55 76 24
55 77 26
55 78 16
55 79 125
55 80 3
55 81 34
55 82 116
55 83 116
55 84 10
55 85 110
55 86 21
55 87 83
55 88 48
55 89 20
55 90 3
55 91 167
55 92 0
55 93 54
55 94 44
55 95 116
55 96 142
55 97 89
55 98 177
55 99 26
56 57 105
56 58 156
56 59 148
56 60 92
56 61 37
56 62 97
56 63 194
56 64 13
56 65 126
56 66 82
56 67 83
56 68 8
56 69 86
56 70 73
56 71 63
56 72 97
56 73 81
56 74 141
56 75 100
56 76 97
56 77 18
56 78 126
56 79 135
56 80 178
56 81 75
56 82 134
56 83 75
56 84 136
56 85 64
56 86 35
56 87 134
56 88 189
56 89 170
56 90 93
56 91 81
56 92 27
56 93 165
56 94 172
56 95 69
56 96 115
56 97 57
56 98 78
56 99 56
57 58 119
57 59 175
57 60 41
57 61 98
57 62 37
57 63 46
57 64 99
57 65 144
57 66 122
57 67 113
57 68 96
57 69 34
57 70 144
57 71 135
57 72 158
57 73 110
57 74 65
57 75 116
57 76 5
57 77 93
57 78 190
57 79 171
57 80 123
57 81 152
57 82 60
57 83 24
57 84 116
57 85 166
57 86 98
57 87 161
57 88 93
57 89 194
57 90 127
57 91 94
57 92 38
57 93 28
57 94 47
57 95 139
57 96 2
57 97 145
57 98 128
57 99 173
58 59 63
58 60 75
58 61 89
58 62 94
58 63 106
58 64 58
58 65 15
58 66 54
58 67 194
58 68 44
58 69 179
58 70 109
58 71 142
58 72 169
58 73 5
58 74 4
58 75 89
58 76 14
58 77 17
58 78 134
58 79 127
58 80 129
58 81 158
58 82 4
58 83 24
58 84 98
58 85 31
58 86 135
58 87 196
58 88 93
58 89 147
58 90 45
58 91 18
58 92 5
58 93 174
58 94 173
58 95 131
58 96 39
58 97 90
58 98 159
58 99 129
59 60 2
59 61 16
59 62 144
59 63 77
59 64 193
59 65 66
59 66 120
59 67 128
59 68 97
59 69 136
59 70 117
59 71 162
59 72 111
59 73 146
59 74 126
59 75 156
59 76 151
59 77 103
59 78 186
59 79 114
59 80 5
59 81 65
59 82 10
59 83 54
59 84 35
59 85 57
59 86 165
59 87 117
59 88 54
59 89 188
59 90 41
59 91 17
59 92 77
59 93 24
59 94 77
59 95 148
59 96 167
59 97 170
59 98 26
59 99 192
60 61 23
60 62 153
60 63 193
60 64 95
60 65 108
60 66 86
60 67 197
60 68 183
60 69 122
60 70 169
60 71 141
60 72 92
60 73 2
60 74 17
60 75 79
60 76 142
60 77 155
60 78 63
60 79 70
60 80 35
60 81 81
60 82 180
60 83 63
60 84 180
60 85 101
60 86 178
60 87 102
60 88 93
60 89 20
60 90 31
60 91 58
60 92 74
60 93 79
60 94 17
60 95 190
60 96 41
60 97 133
60 98 13
60 99 120
61 62 1
61 63 166
61 64 165
61 65 190
61 66 31
61 67 8
61 68 57
61 69 5
61 70 132
61 71 1
61 72 23
61 73 109
61 74 67
61 75 58
61 76 68
61 77 153
61 78 146
61 79 30
61 80 189
61 81 62
61 82 122
61 83 180
61 84 53
61 85 162
61 86 89
61 87 169
61 88 79
61 89 159
61 90 130
61 91 144
61 92 80
61 93 174
61 94 18
61 95 177
61 96 140
61 97 95
61 98 49
61 99 20
62 63 15
62 64 36
62 65 17
62 66 168
62 67 19
62 68 124
62 69 65
62 70 136
62 71 189
62 72 183
62 73 39
62 74 132
62 75 13
62 76 35
62 77 64
62 78 148
62 79 168
62 80 57
62 81 63
62 82 17
62 83 27
62 84 12
62 85 13
62 86 46
62 87 170
62 88 44
62 89 140
62 90 29
62 91 147
62 92 2
62 93 199
62 94 178
62 95 60
62 96 4
62 97 26
62 98 82
62 99 200
63 64 136
63 65 71
63 66 18
63 67 182
63 68 139
63 69 86
63 70 33
63 71 40
63 72 185
63 73 10
63 74 64
63 75 37
63 76 117
63 77 65
63 78 32
63 79 28
63 80 78
63 81 129
63 82 105
63 83 115
63 84 76
63 85 171
63 86 23
63 87 105
63 88 80
63 89 160
63 90 125
63 91 33
63 92 103
63 93 117
63 94 186
63 95 31
63 96 8
63 97 83
63 98 161
63 99 189
64 65 9
64 66 186
64 67 6
64 68 140
64 69 85
64 70 38
64 71 8
64 72 157
64 73 80
64 74 101
64 75 100
64 76 96
64 77 35
64 78 82
64 79 165
64 80 123
64 81 36
64 82 28
64 83 105
64 84 121
64 85 12
64 86 41
64 87 62
64 88 134
64 89 77
64 90 98
64 91 48
64 92 199
64 93 95
64 94 75
64 95 153
64 96 149
64 97 20
64 98 195
64 99 109
65 66 91
65 67 17
65 68 50
65 69 60
65 70 57
65 71 143
65 72 29
65 73 20
65 74 110
65 75 174
65 76 111
65 77 59
65 78 1
65 79 9
65 80 15
65 81 47
65 82 163
65 83 70
65 84 183
65 85 128
65 86 168
65 87 26
65 88 28
65 89 86
65 90 165
65 91 88
65 92 128
65 93 200
65 94 43
65 95 14
65 96 94
65 97 77
65 98 51
65 99 200
66 67 158
66 68 17
66 69 179
66 70 109
66 71 30
66 72 29
66 73 165
66 74 199
66 75 4
66 76 41
66 77 162
66 78 111
66 79 57
66 80 167
66 81 4
66 82 137
66 83 66
66 84 38
66 85 8
66 86 31
66 87 28
66 88 156
66 89 150
66 90 166
66 91 121
66 92 133
66 93 99
66 94 101
66 95 37
66 96 11
66 97 145
66 98 106
66 99 58
67 68 70
67 69 46
67 70 127
67 71 93
67 72 66
67 73 173
67 74 38
67 75 61
67 76 54
67 77 91
67 78 25
67 79 62
67 80 71
67 81 27
67 82 193
67 83 179
67 84 11
67 85 16
67 86 159
67 87 161
67 88 53
67 89 64
67 90 95
67 91 96
67 92 85
67 93 49
67 94 155
67 95 59
67 96 73
67 97 88
67 98 91
67 99 130
