100 3869
0 1 59
0 2 123
0 3 92
0 4 124
0 5 33
0 6 24
0 7 181
0 8 167
0 9 49
0 10 92
0 11 9
0 12 52
0 13 106
0 14 55
0 15 142
0 16 137
0 17 140
0 18 78
0 19 89
0 20 197
0 21 32
0 22 136
0 23 104
0 24 198
0 25 181
0 26 76
0 27 194
0 28 101
0 29 191
0 30 14
0 31 23
0 32 48
0 33 195
0 34 134
0 35 117
0 36 195
0 37 170
0 38 41
0 39 196
0 40 197
0 41 159
0 42 121
0 43 54
0 44 180
0 45 50
0 46 72
0 47 26
0 48 154
0 49 67
0 50 5
0 51 170
0 52 151
0 53 112
0 54 154
0 55 97
0 56 50
0 57 178
0 58 187
0 59 63
0 60 82
0 61 103
0 62 109
0 63 165
0 64 52
0 65 66
0 66 116
0 67 88
0 68 96
0 69 169
0 70 125
0 71 64
0 72 148
0 73 67
0 74 125
0 75 125
0 76 0
0 77 153
0 78 128
0 79 77
0 80 150
0 81 145
0 82 31
0 83 127
0 84 16
0 85 190
0 86 78
0 87 26
0 88 2
0 89 183
0 90 111
0 91 194
0 92 50
0 93 18
0 94 179
0 95 178
0 96 171
0 97 184
0 98 200
0 99 170
1 2 31
1 3 200
1 4 199
1 5 136
1 6 104
1 7 154
1 8 123
1 9 19
1 10 97
1 11 4
1 12 168
1 13 109
1 14 145
1 15 153
1 16 107
1 17 84
1 18 125
1 19 31
1 20 33
1 21 161
1 22 51
1 23 143
1 24 105
1 25 81
1 26 23
1 27 67
1 28 108
1 29 183
1 30 13
1 31 6
1 32 24
1 33 115
1 34 8
1 35 67
1 36 9
1 37 6
1 38 51
1 39 8
1 40 48
1 41 76
1 42 119
1 43 55
1 44 170
1 45 73
1 46 34
1 47 25
1 48 3
1 49 149
1 50 14
1 51 182
1 52 87
1 53 196
1 54 162
1 55 108
1 56 145
1 57 136
1 58 200
1 59 74
1 60 127
1 61 183
1 62 136
1 63 88
1 64 43
1 65 179
1 66 66
1 67 138
1 68 190
1 69 158
1 70 103
1 71 129
1 72 175
1 73 52
1 74 111
1 75 150
1 76 167
1 77 39
1 78 59
1 79 152
1 80 42
1 81 72
1 82 98
1 83 142
1 84 36
1 85 46
1 86 44
1 87 118
1 88 33
1 89 130
1 90 62
1 91 115
1 92 55
1 93 108
1 94 179
1 95 49
1 96 80
1 97 98
1 98 120
1 99 119
2 3 18
2 4 161
2 5 168
2 6 97
2 7 112
2 8 165
2 9 108
2 10 30
2 11 97
2 12 157
2 13 145
2 14 158
2 15 153
2 16 9
2 17 137
2 18 194
2 19 39
2 20 143
2 21 53
2 22 180
2 23 30
2 24 158
2 25 159
2 26 100
2 27 40
2 28 34
2 29 100
2 30 73
2 31 185
2 32 140
2 33 135
2 34 48
2 35 27
2 36 143
2 37 66
2 38 57
2 39 11
2 40 84
2 41 20
2 42 176
2 43 145
2 44 185
2 45 80
2 46 43
2 47 25
2 48 28
2 49 191
2 50 67
2 51 160
2 52 34
2 53 122
2 54 11
2 55 158
2 56 19
2 57 8
2 58 178
2 59 150
2 60 73
2 61 119
2 62 67
2 63 184
2 64 122
2 65 157
2 66 187
2 67 104
2 68 187
2 69 143
2 70 168
2 71 40
2 72 39
2 73 187
2 74 56
2 75 119
2 76 8
2 77 109
2 78 93
2 79 102
2 80 180
2 81 131
2 82 127
2 83 163
2 84 138
2 85 79
2 86 26
2 87 45
2 88 130
2 89 5
2 90 86
2 91 105
2 92 58
2 93 154
2 94 138
2 95 188
2 96 173
2 97 157
2 98 45
2 99 180
3 4 59
3 5 128
3 6 147
3 7 173
3 8 86
3 9 190
3 10 47
3 11 49
3 12 85
3 13 198
3 14 171
3 15 23
3 16 190
3 17 0
3 18 117
3 19 105
3 20 15
3 21 65
3 22 79
3 23 122
3 24 186
3 25 176
3 26 83
3 27 117
3 28 184
3 29 28
3 30 161
3 31 179
3 32 8
3 33 83
3 34 186
3 35 169
3 36 123
3 37 176
3 38 121
3 39 123
3 40 187
3 41 170
3 42 29
3 43 182
3 44 113
3 45 43
3 46 176
3 47 23
3 48 46
3 49 199
3 50 58
3 51 37
3 52 92
3 53 178
3 54 63
3 55 146
3 56 79
3 57 43
3 58 87
3 59 39
3 60 159
3 61 75
3 62 28
3 63 181
3 64 153
3 65 50
3 66 179
3 67 16
3 68 30
3 69 191
3 70 59
3 71 50
3 72 197
3 73 133
3 74 189
3 75 135
3 76 25
3 77 7
3 78 179
3 79 61
3 80 111
3 81 13
3 82 115
3 83 22
3 84 175
3 85 159
3 86 157
3 87 172
3 88 145
3 89 26
3 90 18
3 91 108
3 92 71
3 93 53
3 94 151
3 95 125
3 96 8
3 97 48
3 98 19
3 99 144
4 5 32
4 6 177
4 7 81
4 8 53
4 9 125
4 10 3
4 11 96
4 12 61
4 13 160
4 14 47
4 15 186
4 16 66
4 17 191
4 18 112
4 19 195
4 20 113
4 21 140
4 22 60
4 23 196
4 24 15
4 25 97
4 26 185
4 27 23
4 28 72
4 29 117
4 30 9
4 31 161
4 32 101
4 33 148
4 34 27
4 35 145
4 36 137
4 37 45
4 38 4
4 39 114
4 40 51
4 41 79
4 42 42
4 43 8
4 44 170
4 45 87
4 46 37
4 47 81
4 48 150
4 49 12
4 50 54
4 51 47
4 52 72
4 53 178
4 54 147
4 55 167
4 56 156
4 57 167
4 58 175
4 59 4
4 60 105
4 61 12
4 62 137
4 63 153
4 64 178
4 65 133
4 66 66
4 67 42
4 68 131
4 69 126
4 70 190
4 71 43
4 72 82
4 73 181
4 74 68
4 75 152
4 76 131
4 77 183
4 78 148
4 79 40
4 80 20
4 81 82
4 82 45
4 83 177
4 84 58
4 85 139
4 86 10
4 87 66
4 88 76
4 89 179
4 90 42
4 91 55
4 92 85
4 93 37
4 94 146
4 95 10
4 96 110
4 97 159
4 98 172
4 99 113
5 6 64
5 7 34
5 8 53
5 9 29
5 10 131
5 11 96
5 12 133
5 13 63
5 14 5
5 15 41
5 16 129
5 17 121
5 18 172
5 19 115
5 20 27
5 21 58
5 22 147
5 23 66
5 24 175
5 25 146
5 26 136
5 27 174
5 28 107
5 29 170
5 30 17
5 31 190
5 32 34
5 33 13
5 34 87
5 35 47
5 36 49
5 37 115
5 38 193
5 39 114
5 40 61
5 41 150
5 42 116
5 43 136
5 44 66
5 45 105
5 46 182
5 47 184
5 48 50
5 49 111
5 50 172
5 51 157
5 52 171
5 53 47
5 54 143
5 55 8
5 56 24
5 57 2
5 58 32
5 59 149
5 60 200
5 61 188
5 62 188
5 63 57
5 64 69
5 65 36
5 66 142
5 67 6
5 68 137
5 69 181
5 70 156
5 71 193
5 72 31
5 73 136
5 74 15
5 75 200
5 76 57
5 77 141
5 78 136
5 79 185
5 80 30
5 81 53
5 82 194
5 83 126
5 84 190
5 85 41
5 86 26
5 87 12
5 88 36
5 89 37
5 90 129
5 91 162
5 92 170
5 93 115
5 94 11
5 95 107
5 96 150
5 97 179
5 98 88
5 99 62
6 7 9
6 8 138
6 9 99
6 10 101
6 11 164
6 12 104
6 13 171
6 14 135
6 15 43
6 16 114
6 17 154
6 18 127
6 19 20
6 20 40
6 21 185
6 22 61
6 23 92
6 24 31
6 25 153
6 26 14
6 27 148
6 28 80
6 29 171
6 30 99
6 31 89
6 32 28
6 33 102
6 34 77
6 35 72
6 36 52
6 37 165
6 38 175
6 39 158
6 40 183
6 41 147
6 42 61
6 43 41
6 44 67
6 45 97
6 46 192
6 47 114
6 48 114
6 49 74
6 50 42
6 51 43
6 52 44
6 53 75
6 54 39
6 55 94
6 56 29
6 57 155
6 58 191
6 59 44
6 60 92
6 61 138
6 62 156
6 63 48
6 64 18
6 65 15
6 66 131
6 67 195
6 68 114
6 69 22
6 70 64
6 71 14
6 72 33
6 73 65
6 74 70
6 75 170
6 76 178
6 77 191
6 78 198
6 79 6
6 80 29
6 81 8
6 82 44
6 83 142
6 84 83
6 85 146
6 86 23
6 87 82
6 88 121
6 89 43
6 90 188
6 91 96
6 92 55
6 93 133
6 94 56
6 95 183
6 96 103
6 97 71
6 98 128
6 99 58
7 8 122
7 9 164
7 10 15
7 11 195
7 12 2
7 13 89
7 14 24
7 15 175
7 16 83
7 17 84
7 18 27
7 19 5
7 20 81
7 21 45
7 22 134
7 23 121
7 24 157
7 25 140
7 26 110
7 27 172
7 28 44
7 29 37
7 30 81
7 31 95
7 32 82
7 33 95
7 34 71
7 35 126
7 36 25
7 37 13
7 38 136
7 39 161
7 40 27
7 41 5
7 42 89
7 43 6
7 44 197
7 45 161
7 46 55
7 47 142
7 48 0
7 49 105
7 50 124
7 51 115
7 52 143
7 53 115
7 54 168
7 55 129
7 56 85
7 57 105
7 58 25
7 59 53
7 60 33
7 61 24
7 62 16
7 63 4
7 64 17
7 65 73
7 66 57
7 67 106
7 68 2
7 69 97
7 70 93
7 71 133
7 72 10
7 73 90
7 74 169
7 75 114
7 76 168
7 77 138
7 78 26
7 79 55
7 80 137
7 81 184
7 82 164
7 83 19
7 84 9
7 85 47
7 86 120
7 87 9
7 88 73
7 89 87
7 90 117
7 91 200
7 92 31
7 93 129
7 94 163
7 95 133
7 96 86
7 97 46
7 98 37
7 99 63
8 9 3
8 10 149
8 11 100
8 12 153
8 13 81
8 14 173
8 15 6
8 16 55
8 17 148
8 18 50
8 19 103
8 20 116
8 21 143
8 22 85
8 23 13
8 24 0
8 25 152
8 26 189
8 27 68
8 28 161
8 29 181
8 30 117
8 31 164
8 32 122
8 33 72
8 34 126
8 35 85
8 36 76
8 37 49
8 38 103
8 39 77
8 40 115
8 41 18
8 42 124
8 43 162
8 44 127
8 45 68
8 46 146
8 47 166
8 48 121
8 49 190
8 50 104
8 51 140
8 52 92
8 53 46
8 54 16
8 55 70
8 56 79
8 57 50
8 58 113
8 59 3
8 60 26
8 61 143
8 62 134
8 63 71
8 64 195
8 65 73
8 66 136
8 67 95
8 68 106
8 69 191
8 70 133
8 71 67
8 72 68
8 73 44
8 74 86
8 75 85
8 76 80
8 77 109
8 78 1
8 79 50
8 80 57
8 81 6
8 82 110
8 83 160
8 84 60
8 85 85
8 86 21
8 87 199
8 88 188
8 89 146
8 90 142
8 91 30
8 92 3
8 93 84
8 94 139
8 95 99
8 96 171
8 97 62
8 98 27
8 99 140
9 10 131
9 11 174
9 12 192
9 13 159
9 14 146
9 15 16
9 16 89
9 17 144
9 18 14
9 19 58
9 20 11
9 21 29
9 22 170
9 23 158
9 24 67
9 25 106
9 26 123
9 27 18
9 28 1
9 29 52
9 30 61
9 31 35
9 32 67
9 33 30
9 34 106
9 35 22
9 36 141
9 37 61
9 38 10
9 39 189
9 40 16
9 41 86
9 42 52
9 43 73
9 44 36
9 45 153
9 46 81
9 47 41
9 48 101
9 49 53
9 50 10
9 51 79
9 52 169
9 53 141
9 54 120
9 55 32
9 56 113
9 57 171
9 58 74
9 59 164
9 60 105
9 61 112
9 62 143
9 63 176
9 64 181
9 65 162
9 66 25
9 67 25
9 68 36
9 69 185
9 70 105
9 71 4
9 72 103
9 73 51
9 74 190
9 75 136
9 76 35
9 77 76
9 78 102
9 79 46
9 80 168
9 81 76
9 82 6
9 83 132
9 84 101
9 85 162
9 86 102
9 87 76
9 88 192
9 89 82
9 90 54
9 91 145
9 92 60
9 93 137
9 94 87
9 95 178
9 96 106
9 97 40
9 98 157
9 99 106
10 11 41
10 12 102
10 13 65
10 14 89
10 15 119
10 16 49
10 17 111
10 18 53
10 19 76
10 20 6
10 21 18
10 22 17
10 23 102
10 24 91
10 25 11
10 26 3
10 27 102
10 28 160
10 29 165
10 30 29
10 31 200
10 32 143
10 33 91
10 34 98
10 35 125
10 36 46
10 37 174
10 38 68
10 39 138
10 40 110
10 41 130
10 42 157
10 43 81
10 44 63
10 45 160
10 46 100
10 47 45
10 48 40
10 49 6
10 50 199
10 51 120
10 52 168
10 53 144
10 54 111
10 55 87
10 56 64
10 57 81
10 58 162
10 59 63
10 60 7
10 61 190
10 62 65
10 63 110
10 64 52
10 65 92
10 66 33
10 67 165
10 68 126
10 69 174
10 70 199
10 71 28
10 72 34
10 73 27
10 74 114
10 75 159
10 76 36
10 77 187
10 78 69
10 79 82
10 80 37
10 81 173
10 82 60
10 83 20
10 84 177
10 85 80
10 86 77
10 87 84
10 88 66
10 89 159
10 90 173
10 91 83
10 92 24
10 93 149
10 94 151
10 95 183
10 96 14
10 97 96
10 98 61
10 99 133
11 12 98
11 13 162
11 14 194
11 15 175
11 16 162
11 17 46
11 18 130
11 19 166
11 20 62
11 21 79
11 22 20
11 23 32
11 24 200
11 25 186
11 26 113
11 27 135
11 28 67
11 29 29
11 30 99
11 31 40
11 32 37
11 33 10
11 34 111
11 35 58
11 36 63
11 37 1
11 38 78
11 39 38
11 40 180
11 41 130
11 42 115
11 43 145
11 44 37
11 45 118
11 46 143
11 47 28
11 48 19
11 49 0
11 50 124
11 51 50
11 52 68
11 53 20
11 54 147
11 55 99
11 56 149
11 57 154
11 58 188
11 59 41
11 60 61
11 61 149
11 62 184
11 63 45
11 64 134
11 65 180
11 66 88
11 67 67
11 68 180
11 69 178
11 70 41
11 71 32
11 72 175
11 73 185
11 74 58
11 75 50
11 76 86
11 77 86
11 78 154
11 79 180
11 80 105
11 81 76
11 82 150
11 83 38
11 84 58
11 85 95
11 86 144
11 87 118
11 88 191
11 89 76
11 90 130
11 91 131
11 92 6
11 93 188
11 94 163
11 95 50
11 96 46
11 97 199
11 98 134
11 99 186
12 13 126
12 14 179
12 15 93
12 16 173
12 17 93
12 18 68
12 19 160
12 20 56
12 21 189
12 22 140
12 23 149
12 24 28
12 25 79
12 26 123
12 27 9
12 28 92
12 29 185
12 30 45
12 31 62
12 32 68
12 33 90
12 34 122
12 35 175
12 36 103
12 37 35
12 38 1
12 39 9
12 40 21
12 41 5
12 42 2
12 43 192
12 44 130
12 45 157
12 46 175
12 47 123
12 48 188
12 49 155
12 50 133
12 51 63
12 52 120
12 53 33
12 54 115
12 55 145
12 56 182
12 57 168
12 58 98
12 59 132
12 60 15
12 61 11
12 62 98
12 63 72
12 64 29
12 65 97
12 66 60
12 67 51
12 68 70
12 69 4
12 70 58
12 71 152
12 72 75
12 73 9
12 74 145
12 75 3
12 76 69
12 77 55
12 78 143
12 79 37
12 80 121
12 81 117
12 82 89
12 83 32
12 84 4
12 85 21
12 86 161
12 87 135
12 88 25
12 89 89
12 90 9
12 91 199
12 92 148
12 93 142
12 94 188
12 95 39
12 96 19
12 97 7
12 98 57
12 99 183
13 14 87
13 15 22
13 16 30
13 17 168
13 18 71
13 19 175
13 20 50
13 21 179
13 22 78
13 23 169
13 24 127
13 25 64
13 26 14
13 27 181
13 28 117
13 29 103
13 30 52
13 31 132
13 32 129
13 33 78
13 34 155
13 35 4
13 36 110
13 37 59
13 38 151
13 39 132
13 40 192
13 41 154
13 42 59
13 43 190
13 44 169
13 45 192
13 46 43
13 47 71
13 48 150
13 49 105
13 50 95
13 51 168
13 52 39
13 53 162
13 54 37
13 55 138
13 56 23
13 57 66
13 58 72
13 59 43
13 60 43
13 61 63
13 62 23
13 63 9
13 64 108
13 65 119
13 66 43
13 67 100
13 68 143
13 69 72
13 70 49
13 71 117
13 72 25
13 73 147
13 74 72
13 75 190
13 76 16
13 77 79
13 78 127
13 79 103
13 80 121
13 81 156
13 82 93
13 83 83
13 84 141
13 85 32
13 86 163
13 87 186
13 88 189
13 89 103
13 90 138
13 91 192
13 92 129
13 93 6
13 94 151
13 95 57
13 96 1
13 97 149
13 98 23
13 99 45
14 15 164
14 16 146
14 17 121
14 18 175
14 19 31
14 20 143
14 21 98
14 22 195
14 23 50
14 24 175
14 25 94
14 26 172
14 27 13
14 28 48
14 29 167
14 30 170
14 31 62
14 32 50
14 33 146
14 34 48
14 35 128
14 36 182
14 37 48
14 38 38
14 39 105
14 40 181
14 41 32
14 42 143
14 43 40
14 44 191
14 45 89
14 46 57
14 47 49
14 48 72
14 49 10
14 50 137
14 51 69
14 52 97
14 53 101
14 54 144
14 55 174
14 56 100
14 57 36
14 58 176
14 59 171
14 60 81
14 61 152
14 62 19
14 63 26
14 64 120
14 65 82
14 66 31
14 67 71
14 68 27
14 69 72
14 70 131
14 71 158
14 72 154
14 73 17
14 74 136
14 75 98
14 76 57
14 77 89
14 78 23
14 79 199
14 80 3
14 81 173
14 82 74
14 83 141
14 84 62
14 85 17
14 86 117
14 87 109
14 88 66
14 89 77
14 90 198
14 91 126
14 92 67
14 93 78
14 94 102
14 95 104
14 96 149
14 97 186
14 98 28
14 99 14
15 16 55
15 17 178
15 18 73
15 19 106
15 20 25
15 21 114
15 22 14
15 23 85
15 24 50
15 25 10
15 26 182
15 27 99
15 28 119
15 29 14
15 30 150
15 31 5
15 32 5
15 33 8
15 34 184
15 35 133
15 36 200
15 37 122
15 38 135
15 39 146
15 40 73
15 41 70
15 42 160
15 43 64
15 44 50
15 45 195
15 46 0
15 47 103
15 48 102
15 49 188
15 50 187
15 51 78
15 52 80
15 53 76
15 54 80
15 55 30
15 56 57
15 57 125
15 58 36
15 59 26
15 60 36
15 61 80
15 62 48
15 63 42
15 64 132
15 65 183
15 66 84
15 67 43
15 68 189
15 69 170
15 70 113
15 71 63
15 72 138
15 73 125
15 74 189
15 75 135
15 76 13
15 77 85
15 78 164
15 79 77
15 80 86
15 81 120
15 82 44
15 83 161
15 84 189
15 85 99
15 86 104
15 87 7
15 88 189
15 89 117
15 90 156
15 91 172
15 92 109
15 93 184
15 94 68
15 95 183
15 96 18
15 97 58
15 98 153
15 99 195
16 17 195
16 18 21
16 19 116
16 20 108
16 21 175
16 22 33
16 23 161
16 24 168
16 25 72
16 26 19
16 27 104
16 28 141
16 29 16
16 30 136
16 31 13
16 32 200
16 33 6
16 34 171
16 35 8
16 36 12
16 37 163
16 38 121
16 39 87
16 40 110
16 41 110
16 42 53
16 43 169
16 44 191
16 45 129
16 46 45
16 47 197
16 48 143
16 49 32
16 50 47
16 51 95
16 52 196
16 53 7
16 54 107
16 55 135
16 56 111
16 57 169
16 58 24
16 59 173
16 60 179
16 61 5
16 62 53
16 63 168
16 64 81
16 65 45
16 66 122
16 67 108
16 68 12
16 69 47
16 70 96
16 71 7
16 72 190
16 73 66
16 74 191
16 75 165
16 76 55
16 77 196
16 78 53
16 79 153
16 80 61
16 81 114
16 82 198
16 83 103
16 84 59
16 85 132
16 86 140
16 87 4
16 88 196
16 89 90
16 90 182
16 91 67
16 92 200
16 93 21
16 94 139
16 95 199
16 96 161
16 97 66
16 98 87
16 99 11
17 18 53
17 19 114
17 20 21
17 21 58
17 22 176
17 23 103
17 24 79
17 25 189
17 26 108
17 27 168
17 28 63
17 29 125
17 30 134
17 31 138
17 32 100
17 33 96
17 34 139
17 35 164
17 36 173
17 37 180
17 38 120
17 39 8
17 40 102
17 41 77
17 42 124
17 43 137
17 44 20
17 45 137
17 46 6
17 47 10
17 48 18
17 49 134
17 50 26
17 51 22
17 52 195
17 53 166
17 54 48
17 55 123
17 56 124
17 57 10
17 58 168
17 59 114
17 60 117
17 61 177
17 62 125
17 63 105
17 64 99
17 65 43
17 66 174
17 67 163
17 68 166
17 69 35
17 70 75
17 71 95
17 72 71
17 73 163
17 74 80
17 75 138
17 76 83
17 77 129
17 78 144
17 79 153
17 80 64
17 81 87
17 82 43
17 83 55
17 84 72
17 85 116
17 86 189
17 87 167
17 88 52
17 89 107
17 90 13
17 91 21
17 92 138
17 93 169
17 94 28
17 95 97
17 96 45
17 97 181
17 98 66
17 99 67
18 19 59
18 20 73
18 21 168
18 22 62
18 23 175
18 24 195
18 25 107
18 26 149
18 27 121
18 28 104
18 29 168
18 30 101
18 31 157
18 32 142
18 33 40
18 34 34
18 35 181
18 36 116
18 37 133
18 38 91
18 39 163
18 40 150
18 41 158
18 42 193
18 43 26
18 44 70
18 45 182
18 46 148
18 47 195
18 48 49
18 49 8
18 50 186
18 51 155
18 52 148
18 53 191
18 54 87
18 55 126
18 56 21
18 57 41
18 58 163
18 59 32
18 60 25
18 61 43
18 62 49
18 63 109
18 64 141
18 65 117
18 66 32
18 67 38
18 68 120
18 69 2
18 70 57
18 71 183
18 72 110
18 73 199
18 74 153
18 75 108
18 76 2
18 77 157
18 78 159
18 79 52
18 80 35
18 81 151
18 82 198
18 83 78
18 84 23
18 85 24
18 86 82
18 87 52
18 88 73
18 89 177
18 90 112
18 91 189
18 92 12
18 93 169
18 94 74
18 95 99
18 96 141
18 97 82
18 98 175
18 99 83
19 20 65
19 21 84
19 22 182
19 23 163
19 24 72
19 25 147
19 26 146
19 27 177
19 28 199
19 29 172
19 30 195
19 31 185
19 32 53
19 33 105
19 34 88
19 35 67
19 36 116
19 37 130
19 38 136
19 39 9
19 40 2
19 41 0
19 42 118
19 43 200
19 44 70
19 45 158
19 46 9
19 47 84
19 48 42
19 49 46
19 50 178
19 51 37
19 52 164
19 53 153
19 54 180
19 55 74
19 56 135
19 57 140
19 58 121
19 59 84
19 60 42
19 61 69
19 62 150
19 63 137
19 64 13
19 65 149
19 66 113
19 67 3
19 68 31
19 69 69
19 70 38
19 71 76
19 72 4
19 73 190
19 74 109
19 75 33
19 76 120
19 77 155
19 78 82
19 79 18
19 80 153
19 81 10
19 82 129
19 83 31
19 84 40
19 85 115
19 86 120
19 87 86
19 88 18
19 89 86
19 90 156
19 91 10
19 92 15
19 93 30
19 94 21
19 95 5
19 96 190
19 97 138
19 98 110
19 99 115
20 21 4
20 22 23
20 23 187
20 24 130
20 25 175
20 26 97
20 27 174
20 28 107
20 29 132
20 30 22
20 31 96
20 32 18
20 33 74
20 34 55
20 35 80
20 36 7
20 37 67
20 38 181
20 39 191
20 40 14
20 41 173
20 42 63
20 43 77
20 44 145
20 45 189
20 46 179
20 47 132
20 48 181
20 49 19
20 50 118
20 51 142
20 52 165
20 53 39
20 54 64
20 55 60
20 56 191
20 57 125
20 58 27
20 59 147
20 60 68
20 61 147
20 62 123
20 63 108
20 64 16
20 65 104
20 66 17
20 67 65
20 68 195
20 69 160
20 70 89
20 71 91
20 72 154
20 73 143
20 74 125
20 75 32
20 76 76
20 77 31
20 78 111
20 79 192
20 80 109
20 81 18
20 82 177
20 83 103
20 84 183
20 85 76
20 86 199
20 87 12
20 88 133
20 89 165
20 90 24
20 91 50
20 92 199
20 93 187
20 94 122
20 95 150
20 96 160
20 97 134
20 98 109
20 99 10
21 22 173
21 23 176
21 24 120
21 25 181
21 26 114
21 27 130
21 28 166
21 29 110
21 30 143
21 31 80
21 32 142
21 33 60
21 34 66
21 35 7
21 36 159
21 37 117
21 38 8
21 39 168
21 40 58
21 41 94
21 42 198
21 43 87
21 44 120
21 45 64
21 46 7
21 47 61
21 48 67
21 49 164
21 50 94
21 51 146
21 52 120
21 53 160
21 54 68
21 55 161
21 56 37
21 57 65
21 58 131
21 59 89
21 60 34
21 61 198
21 62 95
21 63 186
21 64 116
21 65 177
21 66 23
21 67 9
21 68 46
21 69 155
21 70 105
21 71 171
21 72 152
21 73 51
21 74 188
21 75 120
21 76 63
21 77 145
21 78 27
21 79 178
21 80 149
21 81 78
21 82 62
21 83 186
21 84 7
21 85 198
21 86 62
21 87 50
21 88 163
21 89 133
21 90 187
21 91 43
21 92 141
21 93 197
21 94 69
21 95 34
21 96 61
21 97 92
21 98 25
21 99 123
22 23 188
22 24 56
22 25 194
22 26 34
22 27 30
22 28 58
22 29 39
22 30 74
22 31 100
22 32 165
22 33 182
22 34 66
22 35 200
22 36 179
22 37 51
22 38 69
22 39 150
22 40 157
22 41 14
22 42 180
22 43 5
22 44 166
22 45 192
22 46 106
22 47 191
22 48 171
22 49 24
22 50 72
22 51 109
22 52 137
22 53 161
22 54 150
22 55 27
22 56 164
22 57 48
22 58 79
22 59 143
22 60 45
22 61 79
22 62 80
22 63 50
22 64 92
22 65 26
22 66 47
22 67 170
22 68 117
22 69 173
22 70 126
22 71 176
22 72 7
22 73 173
22 74 24
22 75 50
22 76 86
22 77 108
22 78 96
22 79 28
22 80 112
22 81 56
22 82 130
22 83 103
22 84 157
22 85 107
22 86 96
22 87 126
22 88 15
22 89 32
22 90 54
22 91 126
22 92 170
22 93 141
22 94 57
22 95 80
22 96 71
22 97 20
22 98 194
22 99 129
23 24 180
23 25 108
23 26 1
23 27 16
23 28 32
23 29 5
23 30 11
23 31 91
23 32 1
23 33 131
23 34 145
23 35 14
23 36 111
23 37 71
23 38 9
23 39 102
23 40 36
23 41 128
23 42 180
23 43 68
23 44 199
23 45 9
23 46 102
23 47 87
23 48 9
23 49 89
23 50 83
23 51 146
23 52 92
23 53 86
23 54 79
23 55 64
23 56 125
23 57 71
23 58 110
23 59 156
23 60 134
23 61 21
23 62 114
23 63 97
23 64 141
23 65 35
23 66 88
23 67 125
23 68 192
23 69 173
23 70 1
23 71 41
23 72 52
23 73 31
23 74 157
23 75 84
23 76 103
23 77 192
23 78 113
23 79 116
23 80 84
23 81 200
23 82 21
23 83 47
23 84 124
23 85 26
23 86 68
23 87 5
23 88 184
23 89 16
23 90 27
23 91 73
23 92 167
23 93 97
23 94 141
23 95 160
23 96 185
23 97 150
23 98 166
23 99 112
24 25 41
24 26 99
24 27 15
24 28 196
24 29 192
24 30 104
24 31 55
24 32 144
24 33 133
24 34 23
24 35 164
24 36 19
24 37 65
24 38 31
24 39 178
24 40 60
24 41 107
24 42 17
24 43 154
24 44 78
24 45 125
24 46 114
24 47 25
24 48 93
24 49 13
24 50 62
24 51 69
24 52 105
24 53 127
24 54 105
24 55 17
24 56 121
24 57 145
24 58 89
24 59 65
24 60 68
24 61 32
24 62 63
24 63 34
24 64 7
24 65 194
24 66 78
24 67 182
24 68 76
24 69 77
24 70 136
24 71 186
24 72 75
24 73 124
24 74 92
24 75 73
24 76 147
24 77 4
24 78 148
24 79 122
24 80 124
24 81 84
24 82 162
24 83 1
24 84 37
24 85 23
24 86 187
24 87 7
24 88 49
24 89 109
24 90 104
24 91 179
24 92 25
24 93 163
24 94 124
24 95 146
24 96 137
24 97 125
24 98 53
24 99 169
25 26 197
25 27 18
25 28 37
25 29 156
25 30 69
25 31 122
25 32 133
25 33 186
25 34 83
25 35 78
25 36 178
25 37 59
25 38 51
25 39 194
25 40 8
25 41 152
25 42 139
25 43 17
25 44 72
25 45 182
25 46 19
25 47 155
25 48 63
25 49 146
25 50 8
25 51 31
25 52 197
25 53 34
25 54 66
25 55 91
25 56 8
25 57 170
25 58 118
25 59 31
25 60 111
25 61 20
25 62 154
25 63 66
25 64 178
25 65 121
25 66 31
25 67 120
25 68 71
25 69 108
25 70 65
25 71 44
25 72 187
25 73 88
25 74 79
25 75 187
25 76 7
25 77 11
25 78 9
25 79 193
25 80 110
25 81 178
25 82 169
25 83 167
25 84 176
25 85 63
25 86 38
25 87 63
25 88 61
25 89 154
25 90 160
25 91 25
25 92 11
25 93 174
25 94 47
25 95 17
25 96 99
25 97 78
25 98 32
25 99 197
26 27 81
26 28 162
26 29 147
26 30 136
26 31 8
26 32 113
26 33 165
26 34 48
26 35 69
26 36 25
26 37 139
26 38 57
26 39 2
26 40 63
26 41 114
26 42 195
26 43 138
26 44 50
26 45 15
26 46 170
26 47 146
26 48 123
26 49 69
26 50 195
26 51 163
26 52 186
26 53 200
26 54 100
26 55 6
26 56 134
26 57 190
26 58 136
26 59 40
26 60 113
26 61 157
26 62 9
26 63 131
26 64 92
26 65 147
26 66 3
26 67 175
26 68 87
26 69 35
26 70 1
26 71 14
26 72 21
26 73 133
26 74 183
26 75 5
26 76 93
26 77 95
26 78 184
26 79 80
26 80 109
26 81 7
26 82 61
26 83 198
26 84 19
26 85 112
26 86 177
26 87 193
26 88 134
26 89 159
26 90 130
26 91 129
26 92 1
26 93 49
26 94 130
26 95 194
26 96 148
26 97 188
26 98 24
26 99 175
27 28 132
27 29 94
27 30 117
27 31 19
27 32 147
27 33 120
27 34 94
27 35 92
27 36 111
27 37 188
27 38 17
27 39 190
27 40 157
27 41 132
27 42 8
27 43 0
27 44 97
27 45 95
27 46 156
27 47 57
27 48 197
27 49 69
27 50 76
27 51 192
27 52 136
27 53 126
27 54 148
27 55 48
27 56 180
27 57 84
27 58 181
27 59 85
27 60 171
27 61 9
27 62 176
27 63 73
27 64 86
27 65 157
27 66 175
27 67 183
27 68 172
27 69 193
27 70 164
27 71 174
27 72 105
27 73 139
27 74 115
27 75 36
27 76 17
27 77 190
27 78 12
27 79 117
27 80 196
27 81 169
27 82 12
27 83 71
27 84 30
27 85 114
27 86 160
27 87 188
27 88 131
27 89 198
27 90 29
27 91 42
27 92 194
27 93 129
27 94 104
27 95 94
27 96 199
27 97 52
27 98 57
27 99 165
28 29 139
28 30 143
28 31 157
28 32 38
28 33 124
28 34 188
28 35 198
28 36 183
28 37 68
28 38 140
28 39 29
28 40 95
28 41 102
28 42 30
28 43 135
28 44 125
28 45 6
28 46 124
28 47 0
28 48 101
28 49 0
28 50 139
28 51 109
28 52 62
28 53 181
28 54 5
28 55 11
28 56 34
28 57 187
28 58 171
28 59 123
28 60 178
28 61 138
28 62 147
28 63 158
28 64 185
28 65 18
28 66 147
28 67 109
28 68 114
28 69 17
28 70 184
28 71 40
28 72 157
28 73 17
28 74 34
28 75 30
28 76 49
28 77 197
28 78 86
28 79 79
28 80 87
28 81 113
28 82 183
28 83 112
28 84 113
28 85 7
28 86 185
28 87 100
28 88 151
28 89 68
28 90 179
28 91 107
28 92 162
28 93 156
28 94 172
28 95 118
28 96 127
28 97 185
28 98 97
28 99 166
29 30 156
29 31 98
29 32 185
29 33 193
29 34 14
29 35 47
29 36 124
29 37 175
29 38 96
29 39 197
29 40 8
29 41 109
29 42 115
29 43 80
29 44 118
29 45 128
29 46 51
29 47 153
29 48 175
29 49 26
29 50 16
29 51 89
29 52 171
29 53 6
29 54 129
29 55 139
29 56 180
29 57 161
29 58 42
29 59 180
29 60 58
29 61 128
29 62 136
29 63 8
29 64 101
29 65 86
29 66 162
29 67 139
29 68 88
29 69 16
29 70 139
29 71 150
29 72 38
29 73 38
29 74 77
29 75 78
29 76 197
29 77 113
29 78 171
29 79 161
29 80 79
29 81 81
29 82 172
29 83 189
29 84 78
29 85 63
29 86 0
29 87 85
29 88 139
29 89 165
29 90 20
29 91 98
29 92 125
29 93 95
29 94 130
29 95 11
29 96 191
29 97 48
29 98 1
29 99 144
30 31 53
30 32 10
30 33 17
30 34 109
30 35 90
30 36 140
30 37 41
30 38 45
30 39 69
30 40 147
30 41 199
30 42 65
30 43 118
30 44 131
30 45 50
30 46 45
30 47 176
30 48 47
30 49 122
30 50 198
30 51 113
30 52 38
30 53 2
30 54 40
30 55 16
30 56 89
30 57 193
30 58 44
30 59 21
30 60 79
30 61 43
30 62 90
30 63 155
30 64 179
30 65 169
30 66 172
30 67 6
30 68 184
30 69 195
30 70 86
30 71 99
30 72 97
30 73 101
30 74 170
30 75 111
30 76 190
30 77 169
30 78 24
30 79 159
30 80 85
30 81 166
30 82 166
30 83 134
30 84 51
30 85 172
30 86 174
30 87 79
30 88 29
30 89 51
30 90 51
30 91 87
30 92 104
30 93 87
30 94 18
30 95 49
30 96 185
30 97 49
30 98 17
30 99 36
31 32 137
31 33 132
31 34 92
31 35 105
31 36 40
31 37 110
31 38 82
31 39 121
31 40 164
31 41 76
31 42 198
31 43 81
31 44 111
31 45 28
31 46 16
31 47 179
31 48 88
31 49 108
31 50 1
31 51 176
31 52 108
31 53 66
31 54 170
31 55 165
31 56 93
31 57 102
31 58 65
31 59 50
31 60 156
31 61 96
31 62 148
31 63 48
31 64 198
31 65 150
31 66 47
31 67 153
31 68 31
31 69 123
31 70 78
31 71 100
31 72 150
31 73 30
31 74 182
31 75 128
31 76 1
31 77 196
31 78 37
31 79 47
31 80 130
31 81 164
31 82 181
31 83 111
31 84 193
31 85 5
31 86 113
31 87 29
31 88 167
31 89 147
31 90 83
31 91 129
31 92 20
31 93 111
31 94 172
31 95 5
31 96 189
31 97 185
31 98 119
31 99 165
32 33 144
32 34 198
32 35 43
32 36 175
32 37 50
32 38 60
32 39 75
32 40 42
32 41 191
32 42 132
32 43 11
32 44 98
32 45 173
32 46 104
32 47 190
32 48 164
32 49 170
32 50 12
32 51 171
32 52 87
32 53 166
32 54 62
32 55 159
32 56 169
32 57 21
32 58 178
32 59 22
32 60 165
32 61 185
32 62 116
32 63 170
32 64 92
32 65 79
32 66 8
32 67 22
32 68 170
32 69 80
32 70 179
32 71 68
32 72 71
32 73 112
32 74 131
32 75 111
32 76 63
32 77 49
32 78 17
32 79 71
32 80 14
32 81 10
32 82 189
32 83 190
32 84 45
32 85 136
32 86 34
32 87 42
32 88 40
32 89 173
32 90 149
32 91 158
32 92 159
32 93 53
32 94 103
32 95 140
32 96 140
32 97 88
32 98 52
32 99 94
33 34 130
33 35 178
33 36 28
33 37 30
33 38 34
33 39 63
33 40 46
33 41 50
33 42 134
33 43 78
33 44 199
33 45 164
33 46 50
33 47 150
33 48 61
33 49 197
33 50 36
33 51 172
33 52 39
33 53 3
33 54 181
33 55 39
33 56 123
33 57 195
33 58 17
33 59 57
33 60 169
33 61 43
33 62 101
33 63 33
33 64 33
33 65 158
33 66 163
33 67 158
33 68 148
33 69 117
33 70 100
33 71 138
33 72 20
33 73 166
33 74 159
33 75 16
33 76 86
33 77 164
33 78 179
33 79 22
33 80 130
33 81 191
33 82 145
33 83 60
33 84 67
33 85 2
33 86 10
33 87 31
33 88 171
33 89 149
33 90 92
33 91 31
33 92 75
33 93 72
33 94 98
33 95 59
33 96 198
33 97 3
33 98 4
33 99 141
34 35 92
34 36 53
34 37 61
34 38 157
34 39 72
34 40 29
34 41 2
34 42 137
34 43 79
34 44 43
34 45 39
34 46 171
34 47 154
34 48 31
34 49 98
34 50 114
34 51 96
34 52 182
34 53 114
34 54 112
34 55 94
34 56 121
34 57 39
34 58 51
34 59 148
34 60 118
34 61 97
34 62 8
34 63 68
34 64 134
34 65 102
34 66 148
34 67 189
34 68 32
34 69 157
34 70 127
34 71 73
34 72 9
34 73 58
34 74 200
34 75 131
34 76 129
34 77 150
34 78 151
34 79 198
34 80 5
34 81 98
34 82 189
34 83 162
34 84 123
34 85 31
34 86 38
34 87 123
34 88 114
34 89 85
34 90 68
34 91 175
34 92 184
34 93 92
34 94 51
34 95 22
34 96 8
34 97 26
34 98 146
34 99 40
35 36 134
35 37 49
35 38 155
35 39 29
35 40 88
35 41 96
35 42 125
35 43 3
35 44 125
35 45 17
35 46 149
35 47 140
35 48 92
35 49 113
35 50 4
35 51 92
35 52 114
35 53 116
35 54 10
35 55 127
35 56 56
35 57 131
35 58 125
35 59 192
35 60 46
35 61 37
35 62 111
35 63 46
35 64 133
35 65 51
35 66 103
35 67 147
35 68 9
35 69 175
35 70 21
35 71 29
35 72 119
35 73 149
35 74 23
35 75 59
35 76 22
35 77 118
35 78 47
35 79 24
35 80 130
35 81 96
35 82 90
35 83 145
35 84 93
35 85 28
35 86 55
35 87 104
35 88 129
35 89 84
35 90 192
35 91 200
35 92 21
35 93 121
35 94 93
35 95 188
35 96 27
35 97 172
35 98 195
35 99 120
36 37 12
36 38 125
36 39 30
36 40 152
36 41 172
36 42 45
36 43 44
36 44 5
36 45 95
36 46 156
36 47 148
36 48 91
36 49 85
36 50 66
36 51 42
36 52 30
36 53 91
36 54 120
36 55 161
36 56 98
36 57 41
36 58 79
36 59 32
36 60 171
36 61 117
36 62 53
36 63 100
36 64 59
36 65 129
36 66 158
36 67 145
36 68 190
36 69 181
36 70 178
36 71 126
36 72 166
36 73 78
36 74 27
36 75 131
36 76 125
36 77 51
36 78 78
36 79 1
36 80 30
36 81 103
36 82 89
36 83 145
36 84 181
36 85 184
36 86 100
36 87 43
36 88 117
36 89 94
36 90 117
36 91 28
36 92 157
36 93 87
36 94 108
36 95 117
36 96 67
36 97 71
36 98 179
36 99 118
37 38 100
37 39 122
37 40 39
37 41 31
37 42 41
37 43 6
37 44 143
37 45 158
37 46 46
37 47 30
37 48 139
37 49 116
37 50 62
37 51 135
37 52 38
37 53 54
37 54 96
37 55 200
37 56 131
37 57 97
37 58 111
37 59 1
37 60 117
37 61 7
37 62 60
37 63 72
37 64 167
37 65 139
37 66 67
37 67 199
37 68 0
37 69 13
37 70 73
37 71 150
37 72 86
37 73 176
37 74 8
37 75 40
37 76 23
37 77 135
37 78 162
37 79 148
37 80 145
37 81 52
37 82 61
37 83 51
37 84 191
37 85 54
37 86 2
37 87 97
37 88 74
37 89 106
37 90 137
37 91 33
37 92 75
37 93 107
37 94 50
37 95 120
37 96 45
37 97 174
37 98 120
37 99 64
38 39 120
38 40 98
38 41 137
38 42 103
38 43 193
38 44 37
38 45 186
38 46 186
38 47 185
38 48 193
38 49 101
38 50 24
38 51 75
38 52 9
38 53 8
38 54 121
38 55 7
38 56 43
38 57 179
38 58 63
38 59 192
38 60 30
38 61 21
38 62 127
38 63 88
38 64 145
38 65 45
38 66 4
38 67 47
38 68 102
38 69 162
38 70 77
38 71 171
38 72 48
38 73 49
38 74 3
38 75 107
38 76 132
38 77 176
38 78 170
38 79 24
38 80 35
38 81 11
38 82 16
38 83 13
38 84 190
38 85 196
38 86 43
38 87 176
38 88 142
38 89 83
38 90 3
38 91 82
38 92 58
38 93 144
38 94 192
38 95 109
38 96 176
38 97 22
38 98 120
38 99 88
39 40 86
39 41 46
39 42 125
39 43 187
39 44 111
39 45 106
39 46 124
39 47 169
39 48 98
39 49 144
39 50 183
39 51 16
39 52 81
39 53 138
39 54 45
39 55 90
39 56 44
39 57 106
39 58 118
39 59 115
39 60 106
39 61 120
39 62 65
39 63 44
39 64 90
39 65 140
39 66 41
39 67 116
39 68 74
39 69 112
39 70 75
39 71 168
39 72 189
39 73 159
39 74 114
39 75 114
39 76 102
39 77 163
39 78 138
39 79 183
39 80 16
39 81 70
39 82 24
39 83 173
39 84 157
39 85 24
39 86 10
39 87 82
39 88 31
39 89 127
39 90 165
39 91 1
39 92 182
39 93 77
39 94 19
39 95 45
39 96 131
39 97 149
39 98 171
39 99 173
40 41 61
40 42 26
40 43 138
40 44 128
40 45 51
40 46 46
40 47 86
40 48 45
40 49 153
40 50 151
40 51 18
40 52 24
40 53 142
40 54 154
40 55 78
40 56 136
40 57 61
40 58 138
40 59 48
40 60 75
40 61 116
40 62 78
40 63 92
40 64 83
40 65 85
40 66 138
40 67 199
40 68 174
40 69 121
40 70 99
40 71 149
40 72 126
40 73 45
40 74 126
40 75 184
40 76 154
40 77 55
40 78 92
40 79 33
40 80 23
40 81 83
40 82 24
40 83 169
40 84 130
40 85 41
40 86 26
40 87 42
40 88 83
40 89 24
40 90 117
40 91 15
40 92 137
40 93 71
40 94 11
40 95 73
40 96 88
40 97 1
40 98 26
40 99 31
41 42 183
41 43 143
41 44 130
41 45 17
41 46 116
41 47 164
41 48 101
41 49 21
41 50 144
41 51 189
41 52 139
41 53 114
41 54 64
41 55 73
41 56 177
41 57 109
41 58 157
41 59 131
41 60 171
41 61 52
41 62 137
41 63 75
41 64 131
41 65 32
41 66 40
41 67 192
41 68 103
41 69 107
41 70 193
41 71 85
41 72 112
41 73 199
41 74 79
41 75 53
41 76 128
41 77 143
41 78 139
41 79 178
41 80 93
41 81 115
41 82 88
41 83 172
41 84 65
41 85 56
41 86 182
41 87 186
41 88 26
41 89 101
41 90 103
41 91 160
41 92 73
41 93 31
41 94 81
41 95 100
41 96 81
41 97 83
41 98 45
41 99 167
42 43 18
42 44 54
42 45 134
42 46 184
42 47 105
42 48 7
42 49 61
42 50 72
42 51 171
42 52 146
42 53 55
42 54 136
42 55 114
42 56 67
42 57 134
42 58 3
42 59 54
42 60 66
42 61 126
42 62 57
42 63 4
42 64 29
42 65 192
42 66 197
42 67 164
42 68 60
42 69 123
42 70 32
42 71 79
42 72 148
42 73 112
42 74 184
42 75 76
42 76 116
42 77 41
42 78 29
42 79 169
42 80 101
42 81 160
42 82 155
42 83 141
42 84 108
42 85 174
42 86 175
42 87 34
42 88 57
42 89 177
42 90 174
42 91 22
42 92 110
42 93 85
42 94 155
42 95 132
42 96 195
42 97 198
42 98 14
42 99 166
43 44 33
43 45 8
43 46 86
43 47 99
43 48 190
43 49 158
43 50 19
43 51 186
43 52 84
43 53 82
43 54 87
43 55 116
43 56 126
43 57 31
43 58 102
43 59 124
43 60 146
43 61 118
43 62 185
43 63 25
43 64 184
43 65 59
43 66 163
43 67 141
43 68 120
43 69 103
43 70 115
43 71 194
43 72 83
43 73 90
43 74 38
43 75 176
43 76 51
43 77 116
43 78 97
43 79 187
43 80 138
43 81 45
43 82 41
43 83 12
43 84 9
43 85 69
43 86 86
43 87 123
43 88 155
43 89 102
43 90 133
43 91 164
43 92 151
43 93 11
43 94 120
43 95 16
43 96 75
43 97 133
43 98 60
43 99 125
44 45 116
44 46 171
44 47 167
44 48 8
44 49 117
44 50 164
44 51 159
44 52 3
44 53 87
44 54 14
44 55 107
44 56 93
44 57 161
44 58 55
44 59 122
44 60 118
44 61 177
44 62 52
44 63 83
44 64 58
44 65 38
44 66 190
44 67 86
44 68 187
44 69 32
44 70 140
44 71 40
44 72 48
44 73 177
44 74 151
44 75 104
44 76 96
44 77 145
44 78 15
44 79 136
44 80 104
44 81 61
44 82 127
44 83 90
44 84 20
44 85 92
44 86 69
44 87 3
44 88 33
44 89 136
44 90 99
44 91 165
44 92 4
44 93 72
44 94 25
44 95 85
44 96 14
44 97 175
44 98 100
44 99 81
45 46 47
45 47 68
45 48 101
45 49 168
45 50 79
45 51 75
45 52 30
45 53 53
45 54 74
45 55 64
45 56 145
45 57 161
45 58 20
45 59 148
45 60 71
45 61 43
45 62 145
45 63 10
45 64 43
45 65 172
45 66 33
45 67 159
45 68 143
45 69 85
45 70 65
45 71 92
45 72 43
45 73 174
45 74 174
45 75 52
45 76 70
45 77 78
45 78 39
45 79 98
45 80 70
45 81 110
45 82 54
45 83 63
45 84 83
45 85 9
45 86 193
45 87 28
45 88 176
45 89 177
45 90 1
45 91 92
45 92 118
45 93 195
45 94 87
45 95 168
45 96 141
45 97 97
45 98 21
45 99 106
46 47 199
46 48 190
46 49 61
46 50 123
46 51 183
46 52 73
46 53 16
46 54 146
46 55 152
46 56 58
46 57 180
46 58 57
46 59 186
46 60 111
46 61 69
46 62 92
46 63 6
46 64 140
46 65 11
46 66 67
46 67 6
46 68 110
46 69 147
46 70 147
46 71 175
46 72 67
46 73 42
46 74 155
46 75 195
46 76 81
46 77 0
46 78 168
46 79 21
46 80 21
46 81 48
46 82 31
46 83 102
46 84 9
46 85 87
46 86 55
46 87 112
46 88 125
46 89 105
46 90 112
46 91 11
46 92 14
46 93 100
46 94 137
46 95 137
46 96 198
46 97 59
46 98 195
46 99 117
47 48 142
47 49 106
47 50 144
47 51 59
47 52 58
47 53 137
47 54 100
47 55 16
47 56 32
47 57 107
47 58 112
47 59 125
47 60 72
47 61 177
47 62 17
47 63 177
47 64 101
47 65 35
47 66 175
47 67 192
47 68 97
47 69 142
47 70 57
47 71 67
47 72 7
47 73 53
47 74 55
47 75 48
47 76 88
47 77 162
47 78 163
47 79 194
47 80 153
47 81 137
47 82 33
47 83 59
47 84 58
47 85 166
47 86 82
47 87 125
47 88 8
47 89 170
47 90 178
47 91 168
47 92 133
47 93 156
47 94 146
47 95 118
47 96 70
47 97 154
47 98 86
47 99 78
48 49 148
48 50 82
48 51 156
48 52 175
48 53 71
48 54 186
48 55 169
48 56 116
48 57 171
48 58 174
48 59 78
48 60 80
48 61 124
48 62 33
48 63 165
48 64 8
48 65 2
48 66 81
48 67 56
48 68 50
48 69 62
48 70 102
48 71 180
48 72 100
48 73 177
48 74 141
48 75 139
48 76 26
48 77 63
48 78 92
48 79 116
48 80 84
48 81 166
48 82 172
48 83 126
48 84 44
48 85 10
48 86 98
48 87 52
48 88 30
48 89 57
48 90 88
48 91 45
48 92 55
48 93 128
48 94 71
48 95 72
48 96 146
48 97 76
48 98 33
48 99 144
49 50 50
49 51 60
49 52 161
49 53 185
49 54 26
49 55 178
49 56 13
49 57 147
49 58 145
49 59 165
49 60 125
49 61 38
49 62 83
49 63 177
49 64 95
49 65 170
49 66 131
49 67 194
49 68 122
49 69 101
49 70 182
49 71 47
49 72 151
49 73 35
49 74 102
49 75 183
49 76 188
49 77 32
49 78 166
49 79 17
49 80 186
49 81 73
49 82 29
49 83 170
49 84 138
49 85 4
49 86 156
49 87 149
49 88 7
49 89 115
49 90 81
49 91 99
49 92 56
49 93 68
49 94 120
49 95 149
49 96 188
49 97 106
49 98 84
49 99 41
50 51 141
50 52 29
50 53 88
50 54 123
50 55 126
50 56 194
50 57 152
50 58 113
50 59 36
50 60 33
50 61 83
50 62 21
50 63 14
50 64 112
50 65 19
50 66 75
50 67 76
50 68 187
50 69 173
50 70 34
50 71 143
50 72 28
50 73 18
50 74 189
50 75 92
50 76 12
50 77 1
50 78 69
50 79 186
50 80 1
50 81 187
50 82 161
50 83 46
50 84 107
50 85 101
50 86 115
50 87 177
50 88 171
50 89 32
50 90 121
50 91 142
50 92 98
50 93 150
50 94 49
50 95 140
50 96 0
50 97 98
50 98 20
50 99 23
51 52 23
51 53 172
51 54 121
51 55 168
51 56 39
51 57 69
51 58 147
51 59 26
51 60 10
51 61 175
51 62 196
51 63 19
51 64 8
51 65 198
51 66 94
51 67 81
51 68 158
51 69 37
51 70 143
51 71 184
51 72 140
51 73 175
51 74 140
51 75 161
51 76 197
51 77 165
51 78 54
51 79 176
51 80 127
51 81 72
51 82 2
51 83 191
51 84 112
51 85 43
51 86 98
51 87 6
51 88 33
51 89 140
51 90 149
51 91 137
51 92 92
51 93 109
51 94 102
51 95 84
51 96 173
51 97 141
51 98 81
51 99 73
52 53 102
52 54 109
52 55 67
52 56 56
52 57 198
52 58 69
52 59 85
52 60 117
52 61 74
52 62 29
52 63 42
52 64 64
52 65 111
52 66 172
52 67 120
52 68 137
52 69 140
52 70 95
52 71 138
52 72 163
52 73 144
52 74 176
52 75 0
52 76 32
52 77 127
52 78 188
52 79 126
52 80 144
52 81 123
52 82 103
52 83 27
52 84 166
52 85 152
52 86 131
52 87 124
52 88 22
52 89 114
52 90 27
52 91 33
52 92 12
52 93 21
52 94 135
52 95 88
52 96 80
52 97 40
52 98 107
52 99 193
