100 4650
0 1 17
0 2 86
0 3 116
0 4 92
0 5 100
0 6 142
0 7 8
0 8 38
0 9 151
0 10 93
0 11 138
0 12 83
0 13 4
0 14 62
0 15 102
0 16 95
0 17 167
0 18 70
0 19 112
0 20 126
0 21 0
0 22 178
0 23 167
0 24 0
0 25 97
0 26 0
0 27 185
0 28 111
0 29 183
0 30 82
0 31 92
0 32 23
0 33 15
0 34 173
0 35 115
0 36 75
0 37 106
0 38 93
0 39 104
0 40 9
0 41 70
0 42 28
0 43 144
0 44 193
0 45 42
0 46 194
0 47 58
0 48 77
0 49 182
0 50 43
0 51 135
0 52 40
0 53 129
0 54 32
0 55 76
0 56 100
0 57 48
0 58 134
0 59 10
0 60 174
0 61 147
0 62 26
0 63 41
0 64 145
0 65 30
0 66 195
0 67 99
0 68 82
0 69 44
0 70 44
0 71 163
0 72 70
0 73 102
0 74 149
0 75 148
0 76 2
0 77 31
0 78 36
0 79 164
0 80 100
0 81 35
0 82 62
0 83 95
0 84 41
0 85 139
0 86 151
0 87 28
0 88 112
0 89 167
0 90 116
0 91 69
0 92 55
0 93 141
0 94 158
0 95 58
0 96 82
0 97 140
0 98 135
0 99 10
1 2 180
1 3 13
1 4 50
1 5 70
1 6 75
1 7 198
1 8 12
1 9 69
1 10 194
1 11 81
1 12 22
1 13 156
1 14 172
1 15 113
1 16 9
1 17 89
1 18 57
1 19 111
1 20 9
1 21 67
1 22 139
1 23 97
1 24 122
1 25 23
1 26 173
1 27 106
1 28 48
1 29 168
1 30 108
1 31 70
1 32 3
1 33 163
1 34 30
1 35 22
1 36 168
1 37 122
1 38 51
1 39 85
1 40 154
1 41 96
1 42 109
1 43 85
1 44 155
1 45 3
1 46 76
1 47 140
1 48 122
1 49 131
1 50 153
1 51 44
1 52 184
1 53 82
1 54 155
1 55 155
1 56 33
1 57 113
1 58 2
1 59 52
1 60 172
1 61 85
1 62 87
1 63 145
1 64 40
1 65 127
1 66 69
1 67 78
1 68 22
1 69 16
1 70 61
1 71 163
1 72 193
1 73 92
1 74 109
1 75 171
1 76 100
1 77 135
1 78 138
1 79 152
1 80 57
1 81 89
1 82 8
1 83 29
1 84 88
1 85 181
1 86 72
1 87 183
1 88 194
1 89 169
1 90 146
1 91 24
1 92 69
1 93 143
1 94 25
1 95 177
1 96 121
1 97 94
1 98 68
1 99 53
2 3 40
2 4 89
2 5 16
2 6 90
2 7 109
2 8 166
2 9 150
2 10 68
2 11 186
2 12 32
2 13 135
2 14 197
2 15 4
2 16 108
2 17 179
2 18 83
2 19 19
2 20 117
2 21 147
2 22 53
2 23 11
2 24 17
2 25 106
2 26 157
2 27 39
2 28 65
2 29 4
2 30 77
2 31 9
2 32 193
2 33 51
2 34 123
2 35 165
2 36 89
2 37 7
2 38 115
2 39 200
2 40 67
2 41 132
2 42 156
2 43 25
2 44 87
2 45 92
2 46 121
2 47 100
2 48 194
2 49 118
2 50 118
2 51 120
2 52 108
2 53 143
2 54 27
2 55 108
2 56 37
2 57 45
2 58 82
2 59 114
2 60 16
2 61 108
2 62 181
2 63 22
2 64 139
2 65 64
2 66 150
2 67 164
2 68 37
2 69 89
2 70 53
2 71 18
2 72 91
2 73 127
2 74 100
2 75 135
2 76 7
2 77 77
2 78 44
2 79 43
2 80 62
2 81 182
2 82 33
2 83 75
2 84 67
2 85 77
2 86 101
2 87 44
2 88 167
2 89 32
2 90 58
2 91 94
2 92 198
2 93 132
2 94 100
2 95 154
2 96 126
2 97 74
2 98 83
2 99 51
3 4 117
3 5 52
3 6 76
3 7 80
3 8 195
3 9 174
3 10 57
3 11 147
3 12 182
3 13 81
3 14 0
3 15 92
3 16 108
3 17 45
3 18 43
3 19 73
3 20 133
3 21 187
3 22 13
3 23 88
3 24 25
3 25 190
3 26 64
3 27 199
3 28 196
3 29 118
3 30 181
3 31 119
3 32 134
3 33 28
3 34 87
3 35 5
3 36 129
3 37 36
3 38 45
3 39 197
3 40 18
3 41 80
3 42 169
3 43 109
3 44 103
3 45 4
3 46 26
3 47 53
3 48 124
3 49 36
3 50 112
3 51 136
3 52 155
3 53 176
3 54 76
3 55 65
3 56 84
3 57 199
3 58 72
3 59 81
3 60 88
3 61 185
3 62 28
3 63 102
3 64 76
3 65 40
3 66 98
3 67 23
3 68 130
3 69 90
3 70 148
3 71 182
3 72 41
3 73 84
3 74 130
3 75 97
3 76 64
3 77 72
3 78 162
3 79 86
3 80 52
3 81 172
3 82 94
3 83 54
3 84 124
3 85 153
3 86 30
3 87 166
3 88 47
3 89 49
3 90 64
3 91 83
3 92 196
3 93 15
3 94 128
3 95 52
3 96 195
3 97 141
3 98 45
3 99 168
4 5 8
4 6 196
4 7 52
4 8 92
4 9 46
4 10 148
4 11 63
4 12 63
4 13 113
4 14 42
4 15 55
4 16 173
4 17 41
4 18 54
4 19 36
4 20 3
4 21 148
4 22 50
4 23 197
4 24 25
4 25 129
4 26 118
4 27 94
4 28 5
4 29 80
4 30 24
4 31 26
4 32 84
4 33 24
4 34 50
4 35 196
4 36 26
4 37 88
4 38 29
4 39 151
4 40 149
4 41 19
4 42 93
4 43 107
4 44 81
4 45 124
4 46 94
4 47 62
4 48 93
4 49 195
4 50 128
4 51 200
4 52 102
4 53 94
4 54 48
4 55 11
4 56 82
4 57 157
4 58 193
4 59 15
4 60 91
4 61 24
4 62 163
4 63 10
4 64 100
4 65 130
4 66 93
4 67 108
4 68 49
4 69 200
4 70 126
4 71 126
4 72 129
4 73 108
4 74 140
4 75 133
4 76 155
4 77 179
4 78 131
4 79 107
4 80 148
4 81 41
4 82 47
4 83 45
4 84 71
4 85 199
4 86 189
4 87 158
4 88 196
4 89 63
4 90 73
4 91 10
4 92 27
4 93 33
4 94 184
4 95 158
4 96 186
4 97 172
4 98 123
4 99 171
5 6 141
5 7 22
5 8 47
5 9 47
5 10 63
5 11 68
5 12 82
5 13 154
5 14 3
5 15 174
5 16 118
5 17 162
5 18 7
5 19 129
5 20 143
5 21 102
5 22 84
5 23 83
5 24 198
5 25 4
5 26 65
5 27 41
5 28 182
5 29 75
5 30 94
5 31 92
5 32 3
5 33 48
5 34 85
5 35 178
5 36 164
5 37 73
5 38 177
5 39 50
5 40 35
5 41 175
5 42 68
5 43 119
5 44 119
5 45 16
5 46 143
5 47 88
5 48 72
5 49 135
5 50 57
5 51 63
5 52 13
5 53 14
5 54 83
5 55 155
5 56 126
5 57 93
5 58 67
5 59 87
5 60 110
5 61 81
5 62 197
5 63 68
5 64 98
5 65 90
5 66 130
5 67 134
5 68 103
5 69 123
5 70 25
5 71 69
5 72 179
5 73 63
5 74 137
5 75 191
5 76 119
5 77 131
5 78 38
5 79 140
5 80 107
5 81 113
5 82 147
5 83 117
5 84 76
5 85 177
5 86 92
5 87 128
5 88 179
5 89 103
5 90 197
5 91 193
5 92 59
5 93 119
5 94 137
5 95 13
5 96 97
5 97 25
5 98 98
5 99 88
6 7 127
6 8 82
6 9 95
6 10 132
6 11 191
6 12 190
6 13 15
6 14 136
6 15 156
6 16 66
6 17 87
6 18 149
6 19 144
6 20 187
6 21 180
6 22 136
6 23 4
6 24 11
6 25 101
6 26 143
6 27 136
6 28 191
6 29 1
6 30 48
6 31 148
6 32 34
6 33 113
6 34 94
6 35 12
6 36 127
6 37 7
6 38 43
6 39 146
6 40 157
6 41 75
6 42 151
6 43 37
6 44 79
6 45 22
6 46 79
6 47 85
6 48 18
6 49 183
6 50 177
6 51 177
6 52 166
6 53 60
6 54 44
6 55 42
6 56 67
6 57 16
6 58 100
6 59 64
6 60 169
6 61 8
6 62 76
6 63 181
6 64 76
6 65 168
6 66 20
6 67 107
6 68 128
6 69 32
6 70 93
6 71 123
6 72 192
6 73 196
6 74 17
6 75 130
6 76 86
6 77 127
6 78 192
6 79 125
6 80 140
6 81 149
6 82 60
6 83 82
6 84 188
6 85 192
6 86 131
6 87 197
6 88 35
6 89 0
6 90 119
6 91 189
6 92 93
6 93 2
6 94 104
6 95 58
6 96 18
6 97 153
6 98 63
6 99 197
7 8 134
7 9 124
7 10 189
7 11 102
7 12 75
7 13 40
7 14 99
7 15 170
7 16 185
7 17 147
7 18 42
7 19 59
7 20 122
7 21 71
7 22 54
7 23 169
7 24 27
7 25 43
7 26 87
7 27 79
7 28 14
7 29 124
7 30 108
7 31 44
7 32 117
7 33 123
7 34 117
7 35 180
7 36 81
7 37 157
7 38 100
7 39 25
7 40 90
7 41 42
7 42 46
7 43 163
7 44 163
7 45 151
7 46 45
7 47 196
7 48 108
7 49 32
7 50 182
7 51 86
7 52 59
7 53 133
7 54 147
7 55 59
7 56 164
7 57 139
7 58 27
7 59 182
7 60 102
7 61 101
7 62 45
7 63 20
7 64 173
7 65 180
7 66 131
7 67 188
7 68 130
7 69 74
7 70 92
7 71 54
7 72 62
7 73 42
7 74 6
7 75 71
7 76 96
7 77 137
7 78 77
7 79 74
7 80 46
7 81 30
7 82 163
7 83 59
7 84 170
7 85 72
7 86 136
7 87 119
7 88 55
7 89 72
7 90 100
7 91 2
7 92 117
7 93 128
7 94 56
7 95 111
7 96 59
7 97 90
7 98 89
7 99 82
8 9 133
8 10 115
8 11 150
8 12 36
8 13 127
8 14 42
8 15 95
8 16 79
8 17 134
8 18 128
8 19 129
8 20 152
8 21 90
8 22 47
8 23 38
8 24 154
8 25 7
8 26 89
8 27 67
8 28 77
8 29 154
8 30 24
8 31 147
8 32 200
8 33 85
8 34 19
8 35 91
8 36 97
8 37 73
8 38 57
8 39 78
8 40 173
8 41 31
8 42 75
8 43 82
8 44 22
8 45 162
8 46 187
8 47 135
8 48 72
8 49 171
8 50 174
8 51 15
8 52 188
8 53 124
8 54 110
8 55 10
8 56 144
8 57 87
8 58 122
8 59 106
8 60 92
8 61 12
8 62 9
8 63 44
8 64 105
8 65 18
8 66 0
8 67 181
8 68 13
8 69 82
8 70 31
8 71 27
8 72 121
8 73 170
8 74 78
8 75 171
8 76 45
8 77 194
8 78 186
8 79 104
8 80 176
8 81 41
8 82 188
8 83 68
8 84 184
8 85 24
8 86 163
8 87 112
8 88 83
8 89 59
8 90 187
8 91 181
8 92 155
8 93 103
8 94 14
8 95 62
8 96 54
8 97 185
8 98 76
8 99 44
9 10 30
9 11 164
9 12 179
9 13 70
9 14 161
9 15 94
9 16 22
9 17 5
9 18 71
9 19 147
9 20 187
9 21 30
9 22 109
9 23 174
9 24 99
9 25 73
9 26 157
9 27 64
9 28 98
9 29 60
9 30 140
9 31 174
9 32 179
9 33 51
9 34 155
9 35 28
9 36 188
9 37 169
9 38 139
9 39 73
9 40 30
9 41 62
9 42 198
9 43 119
9 44 105
9 45 140
9 46 116
9 47 31
9 48 115
9 49 162
9 50 139
9 51 51
9 52 28
9 53 192
9 54 147
9 55 166
9 56 182
9 57 13
9 58 92
9 59 135
9 60 162
9 61 117
9 62 14
9 63 73
9 64 148
9 65 50
9 66 141
9 67 149
9 68 30
9 69 3
9 70 139
9 71 62
9 72 19
9 73 65
9 74 47
9 75 153
9 76 180
9 77 83
9 78 148
9 79 183
9 80 175
9 81 61
9 82 43
9 83 165
9 84 87
9 85 6
9 86 139
9 87 30
9 88 110
9 89 103
9 90 19
9 91 155
9 92 133
9 93 48
9 94 16
9 95 194
9 96 120
9 97 186
9 98 141
9 99 146
10 11 69
10 12 169
10 13 78
10 14 49
10 15 57
10 16 149
10 17 154
10 18 112
10 19 85
10 20 22
10 21 83
10 22 88
10 23 47
10 24 55
10 25 176
10 26 14
10 27 112
10 28 64
10 29 101
10 30 33
10 31 100
10 32 57
10 33 112
10 34 48
10 35 2
10 36 69
10 37 26
10 38 30
10 39 176
10 40 28
10 41 94
10 42 14
10 43 121
10 44 21
10 45 145
10 46 33
10 47 5
10 48 198
10 49 118
10 50 112
10 51 125
10 52 155
10 53 72
10 54 168
10 55 141
10 56 53
10 57 127
10 58 130
10 59 148
10 60 23
10 61 79
10 62 6
10 63 124
10 64 188
10 65 115
10 66 78
10 67 100
10 68 61
10 69 80
10 70 107
10 71 59
10 72 52
10 73 165
10 74 92
10 75 17
10 76 93
10 77 32
10 78 153
10 79 171
10 80 135
10 81 38
10 82 197
10 83 17
10 84 73
10 85 10
10 86 103
10 87 2
10 88 7
10 89 112
10 90 83
10 91 4
10 92 122
10 93 53
10 94 82
10 95 183
10 96 170
10 97 42
10 98 149
10 99 56
11 12 55
11 13 153
11 14 57
11 15 108
11 16 157
11 17 40
11 18 101
11 19 7
11 20 90
11 21 61
11 22 191
11 23 115
11 24 31
11 25 134
11 26 186
11 27 145
11 28 118
11 29 51
11 30 72
11 31 200
11 32 37
11 33 55
11 34 116
11 35 87
11 36 155
11 37 143
11 38 6
11 39 107
11 40 85
11 41 50
11 42 119
11 43 174
11 44 43
11 45 130
11 46 198
11 47 48
11 48 108
11 49 40
11 50 67
11 51 23
11 52 147
11 53 28
11 54 25
11 55 73
11 56 31
11 57 46
11 58 157
11 59 134
11 60 187
11 61 62
11 62 144
11 63 59
11 64 67
11 65 141
11 66 46
11 67 97
11 68 46
11 69 28
11 70 44
11 71 94
11 72 23
11 73 190
11 74 105
11 75 56
11 76 116
11 77 155
11 78 188
11 79 102
11 80 115
11 81 30
11 82 153
11 83 69
11 84 139
11 85 129
11 86 142
11 87 185
11 88 95
11 89 42
11 90 80
11 91 52
11 92 148
11 93 82
11 94 136
11 95 22
11 96 134
11 97 183
11 98 7
11 99 190
12 13 97
12 14 97
12 15 56
12 16 68
12 17 54
12 18 68
12 19 182
12 20 4
12 21 1
12 22 109
12 23 185
12 24 55
12 25 188
12 26 193
12 27 33
12 28 132
12 29 151
12 30 100
12 31 151
12 32 24
12 33 183
12 34 90
12 35 52
12 36 41
12 37 2
12 38 79
12 39 32
12 40 51
12 41 170
12 42 123
12 43 46
12 44 100
12 45 136
12 46 146
12 47 66
12 48 3
12 49 48
12 50 146
12 51 123
12 52 121
12 53 162
12 54 1
12 55 3
12 56 34
12 57 74
12 58 14
12 59 1
12 60 168
12 61 168
12 62 18
12 63 183
12 64 152
12 65 19
12 66 57
12 67 20
12 68 123
12 69 50
12 70 59
12 71 142
12 72 157
12 73 46
12 74 15
12 75 125
12 76 122
12 77 148
12 78 159
12 79 145
12 80 129
12 81 127
12 82 14
12 83 145
12 84 72
12 85 147
12 86 162
12 87 118
12 88 184
12 89 97
12 90 1
12 91 89
12 92 132
12 93 4
12 94 130
12 95 34
12 96 190
12 97 138
12 98 180
12 99 193
13 14 47
13 15 133
13 16 11
13 17 160
13 18 79
13 19 24
13 20 200
13 21 166
13 22 18
13 23 68
13 24 15
13 25 130
13 26 141
13 27 140
13 28 80
13 29 40
13 30 123
13 31 180
13 32 10
13 33 126
13 34 8
13 35 195
13 36 59
13 37 140
13 38 68
13 39 91
13 40 38
13 41 96
13 42 67
13 43 101
13 44 85
13 45 65
13 46 84
13 47 14
13 48 11
13 49 85
13 50 65
13 51 0
13 52 187
13 53 162
13 54 177
13 55 102
13 56 63
13 57 18
13 58 115
13 59 60
13 60 141
13 61 166
13 62 123
13 63 40
13 64 51
13 65 39
13 66 188
13 67 128
13 68 75
13 69 40
13 70 107
13 71 3
13 72 37
13 73 193
13 74 92
13 75 55
13 76 91
13 77 80
13 78 79
13 79 149
13 80 89
13 81 196
13 82 75
13 83 51
13 84 173
13 85 84
13 86 181
13 87 123
13 88 139
13 89 105
13 90 195
13 91 106
13 92 19
13 93 31
13 94 23
13 95 44
13 96 196
13 97 2
13 98 126
13 99 87
14 15 16
14 16 54
14 17 35
14 18 180
14 19 23
14 20 195
14 21 195
14 22 96
14 23 118
14 24 26
14 25 67
14 26 64
14 27 126
14 28 17
14 29 169
14 30 141
14 31 92
14 32 110
14 33 34
14 34 132
14 35 45
14 36 149
14 37 69
14 38 86
14 39 41
14 40 83
14 41 77
14 42 186
14 43 119
14 44 189
14 45 6
14 46 150
14 47 65
14 48 22
14 49 6
14 50 171
14 51 97
14 52 117
14 53 115
14 54 75
14 55 184
14 56 70
14 57 28
14 58 4
14 59 191
14 60 186
14 61 191
14 62 93
14 63 172
14 64 12
14 65 86
14 66 33
14 67 140
14 68 35
14 69 62
14 70 148
14 71 192
14 72 100
14 73 68
14 74 187
14 75 139
14 76 99
14 77 60
14 78 29
14 79 98
14 80 7
14 81 51
14 82 69
14 83 176
14 84 93
14 85 103
14 86 182
14 87 30
14 88 72
14 89 183
14 90 124
14 91 45
14 92 130
14 93 109
14 94 58
14 95 13
14 96 107
14 97 66
14 98 108
14 99 123
15 16 131
15 17 120
15 18 14
15 19 26
15 20 25
15 21 185
15 22 128
15 23 181
15 24 184
15 25 79
15 26 102
15 27 75
15 28 186
15 29 137
15 30 91
15 31 68
15 32 132
15 33 124
15 34 51
15 35 103
15 36 100
15 37 133
15 38 11
15 39 58
15 40 116
15 41 164
15 42 60
15 43 158
15 44 53
15 45 12
15 46 12
15 47 188
15 48 78
15 49 13
15 50 173
15 51 138
15 52 116
15 53 90
15 54 92
15 55 28
15 56 139
15 57 16
15 58 136
15 59 9
15 60 115
15 61 187
15 62 74
15 63 139
15 64 93
15 65 110
15 66 5
15 67 51
15 68 162
15 69 149
15 70 119
15 71 152
15 72 58
15 73 196
15 74 136
15 75 129
15 76 33
15 77 110
15 78 72
15 79 32
15 80 132
15 81 57
15 82 188
15 83 195
15 84 145
15 85 0
15 86 6
15 87 97
15 88 10
15 89 64
15 90 96
15 91 140
15 92 3
15 93 18
15 94 161
15 95 191
15 96 160
15 97 137
15 98 125
15 99 111
16 17 102
16 18 126
16 19 38
16 20 175
16 21 63
16 22 173
16 23 90
16 24 86
16 25 139
16 26 82
16 27 188
16 28 122
16 29 193
16 30 46
16 31 173
16 32 16
16 33 10
16 34 155
16 35 119
16 36 147
16 37 123
16 38 76
16 39 72
16 40 129
16 41 137
16 42 186
16 43 130
16 44 18
16 45 27
16 46 57
16 47 94
16 48 42
16 49 200
16 50 110
16 51 43
16 52 143
16 53 47
16 54 53
16 55 193
16 56 93
16 57 113
16 58 120
16 59 82
16 60 34
16 61 153
16 62 90
16 63 80
16 64 193
16 65 157
16 66 88
16 67 15
16 68 62
16 69 29
16 70 113
16 71 198
16 72 9
16 73 7
16 74 171
16 75 74
16 76 169
16 77 57
16 78 98
16 79 36
16 80 117
16 81 187
16 82 60
16 83 78
16 84 125
16 85 22
16 86 67
16 87 164
16 88 38
16 89 103
16 90 47
16 91 7
16 92 100
16 93 150
16 94 65
16 95 154
16 96 168
16 97 43
16 98 154
16 99 169
17 18 101
17 19 164
17 20 39
17 21 110
17 22 127
17 23 85
17 24 142
17 25 73
17 26 190
17 27 82
17 28 151
17 29 158
17 30 115
17 31 78
17 32 121
17 33 122
17 34 165
17 35 48
17 36 23
17 37 20
17 38 108
17 39 184
17 40 71
17 41 157
17 42 88
17 43 177
17 44 193
17 45 116
17 46 42
17 47 192
17 48 78
17 49 164
17 50 7
17 51 27
17 52 41
17 53 107
17 54 95
17 55 14
17 56 193
17 57 148
17 58 148
17 59 99
17 60 184
17 61 17
17 62 124
17 63 137
17 64 30
17 65 85
17 66 104
17 67 116
17 68 136
17 69 186
17 70 23
17 71 113
17 72 188
17 73 7
17 74 42
17 75 82
17 76 50
17 77 112
17 78 41
17 79 173
17 80 48
17 81 96
17 82 173
17 83 181
17 84 23
17 85 200
17 86 129
17 87 189
17 88 149
17 89 61
17 90 74
17 91 34
17 92 61
17 93 180
17 94 15
17 95 195
17 96 126
17 97 149
17 98 170
17 99 67
18 19 9
18 20 63
18 21 175
18 22 113
18 23 17
18 24 159
18 25 167
18 26 44
18 27 50
18 28 128
18 29 105
18 30 110
18 31 56
18 32 148
18 33 91
18 34 151
18 35 141
18 36 76
18 37 47
18 38 161
18 39 64
18 40 100
18 41 93
18 42 134
18 43 169
18 44 145
18 45 108
18 46 52
18 47 131
18 48 166
18 49 137
18 50 176
18 51 27
18 52 69
18 53 138
18 54 107
18 55 30
18 56 92
18 57 8
18 58 153
18 59 160
18 60 152
18 61 192
18 62 113
18 63 188
18 64 75
18 65 4
18 66 46
18 67 121
18 68 184
18 69 98
18 70 72
18 71 22
18 72 42
18 73 79
18 74 98
18 75 25
18 76 6
18 77 155
18 78 141
18 79 2
18 80 163
18 81 26
18 82 70
18 83 41
18 84 167
18 85 85
18 86 121
18 87 55
18 88 16
18 89 49
18 90 83
18 91 84
18 92 4
18 93 154
18 94 116
18 95 61
18 96 41
18 97 125
18 98 24
18 99 133
19 20 153
19 21 30
19 22 96
19 23 84
19 24 80
19 25 57
19 26 186
19 27 194
19 28 84
19 29 51
19 30 103
19 31 39
19 32 160
19 33 43
19 34 90
19 35 131
19 36 32
19 37 131
19 38 138
19 39 17
19 40 87
19 41 97
19 42 157
19 43 90
19 44 46
19 45 137
19 46 34
19 47 177
19 48 72
19 49 146
19 50 30
19 51 189
19 52 194
19 53 138
19 54 152
19 55 68
19 56 141
19 57 138
19 58 183
19 59 136
19 60 173
19 61 82
19 62 193
19 63 147
19 64 74
19 65 116
19 66 119
19 67 31
19 68 82
19 69 181
19 70 117
19 71 24
19 72 67
19 73 86
19 74 164
19 75 108
19 76 168
19 77 7
19 78 70
19 79 88
19 80 44
19 81 200
19 82 25
19 83 195
19 84 99
19 85 102
19 86 57
19 87 157
19 88 90
19 89 72
19 90 134
19 91 32
19 92 41
19 93 184
19 94 44
19 95 147
19 96 119
19 97 104
19 98 108
19 99 89
20 21 124
20 22 120
20 23 159
20 24 176
20 25 56
20 26 142
20 27 97
20 28 166
20 29 147
20 30 49
20 31 130
20 32 166
20 33 185
20 34 26
20 35 105
20 36 81
20 37 107
20 38 42
20 39 66
20 40 145
20 41 186
20 42 21
20 43 129
20 44 141
20 45 13
20 46 194
20 47 196
20 48 13
20 49 151
20 50 177
20 51 33
20 52 187
20 53 176
20 54 68
20 55 95
20 56 90
20 57 23
20 58 153
20 59 163
20 60 152
20 61 104
20 62 52
20 63 181
20 64 18
20 65 80
20 66 163
20 67 2
20 68 86
20 69 88
20 70 154
20 71 157
20 72 85
20 73 180
20 74 141
20 75 16
20 76 25
20 77 187
20 78 43
20 79 191
20 80 195
20 81 50
20 82 51
20 83 50
20 84 78
20 85 11
20 86 74
20 87 181
20 88 156
20 89 53
20 90 91
20 91 107
20 92 107
20 93 80
20 94 75
20 95 146
20 96 3
20 97 178
20 98 164
20 99 122
21 22 132
21 23 191
21 24 66
21 25 39
21 26 71
21 27 141
21 28 93
21 29 168
21 30 26
21 31 142
21 32 155
21 33 132
21 34 63
21 35 93
21 36 60
21 37 193
21 38 51
21 39 3
21 40 42
21 41 133
21 42 140
21 43 65
21 44 88
21 45 43
21 46 71
21 47 197
21 48 15
21 49 106
21 50 60
21 51 161
21 52 135
21 53 77
21 54 194
21 55 60
21 56 165
21 57 50
21 58 152
21 59 50
21 60 25
21 61 125
21 62 35
21 63 28
21 64 189
21 65 92
21 66 88
21 67 137
21 68 200
21 69 107
21 70 173
21 71 12
21 72 173
21 73 9
21 74 13
21 75 134
21 76 188
21 77 122
21 78 98
21 79 115
21 80 164
21 81 166
21 82 183
21 83 106
21 84 178
21 85 36
21 86 54
21 87 197
21 88 140
21 89 22
21 90 94
21 91 173
21 92 113
21 93 103
21 94 119
21 95 10
21 96 96
21 97 113
21 98 188
21 99 108
22 23 200
22 24 67
22 25 114
22 26 39
22 27 185
22 28 99
22 29 93
22 30 42
22 31 6
22 32 103
22 33 81
22 34 111
22 35 41
22 36 193
22 37 143
22 38 176
22 39 182
22 40 130
22 41 158
22 42 38
22 43 42
22 44 110
22 45 99
22 46 176
22 47 16
22 48 143
22 49 92
22 50 109
22 51 127
22 52 84
22 53 196
22 54 146
22 55 8
22 56 114
22 57 112
22 58 56
22 59 40
22 60 49
22 61 67
22 62 99
22 63 119
22 64 190
22 65 177
22 66 152
22 67 168
22 68 23
22 69 67
22 70 156
22 71 32
22 72 97
22 73 98
22 74 133
22 75 174
22 76 19
22 77 120
22 78 83
22 79 196
22 80 21
22 81 58
22 82 22
22 83 52
22 84 115
22 85 120
22 86 67
22 87 52
22 88 155
22 89 57
22 90 137
22 91 69
22 92 181
22 93 73
22 94 53
22 95 133
22 96 162
22 97 192
22 98 174
22 99 125
23 24 79
23 25 190
23 26 198
23 27 120
23 28 28
23 29 1
23 30 58
23 31 176
23 32 72
23 33 50
23 34 70
23 35 196
23 36 80
23 37 41
23 38 8
23 39 173
23 40 155
23 41 93
23 42 162
23 43 7
23 44 10
23 45 169
23 46 63
23 47 156
23 48 46
23 49 9
23 50 157
23 51 5
23 52 1
23 53 17
23 54 45
23 55 45
23 56 178
23 57 57
23 58 4
23 59 109
23 60 56
23 61 46
23 62 101
23 63 107
23 64 138
23 65 70
23 66 173
23 67 168
23 68 189
23 69 72
23 70 189
23 71 180
23 72 165
23 73 50
23 74 67
23 75 168
23 76 113
23 77 123
23 78 70
23 79 6
23 80 28
23 81 89
23 82 179
23 83 198
23 84 112
23 85 2
23 86 167
23 87 158
23 88 33
23 89 169
23 90 81
23 91 151
23 92 150
23 93 125
23 94 134
23 95 125
23 96 20
23 97 90
23 98 33
23 99 56
24 25 167
24 26 73
24 27 162
24 28 175
24 29 72
24 30 88
24 31 45
24 32 103
24 33 48
24 34 27
24 35 35
24 36 54
24 37 118
24 38 167
24 39 78
24 40 92
24 41 196
24 42 5
24 43 109
24 44 19
24 45 16
24 46 114
24 47 191
24 48 12
24 49 190
24 50 134
24 51 113
24 52 197
24 53 165
24 54 38
24 55 53
24 56 141
24 57 154
24 58 197
24 59 23
24 60 194
24 61 10
24 62 79
24 63 99
24 64 179
24 65 196
24 66 27
24 67 125
24 68 148
24 69 131
24 70 126
24 71 17
24 72 189
24 73 91
24 74 59
24 75 122
24 76 59
24 77 85
24 78 109
24 79 35
24 80 70
24 81 135
24 82 164
24 83 180
24 84 51
24 85 112
24 86 103
24 87 114
24 88 21
24 89 81
24 90 69
24 91 120
24 92 55
24 93 160
24 94 167
24 95 3
24 96 187
24 97 110
24 98 87
24 99 121
25 26 81
25 27 34
25 28 1
25 29 83
25 30 137
25 31 157
25 32 111
25 33 183
25 34 93
25 35 115
25 36 177
25 37 189
25 38 78
25 39 151
25 40 75
25 41 68
25 42 147
25 43 167
25 44 124
25 45 171
25 46 159
25 47 189
25 48 165
25 49 53
25 50 117
25 51 61
25 52 66
25 53 14
25 54 15
25 55 160
25 56 35
25 57 62
25 58 103
25 59 30
25 60 12
25 61 183
25 62 63
25 63 20
25 64 123
25 65 198
25 66 124
25 67 115
25 68 173
25 69 199
25 70 20
25 71 49
25 72 19
25 73 133
25 74 146
25 75 65
25 76 94
25 77 185
25 78 186
25 79 19
25 80 128
25 81 164
25 82 144
25 83 154
25 84 131
25 85 67
25 86 53
25 87 128
25 88 4
25 89 139
25 90 84
25 91 8
25 92 95
25 93 3
25 94 132
25 95 27
25 96 70
25 97 69
25 98 8
25 99 145
26 27 179
26 28 139
26 29 177
26 30 29
26 31 92
26 32 87
26 33 115
26 34 35
26 35 108
26 36 130
26 37 21
26 38 140
26 39 3
26 40 104
26 41 10
26 42 176
26 43 163
26 44 63
26 45 85
26 46 109
26 47 138
26 48 133
26 49 41
26 50 180
26 51 180
26 52 121
26 53 193
26 54 195
26 55 184
26 56 21
26 57 74
26 58 178
26 59 174
26 60 154
26 61 115
26 62 149
26 63 136
26 64 98
26 65 138
26 66 69
26 67 85
26 68 26
26 69 144
26 70 37
26 71 44
26 72 69
26 73 6
26 74 69
26 75 138
26 76 59
26 77 2
26 78 189
26 79 95
26 80 126
26 81 42
26 82 39
26 83 149
26 84 177
26 85 161
26 86 117
26 87 103
26 88 131
26 89 74
26 90 60
26 91 144
26 92 131
26 93 4
26 94 1
26 95 45
26 96 24
26 97 167
26 98 169
26 99 59
27 28 91
27 29 126
27 30 169
27 31 175
27 32 50
27 33 34
27 34 60
27 35 121
27 36 198
27 37 75
27 38 155
27 39 108
27 40 182
27 41 109
27 42 71
27 43 106
27 44 34
27 45 124
27 46 103
27 47 39
27 48 43
27 49 191
27 50 40
27 51 199
27 52 84
27 53 83
27 54 27
27 55 170
27 56 186
27 57 28
27 58 64
27 59 117
27 60 105
27 61 45
27 62 132
27 63 9
27 64 78
27 65 144
27 66 94
27 67 93
27 68 107
27 69 112
27 70 110
27 71 31
27 72 191
27 73 38
27 74 108
27 75 25
27 76 21
27 77 13
27 78 160
27 79 25
27 80 14
27 81 90
27 82 176
27 83 141
27 84 177
27 85 103
27 86 60
27 87 100
27 88 11
27 89 72
27 90 164
27 91 30
27 92 185
27 93 27
27 94 119
27 95 130
27 96 106
27 97 45
27 98 181
27 99 99
28 29 174
28 30 79
28 31 74
28 32 41
28 33 77
28 34 68
28 35 176
28 36 66
28 37 55
28 38 122
28 39 67
28 40 74
28 41 129
28 42 116
28 43 189
28 44 42
28 45 49
28 46 147
28 47 62
28 48 53
28 49 29
28 50 22
28 51 94
28 52 132
28 53 53
28 54 113
28 55 56
28 56 43
28 57 122
28 58 189
28 59 151
28 60 16
28 61 48
28 62 160
28 63 103
28 64 102
28 65 127
28 66 103
28 67 157
28 68 93
28 69 9
28 70 66
28 71 36
28 72 9
28 73 32
28 74 84
28 75 69
28 76 4
28 77 195
28 78 33
28 79 47
28 80 154
28 81 82
28 82 20
28 83 158
28 84 37
28 85 157
28 86 10
28 87 152
28 88 41
28 89 112
28 90 164
28 91 14
28 92 59
28 93 152
28 94 28
28 95 141
28 96 27
28 97 48
28 98 88
28 99 185
29 30 188
29 31 100
29 32 169
29 33 34
29 34 45
29 35 122
29 36 179
29 37 187
29 38 135
29 39 20
29 40 186
29 41 24
29 42 78
29 43 61
29 44 142
29 45 112
29 46 75
29 47 60
29 48 60
29 49 141
29 50 45
29 51 154
29 52 109
29 53 70
29 54 132
29 55 103
29 56 158
29 57 55
29 58 12
29 59 122
29 60 126
29 61 109
29 62 99
29 63 141
29 64 116
29 65 77
29 66 47
29 67 74
29 68 86
29 69 50
29 70 166
29 71 26
29 72 64
29 73 145
29 74 196
29 75 54
29 76 92
29 77 162
29 78 151
29 79 74
29 80 167
29 81 138
29 82 82
29 83 12
29 84 174
29 85 61
29 86 53
29 87 90
29 88 125
29 89 139
29 90 33
29 91 170
29 92 112
29 93 12
29 94 127
29 95 143
29 96 127
29 97 22
29 98 187
29 99 49
30 31 163
30 32 178
30 33 79
30 34 39
30 35 46
30 36 79
30 37 183
30 38 42
30 39 196
30 40 170
30 41 198
30 42 53
30 43 91
30 44 76
30 45 173
30 46 183
30 47 91
30 48 31
30 49 73
30 50 133
30 51 190
30 52 107
30 53 69
30 54 1
30 55 87
30 56 63
30 57 36
30 58 95
30 59 100
30 60 97
30 61 32
30 62 147
30 63 33
30 64 140
30 65 79
30 66 182
30 67 155
30 68 114
30 69 35
30 70 0
30 71 159
30 72 37
30 73 181
30 74 127
30 75 181
30 76 200
30 77 185
30 78 147
30 79 44
30 80 146
30 81 78
30 82 128
30 83 197
30 84 77
30 85 122
30 86 168
30 87 43
30 88 99
30 89 86
30 90 50
30 91 56
30 92 116
30 93 177
30 94 45
30 95 133
30 96 69
30 97 103
30 98 100
30 99 19
31 32 77
31 33 151
31 34 68
31 35 117
31 36 104
31 37 165
31 38 140
31 39 195
31 40 84
31 41 126
31 42 168
31 43 122
31 44 29
31 45 169
31 46 98
31 47 116
31 48 163
31 49 168
31 50 133
31 51 191
31 52 30
31 53 172
31 54 130
31 55 187
31 56 159
31 57 112
31 58 165
31 59 114
31 60 16
31 61 33
31 62 180
31 63 148
31 64 135
31 65 118
31 66 128
31 67 50
31 68 10
31 69 81
31 70 31
31 71 108
31 72 162
31 73 107
31 74 74
31 75 68
31 76 120
31 77 126
31 78 57
31 79 26
31 80 41
31 81 53
31 82 114
31 83 23
31 84 14
31 85 198
31 86 117
31 87 10
31 88 52
31 89 15
31 90 6
31 91 105
31 92 20
31 93 120
31 94 173
31 95 182
31 96 2
31 97 183
31 98 109
31 99 194
32 33 162
32 34 134
32 35 162
32 36 191
32 37 146
32 38 141
32 39 46
32 40 82
32 41 33
32 42 100
32 43 21
32 44 98
32 45 81
32 46 187
32 47 36
32 48 49
32 49 98
32 50 137
32 51 200
32 52 46
32 53 1
32 54 60
32 55 103
32 56 187
32 57 39
32 58 33
32 59 127
32 60 98
32 61 44
32 62 50
32 63 125
32 64 32
32 65 131
32 66 47
32 67 195
32 68 36
32 69 92
32 70 47
32 71 140
32 72 42
32 73 198
32 74 19
32 75 104
32 76 96
32 77 193
32 78 46
32 79 0
32 80 40
32 81 140
32 82 142
32 83 167
32 84 62
32 85 96
32 86 114
32 87 98
32 88 66
32 89 24
32 90 168
32 91 8
32 92 56
32 93 152
32 94 122
32 95 96
32 96 147
32 97 191
32 98 165
32 99 28
33 34 130
33 35 65
33 36 155
33 37 145
33 38 134
33 39 34
33 40 31
33 41 167
33 42 175
33 43 45
33 44 68
33 45 140
33 46 111
33 47 198
33 48 53
33 49 194
33 50 104
33 51 74
33 52 160
33 53 196
33 54 32
33 55 17
33 56 148
33 57 122
33 58 120
33 59 74
33 60 189
33 61 130
33 62 190
33 63 199
33 64 123
33 65 28
33 66 130
33 67 150
33 68 1
33 69 151
33 70 15
33 71 193
33 72 149
33 73 67
33 74 90
33 75 134
33 76 25
33 77 1
33 78 187
33 79 59
33 80 165
33 81 18
33 82 26
33 83 84
33 84 126
33 85 125
33 86 6
33 87 25
33 88 195
33 89 94
33 90 40
33 91 164
33 92 47
33 93 125
33 94 153
33 95 98
33 96 148
33 97 150
33 98 135
33 99 178
34 35 129
34 36 44
34 37 11
34 38 27
34 39 22
34 40 179
34 41 29
34 42 81
34 43 123
34 44 63
34 45 146
34 46 18
34 47 196
34 48 104
34 49 162
34 50 104
34 51 16
34 52 66
34 53 143
34 54 184
34 55 183
34 56 2
34 57 21
34 58 193
34 59 200
34 60 148
34 61 105
34 62 6
34 63 106
34 64 162
34 65 174
34 66 102
34 67 142
34 68 131
34 69 31
34 70 57
34 71 142
34 72 108
34 73 84
34 74 104
34 75 157
34 76 94
34 77 65
34 78 10
34 79 6
34 80 11
34 81 141
34 82 31
34 83 119
34 84 61
34 85 2
34 86 109
34 87 116
34 88 102
34 89 147
34 90 2
34 91 180
34 92 149
34 93 73
34 94 168
34 95 195
34 96 190
34 97 124
34 98 31
34 99 125
35 36 191
35 37 86
35 38 165
35 39 113
35 40 196
35 41 190
35 42 121
35 43 184
35 44 167
35 45 79
35 46 15
35 47 52
35 48 63
35 49 29
35 50 165
35 51 78
35 52 57
35 53 140
35 54 167
35 55 191
35 56 36
35 57 37
35 58 71
35 59 165
35 60 114
35 61 99
35 62 199
35 63 150
35 64 90
35 65 91
35 66 170
35 67 91
35 68 143
35 69 184
35 70 133
35 71 123
35 72 154
35 73 174
35 74 177
35 75 139
35 76 149
35 77 84
35 78 156
35 79 126
35 80 49
35 81 118
35 82 123
35 83 163
35 84 112
35 85 74
35 86 177
35 87 42
35 88 68
35 89 121
35 90 69
35 91 92
35 92 48
35 93 150
35 94 59
35 95 44
35 96 88
35 97 60
35 98 22
35 99 144
36 37 127
36 38 186
36 39 23
36 40 82
36 41 133
36 42 143
36 43 144
36 44 66
36 45 145
36 46 198
36 47 24
36 48 128
36 49 54
36 50 8
36 51 14
36 52 26
36 53 123
36 54 17
36 55 90
36 56 21
36 57 70
36 58 105
36 59 115
36 60 141
36 61 5
36 62 53
36 63 101
36 64 30
36 65 0
36 66 82
36 67 79
36 68 140
36 69 182
36 70 185
36 71 51
36 72 66
36 73 120
36 74 131
36 75 196
36 76 156
36 77 167
36 78 189
36 79 26
36 80 69
36 81 143
36 82 180
36 83 98
36 84 53
36 85 100
36 86 42
36 87 6
36 88 1
36 89 97
36 90 119
36 91 21
36 92 53
36 93 47
36 94 82
36 95 80
36 96 4
36 97 73
36 98 95
36 99 195
37 38 126
37 39 167
37 40 198
37 41 96
37 42 14
37 43 59
37 44 39
37 45 43
37 46 47
37 47 114
37 48 103
37 49 174
37 50 123
37 51 169
37 52 109
37 53 91
37 54 126
37 55 114
37 56 4
37 57 61
37 58 59
37 59 3
37 60 34
37 61 128
37 62 25
37 63 187
37 64 17
37 65 129
37 66 140
37 67 188
37 68 48
37 69 4
37 70 117
37 71 161
37 72 47
37 73 99
37 74 85
37 75 156
37 76 168
37 77 94
37 78 1
37 79 127
37 80 165
37 81 199
37 82 46
37 83 124
37 84 47
37 85 46
37 86 31
37 87 113
37 88 32
37 89 130
37 90 11
37 91 46
37 92 99
37 93 123
37 94 200
37 95 19
37 96 38
37 97 27
37 98 154
37 99 119
38 39 109
38 40 106
38 41 20
38 42 119
38 43 186
38 44 17
38 45 11
38 46 174
38 47 24
38 48 129
38 49 112
38 50 198
38 51 134
38 52 162
38 53 4
38 54 133
38 55 20
38 56 142
38 57 29
38 58 131
38 59 54
38 60 32
38 61 139
38 62 38
38 63 19
38 64 134
38 65 76
38 66 94
38 67 104
38 68 79
38 69 27
38 70 91
38 71 83
38 72 134
38 73 43
38 74 172
38 75 142
38 76 120
38 77 55
38 78 102
38 79 168
38 80 133
38 81 79
38 82 156
38 83 144
38 84 16
38 85 40
38 86 9
38 87 163
38 88 115
38 89 33
38 90 109
38 91 39
38 92 86
38 93 148
38 94 62
38 95 161
38 96 79
38 97 184
38 98 2
38 99 190
39 40 81
39 41 53
39 42 3
39 43 163
39 44 89
39 45 59
39 46 81
39 47 155
39 48 26
39 49 99
39 50 64
39 51 176
39 52 145
39 53 34
39 54 51
39 55 43
39 56 51
39 57 12
39 58 22
39 59 16
39 60 59
39 61 126
39 62 102
39 63 3
39 64 9
39 65 164
39 66 141
39 67 145
39 68 191
39 69 181
39 70 55
39 71 194
39 72 41
39 73 142
39 74 157
39 75 106
39 76 176
39 77 164
39 78 86
39 79 65
39 80 30
39 81 24
39 82 75
39 83 193
39 84 82
39 85 36
39 86 97
39 87 192
39 88 47
39 89 124
39 90 41
39 91 0
39 92 48
39 93 153
39 94 130
39 95 107
39 96 199
39 97 98
39 98 167
39 99 3
40 41 32
40 42 87
40 43 68
40 44 200
40 45 88
40 46 181
40 47 128
40 48 112
40 49 58
40 50 65
40 51 14
40 52 164
40 53 91
40 54 61
40 55 41
40 56 184
40 57 133
40 58 144
40 59 45
40 60 49
40 61 10
40 62 43
40 63 31
40 64 157
40 65 52
40 66 107
40 67 200
40 68 86
40 69 17
40 70 108
40 71 1
40 72 81
40 73 91
40 74 190
40 75 60
40 76 171
40 77 73
40 78 148
40 79 52
40 80 146
40 81 56
40 82 148
40 83 184
40 84 174
40 85 110
40 86 34
40 87 2
40 88 170
40 89 139
40 90 143
40 91 90
40 92 93
40 93 44
40 94 144
40 95 61
40 96 154
40 97 140
40 98 91
40 99 182
41 42 64
41 43 114
41 44 118
41 45 21
41 46 132
41 47 15
41 48 5
41 49 186
41 50 4
41 51 78
41 52 70
41 53 60
41 54 97
41 55 42
41 56 142
41 57 26
41 58 63
41 59 107
41 60 141
41 61 99
41 62 4
41 63 33
41 64 82
41 65 66
41 66 88
41 67 153
41 68 137
41 69 83
41 70 133
41 71 110
41 72 88
41 73 6
41 74 133
41 75 149
41 76 109
41 77 66
41 78 158
41 79 16
41 80 144
41 81 136
41 82 178
41 83 160
41 84 90
41 85 14
41 86 125
41 87 118
41 88 166
41 89 11
41 90 80
41 91 115
41 92 188
41 93 18
41 94 43
41 95 128
41 96 136
41 97 59
41 98 142
41 99 42
42 43 72
42 44 166
42 45 35
42 46 42
42 47 96
42 48 88
42 49 158
42 50 183
42 51 90
42 52 125
42 53 153
42 54 10
42 55 28
42 56 30
42 57 54
42 58 18
42 59 126
42 60 135
42 61 82
42 62 124
42 63 14
42 64 147
42 65 63
42 66 104
42 67 74
42 68 100
42 69 168
42 70 170
42 71 62
42 72 162
42 73 66
42 74 73
42 75 137
42 76 128
42 77 178
42 78 144
42 79 26
42 80 136
42 81 22
42 82 190
42 83 152
42 84 33
42 85 146
42 86 129
42 87 89
42 88 78
42 89 92
42 90 145
42 91 14
42 92 48
42 93 60
42 94 92
42 95 36
42 96 47
42 97 15
42 98 199
42 99 6
43 44 73
43 45 139
43 46 90
43 47 166
43 48 82
43 49 108
43 50 158
43 51 144
43 52 95
43 53 38
43 54 160
43 55 41
43 56 34
43 57 187
43 58 181
43 59 87
43 60 160
43 61 176
43 62 36
43 63 113
43 64 34
43 65 116
43 66 138
43 67 89
43 68 154
43 69 76
43 70 24
43 71 193
43 72 65
43 73 171
43 74 30
43 75 10
43 76 79
43 77 162
43 78 141
43 79 150
43 80 132
43 81 77
43 82 163
43 83 87
43 84 132
43 85 107
43 86 33
43 87 90
43 88 88
43 89 116
43 90 95
43 91 63
43 92 59
43 93 99
43 94 140
43 95 165
43 96 15
43 97 126
43 98 11
43 99 72
44 45 182
44 46 164
44 47 189
44 48 4
44 49 133
44 50 174
44 51 45
44 52 127
44 53 36
44 54 7
44 55 171
44 56 160
44 57 127
44 58 33
44 59 168
44 60 44
44 61 46
44 62 51
44 63 67
44 64 49
44 65 61
44 66 21
44 67 120
44 68 142
44 69 60
44 70 43
44 71 107
44 72 126
44 73 43
44 74 29
44 75 51
44 76 32
44 77 45
44 78 36
44 79 122
44 80 1
44 81 176
44 82 143
44 83 76
44 84 159
44 85 41
44 86 82
44 87 56
44 88 109
44 89 4
44 90 37
44 91 56
44 92 59
44 93 21
44 94 102
44 95 51
44 96 30
44 97 34
44 98 138
44 99 95
45 46 20
45 47 50
45 48 93
45 49 159
45 50 53
45 51 94
45 52 71
45 53 153
45 54 171
45 55 146
45 56 83
45 57 119
45 58 186
45 59 14
45 60 90
45 61 177
45 62 49
45 63 176
45 64 197
45 65 188
45 66 78
45 67 142
45 68 128
45 69 1
45 70 93
45 71 155
45 72 151
45 73 107
45 74 175
45 75 111
45 76 8
45 77 32
45 78 81
45 79 26
45 80 91
45 81 31
45 82 182
45 83 114
45 84 19
45 85 131
45 86 81
45 87 102
45 88 81
45 89 153
45 90 11
45 91 172
45 92 6
45 93 193
45 94 29
45 95 140
45 96 26
45 97 164
45 98 14
45 99 33
46 47 68
46 48 62
46 49 39
46 50 12
46 51 6
46 52 119
46 53 52
46 54 6
46 55 133
46 56 20
46 57 181
46 58 97
46 59 185
46 60 172
46 61 13
46 62 28
46 63 40
46 64 128
46 65 34
46 66 189
46 67 26
46 68 60
46 69 144
46 70 57
46 71 14
46 72 125
46 73 136
46 74 139
46 75 61
46 76 44
46 77 103
46 78 198
46 79 0
46 80 161
46 81 39
46 82 60
46 83 155
46 84 117
46 85 42
46 86 153
46 87 134
46 88 50
46 89 86
46 90 46
46 91 124
46 92 197
46 93 103
46 94 176
46 95 88
46 96 44
46 97 166
46 98 25
46 99 123
47 48 124
47 49 188
47 50 86
47 51 186
47 52 21
47 53 13
47 54 37
47 55 119
47 56 4
47 57 33
47 58 1
47 59 142
47 60 59
47 61 113
47 62 83
47 63 22
47 64 167
47 65 117
47 66 81
47 67 182
47 68 110
47 69 9
47 70 125
47 71 194
47 72 191
47 73 98
47 74 172
47 75 66
47 76 157
47 77 159
47 78 53
47 79 86
47 80 106
47 81 98
47 82 69
47 83 46
47 84 160
47 85 94
47 86 30
47 87 173
47 88 159
47 89 190
47 90 34
47 91 62
47 92 179
47 93 33
47 94 55
47 95 121
47 96 29
47 97 53
47 98 34
47 99 180
48 49 91
48 50 39
48 51 178
48 52 25
48 53 46
48 54 83
48 55 56
48 56 96
48 57 42
48 58 156
48 59 109
48 60 24
48 61 123
48 62 41
48 63 32
48 64 12
48 65 10
48 66 10
48 67 161
48 68 128
48 69 171
48 70 7
48 71 16
48 72 67
48 73 11
48 74 170
48 75 61
48 76 83
48 77 105
48 78 146
48 79 37
48 80 163
48 81 200
48 82 107
48 83 195
48 84 39
48 85 115
48 86 78
48 87 119
48 88 185
48 89 195
48 90 97
48 91 25
48 92 181
48 93 85
48 94 155
48 95 31
48 96 68
48 97 3
48 98 11
48 99 129
49 50 149
49 51 195
49 52 124
49 53 8
49 54 197
49 55 198
49 56 8
49 57 134
49 58 134
49 59 133
49 60 160
49 61 62
49 62 12
49 63 109
49 64 125
49 65 175
49 66 96
49 67 100
49 68 54
49 69 35
49 70 23
49 71 194
49 72 165
49 73 75
49 74 63
49 75 192
49 76 84
49 77 23
49 78 82
49 79 43
49 80 79
49 81 91
49 82 9
49 83 9
49 84 26
49 85 30
49 86 155
49 87 60
49 88 162
49 89 18
49 90 194
49 91 142
49 92 166
49 93 14
49 94 191
49 95 54
49 96 55
49 97 189
49 98 179
49 99 121
50 51 123
50 52 75
50 53 169
50 54 54
50 55 180
50 56 115
50 57 149
50 58 34
50 59 107
50 60 29
50 61 200
50 62 112
50 63 12
50 64 58
50 65 60
50 66 29
50 67 30
50 68 196
50 69 90
50 70 17
50 71 82
50 72 95
50 73 51
50 74 174
50 75 73
50 76 73
50 77 139
50 78 16
50 79 1
50 80 93
50 81 113
50 82 95
50 83 81
50 84 2
50 85 193
50 86 4
50 87 116
50 88 53
50 89 8
50 90 119
50 91 197
50 92 156
50 93 78
50 94 128
50 95 112
50 96 23
50 97 10
50 98 145
50 99 63
51 52 137
51 53 11
51 54 189
51 55 192
51 56 63
51 57 120
51 58 43
51 59 106
51 60 151
51 61 116
51 62 186
51 63 171
51 64 96
51 65 43
51 66 178
51 67 18
51 68 107
51 69 16
51 70 41
51 71 112
51 72 9
51 73 35
51 74 174
51 75 159
51 76 76
51 77 167
51 78 156
51 79 31
51 80 9
51 81 196
51 82 198
51 83 61
51 84 105
51 85 61
51 86 111
51 87 77
51 88 190
51 89 22
51 90 19
51 91 50
51 92 143
51 93 36
51 94 186
51 95 17
51 96 55
51 97 11
51 98 1
51 99 103
52 53 6
52 54 77
52 55 84
52 56 181
52 57 174
52 58 152
52 59 157
52 60 99
52 61 151
52 62 78
52 63 57
52 64 186
52 65 51
52 66 155
52 67 72
52 68 88
52 69 158
52 70 15
52 71 126
52 72 116
52 73 15
52 74 11
52 75 23
52 76 100
52 77 166
52 78 93
52 79 116
52 80 183
52 81 198
52 82 104
52 83 116
52 84 140
52 85 7
52 86 114
52 87 193
52 88 41
52 89 90
52 90 33
52 91 37
52 92 195
52 93 28
52 94 76
52 95 60
52 96 119
52 97 161
52 98 175
52 99 98
53 54 159
53 55 7
53 56 70
53 57 185
53 58 12
53 59 177
53 60 191
53 61 186
53 62 197
53 63 138
53 64 102
53 65 26
53 66 61
53 67 53
53 68 147
53 69 29
53 70 189
53 71 198
53 72 111
53 73 104
53 74 41
53 75 26
53 76 189
53 77 7
53 78 124
53 79 20
53 80 153
53 81 3
53 82 111
53 83 194
53 84 142
53 85 119
53 86 40
53 87 87
53 88 127
53 89 186
53 90 65
53 91 87
53 92 97
53 93 85
53 94 87
53 95 152
53 96 122
53 97 77
53 98 118
53 99 10
54 55 49
54 56 88
54 57 131
54 58 43
54 59 17
54 60 50
54 61 42
54 62 86
54 63 93
54 64 111
54 65 46
54 66 29
54 67 81
54 68 47
54 69 117
54 70 131
54 71 52
54 72 183
54 73 59
54 74 59
54 75 134
54 76 36
54 77 83
54 78 26
54 79 142
54 80 198
54 81 37
54 82 178
54 83 4
54 84 147
54 85 187
54 86 65
54 87 2
54 88 181
54 89 136
54 90 21
54 91 103
54 92 197
54 93 147
54 94 77
54 95 189
54 96 143
54 97 59
54 98 46
54 99 15
55 56 190
55 57 97
55 58 138
55 59 68
55 60 43
55 61 107
55 62 80
55 63 108
55 64 156
55 65 177
55 66 178
55 67 90
55 68 159
55 69 136
55 70 26
55 71 84
55 72 78
55 73 143
55 74 91
55 75 44
55 76 120
55 77 172
55 78 57
55 79 78
55 80 183
55 81 193
55 82 52
55 83 50
55 84 144
55 85 177
55 86 50
55 87 155
55 88 57
55 89 162
55 90 179
55 91 74
55 92 8
55 93 4
55 94 113
55 95 68
55 96 58
55 97 116
55 98 18
55 99 21
56 57 100
56 58 63
56 59 192
56 60 140
56 61 70
56 62 76
56 63 50
56 64 17
56 65 36
56 66 52
56 67 50
56 68 61
56 69 127
56 70 138
56 71 79
56 72 181
56 73 72
56 74 33
56 75 161
56 76 64
56 77 148
56 78 180
56 79 173
56 80 149
56 81 52
56 82 49
56 83 106
56 84 136
56 85 173
56 86 48
56 87 66
56 88 0
56 89 76
56 90 72
56 91 11
56 92 144
56 93 98
56 94 155
56 95 42
56 96 173
56 97 107
56 98 158
56 99 131
57 58 198
57 59 131
57 60 100
57 61 137
57 62 51
57 63 18
57 64 194
57 65 106
57 66 133
57 67 146
57 68 22
57 69 28
57 70 153
57 71 11
57 72 18
57 73 32
57 74 80
57 75 76
57 76 129
57 77 28
57 78 68
57 79 35
57 80 143
57 81 1
57 82 148
57 83 39
57 84 1
57 85 11
57 86 69
57 87 49
57 88 81
57 89 143
57 90 73
57 91 0
57 92 158
57 93 2
57 94 102
57 95 36
57 96 33
57 97 90
57 98 45
57 99 96
58 59 137
58 60 111
58 61 122
58 62 66
58 63 92
58 64 131
58 65 63
58 66 168
58 67 92
58 68 100
58 69 98
58 70 68
58 71 56
58 72 50
58 73 13
58 74 31
58 75 70
58 76 9
58 77 166
58 78 112
58 79 162
58 80 123
58 81 102
58 82 149
58 83 57
58 84 86
58 85 90
58 86 56
58 87 198
58 88 170
58 89 126
58 90 95
58 91 8
58 92 181
58 93 145
58 94 11
58 95 16
58 96 120
58 97 60
58 98 130
58 99 175
59 60 138
59 61 147
59 62 34
59 63 12
59 64 192
59 65 115
59 66 168
59 67 166
59 68 159
59 69 188
59 70 159
59 71 151
59 72 49
59 73 66
59 74 4
59 75 85
59 76 145
59 77 182
59 78 55
59 79 13
59 80 81
59 81 66
59 82 170
59 83 200
59 84 167
59 85 130
59 86 122
59 87 199
59 88 143
59 89 62
59 90 199
59 91 103
59 92 50
59 93 83
59 94 167
59 95 134
59 96 89
59 97 140
59 98 148
59 99 20
60 61 187
60 62 107
60 63 153
60 64 91
60 65 23
60 66 171
60 67 70
60 68 76
60 69 44
60 70 36
60 71 78
60 72 185
60 73 7
60 74 25
60 75 56
60 76 17
60 77 83
60 78 135
60 79 131
60 80 107
60 81 190
60 82 4
60 83 88
60 84 193
60 85 190
60 86 136
60 87 1
60 88 71
60 89 193
60 90 9
60 91 152
60 92 177
60 93 195
60 94 62
60 95 95
60 96 109
60 97 25
60 98 187
60 99 134
61 62 133
61 63 180
61 64 86
61 65 51
61 66 39
61 67 162
61 68 118
61 69 68
61 70 189
61 71 195
61 72 123
61 73 129
61 74 173
61 75 196
61 76 64
61 77 105
61 78 18
61 79 76
61 80 55
61 81 7
61 82 4
61 83 152
61 84 151
61 85 28
61 86 160
61 87 70
61 88 79
61 89 80
61 90 50
61 91 54
61 92 93
61 93 54
61 94 177
61 95 151
61 96 73
61 97 101
61 98 54
61 99 18
62 63 15
62 64 17
62 65 36
62 66 114
62 67 129
62 68 83
62 69 64
62 70 148
62 71 89
62 72 52
62 73 69
62 74 94
62 75 123
62 76 91
62 77 165
62 78 34
62 79 125
62 80 22
62 81 68
62 82 80
62 83 55
62 84 21
62 85 130
62 86 143
62 87 34
62 88 30
62 89 155
62 90 20
62 91 142
62 92 188
62 93 70
62 94 6
62 95 184
62 96 115
62 97 190
62 98 26
62 99 5
63 64 124
63 65 107
63 66 8
63 67 126
63 68 74
63 69 82
63 70 160
63 71 70
63 72 123
63 73 77
63 74 176
63 75 35
63 76 19
63 77 99
63 78 79
63 79 170
63 80 149
63 81 18
63 82 143
63 83 176
63 84 58
63 85 113
63 86 163
63 87 135
63 88 115
63 89 31
63 90 171
63 91 106
63 92 64
63 93 199
63 94 18
63 95 113
63 96 195
63 97 86
63 98 45
63 99 92
64 65 113
64 66 180
64 67 179
64 68 171
64 69 26
64 70 48
64 71 172
64 72 174
64 73 21
64 74 186
64 75 199
64 76 196
64 77 16
64 78 9
64 79 174
64 80 161
64 81 189
64 82 141
64 83 27
64 84 3
64 85 138
64 86 85
64 87 186
64 88 103
64 89 95
64 90 47
64 91 108
64 92 166
64 93 97
64 94 86
64 95 188
64 96 67
64 97 117
64 98 114
64 99 168
65 66 41
65 67 59
65 68 115
65 69 24
65 70 139
65 71 93
65 72 117
65 73 159
65 74 41
65 75 194
65 76 111
65 77 168
65 78 99
65 79 28
65 80 128
65 81 81
65 82 81
65 83 31
65 84 153
65 85 105
65 86 55
65 87 179
65 88 183
65 89 34
65 90 13
65 91 59
65 92 93
65 93 176
65 94 171
65 95 188
65 96 180
65 97 91
65 98 97
65 99 77
66 67 185
66 68 5
66 69 148
66 70 18
66 71 45
66 72 198
66 73 155
66 74 193
66 75 26
66 76 136
66 77 63
66 78 45
66 79 128
66 80 120
66 81 181
66 82 198
66 83 72
66 84 49
66 85 52
66 86 151
66 87 63
66 88 57
66 89 143
66 90 39
66 91 26
66 92 0
66 93 164
66 94 165
66 95 194
66 96 190
66 97 159
66 98 40
66 99 104
67 68 138
67 69 104
67 70 16
67 71 193
67 72 55
67 73 21
67 74 196
67 75 172
67 76 164
67 77 173
67 78 66
67 79 65
67 80 116
67 81 195
67 82 120
67 83 168
67 84 101
67 85 189
67 86 61
67 87 103
67 88 144
67 89 106
67 90 97
67 91 41
67 92 82
67 93 17
67 94 46
67 95 194
67 96 48
67 97 196
67 98 121
67 99 199
68 69 100
68 70 79
68 71 86
68 72 109
68 73 177
68 74 162
68 75 181
68 76 188
68 77 19
68 78 71
68 79 79
68 80 42
68 81 177
68 82 53
68 83 54
68 84 44
68 85 151
68 86 154
68 87 70
68 88 101
68 89 103
68 90 6
68 91 49
68 92 199
68 93 49
68 94 81
68 95 130
68 96 140
68 97 103
68 98 130
68 99 190
69 70 60
69 71 123
69 72 181
69 73 23
69 74 40
69 75 158
69 76 83
69 77 109
69 78 161
69 79 116
69 80 122
69 81 59
69 82 190
69 83 138
69 84 14
69 85 131
69 86 182
69 87 11
69 88 88
69 89 119
69 90 64
69 91 121
69 92 0
69 93 19
69 94 25
69 95 2
69 96 59
69 97 31
69 98 170
69 99 66
70 71 128
70 72 77
70 73 28
70 74 121
70 75 84
70 76 184
70 77 78
70 78 176
70 79 153
70 80 9
70 81 142
70 82 119
70 83 52
70 84 109
70 85 34
70 86 7
70 87 47
70 88 144
70 89 108
70 90 152
70 91 56
70 92 15
70 93 80
70 94 63
70 95 123
70 96 182
70 97 141
70 98 104
70 99 39
71 72 117
71 73 139
71 74 136
71 75 89
71 76 114
71 77 152
71 78 69
71 79 190
71 80 108
71 81 32
71 82 141
71 83 138
71 84 183
71 85 29
71 86 197
71 87 155
71 88 142
71 89 177
71 90 114
71 91 189
71 92 3
71 93 151
71 94 12
71 95 67
71 96 24
71 97 111
71 98 44
71 99 113
72 73 47
72 74 115
72 75 64
72 76 75
72 77 142
72 78 4
72 79 33
72 80 36
72 81 145
72 82 167
72 83 51
72 84 9
72 85 187
72 86 72
72 87 148
72 88 78
72 89 137
72 90 2
72 91 19
72 92 143
72 93 135
72 94 88
72 95 156
72 96 113
72 97 181
72 98 8
72 99 136
73 74 157
73 75 27
73 76 104
73 77 147
73 78 62
73 79 188
73 80 5
73 81 41
73 82 34
73 83 19
73 84 15
73 85 152
73 86 103
73 87 17
73 88 71
73 89 112
73 90 193
73 91 174
73 92 46
73 93 192
73 94 155
73 95 198
73 96 192
73 97 55
73 98 121
73 99 144
74 75 103
74 76 88
74 77 178
74 78 183
74 79 47
74 80 54
74 81 97
74 82 54
74 83 152
74 84 62
74 85 165
74 86 37
74 87 159
74 88 71
74 89 90
74 90 65
74 91 11
74 92 92
74 93 69
74 94 21
74 95 60
74 96 111
74 97 25
74 98 132
74 99 15
