100 3465
0 1 97
0 2 153
0 3 31
0 4 32
0 5 68
0 6 152
0 7 43
0 8 172
0 9 175
0 10 154
0 11 165
0 12 65
0 13 198
0 14 97
0 15 186
0 16 42
0 17 176
0 18 145
0 19 73
0 20 34
0 21 165
0 22 119
0 23 142
0 24 18
0 25 132
0 26 111
0 27 63
0 28 166
0 29 127
0 30 38
0 31 52
0 32 125
0 33 5
0 34 88
0 35 101
0 36 83
0 37 109
0 38 69
0 39 182
0 40 164
0 41 131
0 42 30
0 43 150
0 44 183
0 45 97
0 46 190
0 47 47
0 48 5
0 49 33
0 50 42
0 51 92
0 52 74
0 53 53
0 54 54
0 55 175
0 56 173
0 57 26
0 58 95
0 59 80
0 60 27
0 61 136
0 62 62
0 63 75
0 64 143
0 65 174
0 66 173
0 67 43
0 68 171
0 69 188
0 70 58
0 71 45
0 72 125
0 73 86
0 74 199
0 75 153
0 76 145
0 77 13
0 78 10
0 79 66
0 80 113
0 81 135
0 82 103
0 83 36
0 84 52
0 85 44
0 86 94
0 87 147
0 88 131
0 89 95
0 90 37
0 91 149
0 92 50
0 93 84
0 94 129
0 95 112
0 96 68
0 97 141
0 98 34
0 99 200
1 2 32
1 3 108
1 4 111
1 5 139
1 6 143
1 7 186
1 8 76
1 9 82
1 10 155
1 11 89
1 12 53
1 13 13
1 14 71
1 15 104
1 16 61
1 17 86
1 18 18
1 19 22
1 20 132
1 21 157
1 22 196
1 23 30
1 24 61
1 25 103
1 26 150
1 27 128
1 28 33
1 29 65
1 30 45
1 31 197
1 32 92
1 33 58
1 34 81
1 35 70
1 36 127
1 37 108
1 38 173
1 39 132
1 40 135
1 41 200
1 42 54
1 43 97
1 44 60
1 45 60
1 46 26
1 47 96
1 48 190
1 49 120
1 50 78
1 51 73
1 52 18
1 53 11
1 54 199
1 55 198
1 56 11
1 57 98
1 58 179
1 59 108
1 60 71
1 61 103
1 62 108
1 63 175
1 64 152
1 65 10
1 66 3
1 67 149
1 68 28
1 69 36
1 70 85
1 71 88
1 72 81
1 73 108
1 74 61
1 75 94
1 76 198
1 77 107
1 78 140
1 79 110
1 80 96
1 81 12
1 82 136
1 83 146
1 84 151
1 85 39
1 86 101
1 87 109
1 88 110
1 89 71
1 90 62
1 91 170
1 92 129
1 93 125
1 94 151
1 95 162
1 96 165
1 97 39
1 98 112
1 99 88
2 3 153
2 4 16
2 5 135
2 6 89
2 7 123
2 8 134
2 9 162
2 10 85
2 11 11
2 12 69
2 13 193
2 14 180
2 15 31
2 16 145
2 17 97
2 18 30
2 19 109
2 20 66
2 21 74
2 22 138
2 23 74
2 24 64
2 25 175
2 26 11
2 27 77
2 28 93
2 29 34
2 30 92
2 31 165
2 32 116
2 33 151
2 34 195
2 35 38
2 36 27
2 37 150
2 38 87
2 39 131
2 40 104
2 41 92
2 42 88
2 43 168
2 44 89
2 45 103
2 46 174
2 47 184
2 48 185
2 49 39
2 50 45
2 51 119
2 52 155
2 53 132
2 54 140
2 55 65
2 56 58
2 57 84
2 58 72
2 59 164
2 60 75
2 61 179
2 62 14
2 63 169
2 64 77
2 65 22
2 66 88
2 67 119
2 68 79
2 69 176
2 70 153
2 71 163
2 72 133
2 73 16
2 74 95
2 75 39
2 76 163
2 77 47
2 78 56
2 79 55
2 80 139
2 81 144
2 82 102
2 83 12
2 84 180
2 85 175
2 86 25
2 87 60
2 88 184
2 89 156
2 90 36
2 91 32
2 92 147
2 93 41
2 94 110
2 95 176
2 96 130
2 97 22
2 98 146
2 99 40
3 4 31
3 5 26
3 6 172
3 7 59
3 8 193
3 9 91
3 10 93
3 11 141
3 12 139
3 13 13
3 14 163
3 15 87
3 16 155
3 17 149
3 18 7
3 19 68
3 20 51
3 21 33
3 22 47
3 23 137
3 24 139
3 25 55
3 26 144
3 27 167
3 28 14
3 29 174
3 30 82
3 31 81
3 32 172
3 33 130
3 34 138
3 35 135
3 36 79
3 37 114
3 38 46
3 39 41
3 40 84
3 41 108
3 42 141
3 43 52
3 44 42
3 45 78
3 46 146
3 47 27
3 48 99
3 49 181
3 50 2
3 51 176
3 52 14
3 53 49
3 54 114
3 55 61
3 56 139
3 57 23
3 58 80
3 59 3
3 60 62
3 61 84
3 62 138
3 63 186
3 64 197
3 65 186
3 66 132
3 67 81
3 68 200
3 69 156
3 70 25
3 71 196
3 72 159
3 73 139
3 74 77
3 75 188
3 76 159
3 77 117
3 78 159
3 79 48
3 80 167
3 81 11
3 82 4
3 83 130
3 84 164
3 85 27
3 86 81
3 87 183
3 88 90
3 89 107
3 90 52
3 91 134
3 92 166
3 93 81
3 94 135
3 95 119
3 96 70
3 97 101
3 98 130
3 99 181
4 5 199
4 6 4
4 7 165
4 8 157
4 9 84
4 10 170
4 11 17
4 12 54
4 13 6
4 14 41
4 15 134
4 16 158
4 17 55
4 18 140
4 19 186
4 20 131
4 21 68
4 22 119
4 23 172
4 24 166
4 25 190
4 26 119
4 27 190
4 28 177
4 29 102
4 30 21
4 31 200
4 32 178
4 33 186
4 34 150
4 35 157
4 36 170
4 37 184
4 38 106
4 39 184
4 40 29
4 41 150
4 42 69
4 43 62
4 44 117
4 45 5
4 46 62
4 47 13
4 48 6
4 49 122
4 50 10
4 51 76
4 52 123
4 53 180
4 54 111
4 55 57
4 56 46
4 57 182
4 58 7
4 59 77
4 60 72
4 61 75
4 62 181
4 63 50
4 64 175
4 65 77
4 66 190
4 67 89
4 68 126
4 69 93
4 70 161
4 71 20
4 72 42
4 73 28
4 74 21
4 75 96
4 76 52
4 77 149
4 78 154
4 79 31
4 80 83
4 81 94
4 82 18
4 83 183
4 84 89
4 85 142
4 86 191
4 87 157
4 88 158
4 89 194
4 90 33
4 91 39
4 92 36
4 93 153
4 94 101
4 95 123
4 96 1
4 97 76
4 98 18
4 99 68
5 6 129
5 7 172
5 8 152
5 9 123
5 10 94
5 11 69
5 12 129
5 13 7
5 14 195
5 15 70
5 16 172
5 17 94
5 18 70
5 19 47
5 20 141
5 21 130
5 22 134
5 23 100
5 24 6
5 25 161
5 26 161
5 27 37
5 28 14
5 29 102
5 30 159
5 31 176
5 32 136
5 33 143
5 34 114
5 35 101
5 36 89
5 37 19
5 38 199
5 39 189
5 40 113
5 41 137
5 42 190
5 43 40
5 44 129
5 45 50
5 46 197
5 47 135
5 48 31
5 49 55
5 50 198
5 51 178
5 52 62
5 53 65
5 54 103
5 55 7
5 56 200
5 57 118
5 58 97
5 59 2
5 60 3
5 61 177
5 62 5
5 63 189
5 64 62
5 65 62
5 66 127
5 67 186
5 68 34
5 69 57
5 70 160
5 71 144
5 72 81
5 73 127
5 74 76
5 75 28
5 76 141
5 77 190
5 78 81
5 79 100
5 80 192
5 81 172
5 82 22
5 83 69
5 84 128
5 85 197
5 86 45
5 87 38
5 88 26
5 89 172
5 90 122
5 91 52
5 92 113
5 93 54
5 94 36
5 95 112
5 96 132
5 97 176
5 98 82
5 99 190
6 7 25
6 8 124
6 9 175
6 10 41
6 11 17
6 12 173
6 13 0
6 14 34
6 15 35
6 16 98
6 17 188
6 18 11
6 19 114
6 20 151
6 21 58
6 22 190
6 23 15
6 24 131
6 25 3
6 26 67
6 27 67
6 28 4
6 29 116
6 30 134
6 31 150
6 32 122
6 33 85
6 34 168
6 35 30
6 36 54
6 37 65
6 38 103
6 39 150
6 40 185
6 41 171
6 42 181
6 43 187
6 44 41
6 45 137
6 46 152
6 47 125
6 48 190
6 49 8
6 50 149
6 51 100
6 52 58
6 53 160
6 54 185
6 55 28
6 56 96
6 57 60
6 58 87
6 59 8
6 60 79
6 61 147
6 62 132
6 63 198
6 64 191
6 65 72
6 66 35
6 67 54
6 68 108
6 69 20
6 70 40
6 71 69
6 72 56
6 73 83
6 74 30
6 75 45
6 76 163
6 77 154
6 78 18
6 79 39
6 80 158
6 81 140
6 82 57
6 83 100
6 84 132
6 85 168
6 86 110
6 87 61
6 88 196
6 89 110
6 90 135
6 91 100
6 92 125
6 93 85
6 94 186
6 95 196
6 96 88
6 97 167
6 98 39
6 99 3
7 8 185
7 9 124
7 10 10
7 11 46
7 12 113
7 13 142
7 14 24
7 15 14
7 16 168
7 17 133
7 18 177
7 19 13
7 20 38
7 21 42
7 22 1
7 23 75
7 24 91
7 25 28
7 26 142
7 27 5
7 28 6
7 29 164
7 30 33
7 31 112
7 32 82
7 33 50
7 34 160
7 35 94
7 36 129
7 37 61
7 38 161
7 39 32
7 40 167
7 41 16
7 42 164
7 43 155
7 44 190
7 45 72
7 46 68
7 47 58
7 48 71
7 49 111
7 50 3
7 51 9
7 52 134
7 53 113
7 54 89
7 55 128
7 56 180
7 57 3
7 58 147
7 59 51
7 60 109
7 61 59
7 62 131
7 63 85
7 64 29
7 65 98
7 66 59
7 67 38
7 68 65
7 69 63
7 70 138
7 71 97
7 72 34
7 73 32
7 74 178
7 75 165
7 76 47
7 77 24
7 78 111
7 79 199
7 80 45
7 81 163
7 82 65
7 83 185
7 84 147
7 85 170
7 86 93
7 87 103
7 88 47
7 89 91
7 90 29
7 91 73
7 92 67
7 93 61
7 94 118
7 95 94
7 96 36
7 97 65
7 98 15
7 99 27
8 9 187
8 10 106
8 11 97
8 12 113
8 13 38
8 14 156
8 15 197
8 16 52
8 17 39
8 18 53
8 19 20
8 20 123
8 21 63
8 22 25
8 23 9
8 24 125
8 25 33
8 26 176
8 27 127
8 28 14
8 29 193
8 30 151
8 31 148
8 32 190
8 33 162
8 34 200
8 35 61
8 36 29
8 37 2
8 38 196
8 39 30
8 40 73
8 41 42
8 42 197
8 43 111
8 44 48
8 45 66
8 46 42
8 47 15
8 48 87
8 49 88
8 50 147
8 51 39
8 52 120
8 53 198
8 54 116
8 55 69
8 56 181
8 57 130
8 58 70
8 59 81
8 60 106
8 61 71
8 62 166
8 63 193
8 64 129
8 65 155
8 66 132
8 67 134
8 68 57
8 69 49
8 70 52
8 71 69
8 72 48
8 73 169
8 74 7
8 75 67
8 76 64
8 77 162
8 78 70
8 79 112
8 80 74
8 81 69
8 82 15
8 83 88
8 84 200
8 85 154
8 86 124
8 87 104
8 88 154
8 89 200
8 90 77
8 91 39
8 92 154
8 93 192
8 94 93
8 95 6
8 96 168
8 97 93
8 98 103
8 99 138
9 10 129
9 11 90
9 12 12
9 13 131
9 14 197
9 15 161
9 16 116
9 17 182
9 18 2
9 19 188
9 20 190
9 21 129
9 22 119
9 23 49
9 24 135
9 25 98
9 26 21
9 27 84
9 28 192
9 29 34
9 30 19
9 31 188
9 32 101
9 33 168
9 34 149
9 35 135
9 36 185
9 37 55
9 38 29
9 39 191
9 40 19
9 41 143
9 42 69
9 43 173
9 44 82
9 45 165
9 46 19
9 47 62
9 48 21
9 49 121
9 50 180
9 51 6
9 52 140
9 53 69
9 54 146
9 55 190
9 56 131
9 57 42
9 58 75
9 59 29
9 60 144
9 61 44
9 62 85
9 63 77
9 64 172
9 65 30
9 66 173
9 67 65
9 68 43
9 69 190
9 70 68
9 71 59
9 72 173
9 73 76
9 74 175
9 75 96
9 76 138
9 77 173
9 78 19
9 79 152
9 80 53
9 81 41
9 82 50
9 83 14
9 84 19
9 85 1
9 86 175
9 87 83
9 88 133
9 89 26
9 90 62
9 91 79
9 92 61
9 93 82
9 94 44
9 95 136
9 96 78
9 97 127
9 98 197
9 99 157
10 11 142
10 12 188
10 13 179
10 14 192
10 15 79
10 16 181
10 17 63
10 18 189
10 19 44
10 20 29
10 21 9
10 22 126
10 23 45
10 24 126
10 25 157
10 26 36
10 27 38
10 28 125
10 29 1
10 30 138
10 31 87
10 32 32
10 33 180
10 34 169
10 35 51
10 36 160
10 37 63
10 38 87
10 39 190
10 40 199
10 41 65
10 42 22
10 43 27
10 44 39
10 45 30
10 46 38
10 47 175
10 48 64
10 49 29
10 50 25
10 51 109
10 52 159
10 53 68
10 54 165
10 55 198
10 56 170
10 57 137
10 58 181
10 59 136
10 60 73
10 61 191
10 62 93
10 63 22
10 64 10
10 65 10
10 66 147
10 67 79
10 68 2
10 69 112
10 70 25
10 71 29
10 72 4
10 73 110
10 74 137
10 75 33
10 76 71
10 77 152
10 78 174
10 79 28
10 80 33
10 81 74
10 82 141
10 83 188
10 84 59
10 85 112
10 86 114
10 87 3
10 88 35
10 89 10
10 90 48
10 91 14
10 92 112
10 93 116
10 94 116
10 95 12
10 96 181
10 97 169
10 98 54
10 99 134
11 12 171
11 13 144
11 14 97
11 15 178
11 16 113
11 17 199
11 18 4
11 19 113
11 20 59
11 21 63
11 22 25
11 23 105
11 24 175
11 25 47
11 26 192
11 27 89
11 28 198
11 29 71
11 30 66
11 31 191
11 32 127
11 33 157
11 34 105
11 35 113
11 36 110
11 37 149
11 38 97
11 39 169
11 40 31
11 41 21
11 42 18
11 43 100
11 44 197
11 45 58
11 46 26
11 47 17
11 48 93
11 49 15
11 50 102
11 51 4
11 52 149
11 53 147
11 54 72
11 55 97
11 56 83
11 57 139
11 58 21
11 59 185
11 60 108
11 61 122
11 62 197
11 63 10
11 64 98
11 65 99
11 66 23
11 67 113
11 68 16
11 69 33
11 70 68
11 71 56
11 72 128
11 73 113
11 74 52
11 75 33
11 76 8
11 77 26
11 78 33
11 79 186
11 80 53
11 81 43
11 82 64
11 83 123
11 84 183
11 85 54
11 86 52
11 87 188
11 88 100
11 89 32
11 90 138
11 91 41
11 92 125
11 93 118
11 94 5
11 95 68
11 96 48
11 97 108
11 98 92
11 99 114
12 13 164
12 14 57
12 15 175
12 16 86
12 17 26
12 18 99
12 19 145
12 20 150
12 21 25
12 22 2
12 23 11
12 24 113
12 25 192
12 26 72
12 27 70
12 28 48
12 29 99
12 30 60
12 31 129
12 32 38
12 33 188
12 34 120
12 35 155
12 36 177
12 37 78
12 38 50
12 39 198
12 40 136
12 41 44
12 42 8
12 43 155
12 44 21
12 45 150
12 46 173
12 47 87
12 48 145
12 49 151
12 50 137
12 51 184
12 52 93
12 53 33
12 54 11
12 55 37
12 56 79
12 57 137
12 58 35
12 59 40
12 60 176
12 61 78
12 62 101
12 63 33
12 64 61
12 65 94
12 66 110
12 67 13
12 68 173
12 69 80
12 70 99
12 71 62
12 72 168
12 73 6
12 74 187
12 75 136
12 76 196
12 77 136
12 78 158
12 79 19
12 80 190
12 81 16
12 82 148
12 83 198
12 84 156
12 85 124
12 86 132
12 87 41
12 88 151
12 89 73
12 90 165
12 91 81
12 92 188
12 93 145
12 94 28
12 95 27
12 96 80
12 97 171
12 98 99
12 99 187
13 14 158
13 15 104
13 16 109
13 17 153
13 18 96
13 19 62
13 20 135
13 21 52
13 22 2
13 23 46
13 24 33
13 25 188
13 26 62
13 27 8
13 28 39
13 29 14
13 30 18
13 31 113
13 32 19
13 33 87
13 34 37
13 35 22
13 36 101
13 37 185
13 38 138
13 39 106
13 40 26
13 41 106
13 42 55
13 43 57
13 44 124
13 45 66
13 46 161
13 47 140
13 48 83
13 49 26
13 50 99
13 51 79
13 52 82
13 53 173
13 54 75
13 55 21
13 56 126
13 57 113
13 58 63
13 59 62
13 60 127
13 61 98
13 62 139
13 63 156
13 64 116
13 65 122
13 66 166
13 67 72
13 68 23
13 69 149
13 70 195
13 71 129
13 72 171
13 73 104
13 74 164
13 75 188
13 76 96
13 77 109
13 78 33
13 79 112
13 80 20
13 81 52
13 82 28
13 83 149
13 84 143
13 85 88
13 86 71
13 87 112
13 88 97
13 89 4
13 90 73
13 91 41
13 92 80
13 93 173
13 94 65
13 95 141
13 96 183
13 97 88
13 98 126
13 99 41
14 15 149
14 16 187
14 17 147
14 18 5
14 19 4
14 20 105
14 21 122
14 22 75
14 23 88
14 24 56
14 25 178
14 26 69
14 27 64
14 28 59
14 29 99
14 30 112
14 31 183
14 32 60
14 33 186
14 34 14
14 35 74
14 36 146
14 37 198
14 38 114
14 39 52
14 40 104
14 41 115
14 42 129
14 43 192
14 44 112
14 45 182
14 46 34
14 47 54
14 48 6
14 49 62
14 50 14
14 51 126
14 52 143
14 53 37
14 54 28
14 55 73
14 56 11
14 57 75
14 58 168
14 59 129
14 60 83
14 61 98
14 62 129
14 63 137
14 64 70
14 65 45
14 66 2
14 67 94
14 68 143
14 69 173
14 70 149
14 71 68
14 72 151
14 73 6
14 74 50
14 75 26
14 76 137
14 77 100
14 78 183
14 79 161
14 80 27
14 81 151
14 82 163
14 83 4
14 84 32
14 85 129
14 86 52
14 87 41
14 88 153
14 89 98
14 90 146
14 91 183
14 92 185
14 93 73
14 94 23
14 95 21
14 96 6
14 97 144
14 98 125
14 99 93
15 16 191
15 17 188
15 18 101
15 19 157
15 20 82
15 21 35
15 22 82
15 23 152
15 24 17
15 25 146
15 26 135
15 27 66
15 28 124
15 29 125
15 30 184
15 31 44
15 32 13
15 33 17
15 34 55
15 35 102
15 36 158
15 37 42
15 38 132
15 39 8
15 40 101
15 41 185
15 42 129
15 43 68
15 44 194
15 45 118
15 46 8
15 47 7
15 48 9
15 49 12
15 50 1
15 51 84
15 52 184
15 53 162
15 54 108
15 55 139
15 56 93
15 57 74
15 58 79
15 59 176
15 60 105
15 61 99
15 62 87
15 63 96
15 64 196
15 65 148
15 66 108
15 67 127
15 68 94
15 69 12
15 70 154
15 71 11
15 72 17
15 73 160
15 74 22
15 75 35
15 76 89
15 77 124
15 78 31
15 79 168
15 80 77
15 81 53
15 82 169
15 83 74
15 84 179
15 85 30
15 86 107
15 87 115
15 88 69
15 89 24
15 90 60
15 91 99
15 92 51
15 93 121
15 94 36
15 95 160
15 96 167
15 97 134
15 98 139
15 99 187
16 17 136
16 18 80
16 19 57
16 20 159
16 21 138
16 22 92
16 23 41
16 24 66
16 25 134
16 26 126
16 27 195
16 28 73
16 29 120
16 30 195
16 31 148
16 32 139
16 33 69
16 34 70
16 35 115
16 36 154
16 37 200
16 38 104
16 39 42
16 40 164
16 41 7
16 42 147
16 43 185
16 44 10
16 45 156
16 46 173
16 47 55
16 48 171
16 49 74
16 50 106
16 51 72
16 52 90
16 53 33
16 54 183
16 55 85
16 56 6
16 57 78
16 58 111
16 59 22
16 60 68
16 61 162
16 62 133
16 63 7
16 64 119
16 65 62
16 66 10
16 67 186
16 68 145
16 69 178
16 70 76
16 71 102
16 72 193
16 73 187
16 74 100
16 75 106
16 76 146
16 77 59
16 78 96
16 79 176
16 80 151
16 81 142
16 82 142
16 83 93
16 84 79
16 85 140
16 86 143
16 87 200
16 88 47
16 89 64
16 90 3
16 91 173
16 92 77
16 93 72
16 94 91
16 95 115
16 96 8
16 97 74
16 98 5
16 99 110
17 18 122
17 19 60
17 20 36
17 21 174
17 22 21
17 23 65
17 24 102
17 25 5
17 26 185
17 27 114
17 28 174
17 29 53
17 30 10
17 31 0
17 32 116
17 33 107
17 34 163
17 35 19
17 36 54
17 37 117
17 38 114
17 39 102
17 40 86
17 41 101
17 42 29
17 43 4
17 44 97
17 45 118
17 46 97
17 47 185
17 48 185
17 49 60
17 50 57
17 51 74
17 52 152
17 53 28
17 54 120
17 55 154
17 56 71
17 57 89
17 58 152
17 59 172
17 60 87
17 61 135
17 62 181
17 63 134
17 64 28
17 65 188
17 66 172
17 67 140
17 68 0
17 69 133
17 70 64
17 71 55
17 72 183
17 73 84
17 74 103
17 75 188
17 76 179
17 77 139
17 78 79
17 79 70
17 80 85
17 81 28
17 82 61
17 83 156
17 84 183
17 85 135
17 86 79
17 87 31
17 88 70
17 89 10
17 90 147
17 91 14
17 92 170
17 93 159
17 94 142
17 95 191
17 96 116
17 97 25
17 98 121
17 99 113
18 19 66
18 20 77
18 21 28
18 22 95
18 23 156
18 24 123
18 25 37
18 26 69
18 27 66
18 28 192
18 29 19
18 30 190
18 31 132
18 32 84
18 33 106
18 34 104
18 35 119
18 36 112
18 37 194
18 38 4
18 39 171
18 40 17
18 41 19
18 42 198
18 43 197
18 44 77
18 45 101
18 46 125
18 47 49
18 48 145
18 49 25
18 50 34
18 51 158
18 52 79
18 53 112
18 54 149
18 55 68
18 56 45
18 57 139
18 58 188
18 59 67
18 60 155
18 61 169
18 62 136
18 63 136
18 64 54
18 65 157
18 66 85
18 67 139
18 68 58
18 69 26
18 70 198
18 71 66
18 72 43
18 73 48
18 74 152
18 75 77
18 76 123
18 77 119
18 78 150
18 79 155
18 80 63
18 81 194
18 82 50
18 83 57
18 84 150
18 85 189
18 86 137
18 87 186
18 88 189
18 89 80
18 90 178
18 91 200
18 92 189
18 93 152
18 94 1
18 95 70
18 96 35
18 97 102
18 98 145
18 99 195
19 20 114
19 21 79
19 22 132
19 23 84
19 24 95
19 25 160
19 26 99
19 27 81
19 28 14
19 29 111
19 30 10
19 31 134
19 32 191
19 33 51
19 34 28
19 35 130
19 36 142
19 37 113
19 38 68
19 39 186
19 40 188
19 41 9
19 42 112
19 43 24
19 44 27
19 45 181
19 46 23
19 47 153
19 48 148
19 49 20
19 50 81
19 51 77
19 52 36
19 53 122
19 54 178
19 55 65
19 56 8
19 57 38
19 58 73
19 59 143
19 60 50
19 61 49
19 62 138
19 63 191
19 64 156
19 65 178
19 66 75
19 67 89
19 68 116
19 69 181
19 70 56
19 71 3
19 72 11
19 73 192
19 74 1
19 75 144
19 76 187
19 77 72
19 78 110
19 79 77
19 80 62
19 81 63
19 82 27
19 83 31
19 84 23
19 85 59
19 86 116
19 87 104
19 88 149
19 89 140
19 90 92
19 91 122
19 92 77
19 93 147
19 94 97
19 95 100
19 96 38
19 97 135
19 98 95
19 99 77
20 21 168
20 22 170
20 23 83
20 24 71
20 25 21
20 26 154
20 27 169
20 28 21
20 29 27
20 30 86
20 31 193
20 32 99
20 33 189
20 34 125
20 35 111
20 36 146
20 37 64
20 38 74
20 39 53
20 40 197
20 41 27
20 42 44
20 43 75
20 44 91
20 45 132
20 46 39
20 47 80
20 48 124
20 49 165
20 50 99
20 51 177
20 52 162
20 53 43
20 54 158
20 55 76
20 56 200
20 57 63
20 58 12
20 59 131
20 60 121
20 61 105
20 62 115
20 63 131
20 64 199
20 65 185
20 66 100
20 67 87
20 68 178
20 69 182
20 70 52
20 71 157
20 72 136
20 73 145
20 74 90
20 75 116
20 76 185
20 77 170
20 78 130
20 79 189
20 80 108
20 81 139
20 82 164
20 83 90
20 84 171
20 85 21
20 86 78
20 87 51
20 88 144
20 89 37
20 90 8
20 91 110
20 92 129
20 93 129
20 94 171
20 95 135
20 96 189
20 97 154
20 98 82
20 99 27
21 22 61
21 23 10
21 24 10
21 25 40
21 26 38
21 27 188
21 28 150
21 29 55
21 30 61
21 31 120
21 32 14
21 33 13
21 34 128
21 35 89
21 36 177
21 37 44
21 38 175
21 39 130
21 40 152
21 41 190
21 42 116
21 43 184
21 44 182
21 45 184
21 46 166
21 47 157
21 48 153
21 49 116
21 50 181
21 51 135
21 52 123
21 53 164
21 54 121
21 55 150
21 56 181
21 57 103
21 58 167
21 59 32
21 60 133
21 61 117
21 62 107
21 63 36
21 64 37
21 65 97
21 66 36
21 67 155
21 68 77
21 69 129
21 70 196
21 71 77
21 72 115
21 73 158
21 74 175
21 75 149
21 76 145
21 77 112
21 78 94
21 79 198
21 80 136
21 81 199
21 82 11
21 83 111
21 84 28
21 85 18
21 86 2
21 87 72
21 88 49
21 89 25
21 90 104
21 91 16
21 92 187
21 93 63
21 94 138
21 95 154
21 96 24
21 97 8
21 98 182
21 99 6
22 23 131
22 24 86
22 25 68
22 26 56
22 27 158
22 28 46
22 29 15
22 30 76
22 31 198
22 32 92
22 33 122
22 34 171
22 35 123
22 36 140
22 37 99
22 38 102
22 39 72
22 40 190
22 41 103
22 42 178
22 43 112
22 44 106
22 45 173
22 46 165
22 47 4
22 48 186
22 49 186
22 50 88
22 51 121
22 52 113
22 53 73
22 54 11
22 55 112
22 56 125
22 57 5
22 58 14
22 59 169
22 60 76
22 61 103
22 62 181
22 63 97
22 64 107
22 65 60
22 66 61
22 67 40
22 68 135
22 69 137
22 70 184
22 71 92
22 72 46
22 73 6
22 74 135
22 75 11
22 76 7
22 77 139
22 78 140
22 79 105
22 80 71
22 81 67
22 82 51
22 83 175
22 84 16
22 85 99
22 86 96
22 87 17
22 88 107
22 89 124
22 90 191
22 91 68
22 92 173
22 93 82
22 94 121
22 95 45
22 96 141
22 97 130
22 98 30
22 99 83
23 24 71
23 25 198
23 26 160
23 27 122
23 28 28
23 29 5
23 30 7
23 31 129
23 32 70
23 33 89
23 34 27
23 35 148
23 36 168
23 37 187
23 38 162
23 39 126
23 40 27
23 41 68
23 42 187
23 43 161
23 44 122
23 45 52
23 46 153
23 47 141
23 48 36
23 49 50
23 50 98
23 51 173
23 52 92
23 53 150
23 54 38
23 55 160
23 56 30
23 57 127
23 58 194
23 59 51
23 60 149
23 61 184
23 62 171
23 63 40
23 64 43
23 65 82
23 66 13
23 67 182
23 68 97
23 69 37
23 70 50
23 71 143
23 72 7
23 73 120
23 74 161
23 75 167
23 76 17
23 77 169
23 78 114
23 79 90
23 80 156
23 81 85
23 82 43
23 83 115
23 84 150
23 85 1
23 86 128
23 87 80
23 88 186
23 89 191
23 90 37
23 91 195
23 92 100
23 93 76
23 94 56
23 95 29
23 96 165
23 97 9
23 98 181
23 99 140
24 25 64
24 26 98
24 27 51
24 28 167
24 29 148
24 30 93
24 31 20
24 32 78
24 33 48
24 34 116
24 35 7
24 36 33
24 37 114
24 38 136
24 39 113
24 40 135
24 41 115
24 42 111
24 43 1
24 44 159
24 45 178
24 46 70
24 47 147
24 48 154
24 49 146
24 50 37
24 51 28
24 52 45
24 53 68
24 54 100
24 55 33
24 56 64
24 57 154
24 58 38
24 59 24
24 60 123
24 61 93
24 62 96
24 63 88
24 64 102
24 65 182
24 66 194
24 67 22
24 68 84
24 69 30
24 70 113
24 71 65
24 72 163
24 73 39
24 74 57
24 75 53
24 76 31
24 77 36
24 78 138
24 79 153
24 80 95
24 81 11
24 82 152
24 83 97
24 84 171
24 85 2
24 86 36
24 87 141
24 88 88
24 89 135
24 90 164
24 91 44
24 92 24
24 93 200
24 94 157
24 95 7
24 96 32
24 97 124
24 98 33
24 99 104
25 26 124
25 27 93
25 28 40
25 29 0
25 30 160
25 31 12
25 32 187
25 33 117
25 34 158
25 35 131
25 36 54
25 37 33
25 38 200
25 39 115
25 40 138
25 41 83
25 42 182
25 43 161
25 44 68
25 45 83
25 46 58
25 47 179
25 48 28
25 49 145
25 50 136
25 51 124
25 52 134
25 53 188
25 54 96
25 55 172
25 56 143
25 57 182
25 58 145
25 59 138
25 60 80
25 61 114
25 62 141
25 63 0
25 64 32
25 65 102
25 66 27
25 67 160
25 68 10
25 69 40
25 70 17
25 71 38
25 72 10
25 73 81
25 74 182
25 75 69
25 76 82
25 77 9
25 78 191
25 79 51
25 80 6
25 81 168
25 82 127
25 83 65
25 84 57
25 85 116
25 86 88
25 87 19
25 88 177
25 89 142
25 90 184
25 91 35
25 92 48
25 93 5
25 94 191
25 95 102
25 96 53
25 97 40
25 98 73
25 99 143
26 27 14
26 28 71
26 29 170
26 30 80
26 31 153
26 32 27
26 33 150
26 34 145
26 35 183
26 36 194
26 37 165
26 38 40
26 39 54
26 40 180
26 41 70
26 42 50
26 43 116
26 44 112
26 45 176
26 46 73
26 47 100
26 48 153
26 49 142
26 50 55
26 51 48
26 52 81
26 53 122
26 54 105
26 55 42
26 56 54
26 57 186
26 58 153
26 59 182
26 60 186
26 61 115
26 62 112
26 63 65
26 64 121
26 65 12
26 66 193
26 67 151
26 68 61
26 69 69
26 70 17
26 71 187
26 72 54
26 73 43
26 74 155
26 75 56
26 76 189
26 77 32
26 78 31
26 79 187
26 80 135
26 81 104
26 82 146
26 83 60
26 84 45
26 85 90
26 86 179
26 87 127
26 88 130
26 89 192
26 90 95
26 91 170
26 92 65
26 93 161
26 94 114
26 95 161
26 96 177
26 97 18
26 98 113
26 99 7
27 28 95
27 29 125
27 30 6
27 31 107
27 32 12
27 33 140
27 34 25
27 35 13
27 36 29
27 37 9
27 38 74
27 39 154
27 40 140
27 41 113
27 42 144
27 43 158
27 44 61
27 45 23
27 46 34
27 47 66
27 48 17
27 49 139
27 50 200
27 51 72
27 52 22
27 53 6
27 54 138
27 55 158
27 56 53
27 57 84
27 58 113
27 59 92
27 60 181
27 61 132
27 62 192
27 63 162
27 64 25
27 65 21
27 66 17
27 67 199
27 68 49
27 69 190
27 70 167
27 71 186
27 72 9
27 73 52
27 74 98
27 75 95
27 76 100
27 77 149
27 78 32
27 79 182
27 80 25
27 81 97
27 82 57
27 83 171
27 84 7
27 85 13
27 86 118
27 87 183
27 88 32
27 89 121
27 90 177
27 91 87
27 92 1
27 93 153
27 94 156
27 95 200
27 96 158
27 97 132
27 98 172
27 99 30
28 29 195
28 30 113
28 31 141
28 32 85
28 33 3
28 34 144
28 35 87
28 36 199
28 37 54
28 38 133
28 39 44
28 40 46
28 41 74
28 42 172
28 43 73
28 44 35
28 45 67
28 46 135
28 47 164
28 48 103
28 49 200
28 50 57
28 51 46
28 52 101
28 53 78
28 54 154
28 55 13
28 56 107
28 57 93
28 58 166
28 59 195
28 60 64
28 61 151
28 62 70
28 63 76
28 64 24
28 65 66
28 66 165
28 67 164
28 68 80
28 69 48
28 70 159
28 71 196
28 72 49
28 73 100
28 74 148
28 75 100
28 76 198
28 77 158
28 78 31
28 79 110
28 80 160
28 81 17
28 82 18
28 83 96
28 84 129
28 85 116
28 86 199
28 87 136
28 88 10
28 89 36
28 90 160
28 91 188
28 92 163
28 93 111
28 94 81
28 95 95
28 96 116
28 97 101
28 98 139
28 99 93
29 30 163
29 31 152
29 32 199
29 33 5
29 34 168
29 35 114
29 36 174
29 37 93
29 38 181
29 39 154
29 40 176
29 41 156
29 42 45
29 43 30
29 44 48
29 45 127
29 46 82
29 47 86
29 48 169
29 49 142
29 50 37
29 51 80
29 52 123
29 53 158
29 54 110
29 55 110
29 56 44
29 57 45
29 58 17
29 59 171
29 60 116
29 61 174
29 62 116
29 63 135
29 64 190
29 65 38
29 66 29
29 67 119
29 68 27
29 69 72
29 70 86
29 71 124
29 72 193
29 73 166
29 74 170
29 75 136
29 76 94
29 77 6
29 78 26
29 79 106
29 80 18
29 81 198
29 82 82
29 83 94
29 84 84
29 85 10
29 86 148
29 87 156
29 88 31
29 89 60
29 90 96
29 91 127
29 92 166
29 93 192
29 94 30
29 95 24
29 96 65
29 97 139
29 98 170
29 99 15
30 31 100
30 32 112
30 33 103
30 34 188
30 35 193
30 36 12
30 37 159
30 38 63
30 39 46
30 40 153
30 41 72
30 42 191
30 43 7
30 44 63
30 45 116
30 46 10
30 47 121
30 48 150
30 49 194
30 50 116
30 51 9
30 52 189
30 53 155
30 54 49
30 55 156
30 56 94
30 57 163
30 58 40
30 59 1
30 60 125
30 61 43
30 62 26
30 63 149
30 64 111
30 65 32
30 66 125
30 67 46
30 68 17
30 69 43
30 70 109
30 71 135
30 72 82
30 73 43
30 74 83
30 75 168
30 76 132
30 77 44
30 78 171
30 79 159
30 80 130
30 81 112
30 82 114
30 83 123
30 84 42
30 85 179
30 86 56
30 87 41
30 88 32
30 89 140
30 90 164
30 91 92
30 92 54
30 93 145
30 94 24
30 95 190
30 96 101
30 97 72
30 98 24
30 99 42
31 32 15
31 33 120
31 34 109
31 35 141
31 36 23
31 37 184
31 38 55
31 39 119
31 40 179
31 41 151
31 42 77
31 43 32
31 44 110
31 45 58
31 46 186
31 47 180
31 48 173
31 49 116
31 50 94
31 51 71
31 52 124
31 53 98
31 54 83
31 55 53
31 56 61
31 57 179
31 58 135
31 59 108
31 60 163
31 61 9
31 62 158
31 63 114
31 64 54
31 65 199
31 66 117
31 67 120
31 68 84
31 69 153
31 70 133
31 71 13
31 72 130
31 73 165
31 74 123
31 75 14
31 76 8
31 77 10
31 78 71
31 79 60
31 80 25
31 81 171
31 82 8
31 83 44
31 84 77
31 85 147
31 86 161
31 87 178
31 88 120
31 89 105
31 90 127
31 91 5
31 92 108
31 93 128
31 94 12
31 95 36
31 96 64
31 97 175
31 98 94
31 99 168
32 33 69
32 34 117
32 35 84
32 36 7
32 37 27
32 38 106
32 39 146
32 40 190
32 41 188
32 42 137
32 43 145
32 44 41
32 45 145
32 46 200
32 47 75
32 48 98
32 49 81
32 50 2
32 51 113
32 52 194
32 53 88
32 54 31
32 55 46
32 56 96
32 57 95
32 58 169
32 59 128
32 60 108
32 61 139
32 62 18
32 63 95
32 64 173
32 65 141
32 66 72
32 67 38
32 68 47
32 69 12
32 70 146
32 71 62
32 72 29
32 73 150
32 74 49
32 75 84
32 76 103
32 77 3
32 78 4
32 79 36
32 80 170
32 81 198
32 82 97
32 83 109
32 84 57
32 85 115
32 86 128
32 87 186
32 88 74
32 89 13
32 90 133
32 91 121
32 92 139
32 93 28
32 94 124
32 95 197
32 96 89
32 97 3
32 98 187
32 99 33
33 34 42
33 35 63
33 36 73
33 37 152
33 38 79
33 39 154
33 40 93
33 41 55
33 42 18
33 43 89
33 44 54
33 45 135
33 46 144
33 47 38
33 48 11
33 49 97
33 50 54
33 51 61
33 52 1
33 53 32
33 54 31
33 55 165
33 56 66
33 57 17
33 58 83
33 59 116
33 60 57
33 61 185
33 62 182
33 63 149
33 64 16
33 65 125
33 66 112
33 67 157
33 68 193
33 69 167
33 70 131
33 71 143
33 72 34
33 73 198
33 74 181
33 75 192
33 76 87
33 77 75
33 78 125
33 79 5
33 80 19
33 81 145
33 82 46
33 83 192
33 84 164
33 85 29
33 86 65
33 87 127
33 88 181
33 89 124
33 90 153
33 91 143
33 92 63
33 93 128
33 94 142
33 95 35
33 96 29
33 97 27
33 98 174
33 99 192
34 35 29
34 36 51
34 37 0
34 38 59
34 39 3
34 40 32
34 41 189
34 42 100
34 43 164
34 44 58
34 45 89
34 46 186
34 47 112
34 48 123
34 49 62
34 50 128
34 51 130
34 52 188
34 53 91
34 54 10
34 55 179
34 56 176
34 57 55
34 58 51
34 59 147
34 60 109
34 61 34
34 62 83
34 63 139
34 64 185
34 65 25
34 66 54
34 67 63
34 68 32
34 69 52
34 70 70
34 71 122
34 72 123
34 73 126
34 74 147
34 75 143
34 76 118
34 77 195
34 78 33
34 79 99
34 80 199
34 81 74
34 82 38
34 83 86
34 84 86
34 85 130
34 86 64
34 87 98
34 88 136
34 89 117
34 90 109
34 91 12
34 92 44
34 93 126
34 94 45
34 95 38
34 96 109
34 97 102
34 98 150
34 99 106
35 36 29
35 37 20
35 38 63
35 39 47
35 40 190
35 41 147
35 42 145
35 43 88
35 44 48
35 45 83
35 46 141
35 47 15
35 48 19
35 49 47
35 50 179
35 51 186
35 52 175
35 53 102
35 54 186
35 55 84
35 56 188
35 57 17
35 58 195
35 59 98
35 60 147
35 61 97
35 62 72
35 63 126
35 64 50
35 65 175
35 66 130
35 67 200
35 68 5
35 69 196
35 70 141
35 71 102
35 72 83
35 73 168
35 74 174
35 75 183
35 76 150
35 77 177
35 78 168
35 79 118
35 80 40
35 81 20
35 82 76
35 83 147
35 84 26
35 85 78
35 86 26
35 87 96
35 88 87
35 89 49
35 90 49
35 91 120
35 92 18
35 93 105
35 94 103
35 95 9
35 96 32
35 97 128
35 98 42
35 99 139
36 37 2
36 38 175
36 39 121
36 40 43
36 41 196
36 42 53
36 43 82
36 44 64
36 45 130
36 46 156
36 47 95
36 48 143
36 49 9
36 50 110
36 51 54
36 52 104
36 53 48
36 54 97
36 55 29
36 56 196
36 57 176
36 58 91
36 59 136
36 60 200
36 61 50
36 62 49
36 63 9
36 64 64
36 65 163
36 66 174
36 67 66
36 68 43
36 69 75
36 70 86
36 71 190
36 72 168
36 73 59
36 74 14
36 75 171
36 76 115
36 77 86
36 78 56
36 79 165
36 80 143
36 81 151
36 82 39
36 83 148
36 84 172
36 85 154
36 86 116
36 87 88
36 88 186
36 89 53
36 90 71
36 91 96
36 92 101
36 93 91
36 94 106
36 95 58
36 96 21
36 97 50
36 98 41
36 99 170
37 38 5
37 39 53
37 40 120
37 41 12
37 42 146
37 43 64
37 44 190
37 45 19
37 46 22
37 47 19
37 48 160
37 49 122
37 50 166
37 51 92
37 52 78
37 53 129
37 54 170
37 55 147
37 56 67
37 57 200
37 58 60
37 59 64
37 60 109
37 61 186
37 62 30
37 63 10
37 64 165
37 65 70
37 66 180
37 67 173
37 68 116
37 69 134
37 70 67
37 71 62
37 72 121
37 73 112
37 74 89
37 75 57
37 76 193
37 77 157
37 78 102
37 79 71
37 80 195
37 81 117
37 82 19
37 83 126
37 84 63
37 85 109
37 86 19
37 87 126
37 88 38
37 89 15
37 90 1
37 91 147
37 92 163
37 93 195
37 94 186
37 95 193
37 96 118
37 97 77
37 98 10
37 99 108
38 39 126
38 40 11
38 41 21
38 42 123
38 43 97
38 44 165
38 45 119
38 46 26
38 47 110
38 48 90
38 49 105
38 50 102
38 51 152
38 52 16
38 53 14
38 54 4
38 55 197
38 56 22
38 57 29
38 58 36
38 59 193
38 60 5
38 61 89
38 62 129
38 63 189
38 64 170
38 65 82
38 66 94
38 67 176
38 68 168
38 69 130
38 70 46
38 71 168
38 72 87
38 73 162
38 74 61
38 75 0
38 76 9
38 77 8
38 78 43
38 79 46
38 80 152
38 81 151
38 82 127
38 83 109
38 84 36
38 85 138
38 86 143
38 87 2
38 88 61
38 89 133
38 90 188
38 91 176
38 92 150
38 93 140
38 94 41
38 95 61
38 96 161
38 97 158
38 98 143
38 99 15
39 40 77
39 41 160
39 42 10
39 43 132
39 44 60
39 45 186
39 46 67
39 47 98
39 48 111
39 49 107
39 50 62
39 51 84
39 52 100
39 53 96
39 54 183
39 55 191
39 56 72
39 57 34
39 58 10
39 59 107
39 60 179
39 61 83
39 62 23
39 63 196
39 64 20
39 65 83
39 66 127
39 67 54
39 68 26
39 69 8
39 70 134
39 71 144
39 72 115
39 73 9
39 74 127
39 75 96
39 76 153
39 77 34
39 78 165
39 79 193
39 80 30
39 81 22
39 82 20
39 83 106
39 84 134
39 85 91
39 86 95
39 87 148
39 88 167
39 89 61
39 90 104
39 91 96
39 92 154
39 93 195
39 94 166
39 95 115
39 96 183
39 97 37
39 98 148
39 99 74
40 41 184
40 42 176
40 43 134
40 44 72
40 45 100
40 46 196
40 47 126
40 48 15
40 49 3
40 50 111
40 51 61
40 52 40
40 53 43
40 54 60
40 55 109
40 56 39
40 57 45
40 58 19
40 59 189
40 60 189
40 61 136
40 62 95
40 63 135
40 64 130
40 65 136
40 66 137
40 67 14
40 68 28
40 69 139
40 70 24
40 71 34
40 72 145
40 73 153
40 74 77
40 75 69
40 76 33
40 77 10
40 78 175
40 79 156
40 80 10
40 81 17
40 82 4
40 83 15
40 84 93
40 85 121
40 86 82
40 87 194
40 88 94
40 89 99
40 90 50
40 91 57
40 92 34
40 93 28
40 94 168
40 95 66
40 96 85
40 97 189
40 98 30
40 99 20
41 42 65
41 43 138
41 44 19
41 45 31
41 46 77
41 47 110
41 48 163
41 49 121
41 50 24
41 51 172
41 52 152
41 53 184
41 54 60
41 55 190
41 56 134
41 57 132
41 58 95
41 59 160
41 60 0
41 61 32
41 62 20
41 63 3
41 64 78
41 65 122
41 66 1
41 67 35
41 68 68
41 69 5
41 70 123
41 71 121
41 72 155
41 73 123
41 74 198
41 75 133
41 76 189
41 77 72
41 78 25
41 79 32
41 80 76
41 81 179
41 82 30
41 83 191
41 84 76
41 85 189
41 86 154
41 87 45
41 88 14
41 89 189
41 90 94
41 91 115
41 92 196
41 93 17
41 94 66
41 95 47
41 96 5
41 97 169
41 98 71
41 99 40
42 43 13
42 44 42
42 45 133
42 46 172
42 47 20
42 48 96
42 49 168
42 50 24
42 51 152
42 52 178
42 53 77
42 54 71
42 55 124
42 56 63
42 57 172
42 58 143
42 59 141
42 60 150
42 61 88
42 62 65
42 63 8
42 64 103
42 65 198
42 66 148
42 67 129
42 68 199
42 69 99
42 70 4
42 71 104
42 72 8
42 73 63
42 74 182
42 75 1
42 76 39
42 77 113
42 78 146
42 79 118
42 80 177
42 81 191
42 82 200
42 83 165
42 84 128
42 85 46
42 86 72
42 87 196
42 88 83
42 89 1
42 90 15
42 91 57
42 92 59
42 93 6
42 94 136
42 95 164
42 96 20
42 97 198
42 98 15
42 99 122
43 44 61
43 45 102
43 46 160
43 47 41
43 48 82
43 49 23
43 50 101
43 51 88
43 52 27
43 53 69
43 54 57
43 55 40
43 56 2
43 57 47
43 58 20
43 59 75
43 60 27
43 61 103
43 62 195
43 63 90
43 64 165
43 65 98
43 66 138
43 67 1
43 68 166
43 69 62
43 70 169
43 71 67
43 72 117
43 73 92
43 74 5
43 75 123
43 76 115
43 77 31
43 78 155
43 79 38
43 80 70
43 81 89
43 82 61
43 83 195
43 84 132
43 85 89
43 86 3
43 87 44
43 88 21
43 89 123
43 90 162
43 91 60
43 92 196
43 93 69
43 94 199
43 95 110
43 96 195
43 97 138
43 98 20
43 99 168
44 45 180
44 46 13
44 47 137
44 48 138
44 49 41
44 50 31
44 51 200
44 52 196
44 53 194
44 54 199
44 55 99
44 56 70
44 57 65
44 58 147
44 59 25
44 60 77
44 61 177
44 62 151
44 63 187
44 64 104
44 65 167
44 66 127
44 67 123
44 68 137
44 69 191
44 70 42
44 71 108
44 72 184
44 73 76
44 74 40
44 75 81
44 76 165
44 77 0
44 78 155
44 79 131
44 80 198
44 81 76
44 82 97
44 83 190
44 84 197
44 85 158
44 86 104
44 87 178
44 88 5
44 89 79
44 90 171
44 91 171
44 92 52
44 93 93
44 94 159
44 95 5
44 96 57
44 97 130
44 98 142
44 99 124
