100 3675
0 1 9
0 2 107
0 3 7
0 4 31
0 5 168
0 6 126
0 7 123
0 8 73
0 9 153
0 10 6
0 11 109
0 12 142
0 13 140
0 14 97
0 15 126
0 16 72
0 17 58
0 18 4
0 19 37
0 20 67
0 21 35
0 22 127
0 23 20
0 24 98
0 25 93
0 26 92
0 27 1
0 28 66
0 29 150
0 30 173
0 31 54
0 32 17
0 33 88
0 34 167
0 35 97
0 36 60
0 37 196
0 38 53
0 39 77
0 40 44
0 41 11
0 42 187
0 43 57
0 44 89
0 45 50
0 46 65
0 47 147
0 48 43
0 49 39
0 50 80
0 51 128
0 52 148
0 53 46
0 54 96
0 55 88
0 56 183
0 57 142
0 58 197
0 59 132
0 60 70
0 61 80
0 62 26
0 63 78
0 64 115
0 65 20
0 66 165
0 67 187
0 68 140
0 69 49
0 70 123
0 71 152
0 72 114
0 73 12
0 74 38
0 75 77
0 76 24
0 77 78
0 78 35
0 79 82
0 80 21
0 81 84
0 82 5
0 83 65
0 84 120
0 85 98
0 86 96
0 87 115
0 88 47
0 89 5
0 90 52
0 91 115
0 92 165
0 93 9
0 94 41
0 95 175
0 96 149
0 97 12
0 98 12
0 99 156
1 2 101
1 3 178
1 4 111
1 5 49
1 6 2
1 7 136
1 8 47
1 9 38
1 10 148
1 11 17
1 12 124
1 13 17
1 14 27
1 15 166
1 16 84
1 17 52
1 18 87
1 19 1
1 20 150
1 21 149
1 22 149
1 23 38
1 24 87
1 25 35
1 26 43
1 27 86
1 28 115
1 29 76
1 30 75
1 31 145
1 32 137
1 33 129
1 34 13
1 35 183
1 36 47
1 37 20
1 38 152
1 39 187
1 40 22
1 41 90
1 42 108
1 43 130
1 44 27
1 45 19
1 46 95
1 47 2
1 48 58
1 49 18
1 50 28
1 51 144
1 52 77
1 53 91
1 54 145
1 55 102
1 56 130
1 57 154
1 58 185
1 59 199
1 60 4
1 61 108
1 62 59
1 63 16
1 64 130
1 65 181
1 66 5
1 67 190
1 68 39
1 69 199
1 70 152
1 71 125
1 72 133
1 73 78
1 74 196
1 75 124
1 76 110
1 77 52
1 78 51
1 79 71
1 80 107
1 81 186
1 82 55
1 83 38
1 84 108
1 85 28
1 86 130
1 87 160
1 88 159
1 89 69
1 90 192
1 91 141
1 92 143
1 93 117
1 94 142
1 95 139
1 96 103
1 97 155
1 98 162
1 99 18
2 3 140
2 4 33
2 5 150
2 6 33
2 7 180
2 8 157
2 9 185
2 10 159
2 11 61
2 12 1
2 13 182
2 14 195
2 15 48
2 16 78
2 17 70
2 18 90
2 19 48
2 20 67
2 21 124
2 22 90
2 23 149
2 24 101
2 25 87
2 26 108
2 27 192
2 28 189
2 29 2
2 30 99
2 31 187
2 32 172
2 33 130
2 34 19
2 35 21
2 36 19
2 37 116
2 38 177
2 39 84
2 40 188
2 41 131
2 42 160
2 43 110
2 44 77
2 45 157
2 46 144
2 47 144
2 48 73
2 49 133
2 50 18
2 51 147
2 52 146
2 53 66
2 54 157
2 55 69
2 56 31
2 57 143
2 58 85
2 59 96
2 60 92
2 61 58
2 62 118
2 63 147
2 64 64
2 65 37
2 66 89
2 67 33
2 68 86
2 69 106
2 70 164
2 71 43
2 72 91
2 73 52
2 74 136
2 75 12
2 76 156
2 77 187
2 78 200
2 79 85
2 80 64
2 81 156
2 82 198
2 83 179
2 84 41
2 85 20
2 86 168
2 87 185
2 88 68
2 89 36
2 90 116
2 91 126
2 92 12
2 93 70
2 94 193
2 95 151
2 96 109
2 97 35
2 98 87
2 99 3
3 4 88
3 5 170
3 6 86
3 7 161
3 8 88
3 9 90
3 10 140
3 11 175
3 12 42
3 13 117
3 14 4
3 15 181
3 16 13
3 17 131
3 18 184
3 19 148
3 20 62
3 21 32
3 22 35
3 23 138
3 24 94
3 25 4
3 26 82
3 27 181
3 28 129
3 29 72
3 30 123
3 31 26
3 32 135
3 33 171
3 34 109
3 35 4
3 36 84
3 37 120
3 38 119
3 39 110
3 40 113
3 41 10
3 42 49
3 43 6
3 44 46
3 45 75
3 46 169
3 47 74
3 48 167
3 49 31
3 50 147
3 51 73
3 52 131
3 53 165
3 54 171
3 55 184
3 56 147
3 57 11
3 58 82
3 59 174
3 60 104
3 61 88
3 62 32
3 63 151
3 64 77
3 65 90
3 66 166
3 67 77
3 68 135
3 69 125
3 70 87
3 71 35
3 72 56
3 73 82
3 74 2
3 75 52
3 76 20
3 77 89
3 78 73
3 79 161
3 80 85
3 81 153
3 82 96
3 83 148
3 84 164
3 85 171
3 86 30
3 87 181
3 88 193
3 89 85
3 90 141
3 91 9
3 92 142
3 93 45
3 94 50
3 95 158
3 96 3
3 97 63
3 98 156
3 99 189
4 5 75
4 6 89
4 7 37
4 8 59
4 9 35
4 10 164
4 11 159
4 12 53
4 13 193
4 14 181
4 15 99
4 16 124
4 17 148
4 18 177
4 19 113
4 20 34
4 21 55
4 22 200
4 23 182
4 24 59
4 25 120
4 26 148
4 27 135
4 28 5
4 29 130
4 30 52
4 31 75
4 32 102
4 33 191
4 34 28
4 35 42
4 36 90
4 37 3
4 38 169
4 39 73
4 40 178
4 41 191
4 42 58
4 43 89
4 44 162
4 45 29
4 46 57
4 47 13
4 48 110
4 49 98
4 50 152
4 51 95
4 52 3
4 53 9
4 54 178
4 55 90
4 56 74
4 57 57
4 58 121
4 59 29
4 60 35
4 61 17
4 62 1
4 63 162
4 64 192
4 65 113
4 66 18
4 67 124
4 68 28
4 69 11
4 70 120
4 71 185
4 72 179
4 73 119
4 74 190
4 75 196
4 76 62
4 77 34
4 78 144
4 79 55
4 80 115
4 81 126
4 82 158
4 83 156
4 84 93
4 85 95
4 86 136
4 87 194
4 88 161
4 89 178
4 90 172
4 91 143
4 92 89
4 93 93
4 94 127
4 95 46
4 96 172
4 97 94
4 98 74
4 99 67
5 6 176
5 7 188
5 8 65
5 9 63
5 10 119
5 11 111
5 12 178
5 13 36
5 14 123
5 15 53
5 16 94
5 17 4
5 18 79
5 19 99
5 20 131
5 21 155
5 22 125
5 23 15
5 24 36
5 25 37
5 26 39
5 27 189
5 28 92
5 29 152
5 30 106
5 31 112
5 32 166
5 33 52
5 34 105
5 35 197
5 36 141
5 37 149
5 38 176
5 39 21
5 40 1
5 41 102
5 42 19
5 43 17
5 44 80
5 45 144
5 46 52
5 47 65
5 48 103
5 49 16
5 50 155
5 51 4
5 52 44
5 53 25
5 54 129
5 55 165
5 56 82
5 57 12
5 58 106
5 59 145
5 60 9
5 61 75
5 62 161
5 63 164
5 64 95
5 65 69
5 66 200
5 67 38
5 68 28
5 69 28
5 70 98
5 71 10
5 72 79
5 73 27
5 74 145
5 75 135
5 76 77
5 77 66
5 78 185
5 79 32
5 80 69
5 81 175
5 82 160
5 83 113
5 84 95
5 85 26
5 86 32
5 87 142
5 88 19
5 89 58
5 90 125
5 91 6
5 92 199
5 93 13
5 94 11
5 95 177
5 96 56
5 97 64
5 98 15
5 99 41
6 7 94
6 8 64
6 9 58
6 10 64
6 11 49
6 12 82
6 13 82
6 14 13
6 15 80
6 16 136
6 17 150
6 18 164
6 19 137
6 20 9
6 21 173
6 22 71
6 23 38
6 24 72
6 25 142
6 26 114
6 27 93
6 28 91
6 29 23
6 30 167
6 31 21
6 32 175
6 33 194
6 34 64
6 35 44
6 36 159
6 37 178
6 38 72
6 39 184
6 40 200
6 41 34
6 42 184
6 43 76
6 44 92
6 45 14
6 46 89
6 47 190
6 48 196
6 49 144
6 50 18
6 51 53
6 52 82
6 53 32
6 54 3
6 55 128
6 56 22
6 57 164
6 58 5
6 59 114
6 60 14
6 61 196
6 62 168
6 63 198
6 64 153
6 65 151
6 66 195
6 67 40
6 68 80
6 69 93
6 70 111
6 71 118
6 72 59
6 73 18
6 74 99
6 75 140
6 76 143
6 77 89
6 78 109
6 79 70
6 80 68
6 81 19
6 82 94
6 83 192
6 84 169
6 85 1
6 86 197
6 87 116
6 88 43
6 89 102
6 90 67
6 91 134
6 92 54
6 93 40
6 94 72
6 95 10
6 96 150
6 97 195
6 98 137
6 99 31
7 8 121
7 9 180
7 10 71
7 11 5
7 12 173
7 13 197
7 14 11
7 15 158
7 16 199
7 17 35
7 18 193
7 19 142
7 20 121
7 21 167
7 22 150
7 23 173
7 24 17
7 25 186
7 26 147
7 27 170
7 28 116
7 29 162
7 30 46
7 31 126
7 32 69
7 33 72
7 34 155
7 35 142
7 36 169
7 37 59
7 38 113
7 39 139
7 40 187
7 41 1
7 42 124
7 43 88
7 44 71
7 45 147
7 46 130
7 47 16
7 48 27
7 49 121
7 50 147
7 51 72
7 52 8
7 53 43
7 54 98
7 55 143
7 56 152
7 57 62
7 58 89
7 59 5
7 60 178
7 61 136
7 62 76
7 63 33
7 64 5
7 65 157
7 66 160
7 67 16
7 68 5
7 69 192
7 70 75
7 71 69
7 72 28
7 73 90
7 74 18
7 75 12
7 76 187
7 77 177
7 78 83
7 79 115
7 80 87
7 81 136
7 82 62
7 83 141
7 84 15
7 85 194
7 86 182
7 87 41
7 88 10
7 89 140
7 90 124
7 91 184
7 92 5
7 93 107
7 94 110
7 95 105
7 96 168
7 97 149
7 98 60
7 99 5
8 9 53
8 10 192
8 11 68
8 12 19
8 13 152
8 14 6
8 15 89
8 16 121
8 17 74
8 18 90
8 19 171
8 20 135
8 21 16
8 22 43
8 23 137
8 24 194
8 25 75
8 26 143
8 27 21
8 28 132
8 29 97
8 30 50
8 31 200
8 32 2
8 33 181
8 34 23
8 35 136
8 36 146
8 37 194
8 38 138
8 39 66
8 40 162
8 41 33
8 42 83
8 43 177
8 44 6
8 45 10
8 46 39
8 47 59
8 48 34
8 49 197
8 50 185
8 51 143
8 52 27
8 53 6
8 54 135
8 55 65
8 56 128
8 57 127
8 58 88
8 59 159
8 60 12
8 61 198
8 62 15
8 63 85
8 64 146
8 65 62
8 66 173
8 67 150
8 68 121
8 69 27
8 70 19
8 71 142
8 72 177
8 73 9
8 74 138
8 75 194
8 76 13
8 77 91
8 78 34
8 79 145
8 80 111
8 81 153
8 82 170
8 83 42
8 84 57
8 85 9
8 86 7
8 87 199
8 88 33
8 89 25
8 90 116
8 91 33
8 92 100
8 93 198
8 94 18
8 95 4
8 96 6
8 97 11
8 98 30
8 99 67
9 10 65
9 11 140
9 12 121
9 13 166
9 14 172
9 15 23
9 16 152
9 17 5
9 18 177
9 19 111
9 20 135
9 21 26
9 22 54
9 23 177
9 24 141
9 25 47
9 26 81
9 27 199
9 28 91
9 29 168
9 30 11
9 31 38
9 32 131
9 33 164
9 34 61
9 35 27
9 36 151
9 37 54
9 38 27
9 39 58
9 40 17
9 41 133
9 42 127
9 43 74
9 44 23
9 45 112
9 46 163
9 47 110
9 48 57
9 49 3
9 50 36
9 51 5
9 52 195
9 53 47
9 54 42
9 55 192
9 56 90
9 57 134
9 58 191
9 59 101
9 60 64
9 61 6
9 62 169
9 63 57
9 64 109
9 65 81
9 66 58
9 67 47
9 68 170
9 69 124
9 70 50
9 71 20
9 72 186
9 73 164
9 74 173
9 75 78
9 76 8
9 77 86
9 78 79
9 79 49
9 80 112
9 81 95
9 82 121
9 83 90
9 84 130
9 85 76
9 86 90
9 87 197
9 88 94
9 89 51
9 90 56
9 91 37
9 92 185
9 93 119
9 94 163
9 95 121
9 96 183
9 97 141
9 98 8
9 99 152
10 11 133
10 12 43
10 13 32
10 14 167
10 15 55
10 16 65
10 17 108
10 18 64
10 19 29
10 20 82
10 21 47
10 22 116
10 23 88
10 24 158
10 25 49
10 26 172
10 27 95
10 28 104
10 29 1
10 30 146
10 31 195
10 32 171
10 33 133
10 34 114
10 35 167
10 36 97
10 37 161
10 38 86
10 39 17
10 40 62
10 41 182
10 42 197
10 43 112
10 44 31
10 45 186
10 46 24
10 47 198
10 48 51
10 49 200
10 50 21
10 51 183
10 52 99
10 53 129
10 54 160
10 55 33
10 56 81
10 57 30
10 58 16
10 59 87
10 60 79
10 61 32
10 62 78
10 63 13
10 64 86
10 65 165
10 66 146
10 67 168
10 68 165
10 69 181
10 70 39
10 71 46
10 72 61
10 73 62
10 74 31
10 75 62
10 76 9
10 77 112
10 78 42
10 79 165
10 80 149
10 81 105
10 82 8
10 83 97
10 84 87
10 85 132
10 86 117
10 87 153
10 88 7
10 89 15
10 90 0
10 91 15
10 92 12
10 93 181
10 94 19
10 95 61
10 96 146
10 97 59
10 98 62
10 99 116
11 12 175
11 13 26
11 14 135
11 15 12
11 16 133
11 17 24
11 18 162
11 19 25
11 20 174
11 21 157
11 22 84
11 23 43
11 24 135
11 25 108
11 26 36
11 27 52
11 28 112
11 29 58
11 30 177
11 31 124
11 32 123
11 33 189
11 34 188
11 35 125
11 36 84
11 37 157
11 38 194
11 39 63
11 40 69
11 41 99
11 42 105
11 43 50
11 44 4
11 45 72
11 46 14
11 47 21
11 48 15
11 49 73
11 50 197
11 51 42
11 52 122
11 53 58
11 54 92
11 55 37
11 56 93
11 57 6
11 58 182
11 59 43
11 60 45
11 61 199
11 62 187
11 63 38
11 64 64
11 65 106
11 66 65
11 67 30
11 68 133
11 69 69
11 70 73
11 71 15
11 72 190
11 73 183
11 74 102
11 75 184
11 76 15
11 77 85
11 78 61
11 79 197
11 80 178
11 81 31
11 82 152
11 83 101
11 84 161
11 85 178
11 86 114
11 87 78
11 88 128
11 89 169
11 90 172
11 91 137
11 92 126
11 93 128
11 94 182
11 95 72
11 96 109
11 97 100
11 98 115
11 99 0
12 13 21
12 14 85
12 15 23
12 16 42
12 17 3
12 18 135
12 19 8
12 20 15
12 21 168
12 22 115
12 23 47
12 24 126
12 25 21
12 26 65
12 27 12
12 28 113
12 29 9
12 30 97
12 31 4
12 32 146
12 33 81
12 34 120
12 35 140
12 36 52
12 37 67
12 38 121
12 39 32
12 40 36
12 41 107
12 42 137
12 43 83
12 44 197
12 45 125
12 46 26
12 47 73
12 48 133
12 49 122
12 50 114
12 51 24
12 52 169
12 53 189
12 54 78
12 55 177
12 56 152
12 57 148
12 58 179
12 59 106
12 60 156
12 61 92
12 62 61
12 63 21
12 64 63
12 65 114
12 66 142
12 67 27
12 68 104
12 69 194
12 70 145
12 71 20
12 72 173
12 73 38
12 74 81
12 75 101
12 76 74
12 77 11
12 78 172
12 79 178
12 80 15
12 81 48
12 82 153
12 83 16
12 84 105
12 85 29
12 86 49
12 87 102
12 88 18
12 89 74
12 90 54
12 91 197
12 92 31
12 93 60
12 94 157
12 95 46
12 96 41
12 97 156
12 98 38
12 99 34
13 14 30
13 15 14
13 16 180
13 17 115
13 18 131
13 19 56
13 20 117
13 21 109
13 22 11
13 23 146
13 24 113
13 25 113
13 26 39
13 27 52
13 28 138
13 29 45
13 30 144
13 31 185
13 32 178
13 33 177
13 34 63
13 35 194
13 36 87
13 37 41
13 38 16
13 39 150
13 40 16
13 41 105
13 42 55
13 43 158
13 44 2
13 45 118
13 46 115
13 47 163
13 48 181
13 49 141
13 50 157
13 51 89
13 52 171
13 53 70
13 54 80
13 55 88
13 56 71
13 57 40
13 58 35
13 59 92
13 60 11
13 61 76
13 62 60
13 63 46
13 64 165
13 65 14
13 66 140
13 67 32
13 68 179
13 69 144
13 70 37
13 71 36
13 72 123
13 73 146
13 74 198
13 75 86
13 76 147
13 77 47
13 78 92
13 79 32
13 80 152
13 81 19
13 82 17
13 83 0
13 84 26
13 85 75
13 86 116
13 87 175
13 88 8
13 89 12
13 90 172
13 91 43
13 92 23
13 93 100
13 94 41
13 95 45
13 96 30
13 97 127
13 98 108
13 99 179
14 15 89
14 16 168
14 17 126
14 18 166
14 19 198
14 20 134
14 21 52
14 22 160
14 23 127
14 24 176
14 25 71
14 26 129
14 27 49
14 28 140
14 29 27
14 30 57
14 31 58
14 32 63
14 33 143
14 34 172
14 35 192
14 36 179
14 37 24
14 38 11
14 39 25
14 40 129
14 41 83
14 42 180
14 43 116
14 44 114
14 45 57
14 46 101
14 47 4
14 48 75
14 49 168
14 50 52
14 51 32
14 52 91
14 53 80
14 54 194
14 55 21
14 56 24
14 57 105
14 58 49
14 59 75
14 60 191
14 61 101
14 62 27
14 63 51
14 64 75
14 65 73
14 66 99
14 67 133
14 68 46
14 69 69
14 70 22
14 71 152
14 72 114
14 73 168
14 74 94
14 75 196
14 76 149
14 77 102
14 78 147
14 79 0
14 80 199
14 81 97
14 82 191
14 83 30
14 84 51
14 85 186
14 86 112
14 87 183
14 88 119
14 89 135
14 90 102
14 91 150
14 92 143
14 93 127
14 94 146
14 95 193
14 96 141
14 97 2
14 98 89
14 99 130
15 16 2
15 17 179
15 18 149
15 19 174
15 20 127
15 21 144
15 22 70
15 23 154
15 24 85
15 25 91
15 26 74
15 27 136
15 28 149
15 29 184
15 30 149
15 31 166
15 32 112
15 33 24
15 34 1
15 35 160
15 36 146
15 37 146
15 38 170
15 39 41
15 40 159
15 41 96
15 42 199
15 43 175
15 44 13
15 45 102
15 46 15
15 47 176
15 48 166
15 49 104
15 50 136
15 51 76
15 52 63
15 53 180
15 54 111
15 55 14
15 56 46
15 57 101
15 58 193
15 59 183
15 60 182
15 61 22
15 62 78
15 63 170
15 64 194
15 65 54
15 66 81
15 67 113
15 68 86
15 69 192
15 70 95
15 71 181
15 72 59
15 73 99
15 74 121
15 75 184
15 76 7
15 77 39
15 78 99
15 79 169
15 80 93
15 81 49
15 82 168
15 83 19
15 84 121
15 85 112
15 86 41
15 87 104
15 88 60
15 89 197
15 90 117
15 91 100
15 92 53
15 93 198
15 94 18
15 95 44
15 96 100
15 97 197
15 98 189
15 99 77
16 17 38
16 18 77
16 19 165
16 20 87
16 21 128
16 22 70
16 23 111
16 24 129
16 25 125
16 26 111
16 27 61
16 28 80
16 29 7
16 30 51
16 31 149
16 32 90
16 33 61
16 34 198
16 35 72
16 36 178
16 37 50
16 38 190
16 39 179
16 40 66
16 41 162
16 42 138
16 43 42
16 44 81
16 45 197
16 46 177
16 47 24
16 48 104
16 49 110
16 50 114
16 51 53
16 52 36
16 53 85
16 54 104
16 55 121
16 56 83
16 57 194
16 58 82
16 59 77
16 60 152
16 61 173
16 62 129
16 63 165
16 64 187
16 65 188
16 66 132
16 67 87
16 68 108
16 69 54
16 70 157
16 71 105
16 72 82
16 73 12
16 74 121
16 75 110
16 76 154
16 77 75
16 78 104
16 79 152
16 80 70
16 81 120
16 82 67
16 83 176
16 84 94
16 85 145
16 86 12
16 87 18
16 88 123
16 89 163
16 90 132
16 91 54
16 92 139
16 93 163
16 94 94
16 95 57
16 96 162
16 97 112
16 98 30
16 99 171
17 18 195
17 19 160
17 20 110
17 21 187
17 22 83
17 23 100
17 24 108
17 25 186
17 26 69
17 27 82
17 28 135
17 29 199
17 30 55
17 31 112
17 32 93
17 33 68
17 34 171
17 35 170
17 36 135
17 37 79
17 38 36
17 39 44
17 40 188
17 41 93
17 42 125
17 43 136
17 44 109
17 45 196
17 46 176
17 47 21
17 48 129
17 49 88
17 50 14
17 51 154
17 52 142
17 53 191
17 54 196
17 55 64
17 56 100
17 57 106
17 58 148
17 59 57
17 60 113
17 61 73
17 62 5
17 63 112
17 64 51
17 65 64
17 66 103
17 67 3
17 68 63
17 69 10
17 70 80
17 71 126
17 72 1
17 73 187
17 74 107
17 75 26
17 76 165
17 77 33
17 78 65
17 79 109
17 80 69
17 81 30
17 82 27
17 83 114
17 84 156
17 85 181
17 86 174
17 87 43
17 88 14
17 89 28
17 90 176
17 91 112
17 92 68
17 93 107
17 94 173
17 95 59
17 96 41
17 97 71
17 98 196
17 99 55
18 19 92
18 20 53
18 21 181
18 22 14
18 23 83
18 24 21
18 25 37
18 26 1
18 27 55
18 28 30
18 29 1
18 30 57
18 31 119
18 32 53
18 33 135
18 34 191
18 35 84
18 36 44
18 37 172
18 38 132
18 39 143
18 40 111
18 41 73
18 42 78
18 43 81
18 44 56
18 45 51
18 46 39
18 47 200
18 48 151
18 49 109
18 50 188
18 51 90
18 52 35
18 53 60
18 54 138
18 55 60
18 56 133
18 57 93
18 58 197
18 59 113
18 60 14
18 61 31
18 62 28
18 63 175
18 64 96
18 65 140
18 66 173
18 67 118
18 68 13
18 69 19
18 70 169
18 71 23
18 72 35
18 73 102
18 74 146
18 75 40
18 76 165
18 77 73
18 78 141
18 79 194
18 80 1
18 81 54
18 82 56
18 83 175
18 84 16
18 85 143
18 86 196
18 87 110
18 88 6
18 89 183
18 90 157
18 91 74
18 92 103
18 93 51
18 94 128
18 95 39
18 96 12
18 97 91
18 98 120
18 99 65
19 20 48
19 21 8
19 22 48
19 23 88
19 24 31
19 25 98
19 26 145
19 27 28
19 28 27
19 29 9
19 30 52
19 31 109
19 32 174
19 33 6
19 34 142
19 35 128
19 36 54
19 37 115
19 38 23
19 39 44
19 40 17
19 41 30
19 42 62
19 43 80
19 44 126
19 45 39
19 46 70
19 47 88
19 48 55
19 49 39
19 50 148
19 51 62
19 52 55
19 53 120
19 54 148
19 55 157
19 56 61
19 57 131
19 58 32
19 59 89
19 60 200
19 61 86
19 62 168
19 63 8
19 64 166
19 65 58
19 66 62
19 67 159
19 68 58
19 69 168
19 70 146
19 71 26
19 72 169
19 73 112
19 74 162
19 75 28
19 76 154
19 77 100
19 78 23
19 79 124
19 80 10
19 81 189
19 82 132
19 83 48
19 84 24
19 85 50
19 86 4
19 87 94
19 88 125
19 89 81
19 90 186
19 91 14
19 92 127
19 93 199
19 94 12
19 95 127
19 96 167
19 97 199
19 98 112
19 99 57
20 21 118
20 22 28
20 23 180
20 24 102
20 25 99
20 26 62
20 27 27
20 28 57
20 29 113
20 30 39
20 31 74
20 32 35
20 33 6
20 34 141
20 35 59
20 36 79
20 37 148
20 38 82
20 39 91
20 40 7
20 41 130
20 42 12
20 43 194
20 44 35
20 45 101
20 46 188
20 47 0
20 48 121
20 49 77
20 50 84
20 51 167
20 52 94
20 53 153
20 54 111
20 55 138
20 56 79
20 57 195
20 58 88
20 59 116
20 60 129
20 61 134
20 62 115
20 63 106
20 64 19
20 65 73
20 66 72
20 67 183
20 68 125
20 69 127
20 70 115
20 71 178
20 72 90
20 73 107
20 74 28
20 75 168
20 76 110
20 77 72
20 78 37
20 79 149
20 80 47
20 81 139
20 82 187
20 83 103
20 84 138
20 85 64
20 86 118
20 87 89
20 88 94
20 89 129
20 90 27
20 91 56
20 92 65
20 93 90
20 94 63
20 95 170
20 96 153
20 97 15
20 98 84
20 99 188
21 22 98
21 23 18
21 24 149
21 25 26
21 26 80
21 27 13
21 28 16
21 29 71
21 30 138
21 31 119
21 32 117
21 33 66
21 34 140
21 35 157
21 36 135
21 37 38
21 38 15
21 39 113
21 40 11
21 41 135
21 42 51
21 43 54
21 44 112
21 45 107
21 46 33
21 47 42
21 48 118
21 49 1
21 50 185
21 51 22
21 52 106
21 53 5
21 54 150
21 55 79
21 56 71
21 57 5
21 58 143
21 59 47
21 60 48
21 61 30
21 62 52
21 63 58
21 64 138
21 65 86
21 66 110
21 67 67
21 68 80
21 69 159
21 70 163
21 71 123
21 72 102
21 73 91
21 74 84
21 75 159
21 76 31
21 77 192
21 78 71
21 79 82
21 80 46
21 81 165
21 82 163
21 83 136
21 84 149
21 85 153
21 86 101
21 87 39
21 88 79
21 89 185
21 90 120
21 91 41
21 92 103
21 93 5
21 94 81
21 95 20
21 96 92
21 97 7
21 98 13
21 99 92
22 23 133
22 24 98
22 25 117
22 26 137
22 27 91
22 28 102
22 29 58
22 30 180
22 31 128
22 32 117
22 33 171
22 34 12
22 35 118
22 36 97
22 37 128
22 38 132
22 39 89
22 40 99
22 41 123
22 42 80
22 43 144
22 44 90
22 45 140
22 46 98
22 47 197
22 48 9
22 49 88
22 50 163
22 51 90
22 52 79
22 53 96
22 54 175
22 55 94
22 56 115
22 57 17
22 58 83
22 59 55
22 60 68
22 61 189
22 62 121
22 63 127
22 64 134
22 65 154
22 66 34
22 67 129
22 68 62
22 69 53
22 70 12
22 71 188
22 72 95
22 73 135
22 74 178
22 75 109
22 76 4
22 77 1
22 78 99
22 79 174
22 80 153
22 81 71
22 82 43
22 83 36
22 84 168
22 85 89
22 86 164
22 87 37
22 88 190
22 89 14
22 90 139
22 91 68
22 92 88
22 93 32
22 94 0
22 95 118
22 96 173
22 97 27
22 98 81
22 99 37
23 24 191
23 25 117
23 26 24
23 27 200
23 28 16
23 29 41
23 30 46
23 31 125
23 32 92
23 33 178
23 34 161
23 35 17
23 36 142
23 37 126
23 38 98
23 39 96
23 40 152
23 41 55
23 42 100
23 43 19
23 44 135
23 45 75
23 46 196
23 47 129
23 48 196
23 49 88
23 50 38
23 51 132
23 52 1
23 53 40
23 54 42
23 55 174
23 56 189
23 57 149
23 58 190
23 59 14
23 60 128
23 61 138
23 62 102
23 63 72
23 64 64
23 65 35
23 66 82
23 67 25
23 68 38
23 69 175
23 70 81
23 71 141
23 72 81
23 73 38
23 74 0
23 75 78
23 76 83
23 77 155
23 78 80
23 79 87
23 80 35
23 81 143
23 82 47
23 83 170
23 84 88
23 85 68
23 86 108
23 87 20
23 88 59
23 89 94
23 90 143
23 91 115
23 92 140
23 93 23
23 94 66
23 95 191
23 96 98
23 97 63
23 98 142
23 99 69
24 25 157
24 26 21
24 27 147
24 28 170
24 29 113
24 30 17
24 31 79
24 32 31
24 33 78
24 34 168
24 35 138
24 36 174
24 37 152
24 38 166
24 39 157
24 40 188
24 41 5
24 42 86
24 43 62
24 44 47
24 45 54
24 46 69
24 47 47
24 48 48
24 49 61
24 50 107
24 51 64
24 52 106
24 53 51
24 54 33
24 55 168
24 56 185
24 57 1
24 58 42
24 59 49
24 60 105
24 61 51
24 62 62
24 63 87
24 64 64
24 65 52
24 66 15
24 67 154
24 68 39
24 69 190
24 70 170
24 71 150
24 72 153
24 73 184
24 74 147
24 75 145
24 76 8
24 77 110
24 78 27
24 79 32
24 80 191
24 81 99
24 82 43
24 83 129
24 84 100
24 85 0
24 86 167
24 87 75
24 88 154
24 89 94
24 90 121
24 91 67
24 92 64
24 93 23
24 94 146
24 95 85
24 96 25
24 97 9
24 98 53
24 99 101
25 26 123
25 27 18
25 28 84
25 29 111
25 30 167
25 31 126
25 32 144
25 33 180
25 34 66
25 35 99
25 36 26
25 37 176
25 38 138
25 39 143
25 40 169
25 41 29
25 42 96
25 43 75
25 44 167
25 45 102
25 46 14
25 47 46
25 48 35
25 49 183
25 50 138
25 51 142
25 52 190
25 53 144
25 54 50
25 55 156
25 56 160
25 57 200
25 58 96
25 59 4
25 60 43
25 61 16
25 62 167
25 63 61
25 64 101
25 65 90
25 66 170
25 67 182
25 68 175
25 69 116
25 70 32
25 71 51
25 72 180
25 73 194
25 74 157
25 75 23
25 76 121
25 77 146
25 78 102
25 79 71
25 80 82
25 81 59
25 82 78
25 83 159
25 84 113
25 85 185
25 86 166
25 87 30
25 88 12
25 89 63
25 90 149
25 91 18
25 92 196
25 93 28
25 94 88
25 95 139
25 96 144
25 97 180
25 98 70
25 99 196
26 27 160
26 28 131
26 29 135
26 30 112
26 31 122
26 32 194
26 33 181
26 34 2
26 35 92
26 36 184
26 37 63
26 38 113
26 39 80
26 40 40
26 41 8
26 42 97
26 43 14
26 44 47
26 45 175
26 46 55
26 47 82
26 48 167
26 49 136
26 50 152
26 51 97
26 52 196
26 53 177
26 54 102
26 55 54
26 56 125
26 57 88
26 58 171
26 59 188
26 60 176
26 61 23
26 62 180
26 63 136
26 64 112
26 65 181
26 66 36
26 67 111
26 68 45
26 69 120
26 70 194
26 71 110
26 72 113
26 73 86
26 74 91
26 75 144
26 76 76
26 77 99
26 78 111
26 79 96
26 80 116
26 81 48
26 82 191
26 83 77
26 84 54
26 85 81
26 86 141
26 87 53
26 88 184
26 89 63
26 90 110
26 91 180
26 92 61
26 93 53
26 94 80
26 95 171
26 96 175
26 97 97
26 98 98
26 99 98
27 28 200
27 29 145
27 30 123
27 31 162
27 32 194
27 33 86
27 34 112
27 35 119
27 36 31
27 37 14
27 38 45
27 39 47
27 40 191
27 41 16
27 42 16
27 43 161
27 44 59
27 45 140
27 46 104
27 47 95
27 48 196
27 49 20
27 50 44
27 51 141
27 52 119
27 53 191
27 54 183
27 55 142
27 56 107
27 57 65
27 58 126
27 59 100
27 60 74
27 61 184
27 62 147
27 63 158
27 64 178
27 65 2
27 66 121
27 67 5
27 68 45
27 69 113
27 70 66
27 71 144
27 72 22
27 73 41
27 74 84
27 75 181
27 76 41
27 77 7
27 78 20
27 79 48
27 80 116
27 81 81
27 82 1
27 83 104
27 84 133
27 85 75
27 86 192
27 87 188
27 88 150
27 89 36
27 90 71
27 91 132
27 92 83
27 93 140
27 94 56
27 95 73
27 96 187
27 97 177
27 98 115
27 99 19
28 29 69
28 30 23
28 31 68
28 32 136
28 33 20
28 34 67
28 35 14
28 36 1
28 37 100
28 38 129
28 39 160
28 40 25
28 41 30
28 42 84
28 43 122
28 44 46
28 45 43
28 46 107
28 47 160
28 48 96
28 49 120
28 50 164
28 51 194
28 52 151
28 53 148
28 54 124
28 55 128
28 56 133
28 57 189
28 58 21
28 59 56
28 60 20
28 61 179
28 62 13
28 63 84
28 64 183
28 65 86
28 66 128
28 67 39
28 68 89
28 69 171
28 70 7
28 71 142
28 72 104
28 73 80
28 74 3
28 75 6
28 76 69
28 77 97
28 78 132
28 79 187
28 80 71
28 81 30
28 82 94
28 83 129
28 84 49
28 85 13
28 86 178
28 87 98
28 88 21
28 89 6
28 90 157
28 91 136
28 92 33
28 93 7
28 94 198
28 95 1
28 96 143
28 97 30
28 98 129
28 99 113
29 30 185
29 31 156
29 32 48
29 33 187
29 34 27
29 35 69
29 36 2
29 37 136
29 38 97
29 39 146
29 40 38
29 41 52
29 42 187
29 43 177
29 44 131
29 45 8
29 46 103
29 47 172
29 48 38
29 49 93
29 50 94
29 51 62
29 52 90
29 53 0
29 54 174
29 55 47
29 56 94
29 57 3
29 58 47
29 59 177
29 60 85
29 61 0
29 62 133
29 63 124
29 64 101
29 65 117
29 66 14
29 67 74
29 68 173
29 69 99
29 70 49
29 71 24
29 72 14
29 73 63
29 74 42
29 75 142
29 76 182
29 77 150
29 78 88
29 79 142
29 80 196
29 81 82
29 82 48
29 83 169
29 84 4
29 85 111
29 86 144
29 87 46
29 88 140
29 89 17
29 90 147
29 91 146
29 92 52
29 93 157
29 94 66
29 95 58
29 96 94
29 97 99
29 98 57
29 99 178
30 31 134
30 32 71
30 33 125
30 34 186
30 35 170
30 36 56
30 37 8
30 38 70
30 39 171
30 40 166
30 41 178
30 42 91
30 43 85
30 44 186
30 45 121
30 46 34
30 47 27
30 48 132
30 49 174
30 50 195
30 51 88
30 52 163
30 53 139
30 54 121
30 55 193
30 56 113
30 57 160
30 58 79
30 59 190
30 60 165
30 61 165
30 62 171
30 63 61
30 64 165
30 65 121
30 66 65
30 67 78
30 68 132
30 69 189
30 70 122
30 71 81
30 72 94
30 73 64
30 74 187
30 75 14
30 76 132
30 77 37
30 78 173
30 79 66
30 80 169
30 81 129
30 82 62
30 83 133
30 84 22
30 85 74
30 86 43
30 87 117
30 88 13
30 89 109
30 90 166
30 91 30
30 92 96
30 93 46
30 94 21
30 95 167
30 96 90
30 97 136
30 98 83
30 99 134
31 32 112
31 33 89
31 34 182
31 35 199
31 36 75
31 37 103
31 38 134
31 39 163
31 40 171
31 41 73
31 42 193
31 43 49
31 44 120
31 45 179
31 46 183
31 47 144
31 48 74
31 49 160
31 50 167
31 51 129
31 52 54
31 53 105
31 54 166
31 55 200
31 56 58
31 57 55
31 58 136
31 59 140
31 60 161
31 61 128
31 62 133
31 63 193
31 64 87
31 65 14
31 66 101
31 67 139
31 68 51
31 69 57
31 70 147
31 71 120
31 72 139
31 73 107
31 74 107
31 75 133
31 76 34
31 77 43
31 78 161
31 79 174
31 80 73
31 81 4
31 82 70
31 83 155
31 84 198
31 85 93
31 86 166
31 87 117
31 88 87
31 89 40
31 90 81
31 91 78
31 92 143
31 93 155
31 94 44
31 95 175
31 96 200
31 97 172
31 98 68
31 99 70
32 33 34
32 34 7
32 35 177
32 36 118
32 37 11
32 38 30
32 39 49
32 40 41
32 41 42
32 42 82
32 43 66
32 44 138
32 45 20
32 46 100
32 47 6
32 48 100
32 49 65
32 50 51
32 51 185
32 52 28
32 53 0
32 54 45
32 55 68
32 56 12
32 57 175
32 58 2
32 59 32
32 60 173
32 61 9
32 62 183
32 63 176
32 64 176
32 65 92
32 66 169
32 67 29
32 68 140
32 69 162
32 70 58
32 71 76
32 72 39
32 73 86
32 74 175
32 75 173
32 76 14
32 77 149
32 78 167
32 79 96
32 80 144
32 81 23
32 82 113
32 83 110
32 84 102
32 85 148
32 86 101
32 87 47
32 88 173
32 89 126
32 90 144
32 91 27
32 92 119
32 93 18
32 94 7
32 95 44
32 96 157
32 97 86
32 98 33
32 99 180
33 34 41
33 35 38
33 36 47
33 37 58
33 38 92
33 39 93
33 40 161
33 41 16
33 42 194
33 43 143
33 44 5
33 45 167
33 46 192
33 47 86
33 48 171
33 49 135
33 50 82
33 51 104
33 52 7
33 53 24
33 54 145
33 55 175
33 56 139
33 57 95
33 58 114
33 59 189
33 60 188
33 61 26
33 62 4
33 63 119
33 64 182
33 65 25
33 66 107
33 67 19
33 68 37
33 69 177
33 70 85
33 71 59
33 72 160
33 73 77
33 74 10
33 75 133
33 76 145
33 77 29
33 78 126
33 79 122
33 80 29
33 81 3
33 82 68
33 83 44
33 84 133
33 85 150
33 86 13
33 87 191
33 88 33
33 89 65
33 90 127
33 91 198
33 92 9
33 93 56
33 94 38
33 95 116
33 96 87
33 97 66
33 98 156
33 99 148
34 35 130
34 36 147
34 37 35
34 38 0
34 39 32
34 40 68
34 41 22
34 42 111
34 43 139
34 44 51
34 45 94
34 46 4
34 47 71
34 48 83
34 49 103
34 50 23
34 51 33
34 52 99
34 53 21
34 54 68
34 55 86
34 56 69
34 57 141
34 58 171
34 59 45
34 60 133
34 61 167
34 62 71
34 63 157
34 64 165
34 65 42
34 66 110
34 67 157
34 68 143
34 69 107
34 70 14
34 71 48
34 72 169
34 73 141
34 74 96
34 75 17
34 76 51
34 77 84
34 78 53
34 79 79
34 80 93
34 81 13
34 82 169
34 83 145
34 84 51
34 85 25
34 86 83
34 87 24
34 88 192
34 89 129
34 90 130
34 91 59
34 92 122
34 93 70
34 94 65
34 95 0
34 96 161
34 97 113
34 98 37
34 99 49
35 36 23
35 37 183
35 38 130
35 39 25
35 40 64
35 41 83
35 42 192
35 43 140
35 44 48
35 45 165
35 46 117
35 47 33
35 48 9
35 49 144
35 50 63
35 51 139
35 52 81
35 53 90
35 54 49
35 55 138
35 56 112
35 57 158
35 58 30
35 59 126
35 60 110
35 61 153
35 62 115
35 63 67
35 64 26
35 65 151
35 66 124
35 67 69
35 68 128
35 69 79
35 70 138
35 71 196
35 72 166
35 73 95
35 74 49
35 75 181
35 76 27
35 77 69
35 78 172
35 79 91
35 80 81
35 81 84
35 82 151
35 83 1
35 84 75
35 85 170
35 86 196
35 87 78
35 88 104
35 89 184
35 90 108
35 91 172
35 92 159
35 93 29
35 94 12
35 95 77
35 96 146
35 97 71
35 98 98
35 99 105
36 37 74
36 38 127
36 39 183
36 40 163
36 41 14
36 42 34
36 43 58
36 44 149
36 45 115
36 46 162
36 47 87
36 48 69
36 49 136
36 50 60
36 51 185
36 52 152
36 53 129
36 54 157
36 55 92
36 56 130
36 57 129
36 58 2
36 59 97
36 60 3
36 61 130
36 62 77
36 63 98
36 64 138
36 65 48
36 66 168
36 67 51
36 68 114
36 69 183
36 70 40
36 71 77
36 72 130
36 73 136
36 74 7
36 75 194
36 76 193
36 77 173
36 78 126
36 79 30
36 80 167
36 81 181
36 82 58
36 83 70
36 84 99
36 85 86
36 86 54
36 87 185
36 88 66
36 89 4
36 90 134
36 91 109
36 92 108
36 93 11
36 94 55
36 95 142
36 96 84
36 97 88
36 98 132
36 99 80
37 38 136
37 39 100
37 40 166
37 41 169
37 42 9
37 43 121
37 44 96
37 45 128
37 46 100
37 47 85
37 48 127
37 49 54
37 50 77
37 51 134
37 52 133
37 53 179
37 54 79
37 55 62
37 56 2
37 57 58
37 58 123
37 59 157
37 60 141
37 61 198
37 62 200
37 63 8
37 64 15
37 65 156
37 66 75
37 67 45
37 68 32
37 69 129
37 70 174
37 71 138
37 72 40
37 73 51
37 74 31
37 75 41
37 76 18
37 77 126
37 78 40
37 79 192
37 80 20
37 81 91
37 82 22
37 83 72
37 84 174
37 85 94
37 86 111
37 87 91
37 88 3
37 89 89
37 90 62
37 91 25
37 92 5
37 93 96
37 94 114
37 95 141
37 96 182
37 97 148
37 98 188
37 99 181
38 39 159
38 40 19
38 41 124
38 42 98
38 43 162
38 44 150
38 45 95
38 46 119
38 47 123
38 48 174
38 49 152
38 50 36
38 51 54
38 52 89
38 53 83
38 54 43
38 55 174
38 56 99
38 57 137
38 58 107
38 59 100
38 60 156
38 61 105
38 62 37
38 63 185
38 64 83
38 65 27
38 66 97
38 67 22
38 68 39
38 69 176
38 70 51
38 71 96
38 72 140
38 73 3
38 74 85
38 75 149
38 76 63
38 77 41
38 78 86
38 79 134
38 80 128
38 81 181
38 82 177
38 83 122
38 84 195
38 85 36
38 86 10
38 87 138
38 88 80
38 89 156
38 90 42
38 91 150
38 92 82
38 93 108
38 94 102
38 95 8
38 96 189
38 97 55
38 98 71
38 99 142
39 40 73
39 41 167
39 42 197
39 43 134
39 44 27
39 45 128
39 46 171
39 47 128
39 48 155
39 49 47
39 50 76
39 51 11
39 52 35
39 53 15
39 54 121
39 55 175
39 56 194
39 57 158
39 58 116
39 59 171
39 60 51
39 61 180
39 62 99
39 63 145
39 64 122
39 65 76
39 66 119
39 67 62
39 68 94
39 69 163
39 70 76
39 71 96
39 72 121
39 73 99
39 74 181
39 75 105
39 76 155
39 77 29
39 78 9
39 79 1
39 80 90
39 81 145
39 82 193
39 83 144
39 84 5
39 85 174
39 86 185
39 87 192
39 88 8
39 89 136
39 90 98
39 91 192
39 92 54
39 93 45
39 94 20
39 95 191
39 96 78
39 97 23
39 98 3
39 99 4
40 41 32
40 42 57
40 43 61
40 44 48
40 45 180
40 46 99
40 47 171
40 48 64
40 49 73
40 50 49
40 51 9
40 52 17
40 53 184
40 54 124
40 55 147
40 56 181
40 57 61
40 58 147
40 59 75
40 60 44
40 61 155
40 62 90
40 63 131
40 64 86
40 65 56
40 66 67
40 67 189
40 68 97
40 69 193
40 70 189
40 71 177
40 72 87
40 73 75
40 74 74
40 75 15
40 76 182
40 77 74
40 78 73
40 79 138
40 80 58
40 81 10
40 82 72
40 83 131
40 84 78
40 85 123
40 86 65
40 87 64
40 88 130
40 89 18
40 90 174
40 91 191
40 92 188
40 93 195
40 94 130
40 95 95
40 96 99
40 97 145
40 98 163
40 99 115
41 42 195
41 43 51
41 44 185
41 45 113
41 46 44
41 47 127
41 48 170
41 49 143
41 50 66
41 51 2
41 52 8
41 53 30
41 54 73
41 55 143
41 56 161
41 57 81
41 58 66
41 59 177
41 60 21
41 61 99
41 62 9
41 63 159
41 64 22
41 65 196
41 66 122
41 67 70
41 68 61
41 69 183
41 70 142
41 71 101
41 72 27
41 73 181
41 74 192
41 75 140
41 76 152
41 77 185
41 78 113
41 79 109
41 80 161
41 81 136
41 82 24
41 83 116
41 84 132
41 85 3
41 86 109
41 87 188
41 88 160
41 89 171
41 90 44
41 91 125
41 92 137
41 93 187
41 94 27
41 95 86
41 96 23
41 97 0
41 98 107
41 99 58
42 43 25
42 44 143
42 45 78
42 46 13
42 47 144
42 48 133
42 49 55
42 50 190
42 51 121
42 52 74
42 53 91
42 54 200
42 55 36
42 56 140
42 57 87
42 58 107
42 59 180
42 60 111
42 61 42
42 62 15
42 63 15
42 64 91
42 65 16
42 66 158
42 67 68
42 68 110
42 69 76
42 70 192
42 71 192
42 72 185
42 73 5
42 74 125
42 75 12
42 76 95
42 77 19
42 78 160
42 79 7
42 80 94
42 81 45
42 82 160
42 83 134
42 84 95
42 85 9
42 86 114
42 87 157
42 88 197
42 89 90
42 90 130
42 91 160
42 92 35
42 93 137
42 94 59
42 95 134
42 96 182
42 97 145
42 98 81
42 99 28
43 44 81
43 45 72
43 46 185
43 47 92
43 48 136
43 49 197
43 50 147
43 51 72
43 52 55
43 53 97
43 54 172
43 55 91
43 56 114
43 57 79
43 58 116
43 59 151
43 60 81
43 61 109
43 62 22
43 63 8
43 64 200
43 65 101
43 66 35
43 67 140
43 68 66
43 69 0
43 70 86
43 71 193
43 72 32
43 73 102
43 74 12
43 75 134
43 76 168
43 77 75
43 78 81
43 79 35
43 80 116
43 81 139
43 82 128
43 83 165
43 84 21
43 85 48
43 86 93
43 87 113
43 88 147
43 89 117
43 90 11
43 91 8
43 92 91
43 93 165
43 94 70
43 95 167
43 96 17
43 97 162
43 98 14
43 99 181
44 45 41
44 46 11
44 47 30
44 48 191
44 49 163
44 50 122
44 51 49
44 52 73
44 53 15
44 54 67
44 55 83
44 56 127
44 57 82
44 58 158
44 59 4
44 60 108
44 61 59
44 62 3
44 63 54
44 64 167
44 65 136
44 66 122
44 67 21
44 68 163
44 69 66
44 70 142
44 71 80
44 72 38
44 73 92
44 74 55
44 75 106
44 76 20
44 77 133
44 78 154
44 79 117
44 80 158
44 81 81
44 82 167
44 83 10
44 84 134
44 85 149
44 86 97
44 87 111
44 88 26
44 89 32
44 90 73
44 91 153
44 92 74
44 93 104
44 94 125
44 95 3
44 96 161
44 97 65
44 98 193
44 99 138
45 46 43
45 47 136
45 48 9
45 49 108
45 50 184
45 51 42
45 52 89
45 53 20
45 54 28
45 55 148
45 56 105
45 57 82
45 58 150
45 59 145
45 60 185
45 61 127
45 62 119
45 63 66
45 64 123
45 65 52
45 66 98
45 67 95
45 68 153
45 69 106
45 70 181
45 71 40
45 72 10
45 73 97
45 74 17
45 75 46
45 76 197
45 77 73
45 78 63
45 79 69
45 80 125
45 81 2
45 82 146
45 83 198
45 84 10
45 85 51
45 86 57
45 87 193
45 88 54
45 89 167
45 90 63
45 91 3
45 92 186
45 93 180
45 94 44
45 95 52
45 96 28
45 97 173
45 98 71
45 99 154
46 47 93
46 48 106
46 49 176
46 50 99
46 51 84
46 52 45
46 53 185
46 54 130
46 55 7
46 56 184
46 57 111
46 58 93
46 59 97
46 60 180
46 61 157
46 62 156
46 63 143
46 64 77
46 65 49
46 66 178
46 67 166
46 68 53
46 69 179
46 70 105
46 71 99
46 72 178
46 73 7
46 74 176
46 75 73
46 76 68
46 77 179
46 78 122
46 79 26
46 80 136
46 81 96
46 82 103
46 83 108
46 84 132
46 85 29
46 86 46
46 87 83
46 88 106
46 89 183
46 90 25
46 91 107
46 92 161
46 93 57
46 94 86
46 95 162
46 96 140
46 97 37
46 98 166
46 99 197
47 48 172
47 49 193
47 50 151
47 51 142
47 52 30
47 53 134
47 54 52
47 55 7
47 56 151
47 57 6
47 58 52
47 59 175
47 60 165
47 61 68
47 62 10
47 63 172
47 64 127
47 65 168
47 66 18
47 67 167
47 68 60
47 69 114
47 70 105
47 71 43
47 72 119
47 73 117
47 74 22
47 75 178
47 76 9
47 77 85
47 78 75
47 79 112
47 80 53
47 81 116
47 82 79
47 83 192
47 84 168
47 85 24
47 86 126
47 87 181
47 88 157
47 89 28
47 90 53
47 91 33
47 92 49
47 93 94
47 94 141
47 95 172
47 96 132
47 97 154
47 98 20
47 99 48
48 49 30
48 50 56
48 51 25
48 52 91
48 53 62
48 54 196
48 55 15
48 56 187
48 57 109
48 58 160
48 59 27
48 60 123
48 61 54
48 62 4
48 63 4
48 64 156
48 65 164
48 66 64
48 67 5
48 68 95
48 69 10
48 70 119
48 71 60
48 72 73
48 73 7
48 74 26
48 75 125
48 76 99
48 77 147
48 78 114
48 79 137
48 80 181
48 81 176
48 82 43
48 83 109
48 84 172
48 85 143
48 86 86
48 87 117
48 88 163
48 89 161
48 90 43
48 91 19
48 92 58
48 93 7
48 94 11
48 95 147
48 96 106
48 97 181
48 98 191
48 99 195
