100 4047
0 1 81
0 2 150
0 3 153
0 4 149
0 5 103
0 6 104
0 7 13
0 8 87
0 9 95
0 10 167
0 11 70
0 12 62
0 13 169
0 14 145
0 15 87
0 16 41
0 17 198
0 18 39
0 19 41
0 20 67
0 21 141
0 22 116
0 23 20
0 24 154
0 25 136
0 26 140
0 27 74
0 28 98
0 29 72
0 30 193
0 31 175
0 32 42
0 33 133
0 34 49
0 35 130
0 36 82
0 37 73
0 38 93
0 39 9
0 40 162
0 41 109
0 42 73
0 43 124
0 44 60
0 45 102
0 46 6
0 47 101
0 48 94
0 49 200
0 50 92
0 51 8
0 52 57
0 53 174
0 54 114
0 55 197
0 56 82
0 57 74
0 58 186
0 59 191
0 60 61
0 61 16
0 62 141
0 63 198
0 64 171
0 65 196
0 66 133
0 67 120
0 68 14
0 69 130
0 70 19
0 71 124
0 72 149
0 73 195
0 74 196
0 75 28
0 76 51
0 77 48
0 78 191
0 79 200
0 80 126
0 81 171
0 82 159
0 83 10
0 84 67
0 85 191
0 86 65
0 87 166
0 88 11
0 89 98
0 90 126
0 91 150
0 92 96
0 93 53
0 94 54
0 95 104
0 96 84
0 97 16
0 98 155
0 99 134
1 2 191
1 3 167
1 4 80
1 5 108
1 6 88
1 7 184
1 8 58
1 9 185
1 10 113
1 11 156
1 12 28
1 13 73
1 14 183
1 15 124
1 16 145
1 17 118
1 18 136
1 19 73
1 20 194
1 21 71
1 22 10
1 23 105
1 24 18
1 25 39
1 26 190
1 27 192
1 28 1
1 29 132
1 30 107
1 31 133
1 32 114
1 33 10
1 34 192
1 35 114
1 36 27
1 37 86
1 38 44
1 39 61
1 40 157
1 41 172
1 42 83
1 43 45
1 44 46
1 45 180
1 46 183
1 47 2
1 48 83
1 49 168
1 50 98
1 51 121
1 52 102
1 53 11
1 54 45
1 55 149
1 56 19
1 57 197
1 58 136
1 59 31
1 60 54
1 61 164
1 62 184
1 63 28
1 64 116
1 65 99
1 66 198
1 67 146
1 68 194
1 69 35
1 70 52
1 71 85
1 72 63
1 73 121
1 74 16
1 75 110
1 76 7
1 77 185
1 78 44
1 79 142
1 80 198
1 81 72
1 82 128
1 83 167
1 84 74
1 85 138
1 86 34
1 87 136
1 88 139
1 89 181
1 90 64
1 91 144
1 92 110
1 93 135
1 94 5
1 95 102
1 96 40
1 97 157
1 98 185
1 99 194
2 3 25
2 4 124
2 5 7
2 6 169
2 7 172
2 8 44
2 9 113
2 10 164
2 11 101
2 12 57
2 13 112
2 14 153
2 15 93
2 16 88
2 17 116
2 18 171
2 19 175
2 20 60
2 21 177
2 22 103
2 23 29
2 24 139
2 25 124
2 26 158
2 27 80
2 28 130
2 29 73
2 30 170
2 31 126
2 32 145
2 33 131
2 34 80
2 35 165
2 36 60
2 37 83
2 38 34
2 39 46
2 40 126
2 41 45
2 42 187
2 43 73
2 44 30
2 45 53
2 46 73
2 47 188
2 48 160
2 49 167
2 50 84
2 51 25
2 52 23
2 53 81
2 54 160
2 55 16
2 56 130
2 57 86
2 58 166
2 59 127
2 60 173
2 61 162
2 62 89
2 63 124
2 64 173
2 65 15
2 66 199
2 67 41
2 68 192
2 69 24
2 70 129
2 71 196
2 72 48
2 73 19
2 74 23
2 75 61
2 76 16
2 77 187
2 78 136
2 79 167
2 80 136
2 81 58
2 82 65
2 83 115
2 84 131
2 85 109
2 86 171
2 87 28
2 88 137
2 89 164
2 90 181
2 91 114
2 92 158
2 93 117
2 94 78
2 95 15
2 96 134
2 97 21
2 98 171
2 99 107
3 4 104
3 5 151
3 6 18
3 7 26
3 8 82
3 9 91
3 10 118
3 11 49
3 12 80
3 13 182
3 14 99
3 15 172
3 16 112
3 17 97
3 18 121
3 19 94
3 20 136
3 21 86
3 22 81
3 23 99
3 24 27
3 25 4
3 26 124
3 27 160
3 28 174
3 29 36
3 30 188
3 31 39
3 32 43
3 33 59
3 34 54
3 35 163
3 36 4
3 37 115
3 38 138
3 39 8
3 40 97
3 41 9
3 42 96
3 43 167
3 44 65
3 45 0
3 46 11
3 47 109
3 48 173
3 49 115
3 50 81
3 51 49
3 52 60
3 53 61
3 54 80
3 55 67
3 56 63
3 57 113
3 58 114
3 59 50
3 60 117
3 61 133
3 62 39
3 63 164
3 64 153
3 65 173
3 66 142
3 67 90
3 68 18
3 69 197
3 70 122
3 71 23
3 72 133
3 73 115
3 74 113
3 75 68
3 76 199
3 77 96
3 78 184
3 79 108
3 80 159
3 81 101
3 82 78
3 83 1
3 84 86
3 85 173
3 86 7
3 87 164
3 88 49
3 89 106
3 90 98
3 91 44
3 92 42
3 93 170
3 94 172
3 95 109
3 96 153
3 97 66
3 98 60
3 99 44
4 5 142
4 6 76
4 7 122
4 8 195
4 9 151
4 10 15
4 11 127
4 12 27
4 13 42
4 14 181
4 15 185
4 16 77
4 17 76
4 18 183
4 19 63
4 20 124
4 21 102
4 22 70
4 23 164
4 24 97
4 25 78
4 26 144
4 27 91
4 28 190
4 29 133
4 30 150
4 31 102
4 32 50
4 33 66
4 34 13
4 35 98
4 36 70
4 37 140
4 38 99
4 39 38
4 40 82
4 41 10
4 42 93
4 43 145
4 44 127
4 45 191
4 46 138
4 47 98
4 48 187
4 49 0
4 50 19
4 51 133
4 52 160
4 53 45
4 54 160
4 55 100
4 56 55
4 57 20
4 58 188
4 59 36
4 60 190
4 61 165
4 62 148
4 63 122
4 64 87
4 65 169
4 66 64
4 67 171
4 68 145
4 69 75
4 70 140
4 71 107
4 72 50
4 73 50
4 74 24
4 75 18
4 76 115
4 77 189
4 78 140
4 79 57
4 80 199
4 81 68
4 82 178
4 83 57
4 84 17
4 85 56
4 86 70
4 87 169
4 88 2
4 89 9
4 90 143
4 91 1
4 92 107
4 93 31
4 94 156
4 95 46
4 96 120
4 97 48
4 98 194
4 99 1
5 6 21
5 7 66
5 8 72
5 9 121
5 10 170
5 11 32
5 12 98
5 13 51
5 14 108
5 15 38
5 16 106
5 17 74
5 18 123
5 19 74
5 20 111
5 21 49
5 22 173
5 23 162
5 24 156
5 25 165
5 26 88
5 27 19
5 28 161
5 29 33
5 30 60
5 31 125
5 32 15
5 33 156
5 34 119
5 35 121
5 36 160
5 37 105
5 38 32
5 39 71
5 40 147
5 41 0
5 42 117
5 43 176
5 44 173
5 45 189
5 46 63
5 47 132
5 48 28
5 49 77
5 50 144
5 51 44
5 52 113
5 53 114
5 54 63
5 55 71
5 56 69
5 57 74
5 58 181
5 59 58
5 60 193
5 61 89
5 62 151
5 63 188
5 64 148
5 65 172
5 66 149
5 67 85
5 68 30
5 69 135
5 70 88
5 71 95
5 72 67
5 73 193
5 74 156
5 75 20
5 76 61
5 77 144
5 78 73
5 79 70
5 80 87
5 81 82
5 82 98
5 83 28
5 84 60
5 85 169
5 86 139
5 87 130
5 88 66
5 89 141
5 90 81
5 91 76
5 92 51
5 93 15
5 94 20
5 95 34
5 96 48
5 97 165
5 98 123
5 99 104
6 7 159
6 8 111
6 9 66
6 10 45
6 11 133
6 12 110
6 13 142
6 14 62
6 15 42
6 16 57
6 17 2
6 18 144
6 19 115
6 20 18
6 21 68
6 22 108
6 23 195
6 24 72
6 25 131
6 26 5
6 27 196
6 28 173
6 29 64
6 30 19
6 31 86
6 32 6
6 33 99
6 34 103
6 35 6
6 36 106
6 37 109
6 38 102
6 39 176
6 40 134
6 41 26
6 42 3
6 43 149
6 44 47
6 45 157
6 46 191
6 47 133
6 48 130
6 49 98
6 50 197
6 51 40
6 52 101
6 53 77
6 54 67
6 55 78
6 56 93
6 57 32
6 58 103
6 59 98
6 60 171
6 61 0
6 62 96
6 63 24
6 64 8
6 65 178
6 66 149
6 67 177
6 68 12
6 69 125
6 70 2
6 71 55
6 72 127
6 73 66
6 74 64
6 75 42
6 76 46
6 77 65
6 78 98
6 79 130
6 80 65
6 81 7
6 82 134
6 83 151
6 84 33
6 85 112
6 86 198
6 87 63
6 88 5
6 89 47
6 90 200
6 91 195
6 92 127
6 93 25
6 94 9
6 95 95
6 96 52
6 97 189
6 98 185
6 99 167
7 8 144
7 9 25
7 10 179
7 11 127
7 12 0
7 13 28
7 14 179
7 15 109
7 16 182
7 17 83
7 18 189
7 19 99
7 20 187
7 21 169
7 22 26
7 23 170
7 24 64
7 25 41
7 26 79
7 27 154
7 28 73
7 29 160
7 30 113
7 31 91
7 32 163
7 33 96
7 34 168
7 35 94
7 36 97
7 37 143
7 38 70
7 39 173
7 40 113
7 41 104
7 42 41
7 43 157
7 44 107
7 45 128
7 46 172
7 47 17
7 48 200
7 49 79
7 50 63
7 51 172
7 52 38
7 53 13
7 54 64
7 55 80
7 56 147
7 57 197
7 58 16
7 59 19
7 60 63
7 61 35
7 62 198
7 63 106
7 64 171
7 65 86
7 66 7
7 67 59
7 68 113
7 69 74
7 70 57
7 71 6
7 72 17
7 73 125
7 74 133
7 75 37
7 76 137
7 77 158
7 78 49
7 79 18
7 80 171
7 81 101
7 82 62
7 83 196
7 84 127
7 85 176
7 86 94
7 87 150
7 88 47
7 89 97
7 90 168
7 91 160
7 92 125
7 93 179
7 94 145
7 95 151
7 96 50
7 97 47
7 98 119
7 99 4
8 9 127
8 10 120
8 11 33
8 12 103
8 13 37
8 14 19
8 15 63
8 16 76
8 17 51
8 18 63
8 19 106
8 20 156
8 21 85
8 22 96
8 23 71
8 24 146
8 25 9
8 26 73
8 27 102
8 28 24
8 29 62
8 30 160
8 31 1
8 32 145
8 33 185
8 34 95
8 35 122
8 36 187
8 37 35
8 38 193
8 39 171
8 40 156
8 41 149
8 42 155
8 43 94
8 44 195
8 45 40
8 46 101
8 47 97
8 48 62
8 49 138
8 50 6
8 51 108
8 52 28
8 53 132
8 54 90
8 55 174
8 56 151
8 57 131
8 58 193
8 59 169
8 60 124
8 61 0
8 62 144
8 63 49
8 64 105
8 65 129
8 66 3
8 67 102
8 68 48
8 69 7
8 70 70
8 71 106
8 72 82
8 73 68
8 74 182
8 75 190
8 76 166
8 77 191
8 78 83
8 79 29
8 80 27
8 81 20
8 82 23
8 83 56
8 84 144
8 85 167
8 86 5
8 87 138
8 88 178
8 89 8
8 90 140
8 91 9
8 92 192
8 93 28
8 94 160
8 95 174
8 96 9
8 97 46
8 98 86
8 99 172
9 10 93
9 11 142
9 12 105
9 13 81
9 14 190
9 15 172
9 16 22
9 17 161
9 18 88
9 19 153
9 20 53
9 21 6
9 22 177
9 23 173
9 24 120
9 25 23
9 26 35
9 27 43
9 28 32
9 29 16
9 30 62
9 31 174
9 32 113
9 33 168
9 34 44
9 35 16
9 36 15
9 37 141
9 38 37
9 39 96
9 40 62
9 41 15
9 42 98
9 43 177
9 44 84
9 45 81
9 46 188
9 47 113
9 48 184
9 49 169
9 50 129
9 51 97
9 52 5
9 53 186
9 54 162
9 55 101
9 56 147
9 57 15
9 58 95
9 59 157
9 60 120
9 61 107
9 62 114
9 63 54
9 64 11
9 65 39
9 66 43
9 67 183
9 68 25
9 69 154
9 70 77
9 71 20
9 72 132
9 73 152
9 74 5
9 75 137
9 76 68
9 77 99
9 78 7
9 79 169
9 80 61
9 81 109
9 82 118
9 83 25
9 84 85
9 85 41
9 86 39
9 87 124
9 88 181
9 89 122
9 90 107
9 91 4
9 92 41
9 93 14
9 94 45
9 95 194
9 96 183
9 97 107
9 98 153
9 99 144
10 11 42
10 12 8
10 13 170
10 14 150
10 15 109
10 16 151
10 17 18
10 18 79
10 19 122
10 20 144
10 21 90
10 22 161
10 23 68
10 24 124
10 25 89
10 26 34
10 27 12
10 28 63
10 29 37
10 30 151
10 31 104
10 32 106
10 33 148
10 34 151
10 35 41
10 36 89
10 37 104
10 38 155
10 39 122
10 40 86
10 41 49
10 42 197
10 43 170
10 44 139
10 45 111
10 46 43
10 47 139
10 48 134
10 49 175
10 50 24
10 51 32
10 52 59
10 53 79
10 54 18
10 55 81
10 56 189
10 57 180
10 58 108
10 59 62
10 60 139
10 61 179
10 62 181
10 63 172
10 64 85
10 65 194
10 66 115
10 67 194
10 68 186
10 69 169
10 70 199
10 71 8
10 72 22
10 73 184
10 74 102
10 75 155
10 76 132
10 77 143
10 78 80
10 79 67
10 80 54
10 81 73
10 82 13
10 83 48
10 84 57
10 85 143
10 86 53
10 87 133
10 88 158
10 89 144
10 90 27
10 91 55
10 92 194
10 93 8
10 94 57
10 95 29
10 96 83
10 97 67
10 98 186
10 99 193
11 12 71
11 13 117
11 14 174
11 15 47
11 16 155
11 17 179
11 18 47
11 19 170
11 20 135
11 21 198
11 22 112
11 23 98
11 24 23
11 25 51
11 26 80
11 27 150
11 28 190
11 29 55
11 30 136
11 31 12
11 32 144
11 33 34
11 34 56
11 35 199
11 36 41
11 37 102
11 38 66
11 39 145
11 40 193
11 41 190
11 42 162
11 43 83
11 44 118
11 45 177
11 46 195
11 47 80
11 48 117
11 49 10
11 50 156
11 51 48
11 52 190
11 53 155
11 54 146
11 55 44
11 56 162
11 57 112
11 58 165
11 59 74
11 60 86
11 61 114
11 62 4
11 63 143
11 64 6
11 65 63
11 66 56
11 67 166
11 68 56
11 69 149
11 70 130
11 71 94
11 72 118
11 73 58
11 74 117
11 75 93
11 76 133
11 77 47
11 78 60
11 79 106
11 80 119
11 81 51
11 82 110
11 83 113
11 84 116
11 85 69
11 86 163
11 87 149
11 88 43
11 89 162
11 90 97
11 91 190
11 92 194
11 93 140
11 94 197
11 95 139
11 96 107
11 97 115
11 98 110
11 99 129
12 13 5
12 14 77
12 15 57
12 16 59
12 17 199
12 18 109
12 19 165
12 20 158
12 21 133
12 22 10
12 23 154
12 24 177
12 25 109
12 26 21
12 27 162
12 28 185
12 29 82
12 30 176
12 31 21
12 32 200
12 33 158
12 34 97
12 35 33
12 36 133
12 37 155
12 38 114
12 39 140
12 40 127
12 41 91
12 42 51
12 43 179
12 44 112
12 45 166
12 46 117
12 47 14
12 48 197
12 49 39
12 50 179
12 51 98
12 52 34
12 53 180
12 54 91
12 55 122
12 56 90
12 57 41
12 58 59
12 59 29
12 60 193
12 61 49
12 62 60
12 63 190
12 64 60
12 65 98
12 66 95
12 67 62
12 68 171
12 69 65
12 70 64
12 71 146
12 72 132
12 73 145
12 74 161
12 75 187
12 76 119
12 77 70
12 78 114
12 79 97
12 80 172
12 81 80
12 82 44
12 83 15
12 84 87
12 85 60
12 86 165
12 87 154
12 88 177
12 89 161
12 90 98
12 91 83
12 92 169
12 93 2
12 94 171
12 95 107
12 96 193
12 97 66
12 98 78
12 99 179
13 14 10
13 15 83
13 16 42
13 17 30
13 18 173
13 19 29
13 20 113
13 21 161
13 22 195
13 23 2
13 24 48
13 25 100
13 26 113
13 27 141
13 28 189
13 29 170
13 30 99
13 31 161
13 32 73
13 33 11
13 34 77
13 35 73
13 36 84
13 37 52
13 38 125
13 39 199
13 40 8
13 41 104
13 42 133
13 43 87
13 44 112
13 45 48
13 46 185
13 47 42
13 48 115
13 49 167
13 50 95
13 51 161
13 52 85
13 53 114
13 54 161
13 55 11
13 56 20
13 57 174
13 58 140
13 59 13
13 60 48
13 61 67
13 62 60
13 63 199
13 64 3
13 65 178
13 66 80
13 67 9
13 68 166
13 69 61
13 70 197
13 71 32
13 72 98
13 73 43
13 74 70
13 75 35
13 76 152
13 77 16
13 78 69
13 79 105
13 80 118
13 81 112
13 82 172
13 83 188
13 84 117
13 85 152
13 86 184
13 87 32
13 88 87
13 89 104
13 90 98
13 91 32
13 92 179
13 93 58
13 94 101
13 95 169
13 96 26
13 97 49
13 98 62
13 99 102
14 15 200
14 16 109
14 17 72
14 18 83
14 19 26
14 20 150
14 21 155
14 22 133
14 23 184
14 24 55
14 25 190
14 26 81
14 27 28
14 28 106
14 29 130
14 30 79
14 31 107
14 32 18
14 33 157
14 34 84
14 35 8
14 36 165
14 37 168
14 38 34
14 39 139
14 40 189
14 41 90
14 42 45
14 43 163
14 44 190
14 45 24
14 46 40
14 47 102
14 48 26
14 49 31
14 50 183
14 51 89
14 52 118
14 53 189
14 54 54
14 55 126
14 56 13
14 57 48
14 58 51
14 59 25
14 60 199
14 61 6
14 62 149
14 63 198
14 64 21
14 65 66
14 66 152
14 67 160
14 68 119
14 69 12
14 70 22
14 71 60
14 72 157
14 73 180
14 74 97
14 75 158
14 76 184
14 77 20
14 78 28
14 79 6
14 80 171
14 81 37
14 82 100
14 83 129
14 84 163
14 85 133
14 86 169
14 87 194
14 88 14
14 89 121
14 90 121
14 91 116
14 92 174
14 93 83
14 94 69
14 95 89
14 96 14
14 97 88
14 98 3
14 99 5
15 16 107
15 17 127
15 18 35
15 19 28
15 20 69
15 21 160
15 22 11
15 23 160
15 24 183
15 25 125
15 26 46
15 27 163
15 28 88
15 29 174
15 30 166
15 31 118
15 32 116
15 33 52
15 34 182
15 35 127
15 36 199
15 37 24
15 38 11
15 39 0
15 40 121
15 41 180
15 42 53
15 43 169
15 44 72
15 45 153
15 46 121
15 47 2
15 48 190
15 49 71
15 50 146
15 51 120
15 52 155
15 53 172
15 54 165
15 55 74
15 56 171
15 57 142
15 58 110
15 59 44
15 60 69
15 61 62
15 62 148
15 63 122
15 64 144
15 65 96
15 66 69
15 67 1
15 68 145
15 69 63
15 70 90
15 71 100
15 72 99
15 73 168
15 74 44
15 75 32
15 76 139
15 77 128
15 78 155
15 79 22
15 80 38
15 81 25
15 82 59
15 83 114
15 84 35
15 85 7
15 86 103
15 87 162
15 88 137
15 89 109
15 90 74
15 91 14
15 92 123
15 93 80
15 94 87
15 95 35
15 96 67
15 97 54
15 98 25
15 99 21
16 17 75
16 18 82
16 19 57
16 20 44
16 21 74
16 22 71
16 23 67
16 24 194
16 25 18
16 26 15
16 27 78
16 28 71
16 29 1
16 30 35
16 31 35
16 32 146
16 33 94
16 34 180
16 35 90
16 36 69
16 37 16
16 38 55
16 39 116
16 40 125
16 41 132
16 42 110
16 43 185
16 44 45
16 45 5
16 46 135
16 47 120
16 48 72
16 49 7
16 50 188
16 51 36
16 52 127
16 53 170
16 54 137
16 55 164
16 56 102
16 57 58
16 58 152
16 59 24
16 60 194
16 61 74
16 62 25
16 63 146
16 64 63
16 65 171
16 66 65
16 67 153
16 68 38
16 69 81
16 70 13
16 71 107
16 72 199
16 73 51
16 74 96
16 75 126
16 76 123
16 77 43
16 78 62
16 79 173
16 80 183
16 81 194
16 82 64
16 83 189
16 84 109
16 85 20
16 86 30
16 87 45
16 88 131
16 89 169
16 90 117
16 91 45
16 92 39
16 93 163
16 94 185
16 95 142
16 96 118
16 97 142
16 98 143
16 99 17
17 18 182
17 19 148
17 20 177
17 21 118
17 22 65
17 23 173
17 24 131
17 25 23
17 26 183
17 27 196
17 28 48
17 29 171
17 30 200
17 31 142
17 32 153
17 33 41
17 34 8
17 35 0
17 36 164
17 37 162
17 38 53
17 39 0
17 40 89
17 41 137
17 42 136
17 43 144
17 44 120
17 45 183
17 46 108
17 47 54
17 48 18
17 49 133
17 50 108
17 51 93
17 52 74
17 53 19
17 54 88
17 55 61
17 56 197
17 57 58
17 58 33
17 59 30
17 60 44
17 61 18
17 62 160
17 63 152
17 64 93
17 65 107
17 66 199
17 67 150
17 68 166
17 69 164
17 70 103
17 71 78
17 72 72
17 73 112
17 74 177
17 75 55
17 76 86
17 77 73
17 78 21
17 79 151
17 80 131
17 81 84
17 82 19
17 83 44
17 84 199
17 85 72
17 86 82
17 87 16
17 88 88
17 89 51
17 90 33
17 91 152
17 92 62
17 93 5
17 94 105
17 95 14
17 96 52
17 97 108
17 98 58
17 99 89
18 19 174
18 20 161
18 21 7
18 22 170
18 23 109
18 24 129
18 25 107
18 26 2
18 27 45
18 28 155
18 29 57
18 30 146
18 31 108
18 32 72
18 33 94
18 34 159
18 35 178
18 36 8
18 37 145
18 38 154
18 39 124
18 40 98
18 41 35
18 42 162
18 43 127
18 44 98
18 45 68
18 46 193
18 47 172
18 48 60
18 49 42
18 50 192
18 51 58
18 52 131
18 53 182
18 54 133
18 55 87
18 56 26
18 57 117
18 58 197
18 59 62
18 60 20
18 61 159
18 62 56
18 63 77
18 64 101
18 65 69
18 66 162
18 67 164
18 68 82
18 69 15
18 70 143
18 71 0
18 72 126
18 73 190
18 74 63
18 75 129
18 76 136
18 77 45
18 78 28
18 79 185
18 80 100
18 81 77
18 82 199
18 83 103
18 84 150
18 85 69
18 86 95
18 87 28
18 88 6
18 89 106
18 90 64
18 91 120
18 92 194
18 93 42
18 94 36
18 95 36
18 96 137
18 97 4
18 98 128
18 99 10
19 20 200
19 21 72
19 22 20
19 23 36
19 24 69
19 25 180
19 26 172
19 27 87
19 28 125
19 29 135
19 30 47
19 31 165
19 32 6
19 33 137
19 34 45
19 35 56
19 36 58
19 37 101
19 38 165
19 39 178
19 40 19
19 41 162
19 42 11
19 43 49
19 44 7
19 45 73
19 46 44
19 47 152
19 48 169
19 49 68
19 50 152
19 51 144
19 52 160
19 53 55
19 54 24
19 55 64
19 56 103
19 57 47
19 58 53
19 59 135
19 60 23
19 61 142
19 62 56
19 63 161
19 64 109
19 65 172
19 66 183
19 67 73
19 68 21
19 69 173
19 70 60
19 71 74
19 72 23
19 73 194
19 74 45
19 75 63
19 76 174
19 77 144
19 78 176
19 79 42
19 80 48
19 81 35
19 82 149
19 83 23
19 84 131
19 85 86
19 86 145
19 87 49
19 88 181
19 89 187
19 90 6
19 91 129
19 92 78
19 93 200
19 94 186
19 95 97
19 96 192
19 97 59
19 98 50
19 99 98
20 21 169
20 22 154
20 23 169
20 24 125
20 25 77
20 26 42
20 27 17
20 28 63
20 29 63
20 30 155
20 31 153
20 32 9
20 33 44
20 34 154
20 35 141
20 36 129
20 37 136
20 38 200
20 39 175
20 40 177
20 41 98
20 42 187
20 43 130
20 44 155
20 45 17
20 46 44
20 47 166
20 48 174
20 49 115
20 50 8
20 51 93
20 52 113
20 53 52
20 54 192
20 55 74
20 56 41
20 57 86
20 58 6
20 59 113
20 60 39
20 61 43
20 62 19
20 63 21
20 64 156
20 65 199
20 66 86
20 67 121
20 68 168
20 69 133
20 70 101
20 71 88
20 72 164
20 73 114
20 74 70
20 75 136
20 76 13
20 77 153
20 78 45
20 79 132
20 80 187
20 81 27
20 82 186
20 83 86
20 84 20
20 85 34
20 86 157
20 87 150
20 88 111
20 89 178
20 90 111
20 91 47
20 92 40
20 93 32
20 94 77
20 95 36
20 96 136
20 97 105
20 98 10
20 99 10
21 22 52
21 23 138
21 24 63
21 25 126
21 26 18
21 27 37
21 28 35
21 29 38
21 30 48
21 31 141
21 32 127
21 33 9
21 34 90
21 35 78
21 36 140
21 37 30
21 38 138
21 39 199
21 40 25
21 41 80
21 42 35
21 43 61
21 44 170
21 45 64
21 46 55
21 47 113
21 48 63
21 49 132
21 50 175
21 51 13
21 52 66
21 53 59
21 54 91
21 55 174
21 56 71
21 57 127
21 58 155
21 59 121
21 60 9
21 61 109
21 62 178
21 63 123
21 64 135
21 65 69
21 66 123
21 67 23
21 68 199
21 69 180
21 70 40
21 71 56
21 72 48
21 73 24
21 74 176
21 75 95
21 76 188
21 77 23
21 78 35
21 79 154
21 80 65
21 81 25
21 82 32
21 83 157
21 84 5
21 85 88
21 86 138
21 87 20
21 88 133
21 89 199
21 90 39
21 91 15
21 92 164
21 93 77
21 94 190
21 95 38
21 96 177
21 97 103
21 98 26
21 99 0
22 23 145
22 24 26
22 25 105
22 26 44
22 27 4
22 28 167
22 29 12
22 30 72
22 31 173
22 32 36
22 33 168
22 34 111
22 35 174
22 36 19
22 37 128
22 38 92
22 39 3
22 40 52
22 41 126
22 42 4
22 43 59
22 44 79
22 45 116
22 46 196
22 47 147
22 48 43
22 49 17
22 50 100
22 51 85
22 52 115
22 53 68
22 54 32
22 55 19
22 56 41
22 57 57
22 58 177
22 59 187
22 60 108
22 61 146
22 62 184
22 63 120
22 64 43
22 65 169
22 66 38
22 67 180
22 68 162
22 69 102
22 70 76
22 71 13
22 72 35
22 73 14
22 74 39
22 75 19
22 76 193
22 77 92
22 78 60
22 79 34
22 80 95
22 81 3
22 82 124
22 83 115
22 84 105
22 85 158
22 86 28
22 87 94
22 88 125
22 89 176
22 90 132
22 91 168
22 92 134
22 93 55
22 94 147
22 95 193
22 96 68
22 97 145
22 98 162
22 99 119
23 24 132
23 25 44
23 26 13
23 27 55
23 28 122
23 29 94
23 30 165
23 31 182
23 32 142
23 33 8
23 34 24
23 35 90
23 36 7
23 37 169
23 38 113
23 39 5
23 40 68
23 41 54
23 42 59
23 43 14
23 44 98
23 45 33
23 46 172
23 47 4
23 48 68
23 49 5
23 50 79
23 51 129
23 52 20
23 53 103
23 54 89
23 55 1
23 56 105
23 57 93
23 58 19
23 59 99
23 60 157
23 61 26
23 62 133
23 63 34
23 64 112
23 65 2
23 66 123
23 67 98
23 68 90
23 69 145
23 70 64
23 71 166
23 72 22
23 73 183
23 74 178
23 75 179
23 76 72
23 77 100
23 78 190
23 79 21
23 80 157
23 81 7
23 82 27
23 83 184
23 84 17
23 85 52
23 86 185
23 87 60
23 88 5
23 89 190
23 90 16
23 91 186
23 92 17
23 93 146
23 94 167
23 95 173
23 96 2
23 97 171
23 98 200
23 99 104
24 25 181
24 26 144
24 27 48
24 28 151
24 29 18
24 30 137
24 31 8
24 32 100
24 33 0
24 34 123
24 35 176
24 36 49
24 37 69
24 38 141
24 39 113
24 40 72
24 41 51
24 42 6
24 43 187
24 44 20
24 45 73
24 46 104
24 47 138
24 48 122
24 49 93
24 50 182
24 51 172
24 52 14
24 53 4
24 54 168
24 55 8
24 56 5
24 57 15
24 58 92
24 59 149
24 60 139
24 61 64
24 62 172
24 63 18
24 64 127
24 65 34
24 66 86
24 67 163
24 68 16
24 69 146
24 70 47
24 71 132
24 72 177
24 73 104
24 74 129
24 75 178
24 76 181
24 77 20
24 78 195
24 79 169
24 80 78
24 81 125
24 82 12
24 83 77
24 84 158
24 85 116
24 86 12
24 87 194
24 88 193
24 89 190
24 90 132
24 91 127
24 92 8
24 93 76
24 94 166
24 95 171
24 96 141
24 97 161
24 98 129
24 99 96
25 26 181
25 27 80
25 28 50
25 29 163
25 30 61
25 31 175
25 32 84
25 33 162
25 34 9
25 35 179
25 36 184
25 37 102
25 38 195
25 39 196
25 40 138
25 41 81
25 42 24
25 43 0
25 44 141
25 45 63
25 46 129
25 47 74
25 48 22
25 49 159
25 50 24
25 51 78
25 52 199
25 53 139
25 54 124
25 55 111
25 56 101
25 57 111
25 58 51
25 59 97
25 60 80
25 61 160
25 62 134
25 63 118
25 64 194
25 65 110
25 66 164
25 67 72
25 68 182
25 69 138
25 70 8
25 71 192
25 72 200
25 73 92
25 74 98
25 75 173
25 76 174
25 77 136
25 78 153
25 79 40
25 80 43
25 81 199
25 82 105
25 83 98
25 84 47
25 85 181
25 86 59
25 87 159
25 88 17
25 89 112
25 90 187
25 91 62
25 92 52
25 93 46
25 94 21
25 95 162
25 96 113
25 97 176
25 98 98
25 99 137
26 27 21
26 28 68
26 29 132
26 30 121
26 31 19
26 32 21
26 33 69
26 34 156
26 35 123
26 36 126
26 37 106
26 38 112
26 39 128
26 40 167
26 41 120
26 42 168
26 43 170
26 44 183
26 45 79
26 46 149
26 47 132
26 48 179
26 49 59
26 50 18
26 51 154
26 52 157
26 53 200
26 54 101
26 55 134
26 56 51
26 57 0
26 58 86
26 59 170
26 60 175
26 61 94
26 62 129
26 63 4
26 64 37
26 65 156
26 66 15
26 67 164
26 68 69
26 69 59
26 70 166
26 71 128
26 72 79
26 73 140
26 74 37
26 75 78
26 76 80
26 77 137
26 78 104
26 79 60
26 80 108
26 81 156
26 82 100
26 83 115
26 84 4
26 85 92
26 86 20
26 87 98
26 88 130
26 89 178
26 90 78
26 91 148
26 92 167
26 93 18
26 94 14
26 95 189
26 96 120
26 97 138
26 98 111
26 99 49
27 28 63
27 29 122
27 30 55
27 31 22
27 32 66
27 33 80
27 34 120
27 35 199
27 36 9
27 37 186
27 38 171
27 39 111
27 40 60
27 41 142
27 42 125
27 43 69
27 44 99
27 45 88
27 46 79
27 47 141
27 48 68
27 49 66
27 50 160
27 51 3
27 52 178
27 53 173
27 54 22
27 55 80
27 56 169
27 57 150
27 58 25
27 59 131
27 60 3
27 61 105
27 62 167
27 63 130
27 64 25
27 65 39
27 66 2
27 67 122
27 68 48
27 69 96
27 70 4
27 71 41
27 72 56
27 73 177
27 74 162
27 75 70
27 76 112
27 77 77
27 78 76
27 79 28
27 80 49
27 81 50
27 82 3
27 83 65
27 84 104
27 85 14
27 86 161
27 87 17
27 88 110
27 89 10
27 90 0
27 91 35
27 92 56
27 93 192
27 94 109
27 95 66
27 96 83
27 97 71
27 98 178
27 99 146
28 29 167
28 30 51
28 31 194
28 32 11
28 33 2
28 34 21
28 35 46
28 36 98
28 37 74
28 38 91
28 39 189
28 40 150
28 41 16
28 42 159
28 43 58
28 44 39
28 45 36
28 46 195
28 47 69
28 48 38
28 49 74
28 50 58
28 51 42
28 52 145
28 53 94
28 54 20
28 55 49
28 56 54
28 57 177
28 58 109
28 59 95
28 60 75
28 61 99
28 62 91
28 63 68
28 64 73
28 65 185
28 66 161
28 67 95
28 68 152
28 69 76
28 70 185
28 71 160
28 72 148
28 73 96
28 74 20
28 75 50
28 76 111
28 77 109
28 78 114
28 79 168
28 80 55
28 81 158
28 82 3
28 83 192
28 84 106
28 85 110
28 86 0
28 87 9
28 88 173
28 89 48
28 90 175
28 91 179
28 92 49
28 93 84
28 94 125
28 95 50
28 96 25
28 97 17
28 98 101
28 99 23
29 30 160
29 31 83
29 32 68
29 33 115
29 34 168
29 35 44
29 36 130
29 37 49
29 38 162
29 39 7
29 40 37
29 41 86
29 42 140
29 43 36
29 44 179
29 45 126
29 46 24
29 47 116
29 48 51
29 49 78
29 50 128
29 51 65
29 52 169
29 53 72
29 54 4
29 55 36
29 56 51
29 57 159
29 58 38
29 59 35
29 60 79
29 61 46
29 62 83
29 63 172
29 64 150
29 65 90
29 66 105
29 67 29
29 68 47
29 69 178
29 70 38
29 71 48
29 72 118
29 73 113
29 74 2
29 75 168
29 76 57
29 77 143
29 78 71
29 79 196
29 80 47
29 81 12
29 82 64
29 83 27
29 84 75
29 85 31
29 86 75
29 87 150
29 88 42
29 89 91
29 90 124
29 91 184
29 92 71
29 93 102
29 94 186
29 95 98
29 96 167
29 97 91
29 98 127
29 99 107
30 31 153
30 32 169
30 33 50
30 34 149
30 35 113
30 36 33
30 37 186
30 38 180
30 39 185
30 40 152
30 41 3
30 42 89
30 43 188
30 44 54
30 45 49
30 46 130
30 47 95
30 48 155
30 49 163
30 50 65
30 51 21
30 52 74
30 53 27
30 54 38
30 55 23
30 56 34
30 57 5
30 58 159
30 59 176
30 60 17
30 61 192
30 62 113
30 63 13
30 64 96
30 65 186
30 66 19
30 67 23
30 68 156
30 69 18
30 70 165
30 71 105
30 72 27
30 73 123
30 74 80
30 75 106
30 76 22
30 77 118
30 78 192
30 79 115
30 80 36
30 81 19
30 82 66
30 83 123
30 84 194
30 85 200
30 86 158
30 87 182
30 88 72
30 89 17
30 90 78
30 91 176
30 92 126
30 93 15
30 94 33
30 95 188
30 96 1
30 97 106
30 98 180
30 99 52
31 32 60
31 33 193
31 34 143
31 35 11
31 36 194
31 37 45
31 38 128
31 39 102
31 40 166
31 41 27
31 42 144
31 43 124
31 44 96
31 45 105
31 46 146
31 47 132
31 48 76
31 49 195
31 50 14
31 51 112
31 52 164
31 53 40
31 54 7
31 55 136
31 56 134
31 57 146
31 58 46
31 59 48
31 60 131
31 61 35
31 62 25
31 63 100
31 64 49
31 65 97
31 66 136
31 67 179
31 68 54
31 69 157
31 70 174
31 71 166
31 72 116
31 73 92
31 74 175
31 75 110
31 76 13
31 77 37
31 78 155
31 79 32
31 80 55
31 81 188
31 82 159
31 83 36
31 84 41
31 85 62
31 86 34
31 87 16
31 88 199
31 89 28
31 90 89
31 91 17
31 92 60
31 93 199
31 94 91
31 95 35
31 96 169
31 97 178
31 98 64
31 99 26
32 33 121
32 34 117
32 35 154
32 36 51
32 37 152
32 38 127
32 39 27
32 40 6
32 41 183
32 42 81
32 43 170
32 44 62
32 45 144
32 46 1
32 47 70
32 48 38
32 49 63
32 50 178
32 51 114
32 52 168
32 53 187
32 54 75
32 55 79
32 56 74
32 57 105
32 58 22
32 59 145
32 60 150
32 61 6
32 62 104
32 63 78
32 64 126
32 65 141
32 66 52
32 67 159
32 68 22
32 69 111
32 70 40
32 71 184
32 72 26
32 73 78
32 74 173
32 75 122
32 76 180
32 77 41
32 78 133
32 79 153
32 80 186
32 81 145
32 82 97
32 83 21
32 84 178
32 85 97
32 86 65
32 87 87
32 88 87
32 89 75
32 90 113
32 91 49
32 92 56
32 93 61
32 94 88
32 95 82
32 96 53
32 97 16
32 98 159
32 99 10
33 34 103
33 35 152
33 36 70
33 37 195
33 38 64
33 39 195
33 40 184
33 41 82
33 42 61
33 43 199
33 44 149
33 45 98
33 46 152
33 47 26
33 48 155
33 49 70
33 50 31
33 51 77
33 52 155
33 53 117
33 54 106
33 55 102
33 56 133
33 57 10
33 58 35
33 59 70
33 60 70
33 61 29
33 62 139
33 63 80
33 64 120
33 65 88
33 66 35
33 67 49
33 68 142
33 69 10
33 70 103
33 71 1
33 72 191
33 73 186
33 74 70
33 75 98
33 76 30
33 77 172
33 78 48
33 79 83
33 80 28
33 81 1
33 82 29
33 83 38
33 84 19
33 85 72
33 86 74
33 87 12
33 88 105
33 89 182
33 90 20
33 91 120
33 92 29
33 93 116
33 94 172
33 95 150
33 96 45
33 97 129
33 98 113
33 99 103
34 35 128
34 36 168
34 37 137
34 38 34
34 39 132
34 40 173
34 41 48
34 42 70
34 43 67
34 44 13
34 45 21
34 46 96
34 47 157
34 48 72
34 49 133
34 50 99
34 51 80
34 52 28
34 53 72
34 54 137
34 55 152
34 56 171
34 57 12
34 58 194
34 59 132
34 60 134
34 61 56
34 62 92
34 63 70
34 64 58
34 65 125
34 66 197
34 67 22
34 68 132
34 69 46
34 70 185
34 71 20
34 72 22
34 73 103
34 74 167
34 75 36
34 76 183
34 77 150
34 78 37
34 79 136
34 80 98
34 81 86
34 82 49
34 83 80
34 84 47
34 85 80
34 86 64
34 87 117
34 88 190
34 89 153
34 90 126
34 91 109
34 92 88
34 93 8
34 94 5
34 95 60
34 96 184
34 97 9
34 98 70
34 99 94
35 36 182
35 37 196
35 38 131
35 39 107
35 40 184
35 41 70
35 42 192
35 43 28
35 44 135
35 45 11
35 46 133
35 47 130
35 48 164
35 49 126
35 50 51
35 51 67
35 52 119
35 53 189
35 54 138
35 55 112
35 56 74
35 57 32
35 58 54
35 59 199
35 60 186
35 61 151
35 62 103
35 63 29
35 64 18
35 65 155
35 66 132
35 67 131
35 68 162
35 69 36
35 70 6
35 71 121
35 72 192
35 73 121
35 74 56
35 75 133
35 76 27
35 77 55
35 78 136
35 79 95
35 80 177
35 81 170
35 82 133
35 83 44
35 84 110
35 85 43
35 86 12
35 87 71
35 88 76
35 89 41
35 90 32
35 91 186
35 92 90
35 93 135
35 94 91
35 95 56
35 96 138
35 97 106
35 98 91
35 99 177
36 37 120
36 38 136
36 39 157
36 40 62
36 41 50
36 42 81
36 43 150
36 44 36
36 45 78
36 46 3
36 47 165
36 48 63
36 49 31
36 50 8
36 51 33
36 52 19
36 53 197
36 54 42
36 55 196
36 56 67
36 57 70
36 58 154
36 59 118
36 60 116
36 61 150
36 62 179
36 63 140
36 64 121
36 65 7
36 66 198
36 67 111
36 68 192
36 69 48
36 70 159
36 71 200
36 72 62
36 73 162
36 74 182
36 75 85
36 76 175
36 77 121
36 78 160
36 79 53
36 80 186
36 81 69
36 82 165
36 83 72
36 84 62
36 85 79
36 86 160
36 87 20
36 88 105
36 89 92
36 90 94
36 91 196
36 92 140
36 93 49
36 94 0
36 95 48
36 96 42
36 97 89
36 98 95
36 99 19
37 38 10
37 39 125
37 40 145
37 41 108
37 42 104
37 43 108
37 44 125
37 45 197
37 46 77
37 47 32
37 48 122
37 49 192
37 50 138
37 51 193
37 52 167
37 53 7
37 54 180
37 55 184
37 56 6
37 57 99
37 58 125
37 59 172
37 60 108
37 61 113
37 62 127
37 63 125
37 64 61
37 65 192
37 66 68
37 67 33
37 68 44
37 69 175
37 70 110
37 71 33
37 72 130
37 73 194
37 74 35
37 75 154
37 76 20
37 77 28
37 78 23
37 79 55
37 80 142
37 81 74
37 82 38
37 83 36
37 84 104
37 85 90
37 86 158
37 87 190
37 88 175
37 89 114
37 90 15
37 91 107
37 92 90
37 93 148
37 94 95
37 95 104
37 96 139
37 97 61
37 98 148
37 99 67
38 39 95
38 40 90
38 41 130
38 42 19
38 43 47
38 44 167
38 45 108
38 46 39
38 47 193
38 48 144
38 49 199
38 50 167
38 51 190
38 52 187
38 53 192
38 54 135
38 55 107
38 56 17
38 57 121
38 58 124
38 59 54
38 60 140
38 61 3
38 62 15
38 63 133
38 64 199
38 65 116
38 66 132
38 67 57
38 68 128
38 69 72
38 70 60
38 71 146
38 72 147
38 73 12
38 74 13
38 75 109
38 76 36
38 77 169
38 78 179
38 79 147
38 80 43
38 81 186
38 82 98
38 83 22
38 84 55
38 85 62
38 86 116
38 87 31
38 88 69
38 89 53
38 90 79
38 91 37
38 92 79
38 93 153
38 94 31
38 95 57
38 96 69
38 97 193
38 98 122
38 99 43
39 40 154
39 41 122
39 42 190
39 43 29
39 44 107
39 45 168
39 46 118
39 47 98
39 48 165
39 49 18
39 50 58
39 51 197
39 52 135
39 53 200
39 54 125
39 55 63
39 56 48
39 57 190
39 58 37
39 59 173
39 60 92
39 61 105
39 62 151
39 63 91
39 64 78
39 65 116
39 66 96
39 67 192
39 68 78
39 69 89
39 70 175
39 71 33
39 72 29
39 73 138
39 74 58
39 75 161
39 76 45
39 77 88
39 78 163
39 79 70
39 80 147
39 81 30
39 82 14
39 83 101
39 84 31
39 85 152
39 86 192
39 87 5
39 88 190
39 89 165
39 90 66
39 91 20
39 92 195
39 93 97
39 94 149
39 95 199
39 96 101
39 97 66
39 98 140
39 99 137
40 41 122
40 42 119
40 43 12
40 44 173
40 45 191
40 46 107
40 47 142
40 48 105
40 49 45
40 50 197
40 51 112
40 52 178
40 53 63
40 54 79
40 55 179
40 56 119
40 57 182
40 58 92
40 59 66
40 60 30
40 61 75
40 62 116
40 63 130
40 64 174
40 65 191
40 66 75
40 67 184
40 68 133
40 69 68
40 70 138
40 71 163
40 72 188
40 73 62
40 74 158
40 75 21
40 76 176
40 77 119
40 78 175
40 79 20
40 80 117
40 81 31
40 82 48
40 83 192
40 84 187
40 85 141
40 86 134
40 87 143
40 88 43
40 89 48
40 90 70
40 91 7
40 92 175
40 93 177
40 94 30
40 95 160
40 96 33
40 97 113
40 98 5
40 99 84
41 42 16
41 43 166
41 44 10
41 45 176
41 46 170
41 47 6
41 48 18
41 49 6
41 50 22
41 51 92
41 52 198
41 53 56
41 54 25
41 55 149
41 56 85
41 57 196
41 58 141
41 59 96
41 60 30
41 61 35
41 62 92
41 63 68
41 64 125
41 65 73
41 66 141
41 67 64
41 68 35
41 69 75
41 70 148
41 71 26
41 72 118
41 73 96
41 74 172
41 75 93
41 76 190
41 77 115
41 78 86
41 79 44
41 80 117
41 81 31
41 82 33
41 83 197
41 84 163
41 85 58
41 86 39
41 87 122
41 88 48
41 89 26
41 90 51
41 91 151
41 92 182
41 93 29
41 94 1
41 95 34
41 96 177
41 97 172
41 98 127
41 99 163
42 43 193
42 44 69
42 45 95
42 46 56
42 47 49
42 48 135
42 49 19
42 50 121
42 51 164
42 52 43
42 53 78
42 54 95
42 55 12
42 56 187
42 57 53
42 58 17
42 59 10
42 60 155
42 61 155
42 62 199
42 63 132
42 64 160
42 65 22
42 66 107
42 67 54
42 68 136
42 69 158
42 70 45
42 71 64
42 72 26
42 73 31
42 74 143
42 75 180
42 76 174
42 77 192
42 78 136
42 79 104
42 80 184
42 81 5
42 82 86
42 83 186
42 84 167
42 85 20
42 86 82
42 87 72
42 88 187
42 89 125
42 90 25
42 91 171
42 92 99
42 93 195
42 94 43
42 95 86
42 96 99
42 97 177
42 98 148
42 99 28
43 44 20
43 45 110
43 46 124
43 47 172
43 48 7
43 49 166
43 50 48
43 51 0
43 52 54
43 53 10
43 54 129
43 55 178
43 56 81
43 57 150
43 58 156
43 59 89
43 60 153
43 61 64
43 62 2
43 63 192
43 64 133
43 65 48
43 66 110
43 67 58
43 68 145
43 69 168
43 70 154
43 71 144
43 72 91
43 73 50
43 74 48
43 75 163
43 76 38
43 77 0
43 78 138
43 79 97
43 80 105
43 81 29
43 82 186
43 83 62
43 84 172
43 85 117
43 86 139
43 87 181
43 88 152
43 89 22
43 90 4
43 91 155
43 92 20
43 93 171
43 94 192
43 95 55
43 96 52
43 97 120
43 98 154
43 99 39
44 45 48
44 46 69
44 47 78
44 48 2
44 49 88
44 50 103
44 51 90
44 52 113
44 53 37
44 54 110
44 55 177
44 56 55
44 57 59
44 58 104
44 59 18
44 60 98
44 61 60
44 62 119
44 63 101
44 64 190
44 65 25
44 66 198
44 67 200
44 68 121
44 69 170
44 70 63
44 71 72
44 72 67
44 73 169
44 74 180
44 75 153
44 76 175
44 77 185
44 78 27
44 79 32
44 80 11
44 81 161
44 82 34
44 83 88
44 84 70
44 85 117
44 86 196
44 87 75
44 88 69
44 89 131
44 90 11
44 91 112
44 92 98
44 93 90
44 94 100
44 95 87
44 96 169
44 97 106
44 98 68
44 99 14
45 46 117
45 47 165
45 48 153
45 49 142
45 50 151
45 51 193
45 52 168
45 53 74
45 54 90
45 55 172
45 56 102
45 57 162
45 58 200
45 59 157
45 60 117
45 61 189
45 62 183
45 63 84
45 64 3
45 65 21
45 66 172
45 67 35
45 68 120
45 69 180
45 70 14
45 71 113
45 72 103
45 73 195
45 74 32
45 75 196
45 76 100
45 77 110
45 78 80
45 79 62
45 80 61
45 81 99
45 82 16
45 83 48
45 84 85
45 85 40
45 86 29
45 87 158
45 88 18
45 89 171
45 90 71
45 91 80
45 92 88
45 93 148
45 94 142
45 95 54
45 96 188
45 97 107
45 98 124
45 99 164
46 47 81
46 48 61
46 49 185
46 50 199
46 51 140
46 52 196
46 53 63
46 54 97
46 55 135
46 56 170
46 57 36
46 58 49
46 59 78
46 60 162
46 61 21
46 62 65
46 63 55
46 64 43
46 65 79
46 66 16
46 67 21
46 68 29
46 69 6
46 70 29
46 71 30
46 72 156
46 73 50
46 74 143
46 75 122
46 76 84
46 77 147
46 78 153
46 79 157
46 80 60
46 81 28
46 82 92
46 83 106
46 84 58
46 85 125
46 86 151
46 87 77
46 88 180
46 89 87
46 90 46
46 91 49
46 92 89
46 93 121
46 94 53
46 95 135
46 96 93
46 97 115
46 98 118
46 99 147
47 48 131
47 49 36
47 50 24
47 51 191
47 52 64
47 53 72
47 54 186
47 55 140
47 56 157
47 57 182
47 58 15
47 59 145
47 60 97
47 61 140
47 62 170
47 63 8
47 64 105
47 65 34
47 66 97
47 67 77
47 68 125
47 69 68
47 70 164
47 71 174
47 72 136
47 73 186
47 74 198
47 75 23
47 76 56
47 77 39
47 78 60
47 79 93
47 80 75
47 81 101
47 82 116
47 83 93
47 84 107
47 85 115
47 86 5
47 87 164
47 88 109
47 89 180
47 90 31
47 91 57
47 92 160
47 93 3
47 94 184
47 95 145
47 96 129
47 97 173
47 98 196
47 99 22
48 49 70
48 50 45
48 51 20
48 52 139
48 53 119
48 54 11
48 55 148
48 56 36
48 57 84
48 58 99
48 59 57
48 60 119
48 61 170
48 62 123
48 63 81
48 64 141
48 65 163
48 66 21
48 67 16
48 68 68
48 69 1
48 70 130
48 71 196
48 72 15
48 73 60
48 74 108
48 75 23
48 76 87
48 77 47
48 78 76
48 79 200
48 80 184
48 81 80
48 82 35
48 83 70
48 84 84
48 85 164
48 86 38
48 87 14
48 88 45
48 89 133
48 90 102
48 91 138
48 92 64
48 93 13
48 94 99
48 95 77
48 96 153
48 97 183
48 98 67
48 99 11
49 50 58
49 51 75
49 52 57
49 53 161
49 54 38
49 55 117
49 56 151
49 57 160
49 58 7
49 59 31
49 60 164
49 61 183
49 62 117
49 63 89
49 64 28
49 65 40
49 66 6
49 67 32
49 68 85
49 69 37
49 70 188
49 71 117
49 72 34
49 73 43
49 74 76
49 75 102
49 76 191
49 77 65
49 78 70
49 79 24
49 80 81
49 81 139
49 82 112
49 83 51
49 84 43
49 85 91
49 86 180
49 87 99
49 88 92
49 89 151
49 90 104
49 91 172
49 92 31
49 93 95
49 94 126
49 95 38
49 96 64
49 97 48
49 98 107
49 99 76
50 51 18
50 52 173
50 53 85
50 54 51
50 55 169
50 56 15
50 57 38
50 58 1
50 59 0
50 60 90
50 61 39
50 62 152
50 63 152
50 64 143
50 65 154
50 66 22
50 67 160
50 68 101
50 69 36
50 70 43
50 71 12
50 72 59
50 73 199
50 74 199
50 75 77
50 76 157
50 77 152
50 78 126
50 79 77
50 80 177
50 81 32
50 82 186
50 83 190
50 84 23
50 85 121
50 86 186
50 87 112
50 88 62
50 89 158
50 90 181
50 91 17
50 92 84
50 93 152
50 94 181
50 95 55
50 96 177
50 97 136
50 98 0
50 99 67
51 52 159
51 53 38
51 54 72
51 55 48
51 56 62
51 57 167
51 58 190
51 59 50
51 60 43
51 61 154
51 62 178
51 63 18
51 64 147
51 65 116
51 66 55
51 67 155
51 68 191
51 69 169
51 70 120
51 71 4
51 72 62
51 73 197
51 74 10
51 75 147
51 76 142
51 77 108
51 78 142
51 79 62
51 80 137
51 81 28
51 82 82
51 83 164
51 84 189
51 85 31
51 86 37
51 87 104
51 88 72
51 89 108
51 90 25
51 91 39
51 92 120
51 93 148
51 94 74
51 95 59
51 96 55
51 97 72
51 98 100
51 99 18
52 53 44
52 54 24
52 55 165
52 56 119
52 57 82
52 58 157
52 59 151
52 60 157
52 61 66
52 62 173
52 63 51
52 64 180
52 65 17
52 66 18
52 67 146
52 68 107
52 69 174
52 70 127
52 71 111
52 72 58
52 73 155
52 74 36
52 75 50
52 76 20
52 77 189
52 78 193
52 79 111
52 80 169
52 81 8
52 82 149
52 83 22
52 84 50
52 85 164
52 86 55
52 87 99
52 88 8
52 89 85
52 90 81
52 91 15
52 92 53
52 93 136
52 94 49
52 95 79
52 96 142
52 97 179
52 98 144
52 99 47
53 54 19
53 55 147
53 56 52
53 57 114
53 58 99
53 59 159
53 60 67
53 61 24
53 62 137
53 63 100
53 64 10
53 65 63
53 66 165
53 67 136
53 68 147
53 69 80
53 70 43
53 71 145
53 72 185
53 73 65
53 74 115
53 75 187
53 76 85
53 77 80
53 78 13
53 79 67
53 80 147
53 81 173
53 82 179
53 83 83
53 84 24
53 85 94
53 86 72
53 87 129
53 88 144
53 89 119
53 90 31
53 91 140
53 92 117
53 93 110
53 94 102
53 95 69
53 96 171
53 97 14
53 98 89
53 99 85
54 55 152
54 56 155
54 57 1
54 58 94
54 59 167
54 60 71
54 61 79
54 62 93
54 63 103
54 64 71
54 65 140
54 66 4
54 67 83
54 68 66
54 69 77
54 70 184
54 71 38
54 72 152
54 73 71
54 74 135
54 75 82
54 76 118
54 77 193
54 78 117
54 79 154
54 80 116
54 81 90
54 82 62
54 83 41
54 84 183
54 85 111
54 86 35
54 87 52
54 88 184
54 89 176
54 90 104
54 91 82
54 92 92
54 93 22
54 94 160
54 95 70
54 96 25
54 97 86
54 98 104
54 99 196
55 56 134
55 57 99
55 58 85
55 59 6
55 60 97
55 61 90
55 62 123
55 63 48
55 64 192
55 65 154
55 66 112
55 67 147
55 68 52
55 69 116
55 70 23
55 71 55
55 72 142
55 73 103
55 74 175
55 75 16
55 76 65
55 77 122
55 78 156
55 79 18
55 80 184
55 81 1
55 82 52
55 83 145
55 84 98
55 85 19
55 86 30
55 87 118
55 88 20
55 89 9
55 90 196
55 91 72
55 92 51
55 93 25
55 94 127
55 95 62
55 96 145
55 97 9
55 98 107
55 99 172
56 57 107
56 58 159
56 59 79
56 60 102
56 61 112
56 62 46
56 63 35
56 64 158
56 65 70
56 66 140
56 67 4
56 68 73
56 69 148
56 70 168
56 71 89
56 72 124
56 73 194
56 74 131
56 75 156
56 76 129
56 77 79
56 78 86
56 79 174
56 80 190
56 81 132
56 82 14
56 83 14
56 84 122
56 85 181
56 86 139
56 87 156
56 88 162
56 89 53
56 90 143
56 91 125
56 92 192
56 93 111
56 94 75
56 95 136
56 96 200
56 97 85
56 98 198
56 99 173
