100 1034
0 1 123
0 2 35
0 3 165
0 4 36
0 5 78
0 6 20
0 7 3
0 8 103
0 9 6
0 10 184
0 11 150
0 12 44
0 13 118
0 14 15
0 15 29
0 16 36
0 17 110
0 18 69
0 19 17
0 20 147
0 21 35
0 22 1
0 23 128
0 24 153
0 25 102
0 26 130
0 27 123
0 28 29
0 29 73
0 30 181
0 31 165
0 32 114
0 33 27
0 34 114
0 35 134
0 36 85
0 37 80
0 38 54
0 39 102
0 40 18
0 41 155
0 42 112
0 43 24
0 44 29
0 45 195
0 46 172
0 47 120
0 48 184
0 49 124
0 50 25
0 51 64
0 52 93
0 53 84
0 54 5
0 55 29
0 56 166
0 57 1
0 58 119
0 59 56
0 60 157
0 61 147
0 62 11
0 63 105
0 64 198
0 65 69
0 66 10
0 67 171
0 68 43
0 69 136
0 70 70
0 71 144
0 72 163
0 73 101
0 74 94
0 75 46
0 76 17
0 77 156
0 78 93
0 79 129
0 80 22
0 81 26
0 82 129
0 83 146
0 84 125
0 85 189
0 86 111
0 87 61
0 88 59
0 89 176
0 90 38
0 91 152
0 92 107
0 93 49
0 94 97
0 95 178
0 96 90
0 97 71
0 98 138
0 99 192
1 2 189
1 3 182
1 4 7
1 5 65
1 6 36
1 7 82
1 8 9
1 9 75
1 10 141
1 11 80
1 12 150
1 13 9
1 14 148
1 15 100
1 16 103
1 17 175
1 18 162
1 19 27
1 20 139
1 21 158
1 22 159
1 23 48
1 24 96
1 25 87
1 26 34
1 27 37
1 28 63
1 29 67
1 30 62
1 31 101
1 32 62
1 33 154
1 34 170
1 35 172
1 36 52
1 37 112
1 38 175
1 39 34
1 40 59
1 41 139
1 42 129
1 43 108
1 44 49
1 45 48
1 46 7
1 47 167
1 48 88
1 49 117
1 50 117
1 51 99
1 52 50
1 53 21
1 54 69
1 55 97
1 56 84
1 57 94
1 58 172
1 59 32
1 60 151
1 61 173
1 62 172
1 63 13
1 64 159
1 65 86
1 66 177
1 67 198
1 68 41
1 69 181
1 70 122
1 71 38
1 72 117
1 73 29
1 74 74
1 75 197
1 76 109
1 77 148
1 78 151
1 79 5
1 80 128
1 81 71
1 82 73
1 83 67
1 84 129
1 85 23
1 86 152
1 87 101
1 88 141
1 89 61
1 90 180
1 91 120
1 92 162
1 93 20
1 94 114
1 95 54
1 96 80
1 97 156
1 98 191
1 99 195
2 3 67
2 4 127
2 5 36
2 6 80
2 7 137
2 8 54
2 9 182
2 10 33
2 11 185
2 12 8
2 13 127
2 14 73
2 15 23
2 16 153
2 17 180
2 18 194
2 19 181
2 20 96
2 21 47
2 22 97
2 23 152
2 24 157
2 25 177
2 26 170
2 27 138
2 28 44
2 29 38
2 30 44
2 31 117
2 32 49
2 33 76
2 34 0
2 35 172
2 36 200
2 37 161
2 38 177
2 39 77
2 40 103
2 41 169
2 42 186
2 43 141
2 44 102
2 45 153
2 46 172
2 47 194
2 48 3
2 49 154
2 50 183
2 51 34
2 52 148
2 53 86
2 54 166
2 55 5
2 56 76
2 57 179
2 58 200
2 59 124
2 60 63
2 61 116
2 62 83
2 63 49
2 64 128
2 65 35
2 66 49
2 67 31
2 68 195
2 69 170
2 70 54
2 71 134
2 72 91
2 73 89
2 74 192
2 75 195
2 76 167
2 77 198
2 78 51
2 79 47
2 80 6
2 81 195
2 82 126
2 83 171
2 84 180
2 85 124
2 86 12
2 87 129
2 88 126
2 89 136
2 90 31
2 91 188
2 92 22
2 93 34
2 94 150
2 95 50
2 96 87
2 97 38
2 98 36
2 99 122
3 4 79
3 5 102
3 6 72
3 7 111
3 8 127
3 9 129
3 10 67
3 11 25
3 12 5
3 13 127
3 14 20
3 15 135
3 16 102
3 17 140
3 18 157
3 19 113
3 20 74
3 21 65
3 22 19
3 23 195
3 24 43
3 25 40
3 26 21
3 27 137
3 28 63
3 29 38
3 30 40
3 31 139
3 32 182
3 33 2
3 34 57
3 35 193
3 36 167
3 37 14
3 38 197
3 39 89
3 40 63
3 41 3
3 42 45
3 43 18
3 44 39
3 45 133
3 46 59
3 47 44
3 48 70
3 49 137
3 50 9
3 51 144
3 52 191
3 53 45
3 54 142
3 55 150
3 56 196
3 57 53
3 58 119
3 59 85
3 60 105
3 61 163
3 62 63
3 63 88
3 64 172
3 65 54
3 66 178
3 67 33
3 68 122
3 69 149
3 70 79
3 71 19
3 72 140
3 73 97
3 74 99
3 75 155
3 76 1
3 77 154
3 78 165
3 79 104
3 80 83
3 81 161
3 82 175
3 83 175
3 84 106
3 85 177
3 86 76
3 87 80
3 88 36
3 89 12
3 90 42
3 91 113
3 92 164
3 93 152
3 94 106
3 95 20
3 96 181
3 97 111
3 98 75
3 99 91
4 5 28
4 6 86
4 7 46
4 8 41
4 9 42
4 10 33
4 11 43
4 12 85
4 13 64
4 14 141
4 15 33
4 16 143
4 17 184
4 18 48
4 19 111
4 20 125
4 21 110
4 22 116
4 23 134
4 24 106
4 25 22
4 26 27
4 27 104
4 28 173
4 29 140
4 30 99
4 31 137
4 32 167
4 33 19
4 34 49
4 35 190
4 36 33
4 37 58
4 38 125
4 39 190
4 40 77
4 41 13
4 42 123
4 43 182
4 44 52
4 45 129
4 46 110
4 47 183
4 48 178
4 49 110
4 50 141
4 51 67
4 52 72
4 53 31
4 54 138
4 55 150
4 56 80
4 57 11
4 58 43
4 59 52
4 60 33
4 61 33
4 62 1
4 63 129
4 64 5
4 65 9
4 66 174
4 67 110
4 68 152
4 69 146
4 70 11
4 71 179
4 72 106
4 73 20
4 74 165
4 75 140
4 76 19
4 77 49
4 78 146
4 79 143
4 80 178
4 81 195
4 82 9
4 83 88
4 84 157
4 85 124
4 86 135
4 87 87
4 88 73
4 89 22
4 90 13
4 91 194
4 92 129
4 93 96
4 94 188
4 95 21
4 96 182
4 97 113
4 98 150
4 99 86
5 6 66
5 7 160
5 8 87
5 9 53
5 10 105
5 11 132
5 12 79
5 13 18
5 14 52
5 15 70
5 16 85
5 17 186
5 18 133
5 19 169
5 20 2
5 21 200
5 22 97
5 23 101
5 24 131
5 25 151
5 26 168
5 27 41
5 28 90
5 29 174
5 30 26
5 31 18
5 32 81
5 33 116
5 34 20
5 35 116
5 36 72
5 37 79
5 38 45
5 39 2
5 40 166
5 41 161
5 42 73
5 43 120
5 44 83
5 45 114
5 46 19
5 47 11
5 48 30
5 49 67
5 50 6
5 51 129
5 52 175
5 53 192
5 54 23
5 55 66
5 56 110
5 57 30
5 58 157
5 59 46
5 60 60
5 61 138
5 62 184
5 63 61
5 64 157
5 65 39
5 66 147
5 67 97
5 68 140
5 69 175
5 70 86
5 71 174
5 72 82
5 73 4
5 74 120
5 75 190
5 76 90
5 77 142
5 78 40
5 79 155
5 80 162
5 81 94
5 82 63
5 83 53
5 84 81
5 85 131
5 86 122
5 87 9
5 88 163
5 89 122
5 90 60
5 91 140
5 92 196
5 93 77
5 94 144
5 95 177
5 96 121
5 97 3
5 98 128
5 99 150
6 7 12
6 8 54
6 9 36
6 10 130
6 11 122
6 12 105
6 13 198
6 14 187
6 15 196
6 16 18
6 17 153
6 18 109
6 19 33
6 20 194
6 21 180
6 22 59
6 23 132
6 24 38
6 25 145
6 26 69
6 27 137
6 28 199
6 29 8
6 30 61
6 31 89
6 32 37
6 33 24
6 34 68
6 35 42
6 36 192
6 37 164
6 38 155
6 39 140
6 40 113
6 41 81
6 42 168
6 43 3
6 44 114
6 45 49
6 46 10
6 47 80
6 48 15
6 49 124
6 50 103
6 51 176
6 52 185
6 53 184
6 54 16
6 55 164
6 56 0
6 57 136
6 58 169
6 59 180
6 60 121
6 61 34
6 62 20
6 63 21
6 64 156
6 65 23
6 66 94
6 67 167
6 68 138
6 69 92
6 70 69
6 71 165
6 72 66
6 73 76
6 74 156
6 75 174
6 76 9
6 77 60
6 78 54
6 79 37
6 80 120
6 81 149
6 82 122
6 83 67
6 84 137
6 85 55
6 86 164
6 87 177
6 88 153
6 89 4
6 90 85
6 91 28
6 92 146
6 93 167
6 94 111
6 95 169
6 96 85
6 97 135
6 98 32
6 99 151
7 8 148
7 9 163
7 10 25
7 11 15
7 12 109
7 13 98
7 14 15
7 15 188
7 16 122
7 17 183
7 18 43
7 19 25
7 20 45
7 21 79
7 22 13
7 23 179
7 24 98
7 25 33
7 26 16
7 27 101
7 28 89
7 29 192
7 30 35
7 31 145
7 32 196
7 33 53
7 34 188
7 35 102
7 36 112
7 37 0
7 38 128
7 39 114
7 40 14
7 41 98
7 42 43
7 43 65
7 44 13
7 45 125
7 46 162
7 47 125
7 48 123
7 49 68
7 50 126
7 51 56
7 52 89
7 53 148
7 54 88
7 55 102
7 56 159
7 57 27
7 58 109
7 59 32
7 60 174
7 61 143
7 62 0
7 63 168
7 64 14
7 65 54
7 66 99
7 67 196
7 68 31
7 69 100
7 70 37
7 71 103
7 72 55
7 73 64
7 74 57
7 75 111
7 76 66
7 77 161
7 78 109
7 79 199
7 80 139
7 81 64
7 82 78
7 83 199
7 84 44
7 85 135
7 86 147
7 87 93
7 88 77
7 89 155
7 90 0
7 91 97
7 92 174
7 93 41
7 94 70
7 95 14
7 96 118
7 97 193
7 98 26
7 99 97
8 9 18
8 10 124
8 11 90
8 12 178
8 13 78
8 14 195
8 15 47
8 16 18
8 17 119
8 18 190
8 19 98
8 20 105
8 21 59
8 22 113
8 23 190
8 24 105
8 25 146
8 26 124
8 27 188
8 28 114
8 29 137
8 30 11
8 31 158
8 32 108
8 33 109
8 34 92
8 35 95
8 36 52
8 37 142
8 38 147
8 39 90
8 40 35
8 41 139
8 42 79
8 43 46
8 44 105
8 45 136
8 46 155
8 47 43
8 48 98
8 49 199
8 50 119
8 51 88
8 52 75
8 53 31
8 54 38
8 55 131
8 56 63
8 57 119
8 58 28
8 59 33
8 60 122
8 61 197
8 62 13
8 63 146
8 64 185
8 65 67
8 66 104
8 67 33
8 68 90
8 69 179
8 70 66
8 71 172
8 72 188
8 73 192
8 74 142
8 75 49
8 76 22
8 77 130
8 78 29
8 79 171
8 80 186
8 81 93
8 82 61
8 83 55
8 84 85
8 85 181
8 86 187
8 87 152
8 88 17
8 89 193
8 90 52
8 91 170
8 92 0
8 93 61
8 94 60
8 95 142
8 96 85
8 97 55
8 98 80
8 99 6
9 10 30
9 11 54
9 12 148
9 13 8
9 14 183
9 15 132
9 16 61
9 17 8
9 18 126
9 19 52
9 20 82
9 21 185
9 22 11
9 23 126
9 24 61
9 25 2
9 26 98
9 27 77
9 28 165
9 29 107
9 30 21
9 31 198
9 32 56
9 33 17
9 34 173
9 35 182
9 36 41
9 37 124
9 38 135
9 39 20
9 40 186
9 41 156
9 42 56
9 43 144
9 44 63
9 45 145
9 46 90
9 47 30
9 48 118
9 49 91
9 50 191
9 51 200
9 52 24
9 53 62
9 54 77
9 55 32
9 56 148
9 57 117
9 58 12
9 59 38
9 60 158
9 61 137
9 62 70
9 63 179
9 64 181
9 65 124
9 66 31
9 67 184
9 68 127
9 69 190
9 70 44
9 71 110
9 72 181
9 73 19
9 74 28
9 75 94
9 76 138
9 77 171
9 78 72
9 79 154
9 80 66
9 81 24
9 82 93
9 83 194
9 84 138
9 85 129
9 86 106
9 87 41
9 88 122
9 89 136
9 90 65
9 91 198
9 92 0
9 93 183
9 94 94
9 95 171
9 96 65
9 97 52
9 98 184
9 99 65
10 11 155
10 12 135
10 13 86
10 14 149
10 15 132
10 16 96
10 17 98
10 18 24
10 19 1
10 20 163
10 21 147
10 22 138
10 23 123
10 24 146
10 25 0
10 26 183
10 27 79
10 28 136
10 29 113
10 30 166
10 31 148
10 32 32
10 33 106
10 34 59
10 35 152
10 36 86
10 37 0
10 38 86
10 39 116
10 40 80
10 41 118
10 42 80
10 43 111
10 44 70
10 45 178
10 46 167
10 47 85
10 48 150
10 49 96
10 50 168
10 51 151
10 52 143
10 53 40
10 54 70
10 55 161
10 56 73
10 57 132
10 58 157
10 59 13
10 60 200
10 61 87
10 62 129
10 63 171
10 64 14
10 65 164
10 66 67
10 67 33
10 68 3
10 69 22
10 70 135
10 71 129
10 72 94
10 73 122
10 74 129
10 75 183
10 76 55
10 77 4
10 78 164
10 79 43
10 80 100
10 81 29
10 82 58
10 83 84
10 84 52
10 85 47
10 86 172
10 87 189
10 88 118
10 89 137
10 90 0
10 91 139
10 92 183
10 93 119
10 94 17
10 95 146
10 96 123
10 97 154
10 98 110
10 99 122
