100 4247
0 1 14
0 2 174
0 3 111
0 4 31
0 5 142
0 6 92
0 7 130
0 8 7
0 9 61
0 10 90
0 11 147
0 12 170
0 13 135
0 14 154
0 15 186
0 16 55
0 17 166
0 18 14
0 19 9
0 20 165
0 21 17
0 22 43
0 23 185
0 24 187
0 25 129
0 26 74
0 27 181
0 28 132
0 29 41
0 30 66
0 31 85
0 32 25
0 33 181
0 34 92
0 35 30
0 36 127
0 37 69
0 38 129
0 39 113
0 40 85
0 41 66
0 42 75
0 43 195
0 44 25
0 45 109
0 46 129
0 47 145
0 48 96
0 49 126
0 50 172
0 51 11
0 52 116
0 53 59
0 54 160
0 55 80
0 56 155
0 57 83
0 58 10
0 59 29
0 60 126
0 61 53
0 62 83
0 63 39
0 64 47
0 65 181
0 66 10
0 67 144
0 68 137
0 69 43
0 70 163
0 71 63
0 72 194
0 73 141
0 74 115
0 75 37
0 76 129
0 77 52
0 78 138
0 79 154
0 80 147
0 81 179
0 82 66
0 83 29
0 84 116
0 85 193
0 86 168
0 87 35
0 88 95
0 89 92
0 90 110
0 91 125
0 92 172
0 93 46
0 94 149
0 95 66
0 96 127
0 97 5
0 98 118
0 99 139
1 2 140
1 3 159
1 4 83
1 5 78
1 6 78
1 7 120
1 8 198
1 9 55
1 10 78
1 11 136
1 12 39
1 13 196
1 14 63
1 15 62
1 16 7
1 17 186
1 18 118
1 19 165
1 20 85
1 21 110
1 22 22
1 23 10
1 24 90
1 25 131
1 26 144
1 27 106
1 28 69
1 29 17
1 30 42
1 31 102
1 32 102
1 33 168
1 34 114
1 35 109
1 36 148
1 37 108
1 38 170
1 39 157
1 40 40
1 41 62
1 42 146
1 43 139
1 44 189
1 45 102
1 46 200
1 47 194
1 48 82
1 49 140
1 50 74
1 51 57
1 52 70
1 53 160
1 54 125
1 55 132
1 56 78
1 57 169
1 58 101
1 59 0
1 60 44
1 61 103
1 62 45
1 63 185
1 64 110
1 65 172
1 66 66
1 67 153
1 68 92
1 69 66
1 70 1
1 71 140
1 72 153
1 73 72
1 74 18
1 75 89
1 76 2
1 77 151
1 78 118
1 79 102
1 80 6
1 81 144
1 82 105
1 83 120
1 84 31
1 85 55
1 86 109
1 87 17
1 88 181
1 89 7
1 90 139
1 91 134
1 92 24
1 93 163
1 94 58
1 95 72
1 96 117
1 97 174
1 98 193
1 99 90
2 3 118
2 4 118
2 5 196
2 6 167
2 7 43
2 8 22
2 9 35
2 10 73
2 11 155
2 12 178
2 13 157
2 14 91
2 15 14
2 16 89
2 17 38
2 18 107
2 19 65
2 20 78
2 21 8
2 22 8
2 23 194
2 24 101
2 25 195
2 26 66
2 27 80
2 28 11
2 29 181
2 30 163
2 31 143
2 32 125
2 33 102
2 34 184
2 35 89
2 36 47
2 37 36
2 38 52
2 39 13
2 40 123
2 41 48
2 42 102
2 43 1
2 44 141
2 45 186
2 46 83
2 47 84
2 48 99
2 49 56
2 50 77
2 51 57
2 52 84
2 53 25
2 54 176
2 55 39
2 56 67
2 57 196
2 58 7
2 59 11
2 60 88
2 61 50
2 62 58
2 63 32
2 64 57
2 65 132
2 66 85
2 67 198
2 68 52
2 69 173
2 70 77
2 71 122
2 72 168
2 73 82
2 74 65
2 75 6
2 76 44
2 77 84
2 78 58
2 79 166
2 80 164
2 81 99
2 82 123
2 83 137
2 84 144
2 85 78
2 86 69
2 87 162
2 88 139
2 89 139
2 90 40
2 91 152
2 92 193
2 93 75
2 94 161
2 95 180
2 96 111
2 97 132
2 98 51
2 99 150
3 4 149
3 5 95
3 6 151
3 7 195
3 8 17
3 9 157
3 10 95
3 11 33
3 12 194
3 13 157
3 14 153
3 15 73
3 16 190
3 17 179
3 18 190
3 19 187
3 20 194
3 21 199
3 22 150
3 23 182
3 24 82
3 25 91
3 26 144
3 27 81
3 28 114
3 29 38
3 30 9
3 31 104
3 32 127
3 33 174
3 34 149
3 35 145
3 36 161
3 37 179
3 38 152
3 39 93
3 40 69
3 41 89
3 42 136
3 43 130
3 44 4
3 45 123
3 46 158
3 47 149
3 48 65
3 49 171
3 50 57
3 51 27
3 52 167
3 53 94
3 54 130
3 55 2
3 56 175
3 57 65
3 58 151
3 59 29
3 60 76
3 61 97
3 62 173
3 63 31
3 64 36
3 65 32
3 66 126
3 67 163
3 68 28
3 69 181
3 70 82
3 71 67
3 72 113
3 73 199
3 74 4
3 75 40
3 76 128
3 77 125
3 78 120
3 79 12
3 80 150
3 81 8
3 82 181
3 83 126
3 84 118
3 85 5
3 86 181
3 87 197
3 88 80
3 89 156
3 90 108
3 91 92
3 92 123
3 93 74
3 94 62
3 95 94
3 96 183
3 97 15
3 98 23
3 99 3
4 5 20
4 6 186
4 7 183
4 8 21
4 9 159
4 10 106
4 11 78
4 12 116
4 13 136
4 14 104
4 15 165
4 16 124
4 17 194
4 18 52
4 19 48
4 20 138
4 21 76
4 22 43
4 23 125
4 24 119
4 25 65
4 26 19
4 27 179
4 28 131
4 29 85
4 30 23
4 31 113
4 32 125
4 33 98
4 34 64
4 35 136
4 36 135
4 37 195
4 38 147
4 39 164
4 40 83
4 41 195
4 42 45
4 43 178
4 44 14
4 45 173
4 46 107
4 47 134
4 48 185
4 49 133
4 50 56
4 51 185
4 52 194
4 53 105
4 54 152
4 55 137
4 56 95
4 57 138
4 58 183
4 59 121
4 60 64
4 61 7
4 62 91
4 63 132
4 64 186
4 65 199
4 66 50
4 67 61
4 68 137
4 69 40
4 70 153
4 71 127
4 72 27
4 73 122
4 74 33
4 75 94
4 76 179
4 77 177
4 78 83
4 79 47
4 80 131
4 81 16
4 82 162
4 83 146
4 84 79
4 85 27
4 86 44
4 87 176
4 88 187
4 89 129
4 90 64
4 91 175
4 92 78
4 93 121
4 94 59
4 95 140
4 96 147
4 97 190
4 98 173
4 99 68
5 6 126
5 7 117
5 8 173
5 9 84
5 10 70
5 11 72
5 12 85
5 13 156
5 14 66
5 15 181
5 16 71
5 17 114
5 18 3
5 19 110
5 20 196
5 21 184
5 22 83
5 23 28
5 24 76
5 25 71
5 26 36
5 27 137
5 28 167
5 29 92
5 30 70
5 31 110
5 32 138
5 33 105
5 34 194
5 35 16
5 36 62
5 37 172
5 38 150
5 39 82
5 40 68
5 41 143
5 42 2
5 43 125
5 44 173
5 45 162
5 46 64
5 47 70
5 48 162
5 49 153
5 50 159
5 51 120
5 52 169
5 53 82
5 54 43
5 55 170
5 56 129
5 57 139
5 58 136
5 59 158
5 60 123
5 61 177
5 62 62
5 63 142
5 64 66
5 65 101
5 66 198
5 67 169
5 68 79
5 69 67
5 70 193
5 71 113
5 72 104
5 73 104
5 74 129
5 75 123
5 76 2
5 77 145
5 78 141
5 79 129
5 80 65
5 81 131
5 82 91
5 83 193
5 84 156
5 85 91
5 86 55
5 87 86
5 88 109
5 89 159
5 90 56
5 91 32
5 92 28
5 93 165
5 94 54
5 95 9
5 96 15
5 97 131
5 98 47
5 99 61
6 7 87
6 8 176
6 9 111
6 10 128
6 11 173
6 12 39
6 13 178
6 14 63
6 15 110
6 16 98
6 17 68
6 18 25
6 19 48
6 20 87
6 21 172
6 22 48
6 23 5
6 24 103
6 25 79
6 26 73
6 27 55
6 28 92
6 29 75
6 30 125
6 31 162
6 32 150
6 33 1
6 34 185
6 35 115
6 36 21
6 37 92
6 38 39
6 39 122
6 40 120
6 41 58
6 42 158
6 43 50
6 44 144
6 45 120
6 46 11
6 47 80
6 48 1
6 49 123
6 50 1
6 51 58
6 52 97
6 53 10
6 54 5
6 55 88
6 56 137
6 57 1
6 58 73
6 59 63
6 60 21
6 61 132
6 62 164
6 63 72
6 64 156
6 65 151
6 66 1
6 67 1
6 68 184
6 69 131
6 70 27
6 71 109
6 72 44
6 73 90
6 74 20
6 75 122
6 76 145
6 77 136
6 78 44
6 79 125
6 80 41
6 81 2
6 82 188
6 83 5
6 84 67
6 85 150
6 86 109
6 87 146
6 88 129
6 89 11
6 90 168
6 91 62
6 92 32
6 93 119
6 94 121
6 95 151
6 96 15
6 97 75
6 98 23
6 99 123
7 8 177
7 9 86
7 10 131
7 11 52
7 12 0
7 13 82
7 14 14
7 15 26
7 16 52
7 17 162
7 18 117
7 19 39
7 20 133
7 21 137
7 22 120
7 23 43
7 24 59
7 25 49
7 26 56
7 27 62
7 28 176
7 29 53
7 30 105
7 31 123
7 32 181
7 33 133
7 34 75
7 35 117
7 36 169
7 37 131
7 38 198
7 39 7
7 40 181
7 41 37
7 42 196
7 43 90
7 44 84
7 45 104
7 46 22
7 47 36
7 48 123
7 49 49
7 50 124
7 51 147
7 52 97
7 53 73
7 54 184
7 55 15
7 56 153
7 57 152
7 58 53
7 59 4
7 60 1
7 61 67
7 62 19
7 63 91
7 64 19
7 65 99
7 66 77
7 67 190
7 68 4
7 69 148
7 70 91
7 71 126
7 72 58
7 73 44
7 74 136
7 75 7
7 76 67
7 77 112
7 78 137
7 79 166
7 80 193
7 81 49
7 82 114
7 83 65
7 84 76
7 85 153
7 86 88
7 87 116
7 88 136
7 89 180
7 90 147
7 91 141
7 92 3
7 93 170
7 94 2
7 95 141
7 96 91
7 97 57
7 98 131
7 99 190
8 9 20
8 10 149
8 11 71
8 12 67
8 13 75
8 14 128
8 15 0
8 16 136
8 17 68
8 18 13
8 19 194
8 20 196
8 21 91
8 22 29
8 23 198
8 24 187
8 25 186
8 26 173
8 27 150
8 28 86
8 29 86
8 30 3
8 31 163
8 32 77
8 33 152
8 34 68
8 35 100
8 36 88
8 37 112
8 38 108
8 39 150
8 40 79
8 41 143
8 42 87
8 43 18
8 44 101
8 45 73
8 46 3
8 47 138
8 48 74
8 49 45
8 50 162
8 51 78
8 52 68
8 53 183
8 54 117
8 55 20
8 56 109
8 57 192
8 58 80
8 59 37
8 60 194
8 61 59
8 62 74
8 63 102
8 64 121
8 65 32
8 66 1
8 67 189
8 68 86
8 69 164
8 70 94
8 71 138
8 72 78
8 73 119
8 74 124
8 75 100
8 76 55
8 77 39
8 78 21
8 79 13
8 80 25
8 81 124
8 82 105
8 83 167
8 84 195
8 85 88
8 86 35
8 87 86
8 88 138
8 89 123
8 90 116
8 91 189
8 92 55
8 93 80
8 94 137
8 95 130
8 96 134
8 97 31
8 98 84
8 99 73
9 10 41
9 11 183
9 12 124
9 13 138
9 14 169
9 15 196
9 16 76
9 17 165
9 18 105
9 19 194
9 20 22
9 21 99
9 22 154
9 23 87
9 24 72
9 25 73
9 26 98
9 27 114
9 28 56
9 29 131
9 30 31
9 31 102
9 32 103
9 33 115
9 34 46
9 35 134
9 36 164
9 37 43
9 38 144
9 39 108
9 40 117
9 41 33
9 42 178
9 43 15
9 44 47
9 45 96
9 46 159
9 47 62
9 48 26
9 49 143
9 50 188
9 51 162
9 52 94
9 53 113
9 54 37
9 55 61
9 56 10
9 57 112
9 58 192
9 59 40
9 60 127
9 61 170
9 62 187
9 63 14
9 64 51
9 65 179
9 66 56
9 67 53
9 68 187
9 69 155
9 70 129
9 71 195
9 72 73
9 73 148
9 74 48
9 75 31
9 76 187
9 77 62
9 78 125
9 79 55
9 80 169
9 81 117
9 82 173
9 83 170
9 84 28
9 85 48
9 86 19
9 87 4
9 88 198
9 89 169
9 90 174
9 91 102
9 92 137
9 93 76
9 94 187
9 95 175
9 96 64
9 97 142
9 98 183
9 99 148
10 11 115
10 12 164
10 13 71
10 14 150
10 15 151
10 16 42
10 17 107
10 18 127
10 19 58
10 20 69
10 21 70
10 22 163
10 23 141
10 24 69
10 25 10
10 26 131
10 27 7
10 28 159
10 29 157
10 30 156
10 31 159
10 32 154
10 33 152
10 34 161
10 35 48
10 36 170
10 37 142
10 38 149
10 39 99
10 40 195
10 41 51
10 42 20
10 43 131
10 44 161
10 45 173
10 46 19
10 47 197
10 48 174
10 49 42
10 50 175
10 51 16
10 52 81
10 53 101
10 54 63
10 55 96
10 56 29
10 57 171
10 58 121
10 59 116
10 60 30
10 61 194
10 62 51
10 63 167
10 64 123
10 65 50
10 66 11
10 67 15
10 68 165
10 69 27
10 70 92
10 71 191
10 72 76
10 73 53
10 74 191
10 75 162
10 76 141
10 77 177
10 78 19
10 79 104
10 80 30
10 81 123
10 82 33
10 83 101
10 84 136
10 85 150
10 86 28
10 87 33
10 88 121
10 89 165
10 90 122
10 91 69
10 92 65
10 93 9
10 94 4
10 95 189
10 96 83
10 97 10
10 98 80
10 99 64
11 12 22
11 13 70
11 14 132
11 15 89
11 16 147
11 17 47
11 18 129
11 19 6
11 20 18
11 21 161
11 22 44
11 23 108
11 24 129
11 25 96
11 26 67
11 27 131
11 28 149
11 29 184
11 30 68
11 31 71
11 32 45
11 33 163
11 34 75
11 35 4
11 36 31
11 37 64
11 38 43
11 39 9
11 40 40
11 41 189
11 42 160
11 43 180
11 44 194
11 45 101
11 46 29
11 47 58
11 48 146
11 49 5
11 50 74
11 51 94
11 52 125
11 53 1
11 54 81
11 55 0
11 56 78
11 57 89
11 58 124
11 59 12
11 60 73
11 61 5
11 62 194
11 63 51
11 64 10
11 65 33
11 66 129
11 67 77
11 68 138
11 69 144
11 70 37
11 71 145
11 72 50
11 73 108
11 74 25
11 75 20
11 76 70
11 77 100
11 78 185
11 79 126
11 80 176
11 81 129
11 82 38
11 83 143
11 84 169
11 85 80
11 86 101
11 87 29
11 88 96
11 89 94
11 90 49
11 91 163
11 92 121
11 93 72
11 94 141
11 95 46
11 96 177
11 97 32
11 98 33
11 99 112
12 13 192
12 14 125
12 15 173
12 16 133
12 17 141
12 18 122
12 19 70
12 20 154
12 21 84
12 22 13
12 23 191
12 24 79
12 25 167
12 26 71
12 27 21
12 28 193
12 29 7
12 30 24
12 31 28
12 32 131
12 33 188
12 34 23
12 35 30
12 36 110
12 37 150
12 38 139
12 39 72
12 40 114
12 41 4
12 42 119
12 43 186
12 44 138
12 45 143
12 46 155
12 47 64
12 48 112
12 49 200
12 50 59
12 51 188
12 52 54
12 53 14
12 54 79
12 55 80
12 56 44
12 57 42
12 58 96
12 59 49
12 60 169
12 61 69
12 62 162
12 63 110
12 64 168
12 65 194
12 66 103
12 67 12
12 68 26
12 69 48
12 70 68
12 71 57
12 72 76
12 73 10
12 74 50
12 75 193
12 76 41
12 77 190
12 78 176
12 79 7
12 80 152
12 81 142
12 82 9
12 83 112
12 84 126
12 85 36
12 86 82
12 87 13
12 88 82
12 89 164
12 90 14
12 91 95
12 92 41
12 93 2
12 94 152
12 95 120
12 96 36
12 97 74
12 98 6
12 99 173
13 14 161
13 15 90
13 16 146
13 17 83
13 18 47
13 19 179
13 20 148
13 21 186
13 22 76
13 23 25
13 24 89
13 25 146
13 26 79
13 27 122
13 28 41
13 29 142
13 30 157
13 31 76
13 32 108
13 33 144
13 34 129
13 35 112
13 36 114
13 37 26
13 38 116
13 39 162
13 40 101
13 41 32
13 42 153
13 43 37
13 44 35
13 45 116
13 46 174
13 47 20
13 48 179
13 49 112
13 50 60
13 51 150
13 52 5
13 53 163
13 54 49
13 55 38
13 56 35
13 57 192
13 58 174
13 59 40
13 60 108
13 61 153
13 62 93
13 63 118
13 64 105
13 65 148
13 66 111
13 67 6
13 68 178
13 69 122
13 70 76
13 71 182
13 72 64
13 73 122
13 74 66
13 75 25
13 76 189
13 77 116
13 78 119
13 79 154
13 80 3
13 81 194
13 82 100
13 83 159
13 84 191
13 85 69
13 86 185
13 87 197
13 88 5
13 89 119
13 90 185
13 91 140
13 92 171
13 93 118
13 94 10
13 95 183
13 96 136
13 97 43
13 98 128
13 99 192
14 15 154
14 16 189
14 17 37
14 18 43
14 19 191
14 20 115
14 21 106
14 22 131
14 23 39
14 24 18
14 25 78
14 26 10
14 27 173
14 28 96
14 29 148
14 30 66
14 31 117
14 32 101
14 33 35
14 34 92
14 35 78
14 36 90
14 37 186
14 38 29
14 39 122
14 40 127
14 41 166
14 42 84
14 43 45
14 44 188
14 45 41
14 46 4
14 47 149
14 48 15
14 49 52
14 50 4
14 51 157
14 52 34
14 53 70
14 54 89
14 55 16
14 56 28
14 57 189
14 58 79
14 59 171
14 60 70
14 61 30
14 62 133
14 63 48
14 64 151
14 65 154
14 66 84
14 67 22
14 68 187
14 69 196
14 70 115
14 71 62
14 72 80
14 73 3
14 74 121
14 75 169
14 76 178
14 77 102
14 78 127
14 79 133
14 80 130
14 81 4
14 82 154
14 83 101
14 84 35
14 85 25
14 86 159
14 87 25
14 88 16
14 89 185
14 90 111
14 91 198
14 92 131
14 93 26
14 94 30
14 95 171
14 96 88
14 97 125
14 98 77
14 99 157
15 16 78
15 17 149
15 18 134
15 19 27
15 20 110
15 21 190
15 22 197
15 23 41
15 24 27
15 25 32
15 26 193
15 27 81
15 28 95
15 29 36
15 30 195
15 31 4
15 32 76
15 33 195
15 34 129
15 35 157
15 36 50
15 37 45
15 38 183
15 39 119
15 40 177
15 41 10
15 42 100
15 43 62
15 44 102
15 45 87
15 46 161
15 47 128
15 48 159
15 49 72
15 50 111
15 51 156
15 52 191
15 53 104
15 54 81
15 55 115
15 56 43
15 57 85
15 58 10
15 59 18
15 60 85
15 61 167
15 62 12
15 63 174
15 64 131
15 65 147
15 66 186
15 67 198
15 68 93
15 69 107
15 70 125
15 71 159
15 72 174
15 73 45
15 74 200
15 75 83
15 76 34
15 77 160
15 78 126
15 79 180
15 80 24
15 81 125
15 82 79
15 83 39
15 84 79
15 85 180
15 86 19
15 87 97
15 88 77
15 89 85
15 90 126
15 91 168
15 92 14
15 93 185
15 94 184
15 95 42
15 96 66
15 97 176
15 98 131
15 99 15
16 17 127
16 18 122
16 19 124
16 20 131
16 21 88
16 22 4
16 23 73
16 24 66
16 25 171
16 26 140
16 27 136
16 28 200
16 29 157
16 30 163
16 31 60
16 32 65
16 33 112
16 34 112
16 35 196
16 36 85
16 37 29
16 38 72
16 39 35
16 40 60
16 41 74
16 42 30
16 43 139
16 44 162
16 45 116
16 46 161
16 47 167
16 48 54
16 49 145
16 50 141
16 51 63
16 52 35
16 53 130
16 54 193
16 55 158
16 56 18
16 57 25
16 58 138
16 59 3
16 60 17
16 61 116
16 62 77
16 63 150
16 64 107
16 65 12
16 66 84
16 67 172
16 68 67
16 69 60
16 70 164
16 71 68
16 72 82
16 73 128
16 74 126
16 75 77
16 76 159
16 77 199
16 78 17
16 79 62
16 80 162
16 81 134
16 82 27
16 83 8
16 84 35
16 85 151
16 86 110
16 87 149
16 88 124
16 89 67
16 90 127
16 91 185
16 92 56
16 93 39
16 94 191
16 95 38
16 96 194
16 97 99
16 98 126
16 99 33
17 18 166
17 19 96
17 20 43
17 21 125
17 22 3
17 23 191
17 24 37
17 25 6
17 26 37
17 27 53
17 28 24
17 29 163
17 30 155
17 31 14
17 32 137
17 33 139
17 34 167
17 35 108
17 36 192
17 37 56
17 38 12
17 39 64
17 40 96
17 41 17
17 42 195
17 43 129
17 44 95
17 45 112
17 46 28
17 47 2
17 48 77
17 49 60
17 50 50
17 51 52
17 52 136
17 53 176
17 54 137
17 55 53
17 56 175
17 57 13
17 58 55
17 59 22
17 60 142
17 61 181
17 62 133
17 63 34
17 64 106
17 65 152
17 66 183
17 67 41
17 68 50
17 69 99
17 70 44
17 71 76
17 72 142
17 73 153
17 74 82
17 75 83
17 76 10
17 77 94
17 78 153
17 79 68
17 80 167
17 81 120
17 82 121
17 83 118
17 84 58
17 85 13
17 86 139
17 87 190
17 88 83
17 89 153
17 90 157
17 91 172
17 92 179
17 93 129
17 94 9
17 95 54
17 96 71
17 97 155
17 98 32
17 99 113
18 19 95
18 20 140
18 21 196
18 22 27
18 23 79
18 24 41
18 25 163
18 26 155
18 27 92
18 28 109
18 29 180
18 30 33
18 31 155
18 32 65
18 33 193
18 34 122
18 35 191
18 36 186
18 37 131
18 38 134
18 39 90
18 40 129
18 41 109
18 42 105
18 43 5
18 44 200
18 45 115
18 46 112
18 47 150
18 48 22
18 49 188
18 50 26
18 51 45
18 52 38
18 53 1
18 54 27
18 55 58
18 56 83
18 57 115
18 58 126
18 59 9
18 60 59
18 61 198
18 62 103
18 63 99
18 64 71
18 65 154
18 66 182
18 67 3
18 68 55
18 69 151
18 70 122
18 71 187
18 72 178
18 73 106
18 74 189
18 75 9
18 76 2
18 77 161
18 78 2
18 79 93
18 80 108
18 81 44
18 82 172
18 83 43
18 84 36
18 85 44
18 86 183
18 87 200
18 88 168
18 89 168
18 90 169
18 91 45
18 92 195
18 93 67
18 94 30
18 95 118
18 96 94
18 97 70
18 98 171
18 99 36
19 20 78
19 21 91
19 22 119
19 23 180
19 24 9
19 25 173
19 26 36
19 27 94
19 28 192
19 29 10
19 30 154
19 31 76
19 32 52
19 33 92
19 34 137
19 35 148
19 36 150
19 37 181
19 38 54
19 39 121
19 40 146
19 41 63
19 42 184
19 43 140
19 44 46
19 45 121
19 46 147
19 47 97
19 48 118
19 49 131
19 50 167
19 51 34
19 52 133
19 53 164
19 54 56
19 55 75
19 56 68
19 57 163
19 58 117
19 59 71
19 60 20
19 61 110
19 62 82
19 63 12
19 64 110
19 65 76
19 66 43
19 67 149
19 68 46
19 69 178
19 70 128
19 71 88
19 72 43
19 73 151
19 74 63
19 75 170
19 76 21
19 77 115
19 78 74
19 79 57
19 80 174
19 81 66
19 82 131
19 83 88
19 84 44
19 85 172
19 86 57
19 87 161
19 88 11
19 89 39
19 90 188
19 91 64
19 92 103
19 93 44
19 94 63
19 95 150
19 96 179
19 97 23
19 98 40
19 99 57
20 21 27
20 22 37
20 23 188
20 24 63
20 25 119
20 26 8
20 27 193
20 28 142
20 29 55
20 30 173
20 31 87
20 32 31
20 33 187
20 34 128
20 35 148
20 36 47
20 37 69
20 38 144
20 39 13
20 40 88
20 41 156
20 42 70
20 43 115
20 44 132
20 45 68
20 46 92
20 47 131
20 48 115
20 49 19
20 50 71
20 51 65
20 52 178
20 53 27
20 54 29
20 55 113
20 56 173
20 57 43
20 58 3
20 59 82
20 60 120
20 61 56
20 62 176
20 63 162
20 64 126
20 65 7
20 66 117
20 67 185
20 68 10
20 69 114
20 70 118
20 71 54
20 72 112
20 73 148
20 74 58
20 75 161
20 76 72
20 77 71
20 78 87
20 79 165
20 80 35
20 81 23
20 82 27
20 83 174
20 84 13
20 85 12
20 86 160
20 87 13
20 88 92
20 89 171
20 90 124
20 91 89
20 92 197
20 93 109
20 94 22
20 95 10
20 96 59
20 97 116
20 98 167
20 99 18
21 22 191
21 23 101
21 24 85
21 25 81
21 26 117
21 27 64
21 28 9
21 29 143
21 30 105
21 31 183
21 32 56
21 33 146
21 34 6
21 35 0
21 36 193
21 37 115
21 38 162
21 39 133
21 40 11
21 41 31
21 42 48
21 43 162
21 44 151
21 45 34
21 46 5
21 47 178
21 48 45
21 49 173
21 50 110
21 51 32
21 52 14
21 53 80
21 54 80
21 55 11
21 56 65
21 57 180
21 58 74
21 59 168
21 60 136
21 61 97
21 62 188
21 63 5
21 64 68
21 65 33
21 66 100
21 67 101
21 68 120
21 69 22
21 70 171
21 71 180
21 72 79
21 73 93
21 74 51
21 75 115
21 76 20
21 77 64
21 78 164
21 79 173
21 80 152
21 81 177
21 82 35
21 83 37
21 84 101
21 85 107
21 86 57
21 87 185
21 88 147
21 89 170
21 90 183
21 91 181
21 92 73
21 93 28
21 94 81
21 95 143
21 96 191
21 97 1
21 98 13
21 99 15
22 23 70
22 24 175
22 25 41
22 26 198
22 27 178
22 28 49
22 29 10
22 30 125
22 31 120
22 32 197
22 33 187
22 34 44
22 35 168
22 36 2
22 37 74
22 38 94
22 39 114
22 40 29
22 41 80
22 42 122
22 43 73
22 44 178
22 45 121
22 46 166
22 47 85
22 48 64
22 49 12
22 50 137
22 51 140
22 52 199
22 53 181
22 54 18
22 55 153
22 56 183
22 57 63
22 58 18
22 59 199
22 60 179
22 61 13
22 62 32
22 63 20
22 64 184
22 65 81
22 66 42
22 67 96
22 68 196
22 69 28
22 70 19
22 71 32
22 72 73
22 73 185
22 74 26
22 75 45
22 76 122
22 77 20
22 78 43
22 79 40
22 80 79
22 81 44
22 82 3
22 83 126
22 84 193
22 85 62
22 86 115
22 87 13
22 88 59
22 89 25
22 90 17
22 91 27
22 92 160
22 93 103
22 94 19
22 95 107
22 96 115
22 97 192
22 98 60
22 99 40
23 24 142
23 25 135
23 26 73
23 27 16
23 28 128
23 29 123
23 30 104
23 31 151
23 32 107
23 33 65
23 34 157
23 35 181
23 36 163
23 37 75
23 38 112
23 39 155
23 40 66
23 41 39
23 42 129
23 43 175
23 44 104
23 45 122
23 46 36
23 47 145
23 48 192
23 49 135
23 50 37
23 51 80
23 52 160
23 53 77
23 54 104
23 55 58
23 56 139
23 57 39
23 58 92
23 59 41
23 60 120
23 61 99
23 62 9
23 63 18
23 64 27
23 65 0
23 66 6
23 67 14
23 68 21
23 69 154
23 70 180
23 71 163
23 72 79
23 73 114
23 74 49
23 75 154
23 76 178
23 77 94
23 78 115
23 79 15
23 80 134
23 81 55
23 82 195
23 83 23
23 84 186
23 85 113
23 86 191
23 87 192
23 88 36
23 89 11
23 90 116
23 91 177
23 92 76
23 93 15
23 94 181
23 95 48
23 96 109
23 97 100
23 98 53
23 99 129
24 25 200
24 26 8
24 27 185
24 28 10
24 29 171
24 30 140
24 31 35
24 32 21
24 33 114
24 34 74
24 35 187
24 36 54
24 37 101
24 38 64
24 39 12
24 40 126
24 41 2
24 42 198
24 43 88
24 44 180
24 45 71
24 46 34
24 47 37
24 48 95
24 49 116
24 50 171
24 51 177
24 52 48
24 53 96
24 54 38
24 55 44
24 56 42
24 57 106
24 58 30
24 59 60
24 60 36
24 61 7
24 62 132
24 63 54
24 64 192
24 65 49
24 66 13
24 67 174
24 68 66
24 69 187
24 70 182
24 71 17
24 72 122
24 73 24
24 74 10
24 75 55
24 76 55
24 77 8
24 78 60
24 79 122
24 80 193
24 81 56
24 82 82
24 83 105
24 84 122
24 85 19
24 86 149
24 87 4
24 88 25
24 89 156
24 90 153
24 91 111
24 92 79
24 93 153
24 94 1
24 95 50
24 96 36
24 97 48
24 98 70
24 99 31
25 26 79
25 27 58
25 28 157
25 29 62
25 30 98
25 31 12
25 32 178
25 33 190
25 34 29
25 35 158
25 36 131
25 37 119
25 38 93
25 39 37
25 40 109
25 41 100
25 42 161
25 43 116
25 44 36
25 45 123
25 46 68
25 47 89
25 48 10
25 49 130
25 50 194
25 51 144
25 52 69
25 53 0
25 54 76
25 55 172
25 56 30
25 57 124
25 58 150
25 59 67
25 60 112
25 61 92
25 62 105
25 63 149
25 64 121
25 65 195
25 66 79
25 67 89
25 68 24
25 69 111
25 70 21
25 71 4
25 72 152
25 73 4
25 74 78
25 75 65
25 76 30
25 77 193
25 78 107
25 79 141
25 80 150
25 81 123
25 82 22
25 83 169
25 84 95
25 85 146
25 86 157
25 87 16
25 88 164
25 89 8
25 90 73
25 91 122
25 92 3
25 93 98
25 94 66
25 95 177
25 96 196
25 97 158
25 98 18
25 99 104
26 27 31
26 28 165
26 29 106
26 30 102
26 31 60
26 32 128
26 33 45
26 34 153
26 35 3
26 36 45
26 37 90
26 38 97
26 39 128
26 40 189
26 41 84
26 42 178
26 43 100
26 44 12
26 45 41
26 46 160
26 47 159
26 48 4
26 49 120
26 50 127
26 51 31
26 52 104
26 53 51
26 54 192
26 55 30
26 56 198
26 57 32
26 58 125
26 59 199
26 60 165
26 61 84
26 62 43
26 63 16
26 64 52
26 65 130
26 66 13
26 67 61
26 68 190
26 69 195
26 70 80
26 71 108
26 72 130
26 73 114
26 74 63
26 75 136
26 76 43
26 77 187
26 78 16
26 79 156
26 80 172
26 81 69
26 82 198
26 83 8
26 84 48
26 85 43
26 86 161
26 87 65
26 88 174
26 89 193
26 90 20
26 91 89
26 92 51
26 93 195
26 94 150
26 95 183
26 96 116
26 97 171
26 98 21
26 99 2
27 28 179
27 29 187
27 30 34
27 31 168
27 32 130
27 33 83
27 34 91
27 35 40
27 36 155
27 37 131
27 38 133
27 39 23
27 40 130
27 41 66
27 42 37
27 43 144
27 44 32
27 45 85
27 46 96
27 47 91
27 48 189
27 49 165
27 50 7
27 51 54
27 52 82
27 53 79
27 54 10
27 55 49
27 56 80
27 57 139
27 58 178
27 59 125
27 60 191
27 61 22
27 62 32
27 63 44
27 64 83
27 65 120
27 66 61
27 67 174
27 68 161
27 69 162
27 70 60
27 71 4
27 72 38
27 73 60
27 74 103
27 75 65
27 76 169
27 77 17
27 78 125
27 79 114
27 80 124
27 81 9
27 82 16
27 83 200
27 84 132
27 85 77
27 86 142
27 87 101
27 88 187
27 89 83
27 90 38
27 91 71
27 92 179
27 93 178
27 94 91
27 95 36
27 96 126
27 97 73
27 98 98
27 99 53
28 29 189
28 30 101
28 31 11
28 32 75
28 33 143
28 34 134
28 35 175
28 36 158
28 37 85
28 38 11
28 39 147
28 40 198
28 41 194
28 42 153
28 43 14
28 44 158
28 45 62
28 46 142
28 47 74
28 48 58
28 49 181
28 50 87
28 51 25
28 52 36
28 53 63
28 54 147
28 55 90
28 56 34
28 57 82
28 58 101
28 59 83
28 60 9
28 61 96
28 62 48
28 63 21
28 64 140
28 65 47
28 66 183
28 67 194
28 68 152
28 69 8
28 70 170
28 71 24
28 72 24
28 73 63
28 74 187
28 75 51
28 76 61
28 77 101
28 78 51
28 79 32
28 80 148
28 81 94
28 82 153
28 83 62
28 84 197
28 85 192
28 86 0
28 87 196
28 88 50
28 89 63
28 90 2
28 91 125
28 92 88
28 93 156
28 94 143
28 95 197
28 96 43
28 97 88
28 98 109
28 99 44
29 30 193
29 31 162
29 32 164
29 33 143
29 34 171
29 35 100
29 36 36
29 37 173
29 38 135
29 39 88
29 40 76
29 41 19
29 42 16
29 43 132
29 44 200
29 45 181
29 46 163
29 47 121
29 48 41
29 49 86
29 50 113
29 51 173
29 52 61
29 53 63
29 54 200
29 55 18
29 56 21
29 57 185
29 58 91
29 59 110
29 60 140
29 61 18
29 62 44
29 63 120
29 64 24
29 65 103
29 66 200
29 67 179
29 68 109
29 69 85
29 70 115
29 71 141
29 72 42
29 73 174
29 74 112
29 75 192
29 76 20
29 77 91
29 78 175
29 79 51
29 80 143
29 81 187
29 82 135
29 83 11
29 84 128
29 85 183
29 86 92
29 87 111
29 88 32
29 89 124
29 90 166
29 91 72
29 92 160
29 93 22
29 94 150
29 95 191
29 96 193
29 97 15
29 98 122
29 99 47
30 31 30
30 32 192
30 33 107
30 34 100
30 35 157
30 36 192
30 37 116
30 38 33
30 39 44
30 40 18
30 41 0
30 42 90
30 43 87
30 44 24
30 45 187
30 46 153
30 47 191
30 48 128
30 49 110
30 50 195
30 51 25
30 52 101
30 53 163
30 54 107
30 55 13
30 56 175
30 57 133
30 58 78
30 59 136
30 60 112
30 61 87
30 62 125
30 63 162
30 64 111
30 65 144
30 66 164
30 67 12
30 68 101
30 69 135
30 70 74
30 71 181
30 72 35
30 73 190
30 74 127
30 75 183
30 76 88
30 77 138
30 78 110
30 79 110
30 80 10
30 81 8
30 82 39
30 83 103
30 84 157
30 85 154
30 86 189
30 87 88
30 88 133
30 89 0
30 90 106
30 91 143
30 92 141
30 93 3
30 94 19
30 95 174
30 96 88
30 97 177
30 98 100
30 99 165
31 32 138
31 33 132
31 34 198
31 35 135
31 36 119
31 37 77
31 38 109
31 39 73
31 40 133
31 41 174
31 42 139
31 43 4
31 44 6
31 45 113
31 46 161
31 47 87
31 48 126
31 49 1
31 50 118
31 51 188
31 52 190
31 53 189
31 54 118
31 55 93
31 56 71
31 57 148
31 58 162
31 59 91
31 60 171
31 61 91
31 62 109
31 63 137
31 64 52
31 65 105
31 66 72
31 67 4
31 68 162
31 69 163
31 70 181
31 71 68
31 72 155
31 73 57
31 74 35
31 75 10
31 76 73
31 77 17
31 78 184
31 79 0
31 80 161
31 81 161
31 82 187
31 83 29
31 84 27
31 85 5
31 86 1
31 87 53
31 88 28
31 89 9
31 90 132
31 91 66
31 92 48
31 93 190
31 94 46
31 95 177
31 96 166
31 97 193
31 98 26
31 99 150
32 33 23
32 34 140
32 35 191
32 36 186
32 37 154
32 38 96
32 39 39
32 40 24
32 41 165
32 42 160
32 43 81
32 44 96
32 45 135
32 46 144
32 47 55
32 48 151
32 49 161
32 50 39
32 51 79
32 52 30
32 53 182
32 54 113
32 55 19
32 56 56
32 57 65
32 58 63
32 59 170
32 60 167
32 61 97
32 62 107
32 63 120
32 64 174
32 65 162
32 66 55
32 67 163
32 68 188
32 69 167
32 70 94
32 71 57
32 72 196
32 73 22
32 74 44
32 75 145
32 76 11
32 77 17
32 78 162
32 79 130
32 80 188
32 81 76
32 82 160
32 83 144
32 84 102
32 85 189
32 86 121
32 87 135
32 88 13
32 89 118
32 90 100
32 91 5
32 92 79
32 93 142
32 94 77
32 95 140
32 96 187
32 97 97
32 98 35
32 99 165
33 34 199
33 35 178
33 36 141
33 37 164
33 38 98
33 39 82
33 40 130
33 41 147
33 42 92
33 43 189
33 44 75
33 45 6
33 46 0
33 47 171
33 48 120
33 49 17
33 50 19
33 51 3
33 52 135
33 53 69
33 54 142
33 55 126
33 56 15
33 57 31
33 58 116
33 59 27
33 60 24
33 61 67
33 62 4
33 63 132
33 64 145
33 65 139
33 66 123
33 67 180
33 68 67
33 69 87
33 70 44
33 71 25
33 72 57
33 73 10
33 74 131
33 75 45
33 76 87
33 77 182
33 78 113
33 79 26
33 80 76
33 81 33
33 82 82
33 83 161
33 84 182
33 85 110
33 86 88
33 87 2
33 88 174
33 89 117
33 90 7
33 91 114
33 92 87
33 93 100
33 94 118
33 95 121
33 96 13
33 97 109
33 98 190
33 99 44
34 35 185
34 36 22
34 37 45
34 38 67
34 39 91
34 40 65
34 41 0
34 42 198
34 43 126
34 44 180
34 45 111
34 46 34
34 47 165
34 48 127
34 49 187
34 50 55
34 51 119
34 52 165
34 53 83
34 54 89
34 55 149
34 56 180
34 57 171
34 58 67
34 59 193
34 60 62
34 61 63
34 62 160
34 63 103
34 64 26
34 65 198
34 66 197
34 67 150
34 68 142
34 69 50
34 70 143
34 71 185
34 72 37
34 73 112
34 74 175
34 75 197
34 76 46
34 77 118
34 78 99
34 79 87
34 80 140
34 81 164
34 82 98
34 83 189
34 84 82
34 85 198
34 86 46
34 87 84
34 88 10
34 89 162
34 90 174
34 91 117
34 92 6
34 93 4
34 94 125
34 95 32
34 96 136
34 97 64
34 98 67
34 99 35
35 36 161
35 37 149
35 38 195
35 39 24
35 40 187
35 41 81
35 42 6
35 43 49
35 44 104
35 45 85
35 46 20
35 47 119
35 48 52
35 49 168
35 50 198
35 51 162
35 52 154
35 53 96
35 54 67
35 55 86
35 56 101
35 57 162
35 58 152
35 59 121
35 60 80
35 61 129
35 62 121
35 63 13
35 64 116
35 65 173
35 66 91
35 67 130
35 68 184
35 69 125
35 70 147
35 71 175
35 72 128
35 73 12
35 74 125
35 75 77
35 76 53
35 77 110
35 78 80
35 79 38
35 80 195
35 81 24
35 82 51
35 83 153
35 84 93
35 85 39
35 86 131
35 87 154
35 88 46
35 89 60
35 90 143
35 91 15
35 92 189
35 93 31
35 94 100
35 95 116
35 96 169
35 97 111
35 98 104
35 99 152
36 37 140
36 38 107
36 39 125
36 40 69
36 41 170
36 42 112
36 43 196
36 44 40
36 45 25
36 46 193
36 47 82
36 48 102
36 49 43
36 50 97
36 51 177
36 52 56
36 53 105
36 54 55
36 55 105
36 56 61
36 57 19
36 58 175
36 59 138
36 60 21
36 61 191
36 62 30
36 63 64
36 64 78
36 65 88
36 66 116
36 67 172
36 68 129
36 69 139
36 70 80
36 71 58
36 72 105
36 73 193
36 74 100
36 75 171
36 76 16
36 77 118
36 78 81
36 79 118
36 80 122
36 81 128
36 82 8
36 83 95
36 84 192
36 85 31
36 86 106
36 87 35
36 88 81
36 89 153
36 90 50
36 91 162
36 92 71
36 93 20
36 94 137
36 95 58
36 96 144
36 97 46
36 98 111
36 99 6
37 38 19
37 39 87
37 40 11
37 41 9
37 42 34
37 43 143
37 44 147
37 45 2
37 46 158
37 47 90
37 48 23
37 49 44
37 50 174
37 51 92
37 52 63
37 53 88
37 54 148
37 55 55
37 56 73
37 57 89
37 58 18
37 59 200
37 60 129
37 61 86
37 62 15
37 63 139
37 64 141
37 65 6
37 66 94
37 67 157
37 68 114
37 69 153
37 70 149
37 71 101
37 72 102
37 73 111
37 74 35
37 75 176
37 76 183
37 77 92
37 78 143
37 79 189
37 80 38
37 81 165
37 82 89
37 83 156
37 84 101
37 85 136
37 86 194
37 87 144
37 88 23
37 89 59
37 90 59
37 91 161
37 92 40
37 93 34
37 94 94
37 95 13
37 96 53
37 97 3
37 98 153
37 99 179
38 39 71
38 40 169
38 41 191
38 42 69
38 43 89
38 44 121
38 45 194
38 46 5
38 47 115
38 48 84
38 49 152
38 50 15
38 51 101
38 52 176
38 53 153
38 54 141
38 55 32
38 56 176
38 57 133
38 58 35
38 59 116
38 60 197
38 61 195
38 62 179
38 63 120
38 64 70
38 65 167
38 66 185
38 67 51
38 68 178
38 69 159
38 70 61
38 71 172
38 72 143
38 73 42
38 74 182
38 75 27
38 76 102
38 77 178
38 78 184
38 79 116
38 80 163
38 81 155
38 82 198
38 83 130
38 84 110
38 85 20
38 86 171
38 87 59
38 88 70
38 89 90
38 90 195
38 91 142
38 92 52
38 93 76
38 94 99
38 95 122
38 96 54
38 97 18
38 98 66
38 99 0
39 40 36
39 41 106
39 42 140
39 43 99
39 44 80
39 45 68
39 46 53
39 47 150
39 48 92
39 49 75
39 50 22
39 51 181
39 52 117
39 53 186
39 54 66
39 55 45
39 56 47
39 57 145
39 58 109
39 59 71
39 60 77
39 61 111
39 62 93
39 63 149
39 64 15
39 65 137
39 66 86
39 67 124
39 68 2
39 69 96
39 70 154
39 71 113
39 72 146
39 73 28
39 74 50
39 75 76
39 76 167
39 77 199
39 78 99
39 79 149
39 80 1
39 81 141
39 82 93
39 83 135
39 84 139
39 85 100
39 86 64
39 87 133
39 88 166
39 89 136
39 90 139
39 91 145
39 92 122
39 93 31
39 94 44
39 95 192
39 96 112
39 97 0
39 98 119
39 99 88
40 41 107
40 42 152
40 43 157
40 44 71
40 45 80
40 46 68
40 47 185
40 48 11
40 49 9
40 50 198
40 51 73
40 52 184
40 53 197
40 54 75
40 55 196
40 56 21
40 57 14
40 58 24
40 59 23
40 60 46
40 61 191
40 62 199
40 63 143
40 64 136
40 65 136
40 66 138
40 67 79
40 68 189
40 69 111
40 70 130
40 71 95
40 72 95
40 73 157
40 74 148
40 75 136
40 76 169
40 77 124
40 78 175
40 79 183
40 80 158
40 81 54
40 82 44
40 83 145
40 84 174
40 85 49
40 86 157
40 87 103
40 88 128
40 89 10
40 90 111
40 91 89
40 92 40
40 93 188
40 94 61
40 95 45
40 96 135
40 97 67
40 98 109
40 99 69
41 42 111
41 43 59
41 44 86
41 45 99
41 46 51
41 47 1
41 48 78
41 49 35
41 50 199
41 51 154
41 52 5
41 53 192
41 54 6
41 55 0
41 56 143
41 57 62
41 58 118
41 59 154
41 60 53
41 61 139
41 62 77
41 63 117
41 64 135
41 65 124
41 66 63
41 67 193
41 68 61
41 69 169
41 70 107
41 71 109
41 72 107
41 73 110
41 74 110
41 75 79
41 76 69
41 77 194
41 78 61
41 79 199
41 80 30
41 81 187
41 82 59
41 83 78
41 84 13
41 85 39
41 86 111
41 87 11
41 88 165
41 89 17
41 90 128
41 91 123
41 92 70
41 93 4
41 94 60
41 95 31
41 96 139
41 97 189
41 98 170
41 99 8
42 43 29
42 44 94
42 45 91
42 46 146
42 47 2
42 48 132
42 49 137
42 50 157
42 51 104
42 52 44
42 53 5
42 54 78
42 55 20
42 56 54
42 57 78
42 58 135
42 59 175
42 60 90
42 61 182
42 62 2
42 63 33
42 64 35
42 65 117
42 66 75
42 67 108
42 68 150
42 69 153
42 70 4
42 71 83
42 72 26
42 73 188
42 74 17
42 75 145
42 76 118
42 77 18
42 78 9
42 79 113
42 80 118
42 81 140
42 82 99
42 83 17
42 84 187
42 85 66
42 86 152
42 87 79
42 88 102
42 89 8
42 90 97
42 91 172
42 92 146
42 93 66
42 94 61
42 95 12
42 96 22
42 97 168
42 98 188
42 99 57
43 44 119
43 45 103
43 46 7
43 47 189
43 48 39
43 49 173
43 50 168
43 51 90
43 52 199
43 53 119
43 54 44
43 55 0
43 56 17
43 57 180
43 58 199
43 59 83
43 60 79
43 61 31
43 62 25
43 63 13
43 64 161
43 65 2
43 66 198
43 67 169
43 68 67
43 69 190
43 70 6
43 71 143
43 72 144
43 73 45
43 74 24
43 75 76
43 76 59
43 77 109
43 78 108
43 79 103
43 80 18
43 81 81
43 82 52
43 83 162
43 84 159
43 85 60
43 86 1
43 87 184
43 88 101
43 89 198
43 90 176
43 91 37
43 92 1
43 93 106
43 94 170
43 95 101
43 96 180
43 97 1
43 98 54
43 99 27
44 45 190
44 46 2
44 47 48
44 48 3
44 49 22
44 50 102
44 51 154
44 52 36
44 53 9
44 54 174
44 55 101
44 56 125
44 57 165
44 58 67
44 59 142
44 60 130
44 61 177
44 62 6
44 63 22
44 64 58
44 65 117
44 66 77
44 67 173
44 68 167
44 69 63
44 70 46
44 71 35
44 72 194
44 73 166
44 74 86
44 75 93
44 76 86
44 77 83
44 78 82
44 79 12
44 80 1
44 81 30
44 82 43
44 83 122
44 84 197
44 85 161
44 86 92
44 87 1
44 88 107
44 89 156
44 90 73
44 91 112
44 92 72
44 93 192
44 94 11
44 95 95
44 96 99
44 97 71
44 98 178
44 99 82
45 46 196
45 47 50
45 48 25
45 49 73
45 50 105
45 51 38
45 52 186
45 53 118
45 54 186
45 55 0
45 56 143
45 57 107
45 58 85
45 59 100
45 60 105
45 61 71
45 62 23
45 63 4
45 64 186
45 65 116
45 66 33
45 67 84
45 68 108
45 69 138
45 70 187
45 71 97
45 72 13
45 73 47
45 74 167
45 75 53
45 76 104
45 77 41
45 78 148
45 79 162
45 80 175
45 81 190
45 82 133
45 83 61
45 84 54
45 85 41
45 86 161
45 87 114
45 88 24
45 89 71
45 90 144
45 91 13
45 92 195
45 93 198
45 94 185
45 95 44
45 96 182
45 97 100
45 98 25
45 99 128
46 47 80
46 48 136
46 49 127
46 50 195
46 51 157
46 52 73
46 53 154
46 54 90
46 55 131
46 56 186
46 57 108
46 58 123
46 59 167
46 60 16
46 61 47
46 62 156
46 63 170
46 64 36
46 65 126
46 66 91
46 67 194
46 68 179
46 69 181
46 70 46
46 71 173
46 72 93
46 73 194
46 74 104
46 75 25
46 76 60
46 77 123
46 78 51
46 79 73
46 80 47
46 81 23
46 82 85
46 83 58
46 84 185
46 85 200
46 86 4
46 87 166
46 88 92
46 89 117
46 90 57
46 91 172
46 92 20
46 93 3
46 94 34
46 95 58
46 96 124
46 97 92
46 98 183
46 99 150
47 48 127
47 49 166
47 50 96
47 51 9
47 52 72
47 53 76
47 54 179
47 55 0
47 56 85
47 57 49
47 58 0
47 59 38
47 60 127
47 61 165
47 62 128
47 63 178
47 64 18
47 65 136
47 66 105
47 67 55
47 68 92
47 69 191
47 70 80
47 71 25
47 72 198
47 73 168
47 74 163
47 75 165
47 76 195
47 77 87
47 78 74
47 79 116
47 80 90
47 81 6
47 82 85
47 83 108
47 84 145
47 85 108
47 86 89
47 87 61
47 88 5
47 89 46
47 90 114
47 91 177
47 92 172
47 93 130
47 94 177
47 95 82
47 96 18
47 97 97
47 98 156
47 99 30
48 49 65
48 50 177
48 51 90
48 52 120
48 53 12
48 54 136
48 55 170
48 56 178
48 57 106
48 58 54
48 59 177
48 60 81
48 61 185
48 62 147
48 63 10
48 64 150
48 65 172
48 66 79
48 67 91
48 68 35
48 69 109
48 70 56
48 71 174
48 72 82
48 73 19
48 74 168
48 75 62
48 76 193
48 77 110
48 78 87
48 79 33
48 80 85
48 81 53
48 82 48
48 83 32
48 84 55
48 85 0
48 86 136
48 87 67
48 88 16
48 89 8
48 90 191
48 91 125
48 92 40
48 93 40
48 94 70
48 95 108
48 96 112
48 97 141
48 98 65
48 99 17
49 50 97
49 51 122
49 52 12
49 53 145
49 54 16
49 55 47
49 56 156
49 57 57
49 58 17
49 59 181
49 60 165
49 61 170
49 62 121
49 63 72
49 64 121
49 65 95
49 66 195
49 67 71
49 68 94
49 69 11
49 70 112
49 71 140
49 72 20
49 73 175
49 74 88
49 75 68
49 76 137
49 77 34
49 78 100
49 79 71
49 80 127
49 81 52
49 82 36
49 83 7
49 84 150
49 85 104
49 86 62
49 87 63
49 88 101
49 89 172
49 90 84
49 91 149
49 92 106
49 93 27
49 94 13
49 95 127
49 96 38
49 97 3
49 98 49
49 99 61
50 51 161
50 52 98
50 53 32
50 54 64
50 55 112
50 56 72
50 57 40
50 58 89
50 59 140
50 60 121
50 61 169
50 62 102
50 63 15
50 64 118
50 65 163
50 66 47
50 67 173
50 68 24
50 69 18
50 70 160
50 71 86
50 72 64
50 73 179
50 74 156
50 75 58
50 76 182
50 77 20
50 78 127
50 79 136
50 80 81
50 81 39
50 82 143
50 83 84
50 84 38
50 85 164
50 86 129
50 87 84
50 88 122
50 89 149
50 90 158
50 91 162
50 92 109
50 93 104
50 94 200
50 95 137
50 96 3
50 97 39
50 98 172
50 99 187
51 52 25
51 53 158
51 54 24
51 55 21
51 56 85
51 57 149
51 58 45
51 59 133
51 60 47
51 61 37
51 62 61
51 63 168
51 64 17
51 65 52
51 66 42
51 67 116
51 68 173
51 69 128
51 70 29
51 71 0
51 72 60
51 73 174
51 74 188
51 75 167
51 76 7
51 77 36
51 78 125
51 79 167
51 80 197
51 81 137
51 82 141
51 83 186
51 84 183
51 85 179
51 86 32
51 87 31
51 88 170
51 89 147
51 90 78
51 91 189
51 92 66
51 93 126
51 94 128
51 95 145
51 96 3
51 97 172
51 98 38
51 99 88
52 53 36
52 54 85
52 55 68
52 56 122
52 57 37
52 58 179
52 59 114
52 60 175
52 61 37
52 62 7
52 63 100
52 64 148
52 65 158
52 66 138
52 67 193
52 68 151
52 69 14
52 70 195
52 71 18
52 72 47
52 73 20
52 74 129
52 75 55
52 76 51
52 77 167
52 78 177
52 79 185
52 80 187
52 81 49
52 82 146
52 83 175
52 84 140
52 85 21
52 86 156
52 87 165
52 88 27
52 89 119
52 90 35
52 91 193
52 92 177
52 93 152
52 94 184
52 95 32
52 96 66
52 97 63
52 98 114
52 99 27
53 54 58
53 55 34
53 56 72
53 57 35
53 58 9
53 59 89
53 60 193
53 61 163
53 62 190
53 63 88
53 64 105
53 65 61
53 66 41
53 67 196
53 68 19
53 69 152
53 70 60
53 71 72
53 72 149
53 73 141
53 74 129
53 75 14
53 76 92
53 77 194
53 78 195
53 79 56
53 80 98
53 81 172
53 82 94
53 83 167
53 84 42
53 85 74
53 86 6
53 87 147
53 88 79
53 89 63
53 90 78
53 91 5
53 92 58
53 93 121
53 94 22
53 95 28
53 96 143
53 97 17
53 98 180
53 99 157
54 55 60
54 56 93
54 57 173
54 58 124
54 59 56
54 60 2
54 61 44
54 62 139
54 63 86
54 64 14
54 65 47
54 66 195
54 67 150
54 68 12
54 69 93
54 70 98
54 71 50
54 72 54
54 73 189
54 74 23
54 75 123
54 76 57
54 77 150
54 78 190
54 79 9
54 80 106
54 81 57
54 82 87
54 83 93
54 84 89
54 85 162
54 86 143
54 87 60
54 88 99
54 89 144
54 90 187
54 91 110
54 92 21
54 93 95
54 94 132
54 95 198
54 96 20
54 97 98
54 98 159
54 99 62
55 56 55
55 57 17
55 58 162
55 59 7
55 60 180
55 61 13
55 62 142
55 63 39
55 64 81
55 65 145
55 66 129
55 67 180
55 68 0
55 69 6
55 70 104
55 71 98
55 72 25
55 73 31
55 74 29
55 75 107
55 76 113
55 77 19
55 78 102
55 79 24
55 80 54
55 81 35
55 82 28
55 83 122
55 84 3
55 85 115
55 86 14
55 87 5
55 88 34
55 89 8
55 90 170
55 91 2
55 92 95
55 93 82
55 94 134
55 95 142
55 96 166
55 97 134
55 98 38
55 99 183
56 57 106
56 58 141
56 59 40
56 60 169
56 61 107
56 62 92
56 63 76
56 64 160
56 65 129
56 66 58
56 67 123
56 68 148
56 69 139
56 70 25
56 71 115
56 72 112
56 73 127
56 74 128
56 75 39
56 76 50
56 77 8
56 78 131
56 79 109
56 80 154
56 81 168
56 82 76
56 83 143
56 84 129
56 85 44
56 86 65
56 87 176
56 88 5
56 89 58
56 90 61
56 91 34
56 92 126
56 93 147
56 94 8
56 95 183
56 96 35
56 97 31
56 98 3
56 99 180
57 58 74
57 59 137
57 60 58
57 61 153
57 62 31
57 63 29
57 64 87
57 65 45
57 66 173
57 67 56
57 68 159
57 69 169
57 70 195
57 71 126
57 72 78
57 73 143
57 74 139
57 75 1
57 76 130
57 77 143
57 78 36
57 79 152
57 80 73
57 81 26
57 82 187
57 83 26
57 84 92
57 85 102
57 86 151
57 87 39
57 88 71
57 89 190
57 90 68
57 91 152
57 92 165
57 93 26
57 94 83
57 95 1
57 96 162
57 97 126
57 98 188
57 99 104
58 59 168
58 60 56
58 61 196
58 62 190
58 63 160
58 64 114
58 65 51
58 66 10
58 67 118
58 68 174
58 69 119
58 70 28
58 71 108
58 72 82
58 73 11
58 74 46
58 75 175
58 76 105
58 77 17
58 78 130
58 79 178
58 80 146
58 81 145
58 82 121
58 83 128
58 84 150
58 85 153
58 86 105
58 87 114
58 88 7
58 89 95
58 90 27
58 91 108
58 92 182
58 93 32
58 94 161
58 95 189
58 96 114
58 97 154
58 98 65
58 99 36
59 60 112
59 61 43
59 62 111
59 63 27
59 64 167
59 65 80
59 66 15
59 67 133
59 68 45
59 69 171
59 70 13
59 71 128
59 72 54
59 73 152
59 74 197
59 75 145
59 76 200
59 77 161
59 78 6
59 79 98
59 80 41
59 81 13
59 82 109
59 83 160
59 84 162
59 85 101
59 86 142
59 87 54
59 88 108
59 89 87
59 90 181
59 91 94
59 92 106
59 93 17
59 94 153
59 95 151
59 96 188
59 97 58
59 98 121
59 99 127
60 61 84
60 62 5
60 63 119
60 64 36
60 65 42
60 66 72
60 67 33
60 68 157
60 69 73
60 70 178
60 71 105
60 72 141
60 73 59
60 74 50
60 75 130
60 76 51
60 77 48
60 78 158
60 79 56
60 80 187
60 81 54
60 82 137
60 83 118
60 84 144
60 85 24
60 86 178
60 87 165
60 88 97
60 89 165
60 90 72
60 91 173
60 92 163
60 93 109
60 94 154
60 95 200
60 96 37
60 97 1
60 98 187
60 99 167
61 62 156
61 63 171
61 64 99
61 65 140
61 66 8
61 67 98
61 68 141
61 69 65
61 70 112
61 71 32
61 72 15
61 73 199
61 74 173
61 75 180
61 76 119
61 77 67
61 78 48
61 79 182
61 80 158
61 81 156
61 82 22
61 83 61
61 84 151
61 85 75
61 86 66
61 87 95
61 88 34
61 89 184
61 90 175
61 91 98
61 92 200
61 93 30
61 94 118
61 95 88
61 96 57
61 97 123
61 98 147
61 99 24
