100 3239
0 1 81
0 2 158
0 3 38
0 4 179
0 5 109
0 6 86
0 7 63
0 8 129
0 9 64
0 10 6
0 11 61
0 12 49
0 13 189
0 14 46
0 15 115
0 16 145
0 17 71
0 18 174
0 19 32
0 20 133
0 21 170
0 22 119
0 23 35
0 24 14
0 25 103
0 26 75
0 27 149
0 28 167
0 29 57
0 30 164
0 31 18
0 32 55
0 33 76
0 34 93
0 35 1
0 36 88
0 37 21
0 38 6
0 39 120
0 40 139
0 41 155
0 42 67
0 43 160
0 44 104
0 45 66
0 46 196
0 47 80
0 48 122
0 49 21
0 50 48
0 51 173
0 52 42
0 53 87
0 54 136
0 55 11
0 56 97
0 57 89
0 58 137
0 59 82
0 60 102
0 61 97
0 62 68
0 63 139
0 64 175
0 65 55
0 66 147
0 67 6
0 68 10
0 69 132
0 70 126
0 71 108
0 72 44
0 73 28
0 74 179
0 75 119
0 76 128
0 77 153
0 78 129
0 79 72
0 80 76
0 81 196
0 82 11
0 83 146
0 84 8
0 85 167
0 86 148
0 87 144
0 88 111
0 89 185
0 90 103
0 91 130
0 92 187
0 93 97
0 94 46
0 95 175
0 96 183
0 97 164
0 98 145
0 99 48
1 2 79
1 3 71
1 4 22
1 5 49
1 6 181
1 7 31
1 8 65
1 9 140
1 10 197
1 11 46
1 12 36
1 13 61
1 14 129
1 15 175
1 16 83
1 17 38
1 18 17
1 19 80
1 20 103
1 21 51
1 22 46
1 23 75
1 24 155
1 25 135
1 26 195
1 27 62
1 28 181
1 29 110
1 30 163
1 31 162
1 32 133
1 33 63
1 34 141
1 35 11
1 36 108
1 37 141
1 38 199
1 39 60
1 40 103
1 41 182
1 42 27
1 43 43
1 44 144
1 45 200
1 46 146
1 47 32
1 48 52
1 49 94
1 50 138
1 51 186
1 52 125
1 53 132
1 54 79
1 55 136
1 56 90
1 57 144
1 58 92
1 59 154
1 60 124
1 61 130
1 62 22
1 63 172
1 64 59
1 65 16
1 66 125
1 67 151
1 68 115
1 69 75
1 70 138
1 71 149
1 72 84
1 73 86
1 74 161
1 75 118
1 76 160
1 77 178
1 78 150
1 79 109
1 80 130
1 81 79
1 82 98
1 83 53
1 84 144
1 85 67
1 86 4
1 87 8
1 88 122
1 89 155
1 90 71
1 91 97
1 92 189
1 93 52
1 94 199
1 95 10
1 96 185
1 97 125
1 98 77
1 99 189
2 3 7
2 4 119
2 5 119
2 6 55
2 7 155
2 8 34
2 9 57
2 10 31
2 11 132
2 12 197
2 13 156
2 14 76
2 15 165
2 16 117
2 17 85
2 18 102
2 19 131
2 20 48
2 21 134
2 22 82
2 23 18
2 24 91
2 25 181
2 26 153
2 27 10
2 28 180
2 29 127
2 30 178
2 31 177
2 32 130
2 33 136
2 34 117
2 35 65
2 36 21
2 37 54
2 38 171
2 39 187
2 40 140
2 41 4
2 42 196
2 43 114
2 44 101
2 45 8
2 46 188
2 47 129
2 48 113
2 49 36
2 50 96
2 51 182
2 52 6
2 53 137
2 54 40
2 55 27
2 56 86
2 57 108
2 58 15
2 59 22
2 60 138
2 61 161
2 62 198
2 63 145
2 64 30
2 65 95
2 66 80
2 67 18
2 68 167
2 69 175
2 70 193
2 71 37
2 72 38
2 73 42
2 74 98
2 75 142
2 76 86
2 77 121
2 78 123
2 79 178
2 80 91
2 81 169
2 82 59
2 83 142
2 84 1
2 85 191
2 86 144
2 87 1
2 88 78
2 89 174
2 90 61
2 91 55
2 92 113
2 93 66
2 94 40
2 95 115
2 96 199
2 97 56
2 98 114
2 99 26
3 4 101
3 5 116
3 6 101
3 7 163
3 8 176
3 9 176
3 10 64
3 11 143
3 12 100
3 13 11
3 14 47
3 15 45
3 16 186
3 17 165
3 18 59
3 19 40
3 20 5
3 21 93
3 22 23
3 23 131
3 24 107
3 25 8
3 26 151
3 27 82
3 28 94
3 29 50
3 30 48
3 31 142
3 32 0
3 33 49
3 34 102
3 35 133
3 36 40
3 37 103
3 38 11
3 39 49
3 40 185
3 41 39
3 42 5
3 43 113
3 44 161
3 45 156
3 46 174
3 47 155
3 48 200
3 49 185
3 50 146
3 51 58
3 52 176
3 53 127
3 54 154
3 55 190
3 56 125
3 57 180
3 58 117
3 59 88
3 60 124
3 61 52
3 62 140
3 63 65
3 64 128
3 65 51
3 66 17
3 67 198
3 68 70
3 69 139
3 70 179
3 71 199
3 72 4
3 73 122
3 74 37
3 75 54
3 76 86
3 77 158
3 78 92
3 79 133
3 80 25
3 81 97
3 82 71
3 83 73
3 84 195
3 85 174
3 86 166
3 87 45
3 88 21
3 89 169
3 90 164
3 91 173
3 92 151
3 93 77
3 94 96
3 95 105
3 96 114
3 97 157
3 98 54
3 99 123
4 5 61
4 6 93
4 7 136
4 8 70
4 9 41
4 10 42
4 11 115
4 12 19
4 13 74
4 14 71
4 15 75
4 16 30
4 17 25
4 18 7
4 19 188
4 20 140
4 21 52
4 22 41
4 23 14
4 24 57
4 25 85
4 26 142
4 27 27
4 28 32
4 29 60
4 30 95
4 31 96
4 32 32
4 33 52
4 34 110
4 35 166
4 36 127
4 37 115
4 38 63
4 39 81
4 40 29
4 41 13
4 42 22
4 43 68
4 44 147
4 45 148
4 46 11
4 47 52
4 48 131
4 49 44
4 50 83
4 51 187
4 52 51
4 53 49
4 54 66
4 55 197
4 56 139
4 57 124
4 58 121
4 59 177
4 60 1
4 61 146
4 62 26
4 63 154
4 64 197
4 65 181
4 66 69
4 67 124
4 68 90
4 69 157
4 70 22
4 71 28
4 72 70
4 73 123
4 74 125
4 75 7
4 76 44
4 77 71
4 78 141
4 79 195
4 80 73
4 81 25
4 82 74
4 83 15
4 84 0
4 85 81
4 86 40
4 87 126
4 88 174
4 89 194
4 90 52
4 91 37
4 92 152
4 93 178
4 94 33
4 95 72
4 96 76
4 97 43
4 98 55
4 99 71
5 6 191
5 7 131
5 8 81
5 9 137
5 10 195
5 11 53
5 12 132
5 13 194
5 14 192
5 15 33
5 16 64
5 17 147
5 18 114
5 19 83
5 20 32
5 21 137
5 22 44
5 23 34
5 24 3
5 25 46
5 26 109
5 27 191
5 28 49
5 29 156
5 30 56
5 31 183
5 32 39
5 33 61
5 34 6
5 35 69
5 36 124
5 37 11
5 38 148
5 39 165
5 40 10
5 41 48
5 42 76
5 43 100
5 44 109
5 45 80
5 46 2
5 47 137
5 48 99
5 49 49
5 50 122
5 51 180
5 52 58
5 53 106
5 54 138
5 55 99
5 56 40
5 57 17
5 58 54
5 59 174
5 60 197
5 61 180
5 62 186
5 63 62
5 64 95
5 65 150
5 66 185
5 67 43
5 68 67
5 69 123
5 70 54
5 71 36
5 72 16
5 73 65
5 74 181
5 75 117
5 76 161
5 77 174
5 78 121
5 79 1
5 80 137
5 81 182
5 82 86
5 83 27
5 84 22
5 85 44
5 86 182
5 87 19
5 88 58
5 89 98
5 90 51
5 91 163
5 92 169
5 93 60
5 94 63
5 95 172
5 96 155
5 97 143
5 98 188
5 99 122
6 7 198
6 8 44
6 9 195
6 10 106
6 11 70
6 12 125
6 13 12
6 14 7
6 15 186
6 16 8
6 17 49
6 18 27
6 19 46
6 20 127
6 21 164
6 22 68
6 23 173
6 24 173
6 25 106
6 26 58
6 27 78
6 28 59
6 29 118
6 30 105
6 31 22
6 32 121
6 33 37
6 34 18
6 35 67
6 36 135
6 37 101
6 38 48
6 39 163
6 40 51
6 41 99
6 42 66
6 43 74
6 44 112
6 45 21
6 46 149
6 47 58
6 48 25
6 49 172
6 50 167
6 51 44
6 52 174
6 53 124
6 54 13
6 55 161
6 56 139
6 57 86
6 58 179
6 59 71
6 60 105
6 61 29
6 62 173
6 63 149
6 64 47
6 65 78
6 66 129
6 67 148
6 68 145
6 69 90
6 70 55
6 71 155
6 72 173
6 73 66
6 74 197
6 75 28
6 76 192
6 77 150
6 78 3
6 79 144
6 80 182
6 81 111
6 82 75
6 83 170
6 84 66
6 85 70
6 86 8
6 87 63
6 88 1
6 89 31
6 90 39
6 91 28
6 92 88
6 93 186
6 94 103
6 95 129
6 96 81
6 97 62
6 98 185
6 99 31
7 8 149
7 9 120
7 10 20
7 11 118
7 12 115
7 13 153
7 14 128
7 15 22
7 16 17
7 17 180
7 18 33
7 19 81
7 20 42
7 21 91
7 22 4
7 23 94
7 24 175
7 25 176
7 26 85
7 27 45
7 28 164
7 29 191
7 30 22
7 31 195
7 32 131
7 33 82
7 34 29
7 35 145
7 36 82
7 37 143
7 38 12
7 39 77
7 40 42
7 41 68
7 42 107
7 43 186
7 44 33
7 45 28
7 46 2
7 47 100
7 48 24
7 49 104
7 50 46
7 51 103
7 52 140
7 53 42
7 54 103
7 55 12
7 56 180
7 57 125
7 58 77
7 59 13
7 60 128
7 61 97
7 62 87
7 63 22
7 64 12
7 65 121
7 66 92
7 67 72
7 68 194
7 69 178
7 70 112
7 71 199
7 72 121
7 73 141
7 74 60
7 75 116
7 76 128
7 77 200
7 78 174
7 79 135
7 80 185
7 81 96
7 82 73
7 83 95
7 84 102
7 85 1
7 86 112
7 87 123
7 88 161
7 89 29
7 90 27
7 91 55
7 92 55
7 93 118
7 94 136
7 95 189
7 96 77
7 97 132
7 98 181
7 99 38
8 9 182
8 10 172
8 11 128
8 12 175
8 13 122
8 14 156
8 15 121
8 16 172
8 17 50
8 18 183
8 19 161
8 20 172
8 21 95
8 22 24
8 23 71
8 24 117
8 25 68
8 26 23
8 27 27
8 28 3
8 29 142
8 30 104
8 31 10
8 32 146
8 33 192
8 34 94
8 35 50
8 36 154
8 37 132
8 38 135
8 39 140
8 40 118
8 41 38
8 42 23
8 43 148
8 44 78
8 45 32
8 46 114
8 47 50
8 48 54
8 49 101
8 50 17
8 51 32
8 52 83
8 53 55
8 54 24
8 55 199
8 56 118
8 57 65
8 58 150
8 59 146
8 60 142
8 61 183
8 62 84
8 63 196
8 64 148
8 65 112
8 66 50
8 67 140
8 68 113
8 69 113
8 70 186
8 71 112
8 72 148
8 73 119
8 74 2
8 75 78
8 76 197
8 77 137
8 78 18
8 79 60
8 80 106
8 81 121
8 82 26
8 83 78
8 84 90
8 85 181
8 86 3
8 87 133
8 88 74
8 89 152
8 90 111
8 91 72
8 92 166
8 93 58
8 94 83
8 95 165
8 96 8
8 97 88
8 98 194
8 99 26
9 10 186
9 11 19
9 12 25
9 13 159
9 14 8
9 15 86
9 16 123
9 17 48
9 18 145
9 19 143
9 20 173
9 21 94
9 22 91
9 23 46
9 24 137
9 25 58
9 26 22
9 27 141
9 28 42
9 29 195
9 30 69
9 31 24
9 32 90
9 33 158
9 34 194
9 35 121
9 36 66
9 37 132
9 38 155
9 39 174
9 40 15
9 41 147
9 42 159
9 43 167
9 44 1
9 45 150
9 46 192
9 47 18
9 48 72
9 49 76
9 50 74
9 51 51
9 52 162
9 53 200
9 54 38
9 55 130
9 56 198
9 57 42
9 58 27
9 59 111
9 60 163
9 61 163
9 62 163
9 63 59
9 64 72
9 65 3
9 66 177
9 67 102
9 68 19
9 69 183
9 70 129
9 71 121
9 72 34
9 73 117
9 74 134
9 75 147
9 76 162
9 77 179
9 78 193
9 79 142
9 80 96
9 81 31
9 82 62
9 83 100
9 84 65
9 85 115
9 86 150
9 87 2
9 88 118
9 89 129
9 90 151
9 91 118
9 92 192
9 93 141
9 94 151
9 95 86
9 96 146
9 97 199
9 98 197
9 99 86
10 11 50
10 12 187
10 13 83
10 14 144
10 15 107
10 16 150
10 17 133
10 18 77
10 19 66
10 20 118
10 21 91
10 22 12
10 23 122
10 24 174
10 25 115
10 26 98
10 27 184
10 28 131
10 29 179
10 30 183
10 31 29
10 32 163
10 33 45
10 34 58
10 35 28
10 36 139
10 37 159
10 38 65
10 39 25
10 40 181
10 41 33
10 42 178
10 43 17
10 44 79
10 45 78
10 46 108
10 47 37
10 48 65
10 49 109
10 50 180
10 51 183
10 52 162
10 53 91
10 54 18
10 55 48
10 56 193
10 57 47
10 58 165
10 59 91
10 60 72
10 61 49
10 62 161
10 63 28
10 64 102
10 65 200
10 66 5
10 67 116
10 68 128
10 69 26
10 70 177
10 71 32
10 72 121
10 73 114
10 74 55
10 75 107
10 76 5
10 77 175
10 78 6
10 79 81
10 80 76
10 81 7
10 82 12
10 83 106
10 84 21
10 85 178
10 86 177
10 87 19
10 88 68
10 89 98
10 90 176
10 91 21
10 92 58
10 93 64
10 94 13
10 95 48
10 96 180
10 97 168
10 98 152
10 99 90
11 12 98
11 13 118
11 14 64
11 15 83
11 16 72
11 17 34
11 18 60
11 19 148
11 20 40
11 21 57
11 22 152
11 23 149
11 24 93
11 25 182
11 26 70
11 27 120
11 28 10
11 29 98
11 30 188
11 31 158
11 32 142
11 33 153
11 34 104
11 35 139
11 36 16
11 37 86
11 38 103
11 39 123
11 40 105
11 41 52
11 42 121
11 43 9
11 44 168
11 45 180
11 46 123
11 47 9
11 48 131
11 49 47
11 50 120
11 51 42
11 52 120
11 53 152
11 54 46
11 55 13
11 56 55
11 57 95
11 58 35
11 59 74
11 60 155
11 61 172
11 62 126
11 63 89
11 64 69
11 65 30
11 66 49
11 67 178
11 68 97
11 69 119
11 70 96
11 71 25
11 72 28
11 73 77
11 74 175
11 75 129
11 76 21
11 77 138
11 78 196
11 79 16
11 80 122
11 81 34
11 82 79
11 83 144
11 84 164
11 85 152
11 86 58
11 87 87
11 88 175
11 89 32
11 90 123
11 91 86
11 92 41
11 93 131
11 94 196
11 95 75
11 96 108
11 97 192
11 98 148
11 99 146
12 13 49
12 14 131
12 15 105
12 16 148
12 17 55
12 18 79
12 19 51
12 20 187
12 21 197
12 22 162
12 23 190
12 24 199
12 25 97
12 26 164
12 27 9
12 28 168
12 29 59
12 30 178
12 31 48
12 32 43
12 33 90
12 34 159
12 35 169
12 36 17
12 37 114
12 38 198
12 39 82
12 40 191
12 41 100
12 42 178
12 43 55
12 44 113
12 45 20
12 46 158
12 47 182
12 48 37
12 49 16
12 50 26
12 51 153
12 52 69
12 53 5
12 54 154
12 55 91
12 56 194
12 57 173
12 58 66
12 59 173
12 60 114
12 61 116
12 62 120
12 63 79
12 64 158
12 65 196
12 66 193
12 67 55
12 68 174
12 69 146
12 70 125
12 71 0
12 72 189
12 73 2
12 74 187
12 75 6
12 76 160
12 77 57
12 78 86
12 79 85
12 80 107
12 81 196
12 82 97
12 83 37
12 84 120
12 85 155
12 86 25
12 87 103
12 88 97
12 89 83
12 90 105
12 91 117
12 92 70
12 93 173
12 94 9
12 95 170
12 96 99
12 97 127
12 98 56
12 99 15
13 14 164
13 15 153
13 16 116
13 17 3
13 18 142
13 19 56
13 20 16
13 21 45
13 22 172
13 23 72
13 24 71
13 25 179
13 26 118
13 27 26
13 28 15
13 29 87
13 30 84
13 31 65
13 32 71
13 33 69
13 34 171
13 35 83
13 36 12
13 37 137
13 38 172
13 39 10
13 40 177
13 41 100
13 42 181
13 43 12
13 44 50
13 45 165
13 46 6
13 47 72
13 48 141
13 49 79
13 50 45
13 51 71
13 52 51
13 53 75
13 54 21
13 55 108
13 56 49
13 57 15
13 58 165
13 59 88
13 60 143
13 61 146
13 62 190
13 63 28
13 64 57
13 65 52
13 66 53
13 67 182
13 68 3
13 69 43
13 70 119
13 71 147
13 72 157
13 73 158
13 74 27
13 75 6
13 76 38
13 77 2
13 78 177
13 79 60
13 80 44
13 81 26
13 82 92
13 83 114
13 84 163
13 85 173
13 86 36
13 87 86
13 88 40
13 89 58
13 90 82
13 91 62
13 92 2
13 93 88
13 94 106
13 95 145
13 96 198
13 97 174
13 98 151
13 99 146
14 15 184
14 16 200
14 17 66
14 18 191
14 19 150
14 20 33
14 21 176
14 22 23
14 23 186
14 24 12
14 25 159
14 26 165
14 27 124
14 28 45
14 29 35
14 30 85
14 31 146
14 32 182
14 33 113
14 34 104
14 35 93
14 36 21
14 37 64
14 38 56
14 39 76
14 40 102
14 41 72
14 42 16
14 43 2
14 44 142
14 45 82
14 46 157
14 47 88
14 48 89
14 49 63
14 50 65
14 51 200
14 52 186
14 53 191
14 54 63
14 55 171
14 56 110
14 57 126
14 58 162
14 59 25
14 60 65
14 61 43
14 62 160
14 63 144
14 64 160
14 65 7
14 66 46
14 67 157
14 68 195
14 69 12
14 70 66
14 71 188
14 72 0
14 73 156
14 74 111
14 75 31
14 76 88
14 77 189
14 78 98
14 79 38
14 80 58
14 81 120
14 82 120
14 83 161
14 84 189
14 85 192
14 86 95
14 87 130
14 88 163
14 89 95
14 90 152
14 91 139
14 92 176
14 93 122
14 94 132
14 95 29
14 96 29
14 97 14
14 98 183
14 99 81
15 16 157
15 17 114
15 18 113
15 19 12
15 20 168
15 21 188
15 22 36
15 23 9
15 24 20
15 25 96
15 26 190
15 27 173
15 28 170
15 29 152
15 30 139
15 31 130
15 32 56
15 33 46
15 34 14
15 35 7
15 36 154
15 37 0
15 38 121
15 39 104
15 40 93
15 41 40
15 42 68
15 43 14
15 44 90
15 45 150
15 46 5
15 47 30
15 48 184
15 49 59
15 50 130
15 51 19
15 52 33
15 53 57
15 54 88
15 55 196
15 56 184
15 57 72
15 58 150
15 59 178
15 60 98
15 61 76
15 62 168
15 63 16
15 64 28
15 65 12
15 66 193
15 67 195
15 68 113
15 69 100
15 70 124
15 71 86
15 72 72
15 73 47
15 74 174
15 75 121
15 76 200
15 77 198
15 78 136
15 79 105
15 80 168
15 81 154
15 82 62
15 83 3
15 84 125
15 85 60
15 86 16
15 87 189
15 88 76
15 89 23
15 90 99
15 91 99
15 92 16
15 93 156
15 94 140
15 95 15
15 96 198
15 97 7
15 98 64
15 99 136
16 17 154
16 18 154
16 19 141
16 20 88
16 21 150
16 22 112
16 23 71
16 24 3
16 25 93
16 26 137
16 27 118
16 28 200
16 29 20
16 30 179
16 31 36
16 32 137
16 33 155
16 34 58
16 35 191
16 36 76
16 37 158
16 38 105
16 39 181
16 40 72
16 41 26
16 42 50
16 43 29
16 44 141
16 45 2
16 46 43
16 47 152
16 48 107
16 49 108
16 50 1
16 51 53
16 52 200
16 53 154
16 54 117
16 55 195
16 56 161
16 57 95
16 58 43
16 59 182
16 60 184
16 61 144
16 62 177
16 63 122
16 64 88
16 65 19
16 66 129
16 67 111
16 68 61
16 69 48
16 70 24
16 71 80
16 72 125
16 73 15
16 74 157
16 75 4
16 76 149
16 77 136
16 78 139
16 79 154
16 80 75
16 81 35
16 82 47
16 83 73
16 84 104
16 85 32
16 86 34
16 87 46
16 88 185
16 89 188
16 90 11
16 91 70
16 92 189
16 93 177
16 94 38
16 95 12
16 96 68
16 97 99
16 98 71
16 99 19
17 18 134
17 19 194
17 20 141
17 21 6
17 22 164
17 23 145
17 24 15
17 25 97
17 26 198
17 27 2
17 28 59
17 29 75
17 30 172
17 31 79
17 32 157
17 33 35
17 34 198
17 35 32
17 36 16
17 37 179
17 38 76
17 39 48
17 40 118
17 41 16
17 42 116
17 43 124
17 44 187
17 45 63
17 46 195
17 47 178
17 48 161
17 49 168
17 50 14
17 51 179
17 52 86
17 53 61
17 54 79
17 55 118
17 56 58
17 57 88
17 58 171
17 59 133
17 60 21
17 61 178
17 62 48
17 63 102
17 64 57
17 65 196
17 66 186
17 67 5
17 68 23
17 69 111
17 70 122
17 71 89
17 72 64
17 73 46
17 74 194
17 75 136
17 76 194
17 77 33
17 78 118
17 79 179
17 80 121
17 81 67
17 82 82
17 83 169
17 84 37
17 85 158
17 86 148
17 87 61
17 88 74
17 89 107
17 90 83
17 91 78
17 92 165
17 93 31
17 94 87
17 95 143
17 96 136
17 97 59
17 98 171
17 99 81
18 19 143
18 20 114
18 21 61
18 22 7
18 23 200
18 24 118
18 25 62
18 26 42
18 27 178
18 28 71
18 29 144
18 30 170
18 31 65
18 32 144
18 33 58
18 34 129
18 35 192
18 36 134
18 37 188
18 38 54
18 39 175
18 40 130
18 41 198
18 42 72
18 43 27
18 44 172
18 45 39
18 46 7
18 47 132
18 48 14
18 49 14
18 50 60
18 51 129
18 52 15
18 53 80
18 54 79
18 55 5
18 56 128
18 57 11
18 58 80
18 59 29
18 60 0
18 61 65
18 62 186
18 63 7
18 64 149
18 65 104
18 66 144
18 67 32
18 68 50
18 69 165
18 70 103
18 71 74
18 72 190
18 73 139
18 74 180
18 75 200
18 76 168
18 77 176
18 78 173
18 79 112
18 80 79
18 81 84
18 82 200
18 83 178
18 84 16
18 85 51
18 86 124
18 87 73
18 88 118
18 89 81
18 90 47
18 91 128
18 92 13
18 93 61
18 94 30
18 95 123
18 96 7
18 97 142
18 98 178
18 99 99
19 20 161
19 21 98
19 22 56
19 23 140
19 24 156
19 25 30
19 26 115
19 27 172
19 28 144
19 29 122
19 30 43
19 31 5
19 32 9
19 33 82
19 34 61
19 35 112
19 36 166
19 37 147
19 38 26
19 39 137
19 40 103
19 41 69
19 42 85
19 43 183
19 44 58
19 45 67
19 46 73
19 47 144
19 48 121
19 49 181
19 50 122
19 51 96
19 52 122
19 53 128
19 54 81
19 55 98
19 56 123
19 57 9
19 58 89
19 59 116
19 60 189
19 61 197
19 62 49
19 63 37
19 64 85
19 65 165
19 66 30
19 67 162
19 68 87
19 69 97
19 70 174
19 71 30
19 72 136
19 73 61
19 74 185
19 75 23
19 76 7
19 77 82
19 78 129
19 79 197
19 80 41
19 81 37
19 82 107
19 83 185
19 84 164
19 85 43
19 86 165
19 87 0
19 88 171
19 89 6
19 90 112
19 91 105
19 92 106
19 93 25
19 94 163
19 95 31
19 96 182
19 97 105
19 98 142
19 99 156
20 21 0
20 22 78
20 23 81
20 24 44
20 25 42
20 26 115
20 27 90
20 28 196
20 29 96
20 30 28
20 31 11
20 32 7
20 33 66
20 34 132
20 35 194
20 36 0
20 37 186
20 38 116
20 39 19
20 40 76
20 41 41
20 42 127
20 43 105
20 44 126
20 45 185
20 46 128
20 47 25
20 48 190
20 49 1
20 50 191
20 51 181
20 52 60
20 53 14
20 54 164
20 55 146
20 56 123
20 57 141
20 58 129
20 59 58
20 60 163
20 61 103
20 62 191
20 63 158
20 64 87
20 65 37
20 66 126
20 67 158
20 68 50
20 69 188
20 70 16
20 71 139
20 72 150
20 73 102
20 74 164
20 75 48
20 76 34
20 77 175
20 78 174
20 79 140
20 80 21
20 81 122
20 82 99
20 83 121
20 84 183
20 85 112
20 86 54
20 87 50
20 88 151
20 89 96
20 90 14
20 91 139
20 92 54
20 93 184
20 94 93
20 95 89
20 96 177
20 97 166
20 98 73
20 99 171
21 22 48
21 23 101
21 24 172
21 25 72
21 26 56
21 27 70
21 28 131
21 29 101
21 30 160
21 31 22
21 32 126
21 33 31
21 34 115
21 35 80
21 36 62
21 37 69
21 38 194
21 39 79
21 40 141
21 41 92
21 42 11
21 43 88
21 44 53
21 45 66
21 46 101
21 47 12
21 48 166
21 49 96
21 50 99
21 51 137
21 52 81
21 53 94
21 54 142
21 55 155
21 56 176
21 57 0
21 58 136
21 59 128
21 60 14
21 61 114
21 62 4
21 63 45
21 64 8
21 65 102
21 66 175
21 67 10
21 68 163
21 69 15
21 70 48
21 71 134
21 72 63
21 73 112
21 74 150
21 75 157
21 76 113
21 77 20
21 78 105
21 79 168
21 80 59
21 81 146
21 82 40
21 83 143
21 84 120
21 85 54
21 86 93
21 87 127
21 88 183
21 89 186
21 90 106
21 91 52
21 92 164
21 93 17
21 94 15
21 95 98
21 96 167
21 97 46
21 98 153
21 99 31
22 23 169
22 24 126
22 25 117
22 26 8
22 27 138
22 28 179
22 29 165
22 30 5
22 31 14
22 32 99
22 33 72
22 34 81
22 35 157
22 36 57
22 37 70
22 38 175
22 39 14
22 40 30
22 41 160
22 42 59
22 43 137
22 44 112
22 45 28
22 46 140
22 47 104
22 48 75
22 49 38
22 50 135
22 51 194
22 52 82
22 53 45
22 54 16
22 55 128
22 56 176
22 57 10
22 58 105
22 59 116
22 60 172
22 61 115
22 62 61
22 63 196
22 64 66
22 65 95
22 66 6
22 67 82
22 68 187
22 69 105
22 70 151
22 71 185
22 72 110
22 73 142
22 74 6
22 75 181
22 76 169
22 77 14
22 78 29
22 79 189
22 80 190
22 81 49
22 82 92
22 83 153
22 84 90
22 85 45
22 86 49
22 87 30
22 88 112
22 89 34
22 90 14
22 91 106
22 92 123
22 93 79
22 94 82
22 95 98
22 96 6
22 97 120
22 98 79
22 99 2
23 24 51
23 25 177
23 26 149
23 27 122
23 28 176
23 29 99
23 30 189
23 31 95
23 32 178
23 33 62
23 34 14
23 35 91
23 36 66
23 37 196
23 38 42
23 39 110
23 40 72
23 41 174
23 42 35
23 43 182
23 44 7
23 45 49
23 46 51
23 47 142
23 48 124
23 49 173
23 50 162
23 51 48
23 52 64
23 53 21
23 54 169
23 55 130
23 56 191
23 57 33
23 58 170
23 59 123
23 60 105
23 61 119
23 62 2
23 63 118
23 64 17
23 65 133
23 66 50
23 67 181
23 68 123
23 69 42
23 70 113
23 71 83
23 72 164
23 73 153
23 74 17
23 75 117
23 76 110
23 77 159
23 78 18
23 79 32
23 80 101
23 81 14
23 82 69
23 83 62
23 84 27
23 85 57
23 86 151
23 87 160
23 88 73
23 89 94
23 90 84
23 91 21
23 92 135
23 93 81
23 94 193
23 95 81
23 96 127
23 97 144
23 98 96
23 99 61
24 25 56
24 26 53
24 27 73
24 28 67
24 29 92
24 30 92
24 31 14
24 32 139
24 33 8
24 34 194
24 35 11
24 36 119
24 37 169
24 38 4
24 39 78
24 40 8
24 41 10
24 42 96
24 43 120
24 44 151
24 45 13
24 46 68
24 47 160
24 48 79
24 49 96
24 50 132
24 51 152
24 52 65
24 53 64
24 54 136
24 55 104
24 56 44
24 57 89
24 58 12
24 59 7
24 60 90
24 61 64
24 62 36
24 63 32
24 64 51
24 65 126
24 66 140
24 67 10
24 68 76
24 69 175
24 70 59
24 71 24
24 72 105
24 73 91
24 74 161
24 75 67
24 76 187
24 77 75
24 78 126
24 79 41
24 80 199
24 81 198
24 82 16
24 83 192
24 84 118
24 85 114
24 86 61
24 87 95
24 88 145
24 89 82
24 90 167
24 91 42
24 92 81
24 93 44
24 94 200
24 95 117
24 96 82
24 97 145
24 98 79
24 99 89
25 26 194
25 27 70
25 28 19
25 29 17
25 30 143
25 31 192
25 32 4
25 33 45
25 34 91
25 35 179
25 36 180
25 37 155
25 38 137
25 39 32
25 40 128
25 41 19
25 42 12
25 43 152
25 44 192
25 45 54
25 46 184
25 47 83
25 48 126
25 49 54
25 50 87
25 51 166
25 52 190
25 53 15
25 54 35
25 55 14
25 56 84
25 57 173
25 58 117
25 59 104
25 60 58
25 61 47
25 62 179
25 63 123
25 64 64
25 65 27
25 66 49
25 67 148
25 68 77
25 69 69
25 70 189
25 71 72
25 72 119
25 73 94
25 74 18
25 75 21
25 76 162
25 77 199
25 78 175
25 79 182
25 80 196
25 81 142
25 82 197
25 83 152
25 84 145
25 85 179
25 86 180
25 87 191
25 88 26
25 89 140
25 90 182
25 91 5
25 92 109
25 93 75
25 94 36
25 95 152
25 96 150
25 97 199
25 98 116
25 99 118
26 27 86
26 28 125
26 29 189
26 30 89
26 31 100
26 32 43
26 33 39
26 34 195
26 35 60
26 36 16
26 37 171
26 38 29
26 39 111
26 40 186
26 41 121
26 42 60
26 43 10
26 44 59
26 45 178
26 46 99
26 47 178
26 48 2
26 49 162
26 50 117
26 51 66
26 52 83
26 53 100
26 54 82
26 55 76
26 56 43
26 57 145
26 58 200
26 59 86
26 60 59
26 61 161
26 62 60
26 63 41
26 64 139
26 65 106
26 66 73
26 67 71
26 68 91
26 69 48
26 70 36
26 71 188
26 72 101
26 73 60
26 74 99
26 75 74
26 76 150
26 77 51
26 78 165
26 79 35
26 80 76
26 81 59
26 82 139
26 83 29
26 84 53
26 85 1
26 86 68
26 87 72
26 88 192
26 89 51
26 90 33
26 91 153
26 92 45
26 93 17
26 94 140
26 95 120
26 96 162
26 97 8
26 98 106
26 99 42
27 28 22
27 29 131
27 30 102
27 31 20
27 32 7
27 33 23
27 34 115
27 35 111
27 36 164
27 37 70
27 38 141
27 39 141
27 40 24
27 41 165
27 42 191
27 43 125
27 44 197
27 45 199
27 46 78
27 47 98
27 48 140
27 49 3
27 50 162
27 51 96
27 52 73
27 53 169
27 54 73
27 55 82
27 56 109
27 57 123
27 58 56
27 59 163
27 60 156
27 61 1
27 62 59
27 63 179
27 64 91
27 65 62
27 66 81
27 67 74
27 68 93
27 69 80
27 70 145
27 71 117
27 72 114
27 73 133
27 74 94
27 75 1
27 76 35
27 77 33
27 78 4
27 79 152
27 80 189
27 81 15
27 82 143
27 83 110
27 84 193
27 85 133
27 86 107
27 87 112
27 88 89
27 89 30
27 90 33
27 91 200
27 92 88
27 93 130
27 94 114
27 95 108
27 96 128
27 97 37
27 98 67
27 99 158
28 29 199
28 30 107
28 31 191
28 32 149
28 33 33
28 34 134
28 35 156
28 36 126
28 37 124
28 38 38
28 39 156
28 40 2
28 41 103
28 42 131
28 43 120
28 44 144
28 45 172
28 46 72
28 47 37
28 48 84
28 49 14
28 50 2
28 51 94
28 52 137
28 53 35
28 54 42
28 55 178
28 56 199
28 57 28
28 58 52
28 59 116
28 60 34
28 61 115
28 62 145
28 63 178
28 64 191
28 65 58
28 66 200
28 67 183
28 68 98
28 69 83
28 70 170
28 71 196
28 72 60
28 73 37
28 74 123
28 75 39
28 76 15
28 77 27
28 78 139
28 79 115
28 80 10
28 81 5
28 82 193
28 83 144
28 84 195
28 85 178
28 86 121
28 87 5
28 88 103
28 89 168
28 90 39
28 91 8
28 92 178
28 93 36
28 94 54
28 95 88
28 96 105
28 97 80
28 98 21
28 99 42
29 30 143
29 31 95
29 32 48
29 33 5
29 34 132
29 35 183
29 36 188
29 37 192
29 38 7
29 39 88
29 40 183
29 41 34
29 42 164
29 43 36
29 44 26
29 45 42
29 46 164
29 47 53
29 48 59
29 49 53
29 50 185
29 51 164
29 52 16
29 53 200
29 54 75
29 55 25
29 56 13
29 57 33
29 58 54
29 59 174
29 60 116
29 61 41
29 62 5
29 63 144
29 64 92
29 65 130
29 66 191
29 67 193
29 68 164
29 69 116
29 70 93
29 71 194
29 72 61
29 73 96
29 74 17
29 75 124
29 76 129
29 77 148
29 78 80
29 79 139
29 80 88
29 81 199
29 82 45
29 83 53
29 84 53
29 85 3
29 86 133
29 87 93
29 88 71
29 89 133
29 90 79
29 91 122
29 92 187
29 93 121
29 94 73
29 95 74
29 96 60
29 97 137
29 98 129
29 99 12
30 31 83
30 32 141
30 33 43
30 34 33
30 35 91
30 36 74
30 37 180
30 38 18
30 39 116
30 40 43
30 41 46
30 42 144
30 43 197
30 44 107
30 45 165
30 46 69
30 47 102
30 48 118
30 49 91
30 50 2
30 51 85
30 52 177
30 53 137
30 54 4
30 55 2
30 56 171
30 57 72
30 58 188
30 59 154
30 60 170
30 61 199
30 62 185
30 63 136
30 64 45
30 65 51
30 66 200
30 67 58
30 68 190
30 69 94
30 70 12
30 71 120
30 72 94
30 73 178
30 74 189
30 75 150
30 76 86
30 77 42
30 78 141
30 79 152
30 80 58
30 81 49
30 82 78
30 83 106
30 84 0
30 85 142
30 86 40
30 87 187
30 88 189
30 89 3
30 90 44
30 91 161
30 92 40
30 93 187
30 94 129
30 95 63
30 96 46
30 97 28
30 98 18
30 99 7
31 32 108
31 33 31
31 34 51
31 35 168
31 36 40
31 37 146
31 38 172
31 39 1
31 40 18
31 41 0
31 42 152
31 43 162
31 44 130
31 45 20
31 46 7
31 47 32
31 48 7
31 49 167
31 50 84
31 51 149
31 52 30
31 53 14
31 54 136
31 55 59
31 56 40
31 57 118
31 58 30
31 59 182
31 60 129
31 61 33
31 62 61
31 63 197
31 64 30
31 65 129
31 66 2
31 67 175
31 68 148
31 69 23
31 70 10
31 71 116
31 72 131
31 73 137
31 74 32
31 75 181
31 76 5
31 77 73
31 78 165
31 79 181
31 80 176
31 81 30
31 82 41
31 83 84
31 84 128
31 85 10
31 86 73
31 87 14
31 88 153
31 89 74
31 90 142
31 91 93
31 92 169
31 93 85
31 94 169
31 95 60
31 96 84
31 97 191
31 98 47
31 99 109
32 33 132
32 34 174
32 35 86
32 36 180
32 37 133
32 38 29
32 39 52
32 40 146
32 41 193
32 42 159
32 43 51
32 44 39
32 45 27
32 46 133
32 47 199
32 48 100
32 49 132
32 50 81
32 51 90
32 52 117
32 53 84
32 54 192
32 55 175
32 56 125
32 57 179
32 58 5
32 59 66
32 60 178
32 61 133
32 62 3
32 63 1
32 64 143
32 65 70
32 66 64
32 67 116
32 68 47
32 69 190
32 70 28
32 71 193
32 72 0
32 73 142
32 74 10
32 75 86
32 76 120
32 77 121
32 78 75
32 79 189
32 80 68
32 81 112
32 82 58
32 83 179
32 84 173
32 85 86
32 86 58
32 87 60
32 88 113
32 89 45
32 90 158
32 91 34
32 92 176
32 93 49
32 94 10
32 95 117
32 96 84
32 97 77
32 98 128
32 99 54
33 34 7
33 35 126
33 36 55
33 37 138
33 38 132
33 39 73
33 40 75
33 41 36
33 42 184
33 43 185
33 44 150
33 45 129
33 46 106
33 47 55
33 48 161
33 49 98
33 50 59
33 51 73
33 52 168
33 53 42
33 54 188
33 55 107
33 56 183
33 57 75
33 58 33
33 59 47
33 60 116
33 61 188
33 62 19
33 63 95
33 64 50
33 65 185
33 66 69
33 67 93
33 68 56
33 69 153
33 70 199
33 71 94
33 72 194
33 73 148
33 74 78
33 75 90
33 76 52
33 77 153
33 78 8
33 79 115
33 80 2
33 81 194
33 82 51
33 83 2
33 84 193
33 85 128
33 86 97
33 87 8
33 88 138
33 89 112
33 90 115
33 91 126
33 92 87
33 93 91
33 94 59
33 95 59
33 96 186
33 97 125
33 98 32
33 99 149
34 35 73
34 36 178
34 37 51
34 38 114
34 39 87
34 40 118
34 41 164
34 42 41
34 43 85
34 44 147
34 45 184
34 46 141
34 47 76
34 48 188
34 49 190
34 50 133
34 51 190
34 52 78
34 53 116
34 54 53
34 55 155
34 56 80
34 57 118
34 58 114
34 59 66
34 60 83
34 61 53
34 62 139
34 63 65
34 64 150
34 65 103
34 66 38
34 67 162
34 68 196
34 69 55
34 70 53
34 71 14
34 72 111
34 73 131
34 74 164
34 75 146
34 76 34
34 77 59
34 78 143
34 79 173
34 80 178
34 81 140
34 82 126
34 83 42
34 84 12
34 85 18
34 86 25
34 87 127
34 88 176
34 89 19
34 90 147
34 91 102
34 92 138
34 93 40
34 94 24
34 95 7
34 96 152
34 97 82
34 98 90
34 99 35
35 36 194
35 37 98
35 38 146
35 39 69
35 40 174
35 41 158
35 42 155
35 43 195
35 44 180
35 45 130
35 46 10
35 47 164
35 48 150
35 49 71
35 50 94
35 51 156
35 52 114
35 53 159
35 54 79
35 55 41
35 56 10
35 57 88
35 58 150
35 59 65
35 60 166
35 61 189
35 62 32
35 63 198
35 64 100
35 65 175
35 66 122
35 67 187
35 68 45
35 69 17
35 70 44
35 71 37
35 72 138
35 73 16
35 74 140
35 75 96
35 76 62
35 77 181
35 78 32
35 79 80
35 80 169
35 81 82
35 82 125
35 83 136
35 84 143
35 85 107
35 86 156
35 87 142
35 88 109
35 89 76
35 90 160
35 91 194
35 92 111
35 93 126
35 94 193
35 95 199
35 96 35
35 97 22
35 98 65
35 99 117
36 37 47
36 38 196
36 39 95
36 40 6
36 41 19
36 42 12
36 43 93
36 44 7
36 45 101
36 46 18
36 47 157
36 48 42
36 49 46
36 50 174
36 51 140
36 52 200
36 53 196
36 54 144
36 55 99
36 56 44
36 57 45
36 58 38
36 59 175
36 60 70
36 61 58
36 62 97
36 63 46
36 64 37
36 65 166
36 66 29
36 67 157
36 68 100
36 69 78
36 70 91
36 71 32
36 72 190
36 73 44
36 74 149
36 75 130
36 76 192
36 77 80
36 78 8
36 79 92
36 80 72
36 81 37
36 82 180
36 83 101
36 84 187
36 85 124
36 86 140
36 87 64
36 88 188
36 89 71
36 90 124
36 91 126
36 92 170
36 93 45
36 94 118
36 95 133
36 96 144
36 97 46
36 98 41
36 99 197
37 38 147
37 39 0
37 40 11
37 41 29
37 42 51
37 43 91
37 44 58
37 45 58
37 46 38
37 47 2
37 48 126
37 49 49
37 50 58
37 51 86
37 52 40
37 53 76
37 54 96
37 55 22
37 56 123
37 57 114
37 58 142
37 59 22
37 60 10
37 61 89
37 62 168
37 63 173
37 64 186
37 65 191
37 66 1
37 67 200
37 68 149
37 69 71
37 70 14
37 71 69
37 72 196
37 73 127
37 74 55
37 75 156
37 76 91
37 77 193
37 78 14
37 79 114
37 80 44
37 81 57
37 82 167
37 83 192
37 84 141
37 85 91
37 86 78
37 87 170
37 88 181
37 89 162
37 90 87
37 91 82
37 92 48
37 93 72
37 94 127
37 95 127
37 96 129
37 97 121
37 98 189
37 99 32
38 39 85
38 40 186
38 41 150
38 42 66
38 43 9
38 44 153
38 45 73
38 46 106
38 47 75
38 48 82
38 49 162
38 50 120
38 51 158
38 52 166
38 53 61
38 54 175
38 55 13
38 56 182
38 57 114
38 58 172
38 59 55
38 60 38
38 61 189
38 62 105
38 63 122
38 64 135
38 65 118
38 66 96
38 67 164
38 68 33
38 69 179
38 70 182
38 71 92
38 72 51
38 73 25
38 74 164
38 75 30
38 76 70
38 77 52
38 78 77
38 79 157
38 80 86
38 81 50
38 82 142
38 83 135
38 84 64
38 85 103
38 86 170
38 87 77
38 88 129
38 89 133
38 90 115
38 91 81
38 92 105
38 93 113
38 94 72
38 95 200
38 96 114
38 97 29
38 98 199
38 99 172
39 40 8
39 41 143
39 42 20
39 43 153
39 44 173
39 45 189
39 46 41
39 47 3
39 48 196
39 49 54
39 50 186
39 51 56
39 52 126
39 53 158
39 54 2
39 55 174
39 56 16
39 57 129
39 58 122
39 59 101
39 60 21
39 61 125
39 62 166
39 63 58
39 64 97
39 65 73
39 66 52
39 67 20
39 68 90
39 69 80
39 70 68
39 71 93
39 72 44
39 73 114
39 74 150
39 75 109
39 76 74
39 77 90
39 78 164
39 79 72
39 80 37
39 81 178
39 82 68
39 83 109
39 84 117
39 85 66
39 86 61
39 87 20
39 88 139
39 89 164
39 90 10
39 91 37
39 92 103
39 93 95
39 94 52
39 95 71
39 96 176
39 97 106
39 98 88
39 99 103
40 41 4
40 42 121
40 43 27
40 44 73
40 45 172
40 46 106
40 47 95
40 48 137
40 49 134
40 50 55
40 51 62
40 52 133
40 53 112
40 54 80
40 55 152
40 56 130
40 57 154
40 58 49
40 59 167
40 60 102
40 61 177
40 62 56
40 63 114
40 64 27
40 65 127
40 66 62
40 67 185
40 68 115
40 69 21
40 70 28
40 71 54
40 72 175
40 73 196
40 74 160
40 75 1
40 76 135
40 77 169
40 78 146
40 79 108
40 80 181
40 81 13
40 82 130
40 83 48
40 84 117
40 85 137
40 86 44
40 87 184
40 88 2
40 89 37
40 90 77
40 91 104
40 92 55
40 93 146
40 94 154
40 95 148
40 96 128
40 97 168
40 98 87
40 99 5
