100 4949
0 1 98
0 2 7
0 3 38
0 4 147
0 5 72
0 6 8
0 7 72
0 8 84
0 9 73
0 10 173
0 11 23
0 12 37
0 13 194
0 14 118
0 15 192
0 16 64
0 17 137
0 18 174
0 19 4
0 20 51
0 21 4
0 22 170
0 23 90
0 24 31
0 25 162
0 26 14
0 27 60
0 28 154
0 29 72
0 30 157
0 31 144
0 32 149
0 33 164
0 34 168
0 35 35
0 36 169
0 37 122
0 38 40
0 39 95
0 40 68
0 41 93
0 42 64
0 43 182
0 44 132
0 45 90
0 46 7
0 47 127
0 48 134
0 49 3
0 50 109
0 51 112
0 52 186
0 53 22
0 54 80
0 55 136
0 56 139
0 57 161
0 58 81
0 59 190
0 60 117
0 61 155
0 62 173
0 63 43
0 64 128
0 65 184
0 66 164
0 67 172
0 68 62
0 69 61
0 70 92
0 71 83
0 72 29
0 73 22
0 74 152
0 75 46
0 76 148
0 77 133
0 78 83
0 79 177
0 80 192
0 81 146
0 82 95
0 83 134
0 84 13
0 85 32
0 86 136
0 87 70
0 88 29
0 89 44
0 90 12
0 91 142
0 92 134
0 93 10
0 94 11
0 95 79
0 96 27
0 97 145
0 98 42
0 99 26
1 2 156
1 3 149
1 4 76
1 5 28
1 6 54
1 7 63
1 8 42
1 9 134
1 10 45
1 11 53
1 12 96
1 13 7
1 14 28
1 15 111
1 16 15
1 17 54
1 18 195
1 19 68
1 20 50
1 21 167
1 22 158
1 23 29
1 24 67
1 25 6
1 26 107
1 27 94
1 28 144
1 29 155
1 30 96
1 31 71
1 32 33
1 33 71
1 34 54
1 35 15
1 36 86
1 37 179
1 38 84
1 39 88
1 40 74
1 41 181
1 42 88
1 43 89
1 44 68
1 45 31
1 46 22
1 47 162
1 48 56
1 49 124
1 50 153
1 51 91
1 52 29
1 53 185
1 54 131
1 55 61
1 56 195
1 57 127
1 58 189
1 59 76
1 60 14
1 61 199
1 62 138
1 63 8
1 64 143
1 65 140
1 66 101
1 67 157
1 68 32
1 69 13
1 70 2
1 71 194
1 72 134
1 73 79
1 74 3
1 75 174
1 76 20
1 77 55
1 78 40
1 79 74
1 80 185
1 81 13
1 82 146
1 83 124
1 84 166
1 85 102
1 86 101
1 87 179
1 88 120
1 89 109
1 90 147
1 91 22
1 92 19
1 93 175
1 94 79
1 95 34
1 96 122
1 97 131
1 98 177
1 99 114
2 3 175
2 4 186
2 5 94
2 6 48
2 7 184
2 8 159
2 9 33
2 10 171
2 11 101
2 12 4
2 13 198
2 14 145
2 15 101
2 16 77
2 17 17
2 18 187
2 19 61
2 20 191
2 21 167
2 22 123
2 23 88
2 24 187
2 25 1
2 26 170
2 27 156
2 28 8
2 29 1
2 30 41
2 31 143
2 32 188
2 33 173
2 34 67
2 35 113
2 36 20
2 37 26
2 38 41
2 39 58
2 40 89
2 41 129
2 42 6
2 43 173
2 44 81
2 45 119
2 46 119
2 47 13
2 48 126
2 49 131
2 50 129
2 51 78
2 52 88
2 53 145
2 54 70
2 55 56
2 56 40
2 57 34
2 58 98
2 59 97
2 60 46
2 61 25
2 62 87
2 63 176
2 64 150
2 65 174
2 66 8
2 67 21
2 68 108
2 69 182
2 70 18
2 71 119
2 72 54
2 73 171
2 74 131
2 75 84
2 76 152
2 77 27
2 78 109
2 79 23
2 80 80
2 81 40
2 82 130
2 83 148
2 84 53
2 85 110
2 86 111
2 87 41
2 88 118
2 89 133
2 90 91
2 91 92
2 92 58
2 93 145
2 94 32
2 95 75
2 96 102
2 97 137
2 98 179
2 99 126
3 4 88
3 5 108
3 6 11
3 7 58
3 8 120
3 9 148
3 10 56
3 11 114
3 12 82
3 13 32
3 14 113
3 15 159
3 16 85
3 17 178
3 18 147
3 19 91
3 20 43
3 21 70
3 22 168
3 23 5
3 24 92
3 25 183
3 26 148
3 27 10
3 28 28
3 29 115
3 30 92
3 31 183
3 32 144
3 33 56
3 34 14
3 35 42
3 36 117
3 37 160
3 38 19
3 39 146
3 40 122
3 41 136
3 42 137
3 43 140
3 44 131
3 45 11
3 46 49
3 47 2
3 48 2
3 49 116
3 50 57
3 51 126
3 52 193
3 53 150
3 54 149
3 55 60
3 56 200
3 57 81
3 58 3
3 59 142
3 60 71
3 61 177
3 62 93
3 63 191
3 64 182
3 65 89
3 66 17
3 67 87
3 68 44
3 69 155
3 70 133
3 71 80
3 72 116
3 73 197
3 74 107
3 75 174
3 76 116
3 77 159
3 78 74
3 79 136
3 80 144
3 81 61
3 82 123
3 83 22
3 84 15
3 85 78
3 86 59
3 87 118
3 88 9
3 89 158
3 90 20
3 91 154
3 92 121
3 93 56
3 94 183
3 95 112
3 96 119
3 97 120
3 98 130
3 99 138
4 5 158
4 6 186
4 7 71
4 8 90
4 9 40
4 10 39
4 11 80
4 12 111
4 13 117
4 14 85
4 15 144
4 16 15
4 17 199
4 18 2
4 19 64
4 20 46
4 21 4
4 22 86
4 23 174
4 24 113
4 25 112
4 26 95
4 27 104
4 28 78
4 29 169
4 30 153
4 31 66
4 32 144
4 33 155
4 34 82
4 35 103
4 36 73
4 37 71
4 38 99
4 39 169
4 40 39
4 41 55
4 42 124
4 43 147
4 44 72
4 45 28
4 46 71
4 47 164
4 48 78
4 49 142
4 50 20
4 51 173
4 52 165
4 53 146
4 54 136
4 55 90
4 56 65
4 57 67
4 58 159
4 59 18
4 60 105
4 61 31
4 62 103
4 63 60
4 64 177
4 65 109
4 66 81
4 67 174
4 68 119
4 69 145
4 70 115
4 71 161
4 72 80
4 73 193
4 74 80
4 75 17
4 76 118
4 77 90
4 78 116
4 79 0
4 80 175
4 81 90
4 82 37
4 83 7
4 84 36
4 85 186
4 86 100
4 87 45
4 88 14
4 89 9
4 90 62
4 91 114
4 92 118
4 93 35
4 94 63
4 95 28
4 96 0
4 97 195
4 98 85
4 99 82
5 6 58
5 7 67
5 8 3
5 9 154
5 10 84
5 11 40
5 12 28
5 13 74
5 14 166
5 15 100
5 16 8
5 17 53
5 18 191
5 19 182
5 20 190
5 21 195
5 22 132
5 23 144
5 24 149
5 25 126
5 26 13
5 27 2
5 28 132
5 29 89
5 30 191
5 31 194
5 32 33
5 33 93
5 34 135
5 35 151
5 36 92
5 37 199
5 38 187
5 39 43
5 40 153
5 41 15
5 42 79
5 43 86
5 44 65
5 45 179
5 46 7
5 47 9
5 48 196
5 49 135
5 50 138
5 51 143
5 52 32
5 53 136
5 54 154
5 55 120
5 56 84
5 57 3
5 58 21
5 59 130
5 60 7
5 61 29
5 62 138
5 63 50
5 64 41
5 65 108
5 66 101
5 67 86
5 68 13
5 69 6
5 70 81
5 71 35
5 72 181
5 73 139
5 74 123
5 75 136
5 76 168
5 77 73
5 78 137
5 79 17
5 80 94
5 81 65
5 82 108
5 83 70
5 84 74
5 85 45
5 86 89
5 87 110
5 88 50
5 89 141
5 90 52
5 91 79
5 92 174
5 93 153
5 94 42
5 95 124
5 96 164
5 97 182
5 98 66
5 99 61
6 7 60
6 8 94
6 9 37
6 10 9
6 11 177
6 12 130
6 13 29
6 14 65
6 15 8
6 16 63
6 17 55
6 18 101
6 19 130
6 20 156
6 21 137
6 22 138
6 23 109
6 24 182
6 25 133
6 26 58
6 27 128
6 28 88
6 29 84
6 30 137
6 31 82
6 32 29
6 33 60
6 34 143
6 35 17
6 36 77
6 37 128
6 38 9
6 39 10
6 40 35
6 41 64
6 42 7
6 43 172
6 44 121
6 45 154
6 46 78
6 47 35
6 48 116
6 49 79
6 50 99
6 51 175
6 52 17
6 53 18
6 54 64
6 55 96
6 56 39
6 57 132
6 58 105
6 59 151
6 60 38
6 61 34
6 62 46
6 63 171
6 64 7
6 65 163
6 66 130
6 67 97
6 68 46
6 69 84
6 70 105
6 71 107
6 72 126
6 73 42
6 74 58
6 75 78
6 76 180
6 77 2
6 78 160
6 79 120
6 80 165
6 81 22
6 82 64
6 83 94
6 84 19
6 85 188
6 86 126
6 87 87
6 88 161
6 89 69
6 90 78
6 91 16
6 92 4
6 93 167
6 94 97
6 95 133
6 96 44
6 97 58
6 98 16
6 99 29
7 8 162
7 9 160
7 10 200
7 11 63
7 12 66
7 13 27
7 14 104
7 15 111
7 16 60
7 17 133
7 18 2
7 19 138
7 20 91
7 21 8
7 22 16
7 23 6
7 24 172
7 25 69
7 26 188
7 27 129
7 28 188
7 29 32
7 30 37
7 31 10
7 32 145
7 33 86
7 34 153
7 35 95
7 36 117
7 37 7
7 38 141
7 39 118
7 40 37
7 41 196
7 42 163
7 43 98
7 44 14
7 45 133
7 46 16
7 47 160
7 48 133
7 49 17
7 50 0
7 51 33
7 52 24
7 53 2
7 54 165
7 55 72
7 56 192
7 57 188
7 58 83
7 59 150
7 60 192
7 61 95
7 62 152
7 63 101
7 64 154
7 65 114
7 66 128
7 67 177
7 68 59
7 69 165
7 70 52
7 71 43
7 72 26
7 73 127
7 74 78
7 75 35
7 76 136
7 77 49
7 78 132
7 79 130
7 80 3
7 81 36
7 82 182
7 83 15
7 84 172
7 85 17
7 86 124
7 87 140
7 88 142
7 89 85
7 90 132
7 91 102
7 92 75
7 93 154
7 94 52
7 95 138
7 96 167
7 97 77
7 98 151
7 99 63
8 9 9
8 10 169
8 11 57
8 12 187
8 13 45
8 14 50
8 15 84
8 16 35
8 17 101
8 18 194
8 19 52
8 20 76
8 21 93
8 22 51
8 23 65
8 24 64
8 25 28
8 26 46
8 27 194
8 28 35
8 29 146
8 30 25
8 31 101
8 32 16
8 33 136
8 34 68
8 35 30
8 36 134
8 37 169
8 38 82
8 39 16
8 40 0
8 41 172
8 42 76
8 43 124
8 44 30
8 45 96
8 46 46
8 47 7
8 48 31
8 49 88
8 50 153
8 51 76
8 52 30
8 53 62
8 54 80
8 55 152
8 56 51
8 57 139
8 58 134
8 59 7
8 60 148
8 61 23
8 62 106
8 63 113
8 64 110
8 65 94
8 66 69
8 67 55
8 68 80
8 69 156
8 70 114
8 71 109
8 72 184
8 73 42
8 74 37
8 75 108
8 76 28
8 77 144
8 78 32
8 79 86
8 80 136
8 81 183
8 82 27
8 83 33
8 84 86
8 85 188
8 86 29
8 87 197
8 88 33
8 89 181
8 90 109
8 91 135
8 92 155
8 93 21
8 94 25
8 95 98
8 96 138
8 97 176
8 98 72
8 99 35
9 10 24
9 11 137
9 12 107
9 13 131
9 14 102
9 15 68
9 16 180
9 17 139
9 18 77
9 19 22
9 20 155
9 21 51
9 22 197
9 23 196
9 24 170
9 25 56
9 26 190
9 27 77
9 28 178
9 29 29
9 30 42
9 31 65
9 32 185
9 33 172
9 34 186
9 35 39
9 36 154
9 37 161
9 38 136
9 39 57
9 40 126
9 41 126
9 42 185
9 43 95
9 44 159
9 45 18
9 46 97
9 47 41
9 48 139
9 49 194
9 50 165
9 51 54
9 52 180
9 53 35
9 54 67
9 55 133
9 56 56
9 57 79
9 58 108
9 59 87
9 60 187
9 61 191
9 62 8
9 63 118
9 64 76
9 65 136
9 66 39
9 67 112
9 68 169
9 69 21
9 70 97
9 71 92
9 72 174
9 73 71
9 74 72
9 75 99
9 76 181
9 77 110
9 78 58
9 79 10
9 80 199
9 81 182
9 82 171
9 83 179
9 84 108
9 85 117
9 86 87
9 87 26
9 88 54
9 89 182
9 90 166
9 91 191
9 92 58
9 93 54
9 94 78
9 95 174
9 96 185
9 97 81
9 98 50
9 99 49
10 11 125
10 12 178
10 13 161
10 14 37
10 15 67
10 16 162
10 17 196
10 18 172
10 19 44
10 20 62
10 21 116
10 22 27
10 23 136
10 24 179
10 25 169
10 26 3
10 27 24
10 28 48
10 29 163
10 30 185
10 31 40
10 32 18
10 33 78
10 34 10
10 35 198
10 36 110
10 37 148
10 38 133
10 39 170
10 40 143
10 41 1
10 42 34
10 43 155
10 44 33
10 45 119
10 46 144
10 47 4
10 48 29
10 49 110
10 50 102
10 51 148
10 52 188
10 53 141
10 54 157
10 55 17
10 56 199
10 57 113
10 58 52
10 59 161
10 60 57
10 61 52
10 62 171
10 63 74
10 64 178
10 65 148
10 66 117
10 67 161
10 68 100
10 69 61
10 70 149
10 71 140
10 72 121
10 73 72
10 74 186
10 75 194
10 76 3
10 77 144
10 78 8
10 79 143
10 80 26
10 81 130
10 82 128
10 83 176
10 84 101
10 85 63
10 86 28
10 87 92
10 88 88
10 89 83
10 90 35
10 91 183
10 92 56
10 93 31
10 94 81
10 95 189
10 96 94
10 97 44
10 98 122
10 99 168
11 12 96
11 13 109
11 14 50
11 15 59
11 16 83
11 17 109
11 18 103
11 19 164
11 20 69
11 21 159
11 22 115
11 23 113
11 24 62
11 25 149
11 26 32
11 27 200
11 28 19
11 29 102
11 30 80
11 31 184
11 32 141
11 33 83
11 34 2
11 35 37
11 36 47
11 37 118
11 38 80
11 39 107
11 40 93
11 41 172
11 42 84
11 43 86
11 44 0
11 45 155
11 46 0
11 47 28
11 48 77
11 49 70
11 50 69
11 51 177
11 52 157
11 53 10
11 54 167
11 55 174
11 56 91
11 57 80
11 58 154
11 59 39
11 60 64
11 61 96
11 62 108
11 63 145
11 64 16
11 65 120
11 66 181
11 67 114
11 68 46
11 69 104
11 70 108
11 71 0
11 72 125
11 73 183
11 74 17
11 75 154
11 76 84
11 77 142
11 78 147
11 79 129
11 80 17
11 81 43
11 82 107
11 83 69
11 84 195
11 85 147
11 86 118
11 87 109
11 88 6
11 89 187
11 90 180
11 91 66
11 92 9
11 93 38
11 94 107
11 95 100
11 96 125
11 97 122
11 98 137
11 99 145
12 13 114
12 14 29
12 15 73
12 16 14
12 17 150
12 18 143
12 19 174
12 20 102
12 21 19
12 22 45
12 23 126
12 24 197
12 25 66
12 26 83
12 27 166
12 28 123
12 29 99
12 30 128
12 31 173
12 32 76
12 33 0
12 34 3
12 35 137
12 36 141
12 37 89
12 38 84
12 39 49
12 40 37
12 41 122
12 42 0
12 43 98
12 44 35
12 45 45
12 46 196
12 47 3
12 48 71
12 49 62
12 50 105
12 51 5
12 52 150
12 53 136
12 54 93
12 55 93
12 56 91
12 57 128
12 58 80
12 59 158
12 60 189
12 61 143
12 62 167
12 63 113
12 64 180
12 65 20
12 66 12
12 67 176
12 68 182
12 69 18
12 70 182
12 71 138
12 72 62
12 73 70
12 74 165
12 75 25
12 76 172
12 77 154
12 78 107
12 79 123
12 80 70
12 81 188
12 82 103
12 83 175
12 84 200
12 85 80
12 86 109
12 87 200
12 88 13
12 89 132
12 90 77
12 91 36
12 92 46
12 93 187
12 94 95
12 95 198
12 96 61
12 97 116
12 98 152
12 99 55
13 14 164
13 15 100
13 16 47
13 17 79
13 18 176
13 19 100
13 20 47
13 21 15
13 22 26
13 23 118
13 24 109
13 25 197
13 26 199
13 27 182
13 28 3
13 29 199
13 30 177
13 31 105
13 32 131
13 33 181
13 34 53
13 35 88
13 36 152
13 37 168
13 38 156
13 39 48
13 40 42
13 41 128
13 42 60
13 43 197
13 44 70
13 45 99
13 46 46
13 47 183
13 48 122
13 49 119
13 50 187
13 51 9
13 52 197
13 53 157
13 54 34
13 55 35
13 56 164
13 57 33
13 58 130
13 59 86
13 60 72
13 61 116
13 62 138
13 63 105
13 64 119
13 65 6
13 66 119
13 67 132
13 68 72
13 69 177
13 70 94
13 71 86
13 72 5
13 73 82
13 74 38
13 75 97
13 76 53
13 77 40
13 78 100
13 79 27
13 80 99
13 81 3
13 82 141
13 83 49
13 84 148
13 85 57
13 86 154
13 87 33
13 88 95
13 89 109
13 90 11
13 91 60
13 92 180
13 93 186
13 94 158
13 95 94
13 96 17
13 97 145
13 98 93
13 99 90
14 15 171
14 16 180
14 17 70
14 18 76
14 19 74
14 20 56
14 21 103
14 22 4
14 23 65
14 24 156
14 25 157
14 26 193
14 27 89
14 28 62
14 29 85
14 30 200
14 31 2
14 32 3
14 33 140
14 34 68
14 35 79
14 36 123
14 37 115
14 38 85
14 39 37
14 40 111
14 41 47
14 42 196
14 43 63
14 44 50
14 45 157
14 46 136
14 47 188
14 48 84
14 49 96
14 50 12
14 51 109
14 52 170
14 53 72
14 54 76
14 55 128
14 56 86
14 57 19
14 58 129
14 59 76
14 60 195
14 61 27
14 62 34
14 63 111
14 64 30
14 65 126
14 66 71
14 67 39
14 68 50
14 69 167
14 70 104
14 71 126
14 72 135
14 73 159
14 74 117
14 75 152
14 76 125
14 77 58
14 78 8
14 79 35
14 80 139
14 81 197
14 82 59
14 83 89
14 84 92
14 85 83
14 86 84
14 87 42
14 88 184
14 89 60
14 90 99
14 91 155
14 92 159
14 93 27
14 94 161
14 95 89
14 96 82
14 97 156
14 98 57
14 99 170
15 16 176
15 17 159
15 18 82
15 19 53
15 20 124
15 21 125
15 22 184
15 23 14
15 24 173
15 25 45
15 26 32
15 27 64
15 28 190
15 29 152
15 30 58
15 31 6
15 32 13
15 33 123
15 34 115
15 35 31
15 36 141
15 37 166
15 38 143
15 39 26
15 40 52
15 41 129
15 42 90
15 43 142
15 44 176
15 45 133
15 46 2
15 47 124
15 48 67
15 49 176
15 50 179
15 51 106
15 52 87
15 53 76
15 54 175
15 55 4
15 56 152
15 57 61
15 58 61
15 59 159
15 60 147
15 61 175
15 62 141
15 63 171
15 64 152
15 65 150
15 66 115
15 67 105
15 68 91
15 69 122
15 70 66
15 71 90
15 72 198
15 73 37
15 74 144
15 75 39
15 76 107
15 77 15
15 78 125
15 79 187
15 80 1
15 81 115
15 82 77
15 83 6
15 84 13
15 85 200
15 86 8
15 87 69
15 88 109
15 89 112
15 90 157
15 91 24
15 92 153
15 93 177
15 94 46
15 95 149
15 96 17
15 97 31
15 98 197
15 99 112
16 17 171
16 18 179
16 19 68
16 20 78
16 21 197
16 22 158
16 23 99
16 24 47
16 25 136
16 26 74
16 27 108
16 28 189
16 29 161
16 30 172
16 31 25
16 32 182
16 33 163
16 34 77
16 35 71
16 36 25
16 37 160
16 38 71
16 39 5
16 40 184
16 41 7
16 42 58
16 43 61
16 44 192
16 45 15
16 46 24
16 47 3
16 48 4
16 49 170
16 50 113
16 51 63
16 52 71
16 53 159
16 54 139
16 55 48
16 56 62
16 57 112
16 58 2
16 59 29
16 60 135
16 61 32
16 62 28
16 63 43
16 64 7
16 65 48
16 66 2
16 67 101
16 68 182
16 69 192
16 70 102
16 71 11
16 72 27
16 73 123
16 74 15
16 75 1
16 76 140
16 77 196
16 78 196
16 79 36
16 80 62
16 81 89
16 82 103
16 83 154
16 84 7
16 85 95
16 86 54
16 87 61
16 88 129
16 89 190
16 90 100
16 91 91
16 92 193
16 93 110
16 94 47
16 95 115
16 96 191
16 97 2
16 98 38
16 99 94
17 18 79
17 19 40
17 20 22
17 21 166
17 22 108
17 23 15
17 24 122
17 25 76
17 26 197
17 27 193
17 28 126
17 29 155
17 30 132
17 31 3
17 32 44
17 33 158
17 34 154
17 35 126
17 36 9
17 37 194
17 38 27
17 39 92
17 40 175
17 41 65
17 42 192
17 43 83
17 44 40
17 45 100
17 46 159
17 47 2
17 48 29
17 49 13
17 50 79
17 51 38
17 52 47
17 53 189
17 54 54
17 55 67
17 56 40
17 57 190
17 58 81
17 59 48
17 60 140
17 61 105
17 62 76
17 63 35
17 64 0
17 65 65
17 66 119
17 67 92
17 68 123
17 69 193
17 70 52
17 71 127
17 72 188
17 73 150
17 74 105
17 75 184
17 76 16
17 77 101
17 78 120
17 79 59
17 80 61
17 81 120
17 82 49
17 83 21
17 84 153
17 85 199
17 86 193
17 87 177
17 88 76
17 89 44
17 90 149
17 91 169
17 92 53
17 93 62
17 94 151
17 95 115
17 96 139
17 97 20
17 98 78
17 99 172
18 19 137
18 20 80
18 21 166
18 22 151
18 23 151
18 24 150
18 25 188
18 26 107
18 27 167
18 28 10
18 29 130
18 30 150
18 31 54
18 32 60
18 33 135
18 34 114
18 35 156
18 36 72
18 37 132
18 38 138
18 39 15
18 40 58
18 41 123
18 42 17
18 43 54
18 44 148
18 45 40
18 46 197
18 47 140
18 48 113
18 49 40
18 50 144
18 51 200
18 52 183
18 53 157
18 54 29
18 55 79
18 56 5
18 57 122
18 58 151
18 59 110
18 60 101
18 61 198
18 62 129
18 63 185
18 64 53
18 65 183
18 66 158
18 67 137
18 68 14
18 69 40
18 70 164
18 71 125
18 72 176
18 73 189
18 74 39
18 75 114
18 76 38
18 77 191
18 78 133
18 79 199
18 80 95
18 81 90
18 82 198
18 83 170
18 84 30
18 85 18
18 86 131
18 87 131
18 88 1
18 89 125
18 90 137
18 91 8
18 92 88
18 93 23
18 94 24
18 95 174
18 96 38
18 97 140
18 98 188
18 99 144
19 20 108
19 21 89
19 22 13
19 23 197
19 24 96
19 25 84
19 26 2
19 27 77
19 28 53
19 29 50
19 30 165
19 31 62
19 32 44
19 33 116
19 34 155
19 35 116
19 36 82
19 37 30
19 38 144
19 39 118
19 40 40
19 41 40
19 42 145
19 43 100
19 44 200
19 45 137
19 46 36
19 47 54
19 48 180
19 49 106
19 50 12
19 51 83
19 52 144
19 53 93
19 54 132
19 55 15
19 56 63
19 57 73
19 58 142
19 59 67
19 60 111
19 61 14
19 62 177
19 63 196
19 64 29
19 65 190
19 66 175
19 67 103
19 68 87
19 69 38
19 70 12
19 71 193
19 72 166
19 73 55
19 74 96
19 75 18
19 76 101
19 77 155
19 78 197
19 79 127
19 80 68
19 81 27
19 82 107
19 83 54
19 84 89
19 85 69
19 86 171
19 87 92
19 88 57
19 89 169
19 90 43
19 91 55
19 92 187
19 93 45
19 94 122
19 95 103
19 96 131
19 97 129
19 98 199
19 99 116
20 21 160
20 22 142
20 23 145
20 24 142
20 25 168
20 26 169
20 27 171
20 28 10
20 29 63
20 30 4
20 31 150
20 32 148
20 33 20
20 34 104
20 35 81
20 36 32
20 37 41
20 38 138
20 39 107
20 40 142
20 41 56
20 42 153
20 43 49
20 44 120
20 45 109
20 46 184
20 47 129
20 48 4
20 49 35
20 50 10
20 51 171
20 52 188
20 53 15
20 54 42
20 55 53
20 56 91
20 57 170
20 58 165
20 59 152
20 60 67
20 61 33
20 62 95
20 63 198
20 64 137
20 65 152
20 66 89
20 67 145
20 68 151
20 69 117
20 70 13
20 71 100
20 72 179
20 73 107
20 74 132
20 75 100
20 76 27
20 77 152
20 78 173
20 79 142
20 80 152
20 81 129
20 82 190
20 83 16
20 84 25
20 85 148
20 86 18
20 87 71
20 88 133
20 89 87
20 90 33
20 91 113
20 92 133
20 93 144
20 94 108
20 95 74
20 96 3
20 97 111
20 98 174
20 99 114
21 22 31
21 23 100
21 24 113
21 25 96
21 26 27
21 27 199
21 28 35
21 29 129
21 30 102
21 31 75
21 32 94
21 33 67
21 34 149
21 35 36
21 36 160
21 37 143
21 38 86
21 39 173
21 40 195
21 41 144
21 42 180
21 43 22
21 44 197
21 45 159
21 46 133
21 47 33
21 48 192
21 49 85
21 50 51
21 51 160
21 52 127
21 53 105
21 54 149
21 55 108
21 56 161
21 57 196
21 58 116
21 59 123
21 60 88
21 61 156
21 62 183
21 63 128
21 64 19
21 65 62
21 66 100
21 67 91
21 68 55
21 69 119
21 70 98
21 71 184
21 72 187
21 73 25
21 74 20
21 75 199
21 76 172
21 77 196
21 78 53
21 79 147
21 80 41
21 81 111
21 82 49
21 83 84
21 84 162
21 85 67
21 86 99
21 87 110
21 88 59
21 89 38
21 90 83
21 91 66
21 92 23
21 93 126
21 94 151
21 95 29
21 96 13
21 97 141
21 98 117
21 99 184
22 23 41
22 24 14
22 25 131
22 26 128
22 27 81
22 28 99
22 29 166
22 30 78
22 31 171
22 32 49
22 33 17
22 34 78
22 35 180
22 36 179
22 37 9
22 38 137
22 39 93
22 40 40
22 41 177
22 42 189
22 43 22
22 44 125
22 45 88
22 46 123
22 47 0
22 48 145
22 49 170
22 50 122
22 51 183
22 52 67
22 53 178
22 54 18
22 55 185
22 56 92
22 57 82
22 58 69
22 59 33
22 60 145
22 61 172
22 62 42
22 63 144
22 64 114
22 65 107
22 66 185
22 67 115
22 68 199
22 69 132
22 70 178
22 71 145
22 72 60
22 73 136
22 74 135
22 75 200
22 76 77
22 77 14
22 78 143
22 79 115
22 80 194
22 81 18
22 82 35
22 83 57
22 84 140
22 85 153
22 86 197
22 87 163
22 88 113
22 89 166
22 90 116
22 91 136
22 92 137
22 93 49
22 94 199
22 95 191
22 96 106
22 97 143
22 98 63
22 99 74
23 24 150
23 25 14
23 26 151
23 27 194
23 28 6
23 29 98
23 30 53
23 31 70
23 32 131
23 33 127
23 34 185
23 35 162
23 36 58
23 37 52
23 38 189
23 39 155
23 40 58
23 41 159
23 42 189
23 43 107
23 44 74
23 45 0
23 46 134
23 47 111
23 48 16
23 49 143
23 50 130
23 51 64
23 52 146
23 53 14
23 54 128
23 55 188
23 56 12
23 57 21
23 58 160
23 59 166
23 60 123
23 61 20
23 62 63
23 63 104
23 64 57
23 65 97
23 66 97
23 67 47
23 68 175
23 69 60
23 70 119
23 71 85
23 72 65
23 73 110
23 74 9
23 75 42
23 76 171
23 77 18
23 78 128
23 79 153
23 80 147
23 81 20
23 82 21
23 83 171
23 84 37
23 85 64
23 86 8
23 87 160
23 88 25
23 89 95
23 90 126
23 91 86
23 92 128
23 93 20
23 94 188
23 95 77
23 96 28
23 97 138
23 98 98
23 99 35
24 25 32
24 26 85
24 27 68
24 28 35
24 29 151
24 30 197
24 31 170
24 32 185
24 33 126
24 34 171
24 35 69
24 36 47
24 37 111
24 38 22
24 39 131
24 40 29
24 41 66
24 42 68
24 43 197
24 44 83
24 45 38
24 46 149
24 47 172
24 48 98
24 49 61
24 50 68
24 51 175
24 52 20
24 53 71
24 54 13
24 55 173
24 56 11
24 57 144
24 58 172
24 59 154
24 60 131
24 61 128
24 62 139
24 63 69
24 64 198
24 65 146
24 66 59
24 67 136
24 68 28
24 69 137
24 70 48
24 71 175
24 72 176
24 73 154
24 74 172
24 75 37
24 76 115
24 77 108
24 78 75
24 79 182
24 80 102
24 81 41
24 82 1
24 83 138
24 84 145
24 85 22
24 86 22
24 87 6
24 88 165
24 89 120
24 90 11
24 91 124
24 92 199
24 93 70
24 94 169
24 95 153
24 96 139
24 97 176
24 98 188
24 99 41
25 26 130
25 27 61
25 28 80
25 29 107
25 30 149
25 31 132
25 32 183
25 33 159
25 34 179
25 35 48
25 36 183
25 37 162
25 38 50
25 39 15
25 40 95
25 41 111
25 42 140
25 43 163
25 44 91
25 45 83
25 46 155
25 47 168
25 48 85
25 49 75
25 50 147
25 51 63
25 52 173
25 53 101
25 54 32
25 55 90
25 56 37
25 57 52
25 58 155
25 59 32
25 60 25
25 61 189
25 62 166
25 63 178
25 64 89
25 65 172
25 66 192
25 67 92
25 68 99
25 69 50
25 70 118
25 71 175
25 72 49
25 73 87
25 74 166
25 75 193
25 76 17
25 77 107
25 78 170
25 79 169
25 80 188
25 81 31
25 82 187
25 83 120
25 84 73
25 85 33
25 86 182
25 87 198
25 88 151
25 89 170
25 90 55
25 91 186
25 92 107
25 93 88
25 94 80
25 95 98
25 96 53
25 97 13
25 98 119
25 99 53
26 27 178
26 28 134
26 29 32
26 30 8
26 31 69
26 32 197
26 33 191
26 34 125
26 35 102
26 36 122
26 37 84
26 38 18
26 39 96
26 40 111
26 41 113
26 42 141
26 43 40
26 44 130
26 45 124
26 46 77
26 47 64
26 48 119
26 49 55
26 50 123
26 51 103
26 52 77
26 53 78
26 54 156
26 55 25
26 56 112
26 57 194
26 58 153
26 59 82
26 60 35
26 61 73
26 62 17
26 63 41
26 64 44
26 65 17
26 66 112
26 67 49
26 68 35
26 69 71
26 70 144
26 71 104
26 72 11
26 73 104
26 74 187
26 75 36
26 76 127
26 77 103
26 78 20
26 79 184
26 80 150
26 81 49
26 82 189
26 83 12
26 84 54
26 85 122
26 86 69
26 87 59
26 88 163
26 89 39
26 90 82
26 91 70
26 92 125
26 93 166
26 94 189
26 95 183
26 96 117
26 97 125
26 98 45
26 99 133
27 28 2
27 29 47
27 30 188
27 31 136
27 32 26
27 33 29
27 34 136
27 35 34
27 36 114
27 37 130
27 38 41
27 39 182
27 40 39
27 41 134
27 42 45
27 43 188
27 44 72
27 45 149
27 46 185
27 47 148
27 48 87
27 49 40
27 50 116
27 51 16
27 52 122
27 53 199
27 54 145
27 55 189
27 56 16
27 57 21
27 58 60
27 59 29
27 60 49
27 61 144
27 62 166
27 63 175
27 64 94
27 65 102
27 66 44
27 67 140
27 68 37
27 69 37
27 70 47
27 71 25
27 72 2
27 73 25
27 74 11
27 75 89
27 76 161
27 77 87
27 78 131
27 79 197
27 80 54
27 81 68
27 82 154
27 83 196
27 84 80
27 85 23
27 86 129
27 87 72
27 88 61
27 89 174
27 90 26
27 91 119
27 92 60
27 93 5
27 94 178
27 95 53
27 96 180
27 97 5
27 98 51
27 99 103
28 29 183
28 30 122
28 31 106
28 32 12
28 33 124
28 34 154
28 35 193
28 36 101
28 37 198
28 38 44
28 39 27
28 40 28
28 41 179
28 42 131
28 43 32
28 44 1
28 45 23
28 46 125
28 47 141
28 48 31
28 49 154
28 50 30
28 51 32
28 52 71
28 53 72
28 54 73
28 55 114
28 56 111
28 57 162
28 58 64
28 59 81
28 60 105
28 61 185
28 62 163
28 63 179
28 64 200
28 65 103
28 66 11
28 67 148
28 68 137
28 69 22
28 70 100
28 71 55
28 72 38
28 73 112
28 74 121
28 75 192
28 76 109
28 77 67
28 78 11
28 79 191
28 80 3
28 81 172
28 82 126
28 83 135
28 84 105
28 85 67
28 86 165
28 87 35
28 88 70
28 89 42
28 90 102
28 91 68
28 92 34
28 93 139
28 94 56
28 95 185
28 96 81
28 97 137
28 98 62
28 99 199
29 30 145
29 31 33
29 32 58
29 33 58
29 34 98
29 35 145
29 36 25
29 37 130
29 38 78
29 39 60
29 40 20
29 41 47
29 42 183
29 43 199
29 44 131
29 45 50
29 46 88
29 47 28
29 48 53
29 49 115
29 50 111
29 51 68
29 52 135
29 53 102
29 54 16
29 55 106
29 56 169
29 57 55
29 58 49
29 59 136
29 60 102
29 61 150
29 62 24
29 63 13
29 64 137
29 65 90
29 66 96
29 67 116
29 68 155
29 69 116
29 70 39
29 71 100
29 72 153
29 73 18
29 74 116
29 75 152
29 76 150
29 77 56
29 78 159
29 79 159
29 80 122
29 81 118
29 82 86
29 83 135
29 84 85
29 85 168
29 86 101
29 87 39
29 88 196
29 89 53
29 90 104
29 91 195
29 92 85
29 93 57
29 94 20
29 95 47
29 96 75
29 97 162
29 98 154
29 99 185
30 31 74
30 32 63
30 33 51
30 34 125
30 35 65
30 36 173
30 37 136
30 38 61
30 39 41
30 40 82
30 41 176
30 42 79
30 43 100
30 44 164
30 45 145
30 46 68
30 47 69
30 48 20
30 49 125
30 50 9
30 51 108
30 52 76
30 53 83
30 54 99
30 55 126
30 56 140
30 57 176
30 58 117
30 59 40
30 60 200
30 61 153
30 62 188
30 63 122
30 64 96
30 65 37
30 66 137
30 67 196
30 68 92
30 69 40
30 70 82
30 71 189
30 72 96
30 73 187
30 74 36
30 75 178
30 76 73
30 77 53
30 78 22
30 79 67
30 80 29
30 81 26
30 82 199
30 83 176
30 84 69
30 85 47
30 86 62
30 87 38
30 88 86
30 89 164
30 90 159
30 91 26
30 92 139
30 93 2
30 94 66
30 95 178
30 96 134
30 97 1
30 98 152
30 99 74
31 32 158
31 33 183
31 34 15
31 35 66
31 36 166
31 37 49
31 38 76
31 39 5
31 40 7
31 41 184
31 42 142
31 43 117
31 44 182
31 45 47
31 46 18
31 47 42
31 48 95
31 49 19
31 50 126
31 51 25
31 52 91
31 53 83
31 54 180
31 55 161
31 56 110
31 57 7
31 58 138
31 59 45
31 60 176
31 61 53
31 62 23
31 63 8
31 64 80
31 65 96
31 66 197
31 67 155
31 68 43
31 69 193
31 70 176
31 71 128
31 72 157
31 73 80
31 74 137
31 75 188
31 76 168
31 77 179
31 78 17
31 79 134
31 80 81
31 81 55
31 82 87
31 83 184
31 84 94
31 85 50
31 86 113
31 87 1
31 88 177
31 89 176
31 90 139
31 91 77
31 92 66
31 93 40
31 94 47
31 95 80
31 96 197
31 97 112
31 98 124
31 99 106
32 33 21
32 34 93
32 35 199
32 36 112
32 37 48
32 38 125
32 39 29
32 40 32
32 41 146
32 42 102
32 43 143
32 44 132
32 45 132
32 46 184
32 47 104
32 48 172
32 49 193
32 50 86
32 51 19
32 52 177
32 53 100
32 54 101
32 55 36
32 56 96
32 57 26
32 58 100
32 59 17
32 60 117
32 61 26
32 62 177
32 63 131
32 64 79
32 65 14
32 66 128
32 67 99
32 68 46
32 69 196
32 70 74
32 71 126
32 72 200
32 73 3
32 74 38
32 75 119
32 76 115
32 77 99
32 78 81
32 79 153
32 80 88
32 81 165
32 82 39
32 83 11
32 84 173
32 85 46
32 86 168
32 87 97
32 88 2
32 89 68
32 90 160
32 91 159
32 92 31
32 93 134
32 94 197
32 95 135
32 96 166
32 97 36
32 98 91
32 99 79
33 34 168
33 35 138
33 36 110
33 37 111
33 38 125
33 39 72
33 40 150
33 41 19
33 42 99
33 43 59
33 44 144
33 45 121
33 46 7
33 47 97
33 48 85
33 49 138
33 50 46
33 51 122
33 52 129
33 53 121
33 54 166
33 55 200
33 56 15
33 57 121
33 58 19
33 59 180
33 60 122
33 61 4
33 62 143
33 63 88
33 64 108
33 65 41
33 66 192
33 67 23
33 68 89
33 69 137
33 70 59
33 71 24
33 72 112
33 73 33
33 74 187
33 75 47
33 76 50
33 77 123
33 78 97
33 79 198
33 80 7
33 81 82
33 82 51
33 83 62
33 84 61
33 85 134
33 86 171
33 87 162
33 88 183
33 89 102
33 90 53
33 91 122
33 92 156
33 93 88
33 94 106
33 95 98
33 96 119
33 97 46
33 98 4
33 99 161
34 35 178
34 36 80
34 37 198
34 38 168
34 39 195
34 40 94
34 41 66
34 42 127
34 43 161
34 44 90
34 45 157
34 46 56
34 47 37
34 48 23
34 49 166
34 50 26
34 51 32
34 52 181
34 53 75
34 54 62
34 55 172
34 56 71
34 57 148
34 58 121
34 59 110
34 60 41
34 61 12
34 62 198
34 63 59
34 64 164
34 65 76
34 66 154
34 67 24
34 68 200
34 69 60
34 70 100
34 71 151
34 72 183
34 73 151
34 74 41
34 75 61
34 76 45
34 77 173
34 78 80
34 79 175
34 80 144
34 81 158
34 82 187
34 83 178
34 84 70
34 85 160
34 86 152
34 87 127
34 88 65
34 89 161
34 90 143
34 91 52
34 92 157
34 93 77
34 94 79
34 95 140
34 96 110
34 97 133
34 98 13
34 99 32
35 36 114
35 37 72
35 38 126
35 39 103
35 40 83
35 41 180
35 42 168
35 43 60
35 44 6
35 45 56
35 46 50
35 47 139
35 48 189
35 49 94
35 50 8
35 51 172
35 52 15
35 53 102
35 54 57
35 55 83
35 56 4
35 57 78
35 58 139
35 59 31
35 60 130
35 61 10
35 62 84
35 63 139
35 64 166
35 65 97
35 66 122
35 67 25
35 68 150
35 69 106
35 70 155
35 71 181
35 72 71
35 73 105
35 74 141
35 75 58
35 76 142
35 77 104
35 78 182
35 79 66
35 80 183
35 81 5
35 82 25
35 83 149
35 84 157
35 85 17
35 86 89
35 87 44
35 88 33
35 89 145
35 90 29
35 91 124
35 92 46
35 93 176
35 94 88
35 95 88
35 96 23
35 97 147
35 98 70
35 99 18
36 37 75
36 38 86
36 39 20
36 40 50
36 41 138
36 42 70
36 43 140
36 44 109
36 45 3
36 46 68
36 47 144
36 48 64
36 49 25
36 50 73
36 51 80
36 52 84
36 53 121
36 54 64
36 55 88
36 56 115
36 57 73
36 58 17
36 59 106
36 60 172
36 61 199
36 62 197
36 63 50
36 64 131
36 65 136
36 66 196
36 67 61
36 68 9
36 69 80
36 70 55
36 71 118
36 72 120
36 73 134
36 74 67
36 75 200
36 76 16
36 77 71
36 78 122
36 79 16
36 80 137
36 81 190
36 82 86
36 83 113
36 84 150
36 85 110
36 86 127
36 87 170
36 88 55
36 89 0
36 90 121
36 91 30
36 92 113
36 93 128
36 94 142
36 95 198
36 96 83
36 97 177
36 98 86
36 99 34
37 38 111
37 39 158
37 40 67
37 41 75
37 42 121
37 43 50
37 44 103
37 45 141
37 46 155
37 47 2
37 48 184
37 49 143
37 50 173
37 51 182
37 52 18
37 53 185
37 54 141
37 55 97
37 56 153
37 57 48
37 58 105
37 59 143
37 60 80
37 61 198
37 62 170
37 63 189
37 64 189
37 65 11
37 66 145
37 67 46
37 68 80
37 69 10
37 70 54
37 71 28
37 72 169
37 73 1
37 74 52
37 75 112
37 76 174
37 77 28
37 78 30
37 79 98
37 80 162
37 81 184
37 82 168
37 83 198
37 84 51
37 85 113
37 86 8
37 87 113
37 88 98
37 89 19
37 90 105
37 91 155
37 92 164
37 93 55
37 94 91
37 95 192
37 96 134
37 97 55
37 98 139
37 99 92
38 39 79
38 40 100
38 41 149
38 42 39
38 43 178
38 44 170
38 45 69
38 46 181
38 47 144
38 48 71
38 49 167
38 50 175
38 51 126
38 52 179
38 53 136
38 54 84
38 55 154
38 56 177
38 57 0
38 58 23
38 59 131
38 60 169
38 61 87
38 62 109
38 63 80
38 64 99
38 65 26
38 66 164
38 67 48
38 68 182
38 69 78
38 70 41
38 71 192
38 72 174
38 73 91
38 74 19
38 75 70
38 76 112
38 77 147
38 78 36
38 79 181
38 80 119
38 81 183
38 82 80
38 83 93
38 84 50
38 85 188
38 86 75
38 87 82
38 88 166
38 89 54
38 90 51
38 91 129
38 92 35
38 93 131
38 94 194
38 95 74
38 96 200
38 97 168
38 98 56
38 99 139
39 40 18
39 41 143
39 42 50
39 43 35
39 44 35
39 45 2
39 46 128
39 47 7
39 48 141
39 49 95
39 50 72
39 51 3
39 52 92
39 53 153
39 54 16
39 55 197
39 56 130
39 57 5
39 58 176
39 59 11
39 60 162
39 61 70
39 62 170
39 63 25
39 64 87
39 65 71
39 66 34
39 67 49
39 68 152
39 69 70
39 70 24
39 71 198
39 72 91
39 73 47
39 74 88
39 75 5
39 76 193
39 77 11
39 78 195
39 79 21
39 80 122
39 81 12
39 82 82
39 83 25
39 84 108
39 85 124
39 86 67
39 87 42
39 88 2
39 89 4
39 90 87
39 91 167
39 92 23
39 93 78
39 94 23
39 95 59
39 96 42
39 97 164
39 98 69
39 99 121
40 41 158
40 42 103
40 43 156
40 44 155
40 45 98
40 46 101
40 47 109
40 48 69
40 49 11
40 50 87
40 51 116
40 52 166
40 53 137
40 54 142
40 55 59
40 56 52
40 57 167
40 58 63
40 59 52
40 60 103
40 61 45
40 62 116
40 63 157
40 64 73
40 65 150
40 66 168
40 67 168
40 68 49
40 69 60
40 70 85
40 71 190
40 72 186
40 73 56
40 74 70
40 75 113
40 76 100
40 77 196
40 78 39
40 79 113
40 80 143
40 81 35
40 82 165
40 83 81
40 84 132
40 85 83
40 86 131
40 87 130
40 88 98
40 89 103
40 90 96
40 91 74
40 92 92
40 93 155
40 94 137
40 95 36
40 96 180
40 97 13
40 98 156
40 99 65
41 42 161
41 43 51
41 44 147
41 45 170
41 46 0
41 47 148
41 48 2
41 49 17
41 50 120
41 51 52
41 52 36
41 53 46
41 54 56
41 55 27
41 56 123
41 57 179
41 58 110
41 59 90
41 60 175
41 61 146
41 62 74
41 63 49
41 64 3
41 65 70
41 66 98
41 67 177
41 68 180
41 69 17
41 70 134
41 71 197
41 72 11
41 73 15
41 74 146
41 75 48
41 76 39
41 77 183
41 78 73
41 79 83
41 80 121
41 81 77
41 82 23
41 83 151
41 84 137
41 85 156
41 86 159
41 87 129
41 88 100
41 89 108
41 90 184
41 91 126
41 92 1
41 93 183
41 94 121
41 95 69
41 96 200
41 97 81
41 98 120
41 99 131
42 43 172
42 44 140
42 45 151
42 46 77
42 47 51
42 48 144
42 49 20
42 50 130
42 51 137
42 52 62
42 53 174
42 54 99
42 55 75
42 56 80
42 57 200
42 58 156
42 59 45
42 60 187
42 61 60
42 62 52
42 63 122
42 64 113
42 65 199
42 66 70
42 67 23
42 68 68
42 69 136
42 70 122
42 71 93
42 72 42
42 73 70
42 74 70
42 75 112
42 76 142
42 77 148
42 78 34
42 79 3
42 80 129
42 81 72
42 82 52
42 83 38
42 84 160
42 85 15
42 86 74
42 87 50
42 88 13
42 89 52
42 90 5
42 91 187
42 92 197
42 93 48
42 94 175
42 95 72
42 96 136
42 97 46
42 98 171
42 99 101
43 44 135
43 45 107
43 46 102
43 47 75
43 48 178
43 49 115
43 50 60
43 51 1
43 52 125
43 53 90
43 54 78
43 55 160
43 56 153
43 57 44
43 58 138
43 59 7
43 60 34
43 61 195
43 62 8
43 63 162
43 64 91
43 65 75
43 66 38
43 67 30
43 68 41
43 69 83
43 70 155
43 71 95
43 72 87
43 73 180
43 74 138
43 75 147
43 76 36
43 77 141
43 78 3
43 79 103
43 80 161
43 81 12
43 82 106
43 83 43
43 84 12
43 85 142
43 86 161
43 87 34
43 88 8
43 89 158
43 90 25
43 91 199
43 92 52
43 93 80
43 94 10
43 95 63
43 96 117
43 97 19
43 98 96
43 99 195
44 45 96
44 46 91
44 47 192
44 48 74
44 49 86
44 50 116
44 51 70
44 52 161
44 53 61
44 54 41
44 55 59
44 56 152
44 57 168
44 58 195
44 59 54
44 60 49
44 61 5
44 62 158
44 63 19
44 64 174
44 65 127
44 66 166
44 67 184
44 68 14
44 69 191
44 70 20
44 71 191
44 72 116
44 73 56
44 74 105
44 75 105
44 76 29
44 77 194
44 78 104
44 79 171
44 80 51
44 81 161
44 82 55
44 83 131
44 84 106
44 85 161
44 86 65
44 87 82
44 88 113
44 89 97
44 90 197
44 91 151
44 92 5
44 93 26
44 94 87
44 95 121
44 96 91
44 97 133
44 98 28
44 99 190
45 46 145
45 47 78
45 48 154
45 49 128
45 50 26
45 51 148
45 52 180
45 53 140
45 54 161
45 55 52
45 56 175
45 57 36
45 58 186
45 59 52
45 60 30
45 61 51
45 62 127
45 63 59
45 64 152
45 65 108
45 66 44
45 67 93
45 68 115
45 69 49
45 70 118
45 71 136
45 72 177
45 73 24
45 74 96
45 75 32
45 76 3
45 77 166
45 78 48
45 79 179
45 80 106
45 81 188
45 82 41
45 83 87
45 84 24
45 85 184
45 86 52
45 87 189
45 88 9
45 89 87
45 90 113
45 91 31
45 92 119
45 93 106
45 94 132
45 95 161
45 96 196
45 97 79
45 98 112
45 99 90
46 47 194
46 48 5
46 49 58
46 50 172
46 51 114
46 52 88
46 53 39
46 54 164
46 55 174
46 56 199
46 57 21
46 58 52
46 59 23
46 60 85
46 61 105
46 62 101
46 63 141
46 64 113
46 65 9
46 66 33
46 67 107
46 68 183
46 69 29
46 70 38
46 71 100
46 72 140
46 73 149
46 74 141
46 75 102
46 76 164
46 77 18
46 78 82
46 79 104
46 80 115
46 81 114
46 82 131
46 83 127
46 84 112
46 85 153
46 86 14
46 87 59
46 88 113
46 89 200
46 90 94
46 91 26
46 92 160
46 93 3
46 94 53
46 95 21
46 96 41
46 97 167
46 98 21
46 99 191
47 48 138
47 49 66
47 50 40
47 51 198
47 52 123
47 53 5
47 54 136
47 55 195
47 56 191
47 57 180
47 58 168
47 59 80
47 60 35
47 61 34
47 62 74
47 63 74
47 64 89
47 65 154
47 66 113
47 67 178
47 68 162
47 69 97
47 70 75
47 71 120
47 72 102
47 73 96
47 74 89
47 75 68
47 76 69
47 77 199
47 78 66
47 79 80
47 80 64
47 81 30
47 82 160
47 83 176
47 84 8
47 85 163
47 86 121
47 87 183
47 88 51
47 89 121
47 90 82
47 91 192
47 92 99
47 93 10
47 94 161
47 95 168
47 96 147
47 97 187
47 98 18
47 99 140
48 49 58
48 50 51
48 51 19
48 52 87
48 53 64
48 54 91
48 55 120
48 56 57
48 57 51
48 58 29
48 59 97
48 60 174
48 61 164
48 62 159
48 63 42
48 64 139
48 65 180
48 66 159
48 67 68
48 68 112
48 69 64
48 70 13
48 71 172
48 72 165
48 73 55
48 74 124
48 75 182
48 76 9
48 77 49
48 78 169
48 79 109
48 80 78
48 81 193
48 82 82
48 83 108
48 84 81
48 85 183
48 86 128
48 87 105
48 88 75
48 89 111
48 90 86
48 91 159
48 92 163
48 93 129
48 94 99
48 95 65
48 96 199
48 97 10
48 98 77
48 99 28
49 50 104
49 51 72
49 52 163
49 53 193
49 54 11
49 55 155
49 56 133
49 57 132
49 58 26
49 59 13
49 60 131
49 61 185
49 62 173
49 63 141
49 64 59
49 65 0
49 66 131
49 67 175
49 68 132
49 69 95
49 70 127
49 71 152
49 72 26
49 73 114
49 74 56
49 75 72
49 76 15
49 77 137
49 78 144
49 79 116
49 80 75
49 81 116
49 82 12
49 83 15
49 84 157
49 85 123
49 86 126
49 87 92
49 88 118
49 89 125
49 90 35
49 91 25
49 92 126
49 93 122
49 94 142
49 95 88
49 96 107
49 97 83
49 98 9
49 99 97
50 51 12
50 52 182
50 53 83
50 54 89
50 55 36
50 56 7
50 57 196
50 58 113
50 59 30
50 60 96
50 61 7
50 62 122
50 63 161
50 64 10
50 65 146
50 66 105
50 67 145
50 68 125
50 69 134
50 70 55
50 71 105
50 72 6
50 73 43
50 74 100
50 75 167
50 76 65
50 77 39
50 78 174
50 79 146
50 80 194
50 81 81
50 82 100
50 83 30
50 84 158
50 85 102
50 86 66
50 87 90
50 88 156
50 89 169
50 90 49
50 91 61
50 92 9
50 93 59
50 94 75
50 95 22
50 96 180
50 97 163
50 98 175
50 99 141
51 52 101
51 53 46
51 54 88
51 55 75
51 56 64
51 57 159
51 58 8
51 59 133
51 60 158
51 61 25
51 62 98
51 63 63
51 64 120
51 65 165
51 66 199
51 67 196
51 68 68
51 69 182
51 70 127
51 71 76
51 72 166
51 73 106
51 74 44
51 75 101
51 76 77
51 77 188
51 78 1
51 79 3
51 80 47
51 81 7
51 82 38
51 83 119
51 84 33
51 85 169
51 86 46
51 87 90
51 88 127
51 89 69
51 90 145
51 91 154
51 92 151
51 93 179
51 94 165
51 95 185
51 96 106
51 97 116
51 98 18
51 99 72
52 53 46
52 54 19
52 55 84
52 56 163
52 57 32
52 58 21
52 59 66
52 60 99
52 61 53
52 62 162
52 63 59
52 64 121
52 65 4
52 66 145
52 67 135
52 68 96
52 69 161
52 70 11
52 71 60
52 72 90
52 73 166
52 74 12
52 75 168
52 76 198
52 77 176
52 78 196
52 79 173
52 80 177
52 81 4
52 82 29
52 83 151
52 84 67
52 85 99
52 86 25
52 87 191
52 88 116
52 89 174
52 90 78
52 91 160
52 92 49
52 93 29
52 94 74
52 95 61
52 96 29
52 97 67
52 98 139
52 99 123
53 54 30
53 55 146
53 56 169
53 57 75
53 58 48
53 59 88
53 60 124
53 61 74
53 62 17
53 63 121
53 64 165
53 65 44
53 66 24
53 67 102
53 68 16
53 69 134
53 70 121
53 71 23
53 72 169
53 73 30
53 74 95
53 75 142
53 76 34
53 77 1
53 78 172
53 79 136
53 80 27
53 81 170
53 82 166
53 83 187
53 84 145
53 85 76
53 86 32
53 87 98
53 88 6
53 89 84
53 90 9
53 91 28
53 92 56
53 93 12
53 94 99
53 95 158
53 96 10
53 97 81
53 98 65
53 99 13
54 55 43
54 56 77
54 57 103
54 58 144
54 59 115
54 60 161
54 61 193
54 62 11
54 63 20
54 64 94
54 65 192
54 66 81
54 67 156
54 68 140
54 69 3
54 70 123
54 71 168
54 72 170
54 73 90
54 74 24
54 75 161
54 76 48
54 77 199
54 78 86
54 79 167
54 80 132
54 81 162
54 82 124
54 83 194
54 84 74
54 85 104
54 86 145
54 87 3
54 88 53
54 89 148
54 90 44
54 91 181
54 92 113
54 93 24
54 94 92
54 95 73
54 96 16
54 97 122
54 98 5
54 99 9
55 56 20
55 57 13
55 58 119
55 59 8
55 60 118
55 61 106
55 62 169
55 63 123
55 64 54
55 65 164
55 66 177
55 67 51
55 68 189
55 69 151
55 70 92
55 71 70
55 72 149
55 73 124
55 74 44
55 75 149
55 76 139
55 77 23
55 78 98
55 79 187
55 80 198
55 81 149
55 82 0
55 83 93
55 84 0
55 85 130
55 86 5
55 87 174
55 88 133
55 89 143
55 90 107
55 91 15
55 92 118
55 93 138
55 94 68
55 95 100
55 96 42
55 97 100
55 98 135
55 99 54
56 57 122
56 58 116
56 59 134
56 60 119
56 61 5
56 62 152
56 63 114
56 64 73
56 65 146
56 66 142
56 67 121
56 68 102
56 69 41
56 70 64
56 71 138
56 72 54
56 73 147
56 74 149
56 75 63
56 76 165
56 77 194
56 78 41
56 79 32
56 80 62
56 81 179
56 82 60
56 83 77
56 84 47
56 85 150
56 86 108
56 87 75
56 88 51
56 89 84
56 90 146
56 91 179
56 92 11
56 93 14
56 94 97
56 95 180
56 96 79
56 97 192
56 98 195
56 99 189
57 58 45
57 59 102
57 60 143
57 61 96
57 62 68
57 63 93
57 64 128
57 65 112
57 66 4
57 67 14
57 68 159
57 69 106
57 70 188
57 71 128
57 72 48
57 73 189
57 74 196
57 75 51
57 76 65
57 77 63
57 78 163
57 79 46
57 80 143
57 81 74
57 82 169
57 83 195
57 84 6
57 85 111
57 86 174
57 87 20
57 88 81
57 89 189
57 90 25
57 91 22
57 92 78
57 93 61
57 94 38
57 95 71
57 96 171
57 97 149
57 98 142
57 99 108
58 59 113
58 60 176
58 61 18
58 62 98
58 63 146
58 64 113
58 65 26
58 66 70
58 67 103
58 68 171
58 69 144
58 70 38
58 71 37
58 72 75
58 73 141
58 74 161
58 75 78
58 76 27
58 77 155
58 78 186
58 79 84
58 80 108
58 81 110
58 82 139
58 83 90
58 84 12
58 85 9
58 86 29
58 87 39
58 88 107
58 89 13
58 90 57
58 91 123
58 92 168
58 93 11
58 94 183
58 95 126
58 96 160
58 97 118
58 98 14
58 99 133
59 60 17
59 61 50
59 62 130
59 63 90
59 64 107
59 65 59
59 66 185
59 67 71
59 68 0
59 69 74
59 70 116
59 71 18
59 72 115
59 73 2
59 74 14
59 75 50
59 76 136
59 77 171
59 78 113
59 79 41
59 80 64
59 81 166
59 82 62
59 83 61
59 84 39
59 85 78
59 86 130
59 87 35
59 88 31
59 89 109
59 90 130
59 91 19
59 92 5
59 93 39
59 94 31
59 95 140
59 96 139
59 97 2
59 98 179
59 99 96
60 61 78
60 62 158
60 63 84
60 64 1
60 65 34
60 66 184
60 67 117
60 68 165
60 69 82
60 70 124
60 71 164
60 72 186
60 73 51
60 74 176
60 75 41
60 76 7
60 77 52
60 78 7
60 79 189
60 80 148
60 81 140
60 82 83
60 83 189
60 84 0
60 85 21
60 86 198
60 87 196
60 88 5
60 89 190
60 90 3
60 91 123
60 92 26
60 93 21
60 94 59
60 95 190
60 96 38
60 97 32
60 98 132
60 99 111
61 62 105
61 63 51
61 64 33
61 65 26
61 66 20
61 67 60
61 68 61
61 69 36
61 70 0
61 71 1
61 72 98
61 73 66
61 74 131
61 75 109
61 76 122
61 77 96
61 78 26
61 79 84
61 80 77
61 81 143
61 82 129
61 83 151
61 84 180
61 85 156
61 86 126
61 87 179
61 88 167
61 89 151
61 90 131
61 91 107
61 92 3
61 93 23
61 94 165
61 95 17
61 96 34
61 97 120
61 98 185
61 99 43
62 63 50
62 64 104
62 65 157
62 66 156
62 67 15
62 68 102
62 69 26
62 70 179
62 71 57
62 72 26
62 73 122
62 74 154
62 75 197
62 76 32
62 77 153
62 78 23
62 79 3
62 80 92
62 81 151
62 82 90
62 83 155
62 84 63
62 85 140
62 86 185
62 87 190
62 88 172
62 89 141
62 90 159
62 91 29
62 92 146
62 93 83
62 94 164
62 95 189
62 96 99
62 97 122
62 98 146
62 99 22
63 64 15
63 65 117
63 66 36
63 67 151
63 68 66
63 69 18
63 70 166
63 71 58
63 72 30
63 73 13
63 74 18
63 75 63
63 76 84
63 77 40
63 78 39
63 79 70
63 80 27
63 81 147
63 82 165
63 83 10
63 84 176
63 85 175
63 86 129
63 87 19
63 88 42
63 89 116
63 90 92
63 91 191
63 92 30
63 93 46
63 94 116
63 95 9
63 96 21
63 97 158
63 98 23
63 99 164
64 65 123
64 66 156
64 67 4
64 68 121
64 69 131
64 70 142
64 71 6
64 72 10
64 73 49
64 74 165
64 75 186
64 76 51
64 77 185
64 78 158
64 79 180
64 80 67
64 81 29
64 82 98
64 83 198
64 84 66
64 85 135
64 86 3
64 87 9
64 88 144
64 89 95
64 90 157
64 91 0
64 92 179
64 93 19
64 94 54
64 95 135
64 96 101
64 97 80
64 98 107
64 99 171
65 66 70
65 67 153
65 68 133
65 69 102
65 70 81
65 71 62
65 72 167
65 73 90
65 74 188
65 75 147
65 76 64
65 77 162
65 78 178
65 79 20
65 80 171
65 81 195
65 82 118
65 83 99
65 84 94
65 85 108
65 86 88
65 87 28
65 88 46
65 89 200
65 90 174
65 91 141
65 92 134
65 93 145
65 94 99
65 95 34
65 96 36
65 97 175
65 98 83
65 99 133
66 67 6
66 68 21
66 69 16
66 70 22
66 71 73
66 72 161
66 73 170
66 74 185
66 75 25
66 76 150
66 77 67
66 78 30
66 79 146
66 80 137
66 81 62
66 82 43
66 83 27
66 84 129
66 85 143
66 86 116
66 87 115
66 88 21
66 89 117
66 90 153
66 91 135
66 92 172
66 93 8
66 94 128
66 95 42
66 96 123
66 97 100
66 98 39
66 99 179
67 68 117
67 69 75
67 70 197
67 71 62
67 72 118
67 73 128
67 74 108
67 75 130
67 76 67
67 77 60
67 78 181
67 79 156
67 80 42
67 81 142
67 82 185
67 83 57
67 84 26
67 85 186
67 86 188
67 87 183
67 88 35
67 89 165
67 90 113
67 91 129
67 92 200
67 93 50
67 94 81
67 95 87
67 96 44
67 97 33
67 98 30
67 99 89
68 69 190
68 70 14
68 71 76
68 72 132
68 73 141
68 74 87
68 75 119
68 76 189
68 77 198
68 78 141
68 79 86
68 80 31
68 81 55
68 82 113
68 83 4
68 84 64
68 85 80
68 86 48
68 87 74
68 88 176
68 89 164
68 90 118
68 91 28
68 92 72
68 93 185
68 94 107
68 95 105
68 96 123
68 97 35
68 98 69
68 99 175
69 70 64
69 71 14
69 72 58
69 73 133
69 74 22
69 75 13
69 76 86
69 77 103
69 78 39
69 79 193
69 80 10
69 81 197
69 82 67
69 83 2
69 84 103
69 85 165
69 86 97
69 87 31
69 88 177
69 89 116
69 90 176
69 91 77
69 92 6
69 93 38
69 94 63
69 95 150
69 96 65
69 97 33
69 98 156
69 99 140
70 71 165
70 72 200
70 73 54
70 74 126
70 75 142
70 76 155
70 77 135
70 78 48
70 79 146
70 80 174
70 81 169
70 82 91
70 83 132
70 84 129
70 85 135
70 86 152
70 87 43
70 88 71
70 89 18
70 90 108
70 91 66
70 92 163
70 93 197
70 94 52
70 95 141
70 96 52
70 97 161
70 98 32
70 99 50
71 72 117
71 73 12
71 74 102
71 75 22
71 76 62
71 77 92
71 78 150
71 79 121
71 80 21
71 81 190
71 82 136
71 83 191
71 84 189
71 85 128
71 86 173
71 87 144
71 88 116
71 89 116
71 90 112
71 91 67
71 92 74
71 93 168
71 94 62
71 95 53
71 96 9
71 97 118
71 98 57
71 99 78
72 73 56
72 74 38
72 75 35
72 76 177
72 77 35
72 78 0
72 79 124
72 80 170
72 81 97
72 82 8
72 83 76
72 84 85
72 85 9
72 86 167
72 87 82
72 88 126
72 89 24
72 90 25
72 91 80
72 92 83
72 93 49
72 94 23
72 95 108
72 96 43
72 97 124
72 98 2
72 99 55
73 74 193
73 75 96
73 76 122
73 77 157
73 78 120
73 79 198
73 80 102
73 81 142
73 82 7
73 83 144
73 84 57
73 85 119
73 86 92
73 87 116
73 88 20
73 89 34
73 90 59
73 91 53
73 92 6
73 93 126
73 94 34
73 95 16
73 96 181
73 97 191
73 98 41
73 99 195
74 75 15
74 76 170
74 77 92
74 78 163
74 79 57
74 80 123
74 81 151
74 82 158
74 83 58
74 84 186
74 85 134
74 86 78
74 87 91
74 88 200
74 89 17
74 90 136
74 91 16
74 92 117
74 93 163
74 94 2
74 95 187
74 96 60
74 97 199
74 98 158
74 99 174
75 76 53
75 77 193
75 78 90
75 79 199
75 80 17
75 81 101
75 82 196
75 83 175
75 84 98
75 85 107
75 86 42
75 87 148
75 88 66
75 89 149
75 90 194
75 91 195
75 92 34
75 93 24
75 94 129
75 95 26
75 96 57
75 97 143
75 98 99
75 99 27
76 77 0
76 78 191
76 79 34
76 80 89
76 81 14
76 82 114
76 83 89
76 84 141
76 85 69
76 86 42
76 87 79
76 88 189
76 89 25
76 90 34
76 91 170
76 92 83
76 93 167
76 94 39
76 95 2
76 96 123
76 97 180
76 98 190
76 99 132
77 78 147
77 79 48
77 80 179
77 81 86
77 82 54
77 83 48
77 84 200
77 85 10
77 86 79
77 87 116
77 88 7
77 89 193
77 90 165
77 91 177
77 92 34
77 93 188
77 94 198
77 95 10
77 96 42
77 97 73
77 98 157
77 99 105
78 79 123
78 80 129
78 81 48
78 82 156
78 83 199
78 84 1
78 85 96
78 86 136
78 87 68
78 88 178
78 89 58
78 90 148
78 91 3
78 92 168
78 93 155
78 94 94
78 95 156
78 96 17
78 97 54
78 98 61
78 99 86
79 80 92
79 81 51
79 82 163
79 83 14
79 84 147
79 85 81
79 86 15
79 87 27
79 88 42
79 89 124
79 90 74
79 91 157
79 92 196
79 93 167
79 94 153
79 95 15
79 96 51
79 97 170
79 98 47
79 99 104
80 81 115
80 82 19
80 83 135
80 84 96
80 85 149
80 86 30
80 87 17
80 88 16
80 89 133
80 90 191
80 91 197
80 92 20
80 93 61
80 94 163
80 95 136
80 96 91
80 97 28
80 98 113
80 99 129
81 82 13
81 83 131
81 84 17
81 85 33
81 86 38
81 87 16
81 88 73
81 89 171
81 90 119
81 91 154
81 92 172
81 93 121
81 94 103
81 95 144
81 96 130
81 97 9
81 98 75
81 99 7
82 83 185
82 84 30
82 85 119
82 86 28
82 87 173
82 88 162
82 89 191
82 90 176
82 91 174
82 92 148
82 93 130
82 94 9
82 95 3
82 96 100
82 97 92
82 98 199
82 99 116
83 84 143
83 85 81
83 86 177
83 87 84
83 88 151
83 89 189
83 90 176
83 91 128
83 92 79
83 93 158
83 94 94
83 95 2
83 96 159
83 97 119
83 98 76
83 99 97
84 85 178
84 86 158
84 87 33
84 88 145
84 89 81
84 90 109
84 91 3
84 92 194
84 93 190
84 94 29
84 95 192
84 96 61
84 97 174
84 98 97
84 99 131
85 86 37
85 87 103
85 88 66
85 89 103
85 90 142
85 91 179
85 92 40
85 93 180
85 94 161
85 95 66
85 96 126
85 97 15
85 98 133
85 99 177
86 87 41
86 88 94
86 89 46
86 90 160
86 91 141
86 92 11
86 93 140
86 94 157
86 95 171
86 96 153
86 97 156
86 98 142
86 99 63
87 88 30
87 89 180
87 90 110
87 91 1
87 92 68
87 93 172
87 94 18
87 95 76
87 96 106
87 97 145
87 98 9
87 99 37
88 89 35
88 90 55
88 91 54
88 92 5
88 93 181
88 94 73
88 95 166
88 96 139
88 97 63
88 98 162
88 99 11
89 90 11
89 91 125
89 92 69
89 93 38
89 94 76
89 95 11
89 96 28
89 97 101
89 98 40
89 99 128
90 91 82
90 92 9
90 93 129
90 94 92
90 95 175
90 96 145
90 97 37
90 98 129
90 99 51
91 92 44
91 93 71
91 94 134
91 95 180
91 96 59
91 97 165
91 98 150
91 99 176
92 93 165
92 94 75
92 95 30
92 96 57
92 97 144
92 98 50
92 99 153
93 94 115
93 95 92
93 96 10
93 97 59
93 98 151
93 99 34
94 95 151
94 96 107
94 97 172
94 98 42
94 99 150
95 96 78
95 97 200
95 98 50
95 99 146
96 97 191
96 98 164
96 99 35
97 98 181
97 99 112
