100 4929
0 1 63
0 2 108
0 3 197
0 4 167
0 5 135
0 6 68
0 7 198
0 8 161
0 9 140
0 10 191
0 11 55
0 12 173
0 13 74
0 14 187
0 15 32
0 16 37
0 17 11
0 18 196
0 19 162
0 20 15
0 21 58
0 22 171
0 23 8
0 24 166
0 25 23
0 26 9
0 27 45
0 28 169
0 29 122
0 30 199
0 31 125
0 32 191
0 33 195
0 34 138
0 35 70
0 36 43
0 37 120
0 38 105
0 39 134
0 40 198
0 41 120
0 42 32
0 43 20
0 44 177
0 45 77
0 46 127
0 47 62
0 48 162
0 49 32
0 50 123
0 51 185
0 52 161
0 53 143
0 54 168
0 55 88
0 56 95
0 57 81
0 58 114
0 59 134
0 60 65
0 61 59
0 62 48
0 63 138
0 64 64
0 65 191
0 66 63
0 67 118
0 68 122
0 69 125
0 70 30
0 71 46
0 72 89
0 73 33
0 74 120
0 75 105
0 76 18
0 77 65
0 78 55
0 79 14
0 80 46
0 81 18
0 82 17
0 83 61
0 84 98
0 85 44
0 86 9
0 87 163
0 88 137
0 89 110
0 90 26
0 91 64
0 92 30
0 93 5
0 94 60
0 95 143
0 96 134
0 97 155
0 98 73
0 99 111
1 2 43
1 3 102
1 4 45
1 5 6
1 6 193
1 7 169
1 8 189
1 9 148
1 10 194
1 11 118
1 12 122
1 13 97
1 14 16
1 15 108
1 16 105
1 17 118
1 18 180
1 19 175
1 20 176
1 21 54
1 22 85
1 23 159
1 24 67
1 25 168
1 26 109
1 27 108
1 28 171
1 29 29
1 30 74
1 31 11
1 32 142
1 33 130
1 34 175
1 35 131
1 36 121
1 37 145
1 38 2
1 39 72
1 40 65
1 41 174
1 42 130
1 43 139
1 44 185
1 45 173
1 46 28
1 47 38
1 48 90
1 49 69
1 50 116
1 51 22
1 52 152
1 53 72
1 54 63
1 55 6
1 56 192
1 57 31
1 58 129
1 59 52
1 60 174
1 61 147
1 62 68
1 63 120
1 64 194
1 65 58
1 66 46
1 67 27
1 68 199
1 69 75
1 70 163
1 71 52
1 72 12
1 73 91
1 74 156
1 75 104
1 76 178
1 77 43
1 78 103
1 79 114
1 80 132
1 81 79
1 82 142
1 83 21
1 84 154
1 85 129
1 86 22
1 87 196
1 88 60
1 89 163
1 90 24
1 91 126
1 92 99
1 93 15
1 94 101
1 95 74
1 96 37
1 97 163
1 98 22
1 99 23
2 3 33
2 4 143
2 5 169
2 6 81
2 7 191
2 8 101
2 9 24
2 10 57
2 11 7
2 12 8
2 13 14
2 14 12
2 15 82
2 16 118
2 17 141
2 18 34
2 19 171
2 20 105
2 21 166
2 22 171
2 23 50
2 24 31
2 25 102
2 26 7
2 27 23
2 28 92
2 29 144
2 30 30
2 31 46
2 32 95
2 33 99
2 34 85
2 35 86
2 36 101
2 37 71
2 38 154
2 39 16
2 40 56
2 41 165
2 42 101
2 43 121
2 44 27
2 45 2
2 46 6
2 47 110
2 48 38
2 49 40
2 50 5
2 51 102
2 52 132
2 53 106
2 54 123
2 55 112
2 56 76
2 57 114
2 58 165
2 59 71
2 60 131
2 61 91
2 62 191
2 63 199
2 64 165
2 65 114
2 66 160
2 67 96
2 68 11
2 69 94
2 70 125
2 71 30
2 72 105
2 73 45
2 74 112
2 75 70
2 76 121
2 77 43
2 78 130
2 79 149
2 80 1
2 81 143
2 82 183
2 83 198
2 84 114
2 85 200
2 86 0
2 87 66
2 88 120
2 89 81
2 90 192
2 91 117
2 92 150
2 93 156
2 94 90
2 95 144
2 96 13
2 97 129
2 98 5
2 99 111
3 4 32
3 5 149
3 6 168
3 7 134
3 8 43
3 9 34
3 10 10
3 11 186
3 12 187
3 13 57
3 14 88
3 15 161
3 16 44
3 17 38
3 18 197
3 19 81
3 20 189
3 21 142
3 22 79
3 23 57
3 24 115
3 25 184
3 26 87
3 27 57
3 28 127
3 29 58
3 30 35
3 31 4
3 32 180
3 33 158
3 34 60
3 35 43
3 36 23
3 37 200
3 38 87
3 39 162
3 40 198
3 41 19
3 42 56
3 43 192
3 44 195
3 45 19
3 46 133
3 47 117
3 48 146
3 49 197
3 50 131
3 51 127
3 52 196
3 53 8
3 54 65
3 55 156
3 56 82
3 57 196
3 58 146
3 59 62
3 60 95
3 61 121
3 62 76
3 63 115
3 64 85
3 65 34
3 66 39
3 67 197
3 68 30
3 69 154
3 70 44
3 71 8
3 72 187
3 73 99
3 74 45
3 75 172
3 76 128
3 77 145
3 78 188
3 79 15
3 80 119
3 81 66
3 82 23
3 83 119
3 84 98
3 85 45
3 86 195
3 87 199
3 88 153
3 89 160
3 90 87
3 91 147
3 92 107
3 93 5
3 94 99
3 95 182
3 96 176
3 97 99
3 98 185
3 99 21
4 5 59
4 6 83
4 7 97
4 8 100
4 9 63
4 10 4
4 11 18
4 12 81
4 13 43
4 14 64
4 15 26
4 16 62
4 17 105
4 18 191
4 19 199
4 20 189
4 21 44
4 22 89
4 23 180
4 24 142
4 25 193
4 26 54
4 27 188
4 28 98
4 29 59
4 30 145
4 31 178
4 32 109
4 33 125
4 34 36
4 35 75
4 36 40
4 37 81
4 38 181
4 39 27
4 40 191
4 41 153
4 42 146
4 43 33
4 44 56
4 45 163
4 46 192
4 47 196
4 48 147
4 49 144
4 50 44
4 51 14
4 52 18
4 53 164
4 54 2
4 55 50
4 56 6
4 57 145
4 58 72
4 59 146
4 60 40
4 61 6
4 62 64
4 63 26
4 64 117
4 65 169
4 66 196
4 67 173
4 68 97
4 69 153
4 70 39
4 71 43
4 72 105
4 73 41
4 74 53
4 75 189
4 76 184
4 77 33
4 78 77
4 79 193
4 80 106
4 81 92
4 82 148
4 83 126
4 84 85
4 85 94
4 86 80
4 87 76
4 88 15
4 89 102
4 90 151
4 91 113
4 92 163
4 93 109
4 94 141
4 95 172
4 96 37
4 97 149
4 98 101
4 99 7
5 6 189
5 7 110
5 8 69
5 9 89
5 10 193
5 11 175
5 12 46
5 13 90
5 14 167
5 15 131
5 16 196
5 17 39
5 18 165
5 19 48
5 20 24
5 21 27
5 22 10
5 23 75
5 24 107
5 25 108
5 26 126
5 27 86
5 28 43
5 29 22
5 30 154
5 31 44
5 32 167
5 33 18
5 34 102
5 35 79
5 36 145
5 37 176
5 38 164
5 39 151
5 40 112
5 41 60
5 42 29
5 43 155
5 44 18
5 45 62
5 46 57
5 47 109
5 48 136
5 49 37
5 50 40
5 51 56
5 52 16
5 53 175
5 54 163
5 55 114
5 56 127
5 57 185
5 58 154
5 59 86
5 60 50
5 61 180
5 62 2
5 63 40
5 64 3
5 65 77
5 66 18
5 67 61
5 68 40
5 69 188
5 70 57
5 71 1
5 72 140
5 73 185
5 74 126
5 75 74
5 76 96
5 77 3
5 78 124
5 79 140
5 80 54
5 81 35
5 82 128
5 83 75
5 84 164
5 85 39
5 86 111
5 87 106
5 88 17
5 89 146
5 90 94
5 91 120
5 92 136
5 93 193
5 94 10
5 95 50
5 96 170
5 97 96
5 98 38
5 99 76
6 7 148
6 8 19
6 9 60
6 10 143
6 11 185
6 12 95
6 13 62
6 14 29
6 15 154
6 16 159
6 17 188
6 18 66
6 19 57
6 20 184
6 21 124
6 22 164
6 23 28
6 24 129
6 25 58
6 26 39
6 27 108
6 28 60
6 29 138
6 30 126
6 31 46
6 32 103
6 33 100
6 34 200
6 35 200
6 36 68
6 37 166
6 38 122
6 39 188
6 40 191
6 41 124
6 42 161
6 43 108
6 44 136
6 45 64
6 46 39
6 47 140
6 48 89
6 49 77
6 50 111
6 51 122
6 52 86
6 53 145
6 54 19
6 55 99
6 56 124
6 57 7
6 58 15
6 59 166
6 60 48
6 61 168
6 62 21
6 63 27
6 64 4
6 65 70
6 66 78
6 67 91
6 68 58
6 69 46
6 70 120
6 71 30
6 72 42
6 73 87
6 74 78
6 75 116
6 76 131
6 77 44
6 78 69
6 79 119
6 80 137
6 81 181
6 82 99
6 83 164
6 84 112
6 85 145
6 86 100
6 87 57
6 88 200
6 89 168
6 90 0
6 91 147
6 92 137
6 93 82
6 94 55
6 95 190
6 96 183
6 97 128
6 98 143
6 99 80
7 8 89
7 9 154
7 10 71
7 11 24
7 12 108
7 13 159
7 14 152
7 15 21
7 16 80
7 17 76
7 18 93
7 19 132
7 20 168
7 21 32
7 22 52
7 23 5
7 24 181
7 25 3
7 26 149
7 27 142
7 28 21
7 29 131
7 30 65
7 31 20
7 32 170
7 33 110
7 34 42
7 35 84
7 36 40
7 37 44
7 38 116
7 39 72
7 40 111
7 41 135
7 42 39
7 43 8
7 44 99
7 45 79
7 46 84
7 47 128
7 48 85
7 49 144
7 50 124
7 51 155
7 52 61
7 53 6
7 54 31
7 55 152
7 56 163
7 57 167
7 58 48
7 59 9
7 60 184
7 61 194
7 62 177
7 63 13
7 64 84
7 65 66
7 66 53
7 67 1
7 68 111
7 69 78
7 70 51
7 71 43
7 72 42
7 73 78
7 74 127
7 75 108
7 76 14
7 77 193
7 78 112
7 79 165
7 80 133
7 81 151
7 82 96
7 83 188
7 84 12
7 85 26
7 86 5
7 87 188
7 88 24
7 89 104
7 90 199
7 91 36
7 92 20
7 93 88
7 94 126
7 95 161
7 96 114
7 97 67
7 98 186
7 99 11
8 9 182
8 10 12
8 11 24
8 12 112
8 13 74
8 14 24
8 15 148
8 16 86
8 17 190
8 18 36
8 19 131
8 20 99
8 21 29
8 22 46
8 23 135
8 24 9
8 25 119
8 26 93
8 27 38
8 28 19
8 29 54
8 30 139
8 31 75
8 32 54
8 33 36
8 34 104
8 35 71
8 36 58
8 37 95
8 38 93
8 39 96
8 40 95
8 41 45
8 42 86
8 43 156
8 44 150
8 45 142
8 46 50
8 47 13
8 48 48
8 49 163
8 50 58
8 51 35
8 52 10
8 53 180
8 54 119
8 55 70
8 56 46
8 57 88
8 58 45
8 59 91
8 60 71
8 61 5
8 62 159
8 63 176
8 64 37
8 65 195
8 66 58
8 67 32
8 68 3
8 69 174
8 70 78
8 71 135
8 72 122
8 73 12
8 74 149
8 75 200
8 76 172
8 77 35
8 78 121
8 79 183
8 80 185
8 81 57
8 82 35
8 83 103
8 84 167
8 85 15
8 86 26
8 87 64
8 88 88
8 89 154
8 90 118
8 91 130
8 92 13
8 93 144
8 94 104
8 95 186
8 96 112
8 97 178
8 98 199
8 99 38
9 10 65
9 11 48
9 12 116
9 13 110
9 14 196
9 15 121
9 16 95
9 17 60
9 18 158
9 19 161
9 20 67
9 21 184
9 22 190
9 23 12
9 24 116
9 25 185
9 26 152
9 27 156
9 28 49
9 29 46
9 30 94
9 31 22
9 32 150
9 33 74
9 34 141
9 35 112
9 36 193
9 37 48
9 38 0
9 39 83
9 40 154
9 41 180
9 42 135
9 43 75
9 44 190
9 45 46
9 46 181
9 47 167
9 48 165
9 49 19
9 50 75
9 51 91
9 52 60
9 53 141
9 54 69
9 55 133
9 56 86
9 57 20
9 58 97
9 59 20
9 60 179
9 61 97
9 62 48
9 63 76
9 64 112
9 65 195
9 66 46
9 67 33
9 68 18
9 69 66
9 70 14
9 71 194
9 72 78
9 73 107
9 74 47
9 75 104
9 76 184
9 77 130
9 78 38
9 79 183
9 80 188
9 81 65
9 82 34
9 83 120
9 84 118
9 85 4
9 86 184
9 87 99
9 88 188
9 89 129
9 90 8
9 91 106
9 92 74
9 93 24
9 94 33
9 95 183
9 96 110
9 97 174
9 98 76
9 99 101
10 11 23
10 12 159
10 13 71
10 14 31
10 15 27
10 16 4
10 17 143
10 18 21
10 19 179
10 20 158
10 21 36
10 22 73
10 23 84
10 24 196
10 25 127
10 26 135
10 27 99
10 28 166
10 29 130
10 30 120
10 31 79
10 32 7
10 33 101
10 34 181
10 35 195
10 36 104
10 37 56
10 38 34
10 39 179
10 40 117
10 41 25
10 42 48
10 43 16
10 44 162
10 45 161
10 46 53
10 47 109
10 48 132
10 49 14
10 50 148
10 51 10
10 52 176
10 53 76
10 54 26
10 55 14
10 56 169
10 57 195
10 58 154
10 59 0
10 60 106
10 61 78
10 62 37
10 63 5
10 64 92
10 65 96
10 66 137
10 67 174
10 68 64
10 69 21
10 70 111
10 71 195
10 72 108
10 73 121
10 74 62
10 75 42
10 76 35
10 77 60
10 78 194
10 79 86
10 80 67
10 81 140
10 82 151
10 83 38
10 84 33
10 85 44
10 86 142
10 87 115
10 88 39
10 89 34
10 90 140
10 91 199
10 92 59
10 93 151
10 94 45
10 95 22
10 96 108
10 97 168
10 98 127
10 99 17
11 12 172
11 13 3
11 14 23
11 15 91
11 16 82
11 17 194
11 18 55
11 19 34
11 20 129
11 21 92
11 22 115
11 23 172
11 24 133
11 25 62
11 26 179
11 27 64
11 28 137
11 29 50
11 30 158
11 31 184
11 32 189
11 33 10
11 34 191
11 35 185
11 36 34
11 37 158
11 38 154
11 39 45
11 40 130
11 41 110
11 42 164
11 43 96
11 44 105
11 45 90
11 46 17
11 47 43
11 48 171
11 49 15
11 50 45
11 51 35
11 52 164
11 53 107
11 54 124
11 55 58
11 56 59
11 57 151
11 58 65
11 59 26
11 60 188
11 61 141
11 62 49
11 63 134
11 64 33
11 65 114
11 66 55
11 67 35
11 68 142
11 69 96
11 70 172
11 71 157
11 72 100
11 73 15
11 74 74
11 75 178
11 76 54
11 77 140
11 78 32
11 79 76
11 80 116
11 81 78
11 82 167
11 83 32
11 84 187
11 85 46
11 86 147
11 87 32
11 88 6
11 89 81
11 90 179
11 91 68
11 92 68
11 93 0
11 94 93
11 95 116
11 96 175
11 97 128
11 98 53
11 99 65
12 13 87
12 14 181
12 15 103
12 16 20
12 17 95
12 18 175
12 19 122
12 20 146
12 21 23
12 22 76
12 23 159
12 24 13
12 25 149
12 26 125
12 27 60
12 28 142
12 29 52
12 30 84
12 31 129
12 32 174
12 33 142
12 34 176
12 35 176
12 36 109
12 37 175
12 38 11
12 39 48
12 40 87
12 41 162
12 42 199
12 43 130
12 44 164
12 45 136
12 46 16
12 47 55
12 48 105
12 49 28
12 50 25
12 51 177
12 52 140
12 53 28
12 54 91
12 55 126
12 56 125
12 57 34
12 58 21
12 59 151
12 60 150
12 61 102
12 62 9
12 63 196
12 64 89
12 65 10
12 66 100
12 67 96
12 68 157
12 69 187
12 70 182
12 71 165
12 72 184
12 73 47
12 74 160
12 75 108
12 76 9
12 77 76
12 78 103
12 79 99
12 80 90
12 81 13
12 82 74
12 83 12
12 84 118
12 85 60
12 86 169
12 87 37
12 88 95
12 89 77
12 90 80
12 91 1
12 92 78
12 93 163
12 94 66
12 95 172
12 96 15
12 97 60
12 98 54
12 99 107
13 14 25
13 15 46
13 16 94
13 17 186
13 18 150
13 19 90
13 20 5
13 21 180
13 22 52
13 23 1
13 24 164
13 25 106
13 26 183
13 27 197
13 28 180
13 29 101
13 30 116
13 31 199
13 32 179
13 33 90
13 34 26
13 35 142
13 36 3
13 37 112
13 38 26
13 39 71
13 40 99
13 41 88
13 42 14
13 43 82
13 44 52
13 45 115
13 46 113
13 47 191
13 48 105
13 49 95
13 50 121
13 51 195
13 52 125
13 53 4
13 54 45
13 55 4
13 56 171
13 57 19
13 58 31
13 59 127
13 60 133
13 61 90
13 62 23
13 63 111
13 64 134
13 65 162
13 66 22
13 67 95
13 68 44
13 69 128
13 70 89
13 71 146
13 72 45
13 73 166
13 74 158
13 75 160
13 76 100
13 77 196
13 78 144
13 79 131
13 80 163
13 81 134
13 82 143
13 83 114
13 84 67
13 85 148
13 86 199
13 87 111
13 88 18
13 89 98
13 90 130
13 91 159
13 92 143
13 93 197
13 94 33
13 95 17
13 96 112
13 97 53
13 98 10
13 99 147
14 15 7
14 16 136
14 17 38
14 18 85
14 19 31
14 20 181
14 21 169
14 22 171
14 23 198
14 24 179
14 25 11
14 26 38
14 27 32
14 28 130
14 29 0
14 30 142
14 31 154
14 32 148
14 33 17
14 34 48
14 35 134
14 36 34
14 37 194
14 38 69
14 39 71
14 40 134
14 41 158
14 42 126
14 43 18
14 44 81
14 45 88
14 46 138
14 47 23
14 48 199
14 49 122
14 50 27
14 51 19
14 52 108
14 53 198
14 54 137
14 55 149
14 56 138
14 57 39
14 58 62
14 59 56
14 60 107
14 61 76
14 62 47
14 63 197
14 64 132
14 65 65
14 66 194
14 67 106
14 68 192
14 69 116
14 70 192
14 71 50
14 72 187
14 73 191
14 74 143
14 75 141
14 76 75
14 77 1
14 78 10
14 79 116
14 80 60
14 81 57
14 82 41
14 83 159
14 84 62
14 85 91
14 86 200
14 87 49
14 88 100
14 89 143
14 90 25
14 91 145
14 92 75
14 93 98
14 94 105
14 95 55
14 96 87
14 97 10
14 98 75
14 99 87
15 16 116
15 17 109
15 18 52
15 19 150
15 20 55
15 21 80
15 22 52
15 23 62
15 24 22
15 25 78
15 26 164
15 27 73
15 28 152
15 29 15
15 30 17
15 31 166
15 32 199
15 33 39
15 34 33
15 35 155
15 36 183
15 37 106
15 38 98
15 39 123
15 40 13
15 41 120
15 42 163
15 43 148
15 44 109
15 45 140
15 46 160
15 47 12
15 48 1
15 49 194
15 50 104
15 51 7
15 52 127
15 53 139
15 54 45
15 55 168
15 56 67
15 57 156
15 58 109
15 59 66
15 60 11
15 61 123
15 62 132
15 63 100
15 64 85
15 65 24
15 66 148
15 67 154
15 68 138
15 69 106
15 70 101
15 71 55
15 72 24
15 73 34
15 74 35
15 75 83
15 76 169
15 77 109
15 78 163
15 79 178
15 80 76
15 81 13
15 82 142
15 83 142
15 84 95
15 85 49
15 86 12
15 87 158
15 88 181
15 89 109
15 90 168
15 91 61
15 92 177
15 93 180
15 94 105
15 95 151
15 96 174
15 97 17
15 98 130
15 99 100
16 17 39
16 18 162
16 19 115
16 20 54
16 21 21
16 22 144
16 23 7
16 24 21
16 25 70
16 26 19
16 27 186
16 28 195
16 29 110
16 30 24
16 31 109
16 32 109
16 33 9
16 34 187
16 35 139
16 36 101
16 37 77
16 38 85
16 39 147
16 40 187
16 41 134
16 42 115
16 43 38
16 44 140
16 45 29
16 46 189
16 47 198
16 48 48
16 49 173
16 50 120
16 51 139
16 52 39
16 53 33
16 54 39
16 55 163
16 56 112
16 57 128
16 58 199
16 59 52
16 60 186
16 61 145
16 62 54
16 63 160
16 64 106
16 65 78
16 66 38
16 67 65
16 68 5
16 69 150
16 70 34
16 71 119
16 72 32
16 73 136
16 74 61
16 75 69
16 76 187
16 77 42
16 78 85
16 79 153
16 80 62
16 81 85
16 82 194
16 83 87
16 84 116
16 85 20
16 86 82
16 87 162
16 88 114
16 89 128
16 90 175
16 91 136
16 92 66
16 93 154
16 94 2
16 95 32
16 96 83
16 97 123
16 98 183
16 99 94
17 18 73
17 19 147
17 20 151
17 21 169
17 22 10
17 23 127
17 24 61
17 25 179
17 26 113
17 27 195
17 28 139
17 29 38
17 30 132
17 31 76
17 32 9
17 33 143
17 34 123
17 35 60
17 36 182
17 37 19
17 38 71
17 39 62
17 40 74
17 41 3
17 42 91
17 43 122
17 44 185
17 45 112
17 46 150
17 47 122
17 48 24
17 49 4
17 50 46
17 51 100
17 52 24
17 53 40
17 54 43
17 55 122
17 56 182
17 57 114
17 58 16
17 59 28
17 60 162
17 61 35
17 62 41
17 63 153
17 64 129
17 65 94
17 66 149
17 67 180
17 68 153
17 69 133
17 70 175
17 71 90
17 72 2
17 73 117
17 74 102
17 75 33
17 76 179
17 77 105
17 78 111
17 79 135
17 80 56
17 81 134
17 82 190
17 83 128
17 84 15
17 85 136
17 86 100
17 87 189
17 88 89
17 89 168
17 90 114
17 91 23
17 92 157
17 93 197
17 94 73
17 95 199
17 96 47
17 97 86
17 98 84
17 99 193
18 19 138
18 20 87
18 21 72
18 22 187
18 23 188
18 24 189
18 25 185
18 26 149
18 27 56
18 28 72
18 29 123
18 30 180
18 31 125
18 32 34
18 33 66
18 34 76
18 35 40
18 36 38
18 37 161
18 38 53
18 39 72
18 40 117
18 41 55
18 42 23
18 43 65
18 44 188
18 45 114
18 46 139
18 47 109
18 48 85
18 49 55
18 50 157
18 51 149
18 52 20
18 53 187
18 54 160
18 55 55
18 56 180
18 57 59
18 58 42
18 59 124
18 60 87
18 61 21
18 62 76
18 63 69
18 64 67
18 65 158
18 66 10
18 67 196
18 68 176
18 69 153
18 70 138
18 71 94
18 72 90
18 73 0
18 74 138
18 75 118
18 76 193
18 77 24
18 78 34
18 79 62
18 80 165
18 81 72
18 82 89
18 83 107
18 84 126
18 85 90
18 86 38
18 87 128
18 88 76
18 89 60
18 90 126
18 91 118
18 92 75
18 93 96
18 94 68
18 95 33
18 96 143
18 97 54
18 98 174
18 99 153
19 20 172
19 21 146
19 22 174
19 23 106
19 24 179
19 25 70
19 26 126
19 27 122
19 28 139
19 29 142
19 30 29
19 31 97
19 32 123
19 33 81
19 34 71
19 35 52
19 36 95
19 37 112
19 38 150
19 39 161
19 40 93
19 41 56
19 42 97
19 43 138
19 44 62
19 45 152
19 46 127
19 47 9
19 48 169
19 49 69
19 50 49
19 51 123
19 52 148
19 53 32
19 54 157
19 55 118
19 56 186
19 57 102
19 58 45
19 59 134
19 60 139
19 61 153
19 62 176
19 63 158
19 64 126
19 65 113
19 66 2
19 67 115
19 68 93
19 69 83
19 70 88
19 71 54
19 72 155
19 73 80
19 74 104
19 75 60
19 76 150
19 77 88
19 78 50
19 79 107
19 80 164
19 81 200
19 82 107
19 83 65
19 84 149
19 85 176
19 86 123
19 87 2
19 88 111
19 89 170
19 90 2
19 91 52
19 92 43
19 93 86
19 94 120
19 95 127
19 96 73
19 97 40
19 98 172
19 99 87
20 21 38
20 22 44
20 23 140
20 24 25
20 25 113
20 26 120
20 27 4
20 28 52
20 29 175
20 30 138
20 31 54
20 32 102
20 33 126
20 34 96
20 35 101
20 36 123
20 37 189
20 38 32
20 39 121
20 40 87
20 41 171
20 42 111
20 43 47
20 44 195
20 45 44
20 46 151
20 47 168
20 48 127
20 49 31
20 50 30
20 51 133
20 52 16
20 53 27
20 54 91
20 55 190
20 56 82
20 57 109
20 58 165
20 59 182
20 60 32
20 61 137
20 62 14
20 63 161
20 64 84
20 65 38
20 66 42
20 67 147
20 68 48
20 69 132
20 70 179
20 71 124
20 72 26
20 73 131
20 74 14
20 75 39
20 76 117
20 77 19
20 78 28
20 79 193
20 80 70
20 81 99
20 82 143
20 83 137
20 84 15
20 85 63
20 86 71
20 87 32
20 88 92
20 89 192
20 90 22
20 91 81
20 92 97
20 93 159
20 94 19
20 95 67
20 96 89
20 97 31
20 98 70
20 99 131
21 22 195
21 23 100
21 24 80
21 25 103
21 26 8
21 27 97
21 28 69
21 29 200
21 30 111
21 31 181
21 32 38
21 33 54
21 34 194
21 35 20
21 36 137
21 37 51
21 38 3
21 39 122
21 40 61
21 41 145
21 42 132
21 43 180
21 44 57
21 45 90
21 46 14
21 47 111
21 48 177
21 49 113
21 50 58
21 51 132
21 52 95
21 53 9
21 54 5
21 55 187
21 56 7
21 57 81
21 58 105
21 59 69
21 60 20
21 61 105
21 62 66
21 63 41
21 64 102
21 65 7
21 66 174
21 67 8
21 68 200
21 69 44
21 70 98
21 71 3
21 72 160
21 73 200
21 74 158
21 75 155
21 76 59
21 77 114
21 78 132
21 79 74
21 80 191
21 81 188
21 82 42
21 83 67
21 84 155
21 85 121
21 86 135
21 87 195
21 88 173
21 89 170
21 90 117
21 91 70
21 92 63
21 93 57
21 94 83
21 95 76
21 96 134
21 97 111
21 98 146
21 99 52
22 23 174
22 24 153
22 25 180
22 26 118
22 27 172
22 28 132
22 29 138
22 30 106
22 31 127
22 32 88
22 33 28
22 34 148
22 35 158
22 36 93
22 37 164
22 38 108
22 39 189
22 40 25
22 41 11
22 42 7
22 43 71
22 44 174
22 45 74
22 46 190
22 47 9
22 48 123
22 49 171
22 50 166
22 51 64
22 52 153
22 53 32
22 54 194
22 55 13
22 56 152
22 57 73
22 58 37
22 59 9
22 60 102
22 61 170
22 62 13
22 63 65
22 64 51
22 65 149
22 66 170
22 67 29
22 68 10
22 69 127
22 70 53
22 71 120
22 72 79
22 73 54
22 74 88
22 75 1
22 76 104
22 77 136
22 78 9
22 79 29
22 80 44
22 81 34
22 82 135
22 83 43
22 84 44
22 85 48
22 86 105
22 87 180
22 88 172
22 89 94
22 90 131
22 91 45
22 92 3
22 93 158
22 94 122
22 95 25
22 96 32
22 97 103
22 98 127
22 99 106
23 24 84
23 25 18
23 26 61
23 27 32
23 28 189
23 29 66
23 30 102
23 31 57
23 32 108
23 33 136
23 34 57
23 35 35
23 36 196
23 37 103
23 38 10
23 39 115
23 40 187
23 41 32
23 42 155
23 43 159
23 44 87
23 45 86
23 46 8
23 47 107
23 48 118
23 49 20
23 50 138
23 51 101
23 52 163
23 53 200
23 54 193
23 55 48
23 56 90
23 57 104
23 58 0
23 59 107
23 60 100
23 61 184
23 62 50
23 63 43
23 64 160
23 65 16
23 66 26
23 67 92
23 68 120
23 69 101
23 70 82
23 71 151
23 72 66
23 73 117
23 74 38
23 75 87
23 76 92
23 77 45
23 78 37
23 79 29
23 80 126
23 81 97
23 82 122
23 83 115
23 84 2
23 85 81
23 86 182
23 87 125
23 88 73
23 89 40
23 90 163
23 91 72
23 92 127
23 93 160
23 94 92
23 95 63
23 96 111
23 97 191
23 98 151
23 99 197
24 25 57
24 26 138
24 27 67
24 28 32
24 29 1
24 30 53
24 31 73
24 32 187
24 33 122
24 34 129
24 35 71
24 36 161
24 37 165
24 38 133
24 39 86
24 40 74
24 41 61
24 42 159
24 43 19
24 44 101
24 45 142
24 46 156
24 47 94
24 48 20
24 49 24
24 50 41
24 51 159
24 52 40
24 53 66
24 54 108
24 55 122
24 56 12
24 57 188
24 58 38
24 59 106
24 60 181
24 61 182
24 62 100
24 63 188
24 64 156
24 65 187
24 66 29
24 67 170
24 68 132
24 69 73
24 70 67
24 71 70
24 72 70
24 73 139
24 74 69
24 75 155
24 76 16
24 77 122
24 78 93
24 79 108
24 80 3
24 81 89
24 82 65
24 83 64
24 84 47
24 85 121
24 86 181
24 87 120
24 88 192
24 89 108
24 90 132
24 91 119
24 92 91
24 93 103
24 94 7
24 95 107
24 96 26
24 97 59
24 98 116
24 99 24
25 26 194
25 27 163
25 28 131
25 29 199
25 30 95
25 31 44
25 32 12
25 33 143
25 34 87
25 35 10
25 36 66
25 37 12
25 38 176
25 39 181
25 40 180
25 41 109
25 42 165
25 43 123
25 44 88
25 45 185
25 46 80
25 47 96
25 48 145
25 49 177
25 50 136
25 51 0
25 52 192
25 53 19
25 54 117
25 55 169
25 56 58
25 57 11
25 58 186
25 59 82
25 60 78
25 61 172
25 62 69
25 63 178
25 64 195
25 65 100
25 66 83
25 67 134
25 68 36
25 69 92
25 70 159
25 71 76
25 72 107
25 73 122
25 74 138
25 75 19
25 76 33
25 77 66
25 78 53
25 79 180
25 80 28
25 81 118
25 82 69
25 83 149
25 84 101
25 85 94
25 86 103
25 87 68
25 88 127
25 89 87
25 90 89
25 91 148
25 92 108
25 93 19
25 94 187
25 95 124
25 96 164
25 97 109
25 98 175
25 99 65
26 27 31
26 28 64
26 29 29
26 30 70
26 31 75
26 32 6
26 33 23
26 34 18
26 35 163
26 36 197
26 37 14
26 38 115
26 39 139
26 40 56
26 41 98
26 42 77
26 43 115
26 44 138
26 45 87
26 46 130
26 47 189
26 48 7
26 49 8
26 50 81
26 51 135
26 52 37
26 53 152
26 54 82
26 55 200
26 56 154
26 57 106
26 58 40
26 59 154
26 60 184
26 61 46
26 62 55
26 63 95
26 64 127
26 65 122
26 66 62
26 67 36
26 68 90
26 69 63
26 70 152
26 71 54
26 72 164
26 73 91
26 74 150
26 75 171
26 76 166
26 77 195
26 78 80
26 79 109
26 80 57
26 81 88
26 82 35
26 83 97
26 84 151
26 85 8
26 86 12
26 87 193
26 88 191
26 89 79
26 90 55
26 91 187
26 92 0
26 93 110
26 94 57
26 95 139
26 96 138
26 97 36
26 98 159
26 99 22
27 28 138
27 29 38
27 30 199
27 31 140
27 32 20
27 33 63
27 34 86
27 35 22
27 36 75
27 37 80
27 38 9
27 39 194
27 40 59
27 41 158
27 42 54
27 43 164
27 44 175
27 45 126
27 46 83
27 47 85
27 48 38
27 49 23
27 50 178
27 51 23
27 52 119
27 53 169
27 54 101
27 55 107
27 56 183
27 57 137
27 58 81
27 59 53
27 60 6
27 61 197
27 62 96
27 63 1
27 64 12
27 65 148
27 66 135
27 67 123
27 68 128
27 69 135
27 70 143
27 71 31
27 72 0
27 73 76
27 74 25
27 75 152
27 76 23
27 77 170
27 78 32
27 79 48
27 80 174
27 81 92
27 82 148
27 83 71
27 84 112
27 85 192
27 86 148
27 87 65
27 88 22
27 89 188
27 90 145
27 91 186
27 92 28
27 93 158
27 94 146
27 95 52
27 96 31
27 97 62
27 98 122
27 99 8
28 29 182
28 30 134
28 31 164
28 32 165
28 33 75
28 34 62
28 35 54
28 36 88
28 37 21
28 38 83
28 39 176
28 40 171
28 41 175
28 42 194
28 43 96
28 44 146
28 45 64
28 46 8
28 47 7
28 48 123
28 49 200
28 50 44
28 51 34
28 52 188
28 53 78
28 54 14
28 55 3
28 56 73
28 57 91
28 58 107
28 59 94
28 60 89
28 61 159
28 62 198
28 63 39
28 64 114
28 65 179
28 66 95
28 67 34
28 68 7
28 69 112
28 70 194
28 71 18
28 72 16
28 73 177
28 74 123
28 75 74
28 76 181
28 77 159
28 78 158
28 79 133
28 80 169
28 81 156
28 82 6
28 83 88
28 84 198
28 85 101
28 86 57
28 87 150
28 88 145
28 89 30
28 90 7
28 91 138
28 92 116
28 93 112
28 94 54
28 95 177
28 96 16
28 97 188
28 98 170
28 99 48
29 30 30
29 31 151
29 32 17
29 33 138
29 34 81
29 35 80
29 36 124
29 37 24
29 38 148
29 39 22
29 40 97
29 41 152
29 42 142
29 43 78
29 44 23
29 45 9
29 46 85
29 47 114
29 48 134
29 49 6
29 50 136
29 51 143
29 52 120
29 53 32
29 54 172
29 55 17
29 56 72
29 57 141
29 58 88
29 59 140
29 60 195
29 61 63
29 62 21
29 63 69
29 64 97
29 65 108
29 66 165
29 67 198
29 68 153
29 69 56
29 70 85
29 71 75
29 72 34
29 73 196
29 74 194
29 75 48
29 76 93
29 77 173
29 78 52
29 79 82
29 80 147
29 81 16
29 82 116
29 83 26
29 84 131
29 85 73
29 86 133
29 87 188
29 88 1
29 89 97
29 90 32
29 91 147
29 92 4
29 93 81
29 94 103
29 95 65
29 96 132
29 97 164
29 98 11
29 99 165
30 31 107
30 32 2
30 33 68
30 34 58
30 35 151
30 36 54
30 37 48
30 38 194
30 39 142
30 40 82
30 41 200
30 42 64
30 43 8
30 44 103
30 45 97
30 46 189
30 47 69
30 48 156
30 49 25
30 50 159
30 51 169
30 52 165
30 53 97
30 54 59
30 55 132
30 56 2
30 57 41
30 58 149
30 59 121
30 60 17
30 61 91
30 62 196
30 63 118
30 64 62
30 65 75
30 66 54
30 67 198
30 68 3
30 69 65
30 70 188
30 71 141
30 72 13
30 73 160
30 74 48
30 75 58
30 76 97
30 77 2
30 78 158
30 79 45
30 80 133
30 81 76
30 82 33
30 83 147
30 84 119
30 85 121
30 86 198
30 87 36
30 88 79
30 89 16
30 90 105
30 91 82
30 92 65
30 93 23
30 94 140
30 95 67
30 96 2
30 97 120
30 98 112
30 99 95
31 32 9
31 33 141
31 34 18
31 35 153
31 36 163
31 37 3
31 38 94
31 39 175
31 40 110
31 41 129
31 42 88
31 43 158
31 44 33
31 45 175
31 46 39
31 47 53
31 48 112
31 49 67
31 50 4
31 51 141
31 52 32
31 53 157
31 54 89
31 55 12
31 56 58
31 57 130
31 58 20
31 59 148
31 60 126
31 61 155
31 62 130
31 63 75
31 64 83
31 65 145
31 66 166
31 67 179
31 68 176
31 69 69
31 70 197
31 71 25
31 72 105
31 73 139
31 74 8
31 75 174
31 76 90
31 77 192
31 78 190
31 79 157
31 80 12
31 81 21
31 82 101
31 83 8
31 84 154
31 85 9
31 86 66
31 87 53
31 88 99
31 89 194
31 90 79
31 91 128
31 92 25
31 93 117
31 94 198
31 95 45
31 96 56
31 97 88
31 98 43
31 99 191
32 33 107
32 34 62
32 35 83
32 36 197
32 37 117
32 38 4
32 39 89
32 40 49
32 41 27
32 42 116
32 43 178
32 44 179
32 45 163
32 46 171
32 47 169
32 48 166
32 49 121
32 50 70
32 51 132
32 52 56
32 53 36
32 54 112
32 55 171
32 56 66
32 57 155
32 58 101
32 59 189
32 60 69
32 61 8
32 62 59
32 63 134
32 64 196
32 65 16
32 66 123
32 67 89
32 68 46
32 69 90
32 70 39
32 71 121
32 72 51
32 73 82
32 74 105
32 75 136
32 76 119
32 77 192
32 78 29
32 79 9
32 80 55
32 81 91
32 82 185
32 83 6
32 84 150
32 85 45
32 86 138
32 87 45
32 88 4
32 89 122
32 90 46
32 91 183
32 92 48
32 93 64
32 94 13
32 95 175
32 96 182
32 97 188
32 98 106
32 99 64
33 34 114
33 35 53
33 36 57
33 37 63
33 38 172
33 39 115
33 40 12
33 41 4
33 42 111
33 43 47
33 44 8
33 45 159
33 46 200
33 47 192
33 48 143
33 49 13
33 50 138
33 51 21
33 52 148
33 53 189
33 54 98
33 55 200
33 56 4
33 57 125
33 58 199
33 59 162
33 60 7
33 61 109
33 62 154
33 63 97
33 64 48
33 65 35
33 66 158
33 67 7
33 68 157
33 69 181
33 70 27
33 71 125
33 72 188
33 73 75
33 74 195
33 75 164
33 76 38
33 77 42
33 78 163
33 79 45
33 80 105
33 81 149
33 82 136
33 83 125
33 84 78
33 85 105
33 86 21
33 87 116
33 88 152
33 89 127
33 90 23
33 91 58
33 92 4
33 93 66
33 94 197
33 95 133
33 96 184
33 97 189
33 98 23
33 99 31
34 35 85
34 36 0
34 37 143
34 38 130
34 39 94
34 40 12
34 41 108
34 42 54
34 43 8
34 44 105
34 45 150
34 46 160
34 47 95
34 48 174
34 49 157
34 50 99
34 51 140
34 52 17
34 53 153
34 54 113
34 55 125
34 56 2
34 57 138
34 58 58
34 59 38
34 60 83
34 61 185
34 62 193
34 63 124
34 64 117
34 65 99
34 66 41
34 67 0
34 68 160
34 69 49
34 70 47
34 71 0
34 72 180
34 73 183
34 74 168
34 75 157
34 76 145
34 77 174
34 78 166
34 79 179
34 80 1
34 81 19
34 82 123
34 83 200
34 84 117
34 85 172
34 86 78
34 87 15
34 88 48
34 89 58
34 90 178
34 91 136
34 92 94
34 93 60
34 94 72
34 95 151
34 96 196
34 97 174
34 98 115
34 99 55
35 36 137
35 37 12
35 38 183
35 39 55
35 40 13
35 41 94
35 42 79
35 43 109
35 44 56
35 45 184
35 46 13
35 47 55
35 48 83
35 49 178
35 50 178
35 51 36
35 52 27
35 53 76
35 54 30
35 55 117
35 56 164
35 57 14
35 58 23
35 59 11
35 60 68
35 61 11
35 62 141
35 63 85
35 64 7
35 65 70
35 66 7
35 67 32
35 68 23
35 69 53
35 70 40
35 71 20
35 72 132
35 73 61
35 74 64
35 75 16
35 76 140
35 77 25
35 78 119
35 79 112
35 80 56
35 81 109
35 82 71
35 83 31
35 84 18
35 85 52
35 86 157
35 87 111
35 88 50
35 89 158
35 90 183
35 91 55
35 92 163
35 93 35
35 94 170
35 95 16
35 96 154
35 97 60
35 98 185
35 99 176
36 37 8
36 38 150
36 39 86
36 40 22
36 41 12
36 42 66
36 43 160
36 44 42
36 45 27
36 46 1
36 47 19
36 48 155
36 49 111
36 50 28
36 51 24
36 52 30
36 53 46
36 54 43
36 55 118
36 56 95
36 57 175
36 58 19
36 59 16
36 60 35
36 61 64
36 62 137
36 63 106
36 64 198
36 65 146
36 66 186
36 67 83
36 68 16
36 69 151
36 70 72
36 71 127
36 72 99
36 73 128
36 74 90
36 75 197
36 76 29
36 77 142
36 78 6
36 79 23
36 80 175
36 81 115
36 82 149
36 83 98
36 84 65
36 85 96
36 86 2
36 87 55
36 88 192
36 89 116
36 90 162
36 91 52
36 92 74
36 93 183
36 94 130
36 95 22
36 96 175
36 97 9
36 98 78
36 99 41
37 38 142
37 39 192
37 40 181
37 41 168
37 42 73
37 43 121
37 44 153
37 45 66
37 46 133
37 47 2
37 48 31
37 49 113
37 50 57
37 51 168
37 52 58
37 53 176
37 54 60
37 55 167
37 56 150
37 57 5
37 58 33
37 59 132
37 60 84
37 61 141
37 62 42
37 63 141
37 64 50
37 65 79
37 66 90
37 67 22
37 68 33
37 69 169
37 70 139
37 71 169
37 72 91
37 73 142
37 74 138
37 75 132
37 76 95
37 77 153
37 78 157
37 79 31
37 80 94
37 81 93
37 82 43
37 83 51
37 84 68
37 85 105
37 86 153
37 87 66
37 88 22
37 89 156
37 90 75
37 91 43
37 92 61
37 93 187
37 94 108
37 95 88
37 96 93
37 97 38
37 98 91
37 99 98
38 39 136
38 40 193
38 41 42
38 42 20
38 43 127
38 44 105
38 45 42
38 46 20
38 47 8
38 48 178
38 49 107
38 50 24
38 51 0
38 52 14
38 53 93
38 54 17
38 55 153
38 56 171
38 57 122
38 58 175
38 59 128
38 60 77
38 61 125
38 62 187
38 63 84
38 64 61
38 65 183
38 66 7
38 67 164
38 68 179
38 69 114
38 70 155
38 71 83
38 72 200
38 73 182
38 74 85
38 75 142
38 76 15
38 77 4
38 78 105
38 79 198
38 80 114
38 81 190
38 82 137
38 83 43
38 84 163
38 85 90
38 86 107
38 87 132
38 88 179
38 89 114
38 90 153
38 91 38
38 92 114
38 93 61
38 94 62
38 95 179
38 96 29
38 97 41
38 98 82
38 99 181
39 40 187
39 41 102
39 42 170
39 43 127
39 44 150
39 45 53
39 46 10
39 47 85
39 48 161
39 49 193
39 50 185
39 51 200
39 52 83
39 53 80
39 54 27
39 55 33
39 56 194
39 57 193
39 58 143
39 59 19
39 60 32
39 61 194
39 62 1
39 63 16
39 64 1
39 65 178
39 66 0
39 67 145
39 68 32
39 69 181
39 70 156
39 71 92
39 72 30
39 73 163
39 74 121
39 75 114
39 76 177
39 77 21
39 78 124
39 79 37
39 80 160
39 81 106
39 82 19
39 83 11
39 84 38
39 85 181
39 86 199
39 87 49
39 88 152
39 89 58
39 90 130
39 91 39
39 92 81
39 93 47
39 94 83
39 95 26
39 96 89
39 97 63
39 98 135
39 99 56
40 41 149
40 42 98
40 43 123
40 44 12
40 45 136
40 46 65
40 47 149
40 48 154
40 49 54
40 50 19
40 51 124
40 52 176
40 53 146
40 54 39
40 55 47
40 56 32
40 57 100
40 58 128
40 59 41
40 60 78
40 61 108
40 62 26
40 63 65
40 64 129
40 65 10
40 66 165
40 67 40
40 68 122
40 69 97
40 70 40
40 71 60
40 72 182
40 73 78
40 74 131
40 75 150
40 76 25
40 77 29
40 78 102
40 79 183
40 80 112
40 81 138
40 82 177
40 83 87
40 84 28
40 85 59
40 86 170
40 87 29
40 88 91
40 89 25
40 90 37
40 91 27
40 92 72
40 93 8
40 94 138
40 95 93
40 96 22
40 97 186
40 98 172
40 99 92
41 42 93
41 43 77
41 44 94
41 45 106
41 46 82
41 47 194
41 48 34
41 49 45
41 50 191
41 51 180
41 52 33
41 53 83
41 54 65
41 55 39
41 56 196
41 57 120
41 58 13
41 59 97
41 60 64
41 61 63
41 62 62
41 63 176
41 64 42
41 65 158
41 66 106
41 67 156
41 68 150
41 69 59
41 70 101
41 71 65
41 72 155
41 73 171
41 74 51
41 75 86
41 76 83
41 77 180
41 78 3
41 79 159
41 80 22
41 81 194
41 82 85
41 83 50
41 84 34
41 85 199
41 86 153
41 87 155
41 88 182
41 89 132
41 90 130
41 91 8
41 92 106
41 93 85
41 94 114
41 95 10
41 96 17
41 97 52
41 98 169
41 99 171
42 43 175
42 44 143
42 45 37
42 46 10
42 47 8
42 48 104
42 49 158
42 50 72
42 51 64
42 52 144
42 53 171
42 54 32
42 55 106
42 56 11
42 57 116
42 58 194
42 59 14
42 60 97
42 61 195
42 62 199
42 63 159
42 64 124
42 65 120
42 66 27
42 67 62
42 68 81
42 69 98
42 70 134
42 71 103
42 72 98
42 73 63
42 74 65
42 75 146
42 76 89
42 77 181
42 78 5
42 79 79
42 80 22
42 81 119
42 82 95
42 83 173
42 84 184
42 85 118
42 86 176
42 87 73
42 88 27
42 89 159
42 90 34
42 91 120
42 92 88
42 93 95
42 94 144
42 95 132
42 96 187
42 97 45
42 98 173
42 99 118
43 44 30
43 45 105
43 46 55
43 47 2
43 48 151
43 49 194
43 50 154
43 51 72
43 52 192
43 53 15
43 54 10
43 55 94
43 56 70
43 57 66
43 58 55
43 59 52
43 60 81
43 61 177
43 62 107
43 63 141
43 64 200
43 65 87
43 66 128
43 67 33
43 68 112
43 69 187
43 70 16
43 71 77
43 72 149
43 73 22
43 74 139
43 75 119
43 76 163
43 77 122
43 78 120
43 79 43
43 80 172
43 81 128
43 82 84
43 83 25
43 84 53
43 85 185
43 86 163
43 87 5
43 88 83
43 89 7
43 90 69
43 91 120
43 92 2
43 93 69
43 94 6
43 95 105
43 96 9
43 97 174
43 98 141
43 99 112
44 45 190
44 46 100
44 47 199
44 48 127
44 49 91
44 50 4
44 51 28
44 52 64
44 53 91
44 54 150
44 55 59
44 56 61
44 57 172
44 58 30
44 59 124
44 60 10
44 61 172
44 62 33
44 63 173
44 64 106
44 65 48
44 66 141
44 67 179
44 68 60
44 69 184
44 70 105
44 71 70
44 72 164
44 73 101
44 74 148
44 75 32
44 76 181
44 77 163
44 78 173
44 79 40
44 80 97
44 81 51
44 82 189
44 83 161
44 84 38
44 85 51
44 86 27
44 87 128
44 88 84
44 89 106
44 90 44
44 91 179
44 92 43
44 93 13
44 94 97
44 95 158
44 96 43
44 97 48
44 98 189
44 99 90
45 46 141
45 47 189
45 48 89
45 49 164
45 50 133
45 51 71
45 52 164
45 53 37
45 54 83
45 55 16
45 56 148
45 57 88
45 58 23
45 59 113
45 60 144
45 61 10
45 62 18
45 63 26
45 64 167
45 65 169
45 66 154
45 67 22
45 68 170
45 69 175
45 70 114
45 71 9
45 72 151
45 73 39
45 74 152
45 75 119
45 76 118
45 77 142
45 78 98
45 79 183
45 80 12
45 81 84
45 82 94
45 83 8
45 84 195
45 85 149
45 86 75
45 87 19
45 88 123
45 89 77
45 90 141
45 91 94
45 92 199
45 93 50
45 94 33
45 95 59
45 96 152
45 97 84
45 98 138
45 99 78
46 47 100
46 48 162
46 49 113
46 50 156
46 51 140
46 52 112
46 53 188
46 54 10
46 55 74
46 56 180
46 57 24
46 58 33
46 59 48
46 60 9
46 61 41
46 62 38
46 63 89
46 64 32
46 65 200
46 66 100
46 67 173
46 68 152
46 69 82
46 70 33
46 71 64
46 72 166
46 73 161
46 74 133
46 75 1
46 76 165
46 77 110
46 78 17
46 79 170
46 80 105
46 81 146
46 82 13
46 83 180
46 84 76
46 85 166
46 86 105
46 87 44
46 88 114
46 89 137
46 90 17
46 91 93
46 92 180
46 93 187
46 94 106
46 95 143
46 96 106
46 97 78
46 98 97
46 99 111
47 48 80
47 49 189
47 50 61
47 51 155
47 52 115
47 53 19
47 54 133
47 55 133
47 56 5
47 57 151
47 58 185
47 59 154
47 60 188
47 61 199
47 62 170
47 63 12
47 64 29
47 65 125
47 66 64
47 67 171
47 68 85
47 69 66
47 70 97
47 71 7
47 72 131
47 73 132
47 74 110
47 75 15
47 76 118
47 77 111
47 78 90
47 79 172
47 80 89
47 81 18
47 82 198
47 83 69
47 84 8
47 85 3
47 86 17
47 87 60
47 88 74
47 89 41
47 90 159
47 91 191
47 92 13
47 93 15
47 94 161
47 95 190
47 96 6
47 97 114
47 98 26
47 99 103
48 49 8
48 50 60
48 51 170
48 52 62
48 53 138
48 54 157
48 55 90
48 56 104
48 57 131
48 58 71
48 59 103
48 60 57
48 61 20
48 62 82
48 63 197
48 64 45
48 65 60
48 66 183
48 67 187
48 68 24
48 69 96
48 70 91
48 71 120
48 72 112
48 73 58
48 74 84
48 75 36
48 76 171
48 77 160
48 78 21
48 79 7
48 80 27
48 81 8
48 82 156
48 83 29
48 84 198
48 85 67
48 86 23
48 87 71
48 88 173
48 89 190
48 90 56
48 91 89
48 92 115
48 93 149
48 94 43
48 95 15
48 96 182
48 97 66
48 98 93
48 99 151
49 50 128
49 51 1
49 52 47
49 53 119
49 54 57
49 55 25
49 56 74
49 57 14
49 58 90
49 59 83
49 60 54
49 61 198
49 62 137
49 63 138
49 64 188
49 65 118
49 66 121
49 67 74
49 68 130
49 69 157
49 70 43
49 71 190
49 72 91
49 73 180
49 74 85
49 75 134
49 76 66
49 77 140
49 78 163
49 79 23
49 80 121
49 81 78
49 82 150
49 83 163
49 84 139
49 85 62
49 86 89
49 87 65
49 88 88
49 89 169
49 90 147
49 91 50
49 92 57
49 93 188
49 94 71
49 95 169
49 96 141
49 97 20
49 98 173
49 99 171
50 51 167
50 52 68
50 53 25
50 54 170
50 55 129
50 56 63
50 57 63
50 58 31
50 59 115
50 60 24
50 61 32
50 62 158
50 63 146
50 64 24
50 65 91
50 66 139
50 67 28
50 68 179
50 69 45
50 70 131
50 71 36
50 72 146
50 73 193
50 74 185
50 75 143
50 76 176
50 77 37
50 78 144
50 79 167
50 80 28
50 81 138
50 82 140
50 83 154
50 84 143
50 85 0
50 86 1
50 87 75
50 88 118
50 89 9
50 90 186
50 91 194
50 92 47
50 93 92
50 94 48
50 95 64
50 96 63
50 97 98
50 98 186
50 99 196
51 52 31
51 53 175
51 54 165
51 55 134
51 56 110
51 57 184
51 58 160
51 59 27
51 60 139
51 61 11
51 62 79
51 63 177
51 64 8
51 65 91
51 66 42
51 67 97
51 68 48
51 69 49
51 70 10
51 71 199
51 72 200
51 73 20
51 74 148
51 75 112
51 76 123
51 77 158
51 78 151
51 79 70
51 80 36
51 81 26
51 82 91
51 83 116
51 84 162
51 85 182
51 86 96
51 87 66
51 88 41
51 89 37
51 90 19
51 91 60
51 92 141
51 93 139
51 94 54
51 95 125
51 96 32
51 97 67
51 98 155
51 99 95
52 53 20
52 54 30
52 55 90
52 56 21
52 57 43
52 58 20
52 59 149
52 60 77
52 61 152
52 62 185
52 63 142
52 64 90
52 65 2
52 66 127
52 67 141
52 68 90
52 69 143
52 70 60
52 71 125
52 72 112
52 73 2
52 74 175
52 75 75
52 76 198
52 77 173
52 78 50
52 79 108
52 80 159
52 81 154
52 82 150
52 83 53
52 84 20
52 85 194
52 86 198
52 87 34
52 88 114
52 89 100
52 90 162
52 91 137
52 92 65
52 93 160
52 94 159
52 95 186
52 96 46
52 97 102
52 98 114
52 99 141
53 54 147
53 55 145
53 56 155
53 57 151
53 58 88
53 59 200
53 60 136
53 61 57
53 62 99
53 63 15
53 64 1
53 65 107
53 66 194
53 67 178
53 68 7
53 69 50
53 70 168
53 71 7
53 72 133
53 73 26
53 74 93
53 75 39
53 76 120
53 77 172
53 78 13
53 79 9
53 80 173
53 81 0
53 82 61
53 83 188
53 84 167
53 85 74
53 86 156
53 87 67
53 88 182
53 89 162
53 90 19
53 91 52
53 92 66
53 93 9
53 94 157
53 95 170
53 96 111
53 97 179
53 98 150
53 99 149
54 55 36
54 56 82
54 57 199
54 58 23
54 59 57
54 60 182
54 61 45
54 62 151
54 63 118
54 64 133
54 65 185
54 66 133
54 67 194
54 68 13
54 69 7
54 70 162
54 71 182
54 72 90
54 73 124
54 74 193
54 75 99
54 76 110
54 77 19
54 78 11
54 79 8
54 80 176
54 81 41
54 82 193
54 83 70
54 84 147
54 85 13
54 86 105
54 87 84
54 88 184
54 89 157
54 90 112
54 91 26
54 92 90
54 93 136
54 94 162
54 95 88
54 96 71
54 97 40
54 98 181
54 99 76
55 56 50
55 57 97
55 58 142
55 59 127
55 60 116
55 61 133
55 62 38
55 63 51
55 64 174
55 65 115
55 66 179
55 67 20
55 68 22
55 69 33
55 70 118
55 71 179
55 72 161
55 73 197
55 74 15
55 75 133
55 76 124
55 77 182
55 78 135
55 79 158
55 80 132
55 81 18
55 82 163
55 83 132
55 84 199
55 85 94
55 86 164
55 87 0
55 88 171
55 89 48
55 90 38
55 91 24
55 92 125
55 93 153
55 94 53
55 95 156
55 96 18
55 97 46
55 98 123
55 99 51
56 57 171
56 58 41
56 59 198
56 60 107
56 61 117
56 62 42
56 63 182
56 64 52
56 65 151
56 66 86
56 67 62
56 68 168
56 69 46
56 70 170
56 71 17
56 72 111
56 73 97
56 74 34
56 75 142
56 76 113
56 77 79
56 78 45
56 79 138
56 80 190
56 81 180
56 82 66
56 83 90
56 84 121
56 85 70
56 86 44
56 87 18
56 88 157
56 89 69
56 90 21
56 91 44
56 92 16
56 93 38
56 94 83
56 95 6
56 96 166
56 97 75
56 98 54
56 99 60
57 58 193
57 59 155
57 60 27
57 61 72
57 62 163
57 63 110
57 64 24
57 65 190
57 66 168
57 67 53
57 68 176
57 69 4
57 70 101
57 71 23
57 72 19
57 73 2
57 74 45
57 75 192
57 76 161
57 77 136
57 78 19
57 79 57
57 80 167
57 81 111
57 82 198
57 83 40
57 84 80
57 85 140
57 86 187
57 87 191
57 88 87
57 89 143
57 90 142
57 91 27
57 92 169
57 93 196
57 94 39
57 95 54
57 96 129
57 97 135
57 98 79
57 99 62
58 59 134
58 60 77
58 61 35
58 62 85
58 63 63
58 64 71
58 65 133
58 66 48
58 67 79
58 68 70
58 69 119
58 70 185
58 71 96
58 72 69
58 73 133
58 74 146
58 75 78
58 76 170
58 77 101
58 78 30
58 79 94
58 80 123
58 81 1
58 82 135
58 83 174
58 84 18
58 85 59
58 86 0
58 87 12
58 88 0
58 89 90
58 90 162
58 91 164
58 92 14
58 93 121
58 94 62
58 95 151
58 96 53
58 97 200
58 98 14
58 99 193
59 60 156
59 61 194
59 62 23
59 63 82
59 64 25
59 65 101
59 66 189
59 67 16
59 68 69
59 69 52
59 70 90
59 71 161
59 72 45
59 73 171
59 74 192
59 75 52
59 76 90
59 77 99
59 78 34
59 79 61
59 80 26
59 81 165
59 82 17
59 83 56
59 84 31
59 85 22
59 86 0
59 87 18
59 88 31
59 89 125
59 90 61
59 91 97
59 92 104
59 93 184
59 94 164
59 95 8
59 96 8
59 97 20
59 98 130
59 99 186
60 61 51
60 62 89
60 63 164
60 64 192
60 65 96
60 66 191
60 67 2
60 68 21
60 69 102
60 70 44
60 71 120
60 72 84
60 73 164
60 74 103
60 75 29
60 76 74
60 77 78
60 78 192
60 79 74
60 80 111
60 81 11
60 82 166
60 83 64
60 84 110
60 85 78
60 86 198
60 87 153
60 88 90
60 89 60
60 90 167
60 91 117
60 92 27
60 93 55
60 94 118
60 95 48
60 96 25
60 97 35
60 98 117
60 99 10
61 62 143
61 63 106
61 64 3
61 65 189
61 66 54
61 67 130
61 68 91
61 69 159
61 70 49
61 71 114
61 72 187
61 73 86
61 74 99
61 75 28
61 76 89
61 77 34
61 78 52
61 79 16
61 80 65
61 81 82
61 82 130
61 83 128
61 84 190
61 85 95
61 86 153
61 87 1
61 88 161
61 89 130
61 90 117
61 91 104
61 92 65
61 93 158
61 94 108
61 95 157
61 96 155
61 97 150
61 98 113
61 99 75
62 63 100
62 64 186
62 65 67
62 66 0
62 67 144
62 68 39
62 69 94
62 70 149
62 71 188
62 72 62
62 73 150
62 74 21
62 75 109
62 76 45
62 77 140
62 78 28
62 79 6
62 80 167
62 81 143
62 82 124
62 83 79
62 84 158
62 85 54
62 86 94
62 87 173
62 88 74
62 89 91
62 90 31
62 91 24
62 92 19
62 93 193
62 94 175
62 95 15
62 96 31
62 97 184
62 98 180
62 99 67
63 64 23
63 65 171
63 66 167
63 67 25
63 68 109
63 69 34
63 70 192
63 71 19
63 72 105
63 73 0
63 74 41
63 75 108
63 76 195
63 77 119
63 78 197
63 79 119
63 80 171
63 81 22
63 82 80
63 83 134
63 84 34
63 85 33
63 86 65
63 87 32
63 88 171
63 89 5
63 90 193
63 91 138
63 92 174
63 93 142
63 94 73
63 95 175
63 96 128
63 97 175
63 98 95
63 99 21
64 65 107
64 66 194
64 67 28
64 68 29
64 69 30
64 70 177
64 71 14
64 72 12
64 73 99
64 74 42
64 75 31
64 76 71
64 77 0
64 78 196
64 79 69
64 80 4
64 81 155
64 82 130
64 83 196
64 84 169
64 85 176
64 86 188
64 87 138
64 88 84
64 89 133
64 90 76
64 91 165
64 92 108
64 93 133
64 94 23
64 95 14
64 96 100
64 97 119
64 98 98
64 99 169
65 66 54
65 67 181
65 68 173
65 69 94
65 70 146
65 71 43
65 72 120
65 73 86
65 74 128
65 75 179
65 76 164
65 77 69
65 78 119
65 79 147
65 80 14
65 81 166
65 82 153
65 83 180
65 84 117
65 85 155
65 86 132
65 87 17
65 88 196
65 89 185
65 90 60
65 91 39
65 92 191
65 93 171
65 94 179
65 95 194
65 96 197
65 97 5
65 98 165
65 99 143
66 67 191
66 68 32
66 69 28
66 70 45
66 71 105
66 72 93
66 73 11
66 74 166
66 75 130
66 76 46
66 77 80
66 78 123
66 79 117
66 80 77
66 81 51
66 82 106
66 83 146
66 84 180
66 85 65
66 86 52
66 87 182
66 88 111
66 89 74
66 90 89
66 91 77
66 92 86
66 93 1
66 94 61
66 95 160
66 96 26
66 97 149
66 98 118
66 99 27
67 68 165
67 69 164
67 70 79
67 71 52
67 72 18
67 73 187
67 74 111
67 75 169
67 76 198
67 77 21
67 78 24
67 79 105
67 80 187
67 81 106
67 82 127
67 83 81
67 84 143
67 85 168
67 86 134
67 87 79
67 88 180
67 89 179
67 90 51
67 91 136
67 92 189
67 93 64
67 94 70
67 95 192
67 96 93
67 97 196
67 98 13
67 99 17
68 69 68
68 70 41
68 71 141
68 72 64
68 73 93
68 74 96
68 75 125
68 76 13
68 77 74
68 78 107
68 79 144
68 80 95
68 81 85
68 82 166
68 83 191
68 84 51
68 85 91
68 86 53
68 87 188
68 88 195
68 89 101
68 90 60
68 91 180
68 92 138
68 93 154
68 94 58
68 95 188
68 96 185
68 97 43
68 98 156
68 99 88
69 70 14
69 71 3
69 72 185
69 73 55
69 74 40
69 75 45
69 76 118
69 77 184
69 78 73
69 79 142
69 80 43
69 81 107
69 82 61
69 83 50
69 84 60
69 85 58
69 86 11
69 87 117
69 88 83
69 89 109
69 90 39
69 91 184
69 92 163
69 93 10
69 94 85
69 95 4
69 96 157
69 97 60
69 98 89
69 99 7
70 71 73
70 72 197
70 73 98
70 74 21
70 75 130
70 76 48
70 77 34
70 78 181
70 79 153
70 80 64
70 81 6
70 82 102
70 83 107
70 84 15
70 85 111
70 86 122
70 87 98
70 88 23
70 89 123
70 90 147
70 91 79
70 92 3
70 93 1
70 94 169
70 95 116
70 96 146
70 97 193
70 98 109
70 99 26
71 72 66
71 73 32
71 74 11
71 75 102
71 76 44
71 77 39
71 78 130
71 79 58
71 80 46
71 81 13
71 82 101
71 83 79
71 84 140
71 85 198
71 86 54
71 87 83
71 88 165
71 89 68
71 90 59
71 91 162
71 92 192
71 93 167
71 94 77
71 95 122
71 96 100
71 97 15
71 98 7
71 99 168
72 73 58
72 74 195
72 75 152
72 76 186
72 77 91
72 78 30
72 79 123
72 80 124
72 81 157
72 82 186
72 83 129
72 84 107
72 85 27
72 86 20
72 87 102
72 88 88
72 89 95
72 90 9
72 91 19
72 92 110
72 93 186
72 94 113
72 95 5
72 96 63
72 97 173
72 98 51
72 99 62
73 74 19
73 75 74
73 76 67
73 77 174
73 78 110
73 79 116
73 80 68
73 81 79
73 82 120
73 83 181
73 84 41
73 85 81
73 86 58
73 87 7
73 88 92
73 89 184
73 90 83
73 91 129
73 92 77
73 93 141
73 94 181
73 95 43
73 96 176
73 97 65
73 98 137
73 99 5
74 75 1
74 76 157
74 77 194
74 78 170
74 79 125
74 80 170
74 81 66
74 82 55
74 83 115
74 84 41
74 85 118
74 86 46
74 87 195
74 88 64
74 89 25
74 90 167
74 91 58
74 92 23
74 93 104
74 94 151
74 95 125
74 96 191
74 97 41
74 98 188
74 99 105
75 76 140
75 77 177
75 78 91
75 79 62
75 80 34
75 81 181
75 82 104
75 83 40
75 84 157
75 85 37
75 86 87
75 87 189
75 88 75
75 89 162
75 90 174
75 91 100
75 92 28
75 93 46
75 94 62
75 95 121
75 96 156
75 97 36
75 98 170
75 99 154
76 77 98
76 78 109
76 79 19
76 80 84
76 81 63
76 82 57
76 83 26
76 84 152
76 85 53
76 86 57
76 87 85
76 88 89
76 89 143
76 90 129
76 91 197
76 92 48
76 93 131
76 94 140
76 95 134
76 96 130
76 97 127
76 98 2
76 99 72
77 78 1
77 79 184
77 80 162
77 81 199
77 82 68
77 83 191
77 84 111
77 85 13
77 86 69
77 87 172
77 88 191
77 89 164
77 90 125
77 91 93
77 92 144
77 93 81
77 94 94
77 95 156
77 96 79
77 97 52
77 98 158
77 99 63
78 79 170
78 80 39
78 81 148
78 82 93
78 83 93
78 84 60
78 85 49
78 86 30
78 87 23
78 88 105
78 89 140
78 90 158
78 91 63
78 92 120
78 93 151
78 94 87
78 95 60
78 96 120
78 97 49
78 98 37
78 99 148
79 80 19
79 81 188
79 82 149
79 83 159
79 84 167
79 85 36
79 86 166
79 87 27
79 88 181
79 89 200
79 90 17
79 91 49
79 92 43
79 93 194
79 94 63
79 95 24
79 96 146
79 97 36
79 98 88
79 99 20
80 81 93
80 82 49
80 83 48
80 84 56
80 85 25
80 86 198
80 87 135
80 88 143
80 89 127
80 90 31
80 91 173
80 92 107
80 93 92
80 94 45
80 95 138
80 96 134
80 97 91
80 98 181
80 99 107
81 82 127
81 83 110
81 84 181
81 85 47
81 86 72
81 87 165
81 88 90
81 89 58
81 90 145
81 91 51
81 92 94
81 93 27
81 94 35
81 95 22
81 96 174
81 97 162
81 98 41
81 99 44
82 83 48
82 84 91
82 85 163
82 86 157
82 87 198
82 88 135
82 89 107
82 90 171
82 91 15
82 92 37
82 93 105
82 94 162
82 95 65
82 96 171
82 97 26
82 98 35
82 99 155
83 84 13
83 85 106
83 86 3
83 87 31
83 88 173
83 89 51
83 90 2
83 91 78
83 92 55
83 93 185
83 94 164
83 95 102
83 96 118
83 97 184
83 98 45
83 99 26
84 85 176
84 86 172
84 87 85
84 88 137
84 89 161
84 90 84
84 91 147
84 92 114
84 93 135
84 94 37
84 95 7
84 96 22
84 97 122
84 98 17
84 99 13
85 86 193
85 87 24
85 88 124
85 89 50
85 90 35
85 91 85
85 92 115
85 93 91
85 94 87
85 95 179
85 96 43
85 97 172
85 98 116
85 99 159
86 87 180
86 88 94
86 89 44
86 90 66
86 91 184
86 92 133
86 93 100
86 94 56
86 95 200
86 96 83
86 97 43
86 98 102
86 99 116
87 88 79
87 89 31
87 90 65
87 91 58
87 92 138
87 93 54
87 94 200
87 95 73
87 96 75
87 97 188
87 98 9
87 99 147
88 89 13
88 90 100
88 91 135
88 92 123
88 93 44
88 94 82
88 95 128
88 96 52
88 97 102
88 98 133
88 99 124
89 90 144
89 91 165
89 92 114
89 93 11
89 94 56
89 95 53
89 96 114
89 97 74
89 98 96
89 99 29
90 91 31
90 92 199
90 93 14
90 94 33
90 95 155
90 96 110
90 97 28
90 98 36
90 99 113
91 92 64
91 93 140
91 94 14
91 95 89
91 96 200
91 97 179
91 98 22
91 99 136
92 93 60
92 94 127
92 95 30
92 96 85
92 97 151
92 98 164
92 99 174
