100 4740
0 1 93
0 2 2
0 3 171
0 4 10
0 5 5
0 6 13
0 7 84
0 8 52
0 9 132
0 10 164
0 11 59
0 12 52
0 13 90
0 14 78
0 15 156
0 16 175
0 17 92
0 18 91
0 19 135
0 20 149
0 21 30
0 22 1
0 23 102
0 24 109
0 25 53
0 26 14
0 27 197
0 28 183
0 29 67
0 30 127
0 31 42
0 32 60
0 33 33
0 34 166
0 35 131
0 36 16
0 37 132
0 38 30
0 39 124
0 40 0
0 41 34
0 42 125
0 43 116
0 44 97
0 45 188
0 46 30
0 47 22
0 48 133
0 49 11
0 50 147
0 51 199
0 52 157
0 53 77
0 54 137
0 55 141
0 56 51
0 57 53
0 58 143
0 59 78
0 60 78
0 61 112
0 62 129
0 63 80
0 64 62
0 65 162
0 66 115
0 67 162
0 68 54
0 69 131
0 70 109
0 71 198
0 72 132
0 73 127
0 74 13
0 75 24
0 76 172
0 77 67
0 78 161
0 79 133
0 80 6
0 81 153
0 82 197
0 83 156
0 84 130
0 85 69
0 86 79
0 87 53
0 88 60
0 89 78
0 90 85
0 91 98
0 92 108
0 93 90
0 94 140
0 95 22
0 96 189
0 97 151
0 98 168
0 99 190
1 2 171
1 3 96
1 4 129
1 5 13
1 6 25
1 7 82
1 8 113
1 9 148
1 10 164
1 11 168
1 12 122
1 13 138
1 14 67
1 15 122
1 16 143
1 17 166
1 18 119
1 19 17
1 20 186
1 21 8
1 22 168
1 23 42
1 24 63
1 25 51
1 26 83
1 27 178
1 28 47
1 29 91
1 30 19
1 31 172
1 32 59
1 33 42
1 34 188
1 35 33
1 36 133
1 37 12
1 38 6
1 39 52
1 40 91
1 41 89
1 42 82
1 43 164
1 44 55
1 45 72
1 46 163
1 47 127
1 48 63
1 49 108
1 50 150
1 51 37
1 52 100
1 53 45
1 54 84
1 55 198
1 56 7
1 57 128
1 58 194
1 59 142
1 60 79
1 61 50
1 62 81
1 63 186
1 64 100
1 65 104
1 66 81
1 67 146
1 68 101
1 69 85
1 70 115
1 71 100
1 72 184
1 73 182
1 74 154
1 75 196
1 76 20
1 77 169
1 78 154
1 79 116
1 80 68
1 81 100
1 82 49
1 83 46
1 84 47
1 85 111
1 86 63
1 87 69
1 88 102
1 89 69
1 90 164
1 91 197
1 92 34
1 93 24
1 94 153
1 95 94
1 96 47
1 97 148
1 98 25
1 99 46
2 3 22
2 4 72
2 5 80
2 6 94
2 7 69
2 8 63
2 9 135
2 10 155
2 11 185
2 12 156
2 13 43
2 14 117
2 15 118
2 16 186
2 17 2
2 18 168
2 19 121
2 20 143
2 21 24
2 22 178
2 23 28
2 24 101
2 25 101
2 26 106
2 27 173
2 28 147
2 29 36
2 30 119
2 31 139
2 32 169
2 33 169
2 34 96
2 35 155
2 36 90
2 37 181
2 38 185
2 39 181
2 40 112
2 41 196
2 42 152
2 43 3
2 44 64
2 45 86
2 46 54
2 47 124
2 48 88
2 49 161
2 50 61
2 51 37
2 52 15
2 53 76
2 54 80
2 55 107
2 56 106
2 57 20
2 58 84
2 59 170
2 60 127
2 61 195
2 62 89
2 63 169
2 64 67
2 65 138
2 66 61
2 67 175
2 68 180
2 69 60
2 70 12
2 71 158
2 72 53
2 73 126
2 74 198
2 75 199
2 76 74
2 77 73
2 78 197
2 79 168
2 80 34
2 81 171
2 82 87
2 83 27
2 84 182
2 85 189
2 86 15
2 87 101
2 88 162
2 89 191
2 90 49
2 91 140
2 92 62
2 93 147
2 94 164
2 95 110
2 96 193
2 97 182
2 98 51
2 99 43
3 4 118
3 5 170
3 6 197
3 7 60
3 8 168
3 9 15
3 10 82
3 11 52
3 12 49
3 13 147
3 14 168
3 15 21
3 16 122
3 17 107
3 18 68
3 19 153
3 20 142
3 21 102
3 22 157
3 23 189
3 24 23
3 25 117
3 26 126
3 27 93
3 28 154
3 29 91
3 30 1
3 31 113
3 32 77
3 33 48
3 34 81
3 35 101
3 36 17
3 37 138
3 38 39
3 39 59
3 40 107
3 41 40
3 42 132
3 43 160
3 44 124
3 45 7
3 46 44
3 47 176
3 48 125
3 49 151
3 50 82
3 51 84
3 52 173
3 53 128
3 54 8
3 55 161
3 56 47
3 57 164
3 58 11
3 59 69
3 60 35
3 61 144
3 62 116
3 63 90
3 64 59
3 65 193
3 66 169
3 67 26
3 68 65
3 69 153
3 70 110
3 71 131
3 72 78
3 73 79
3 74 119
3 75 25
3 76 60
3 77 78
3 78 196
3 79 79
3 80 184
3 81 31
3 82 112
3 83 58
3 84 25
3 85 73
3 86 110
3 87 176
3 88 14
3 89 114
3 90 140
3 91 79
3 92 71
3 93 0
3 94 164
3 95 72
3 96 94
3 97 73
3 98 149
3 99 155
4 5 6
4 6 143
4 7 97
4 8 22
4 9 93
4 10 187
4 11 111
4 12 34
4 13 45
4 14 156
4 15 2
4 16 10
4 17 110
4 18 30
4 19 6
4 20 50
4 21 174
4 22 59
4 23 103
4 24 50
4 25 183
4 26 197
4 27 27
4 28 180
4 29 182
4 30 148
4 31 185
4 32 37
4 33 117
4 34 29
4 35 162
4 36 197
4 37 183
4 38 26
4 39 28
4 40 158
4 41 119
4 42 168
4 43 88
4 44 73
4 45 107
4 46 172
4 47 87
4 48 130
4 49 115
4 50 174
4 51 107
4 52 66
4 53 49
4 54 166
4 55 142
4 56 136
4 57 147
4 58 58
4 59 123
4 60 166
4 61 163
4 62 158
4 63 17
4 64 154
4 65 83
4 66 113
4 67 54
4 68 134
4 69 101
4 70 159
4 71 187
4 72 175
4 73 97
4 74 178
4 75 88
4 76 87
4 77 74
4 78 52
4 79 25
4 80 62
4 81 7
4 82 8
4 83 184
4 84 65
4 85 176
4 86 130
4 87 125
4 88 197
4 89 177
4 90 90
4 91 18
4 92 79
4 93 16
4 94 183
4 95 154
4 96 67
4 97 92
4 98 13
4 99 93
5 6 172
5 7 115
5 8 143
5 9 44
5 10 144
5 11 94
5 12 65
5 13 174
5 14 58
5 15 169
5 16 49
5 17 145
5 18 94
5 19 172
5 20 68
5 21 38
5 22 185
5 23 11
5 24 31
5 25 185
5 26 140
5 27 97
5 28 104
5 29 73
5 30 53
5 31 111
5 32 58
5 33 82
5 34 138
5 35 141
5 36 8
5 37 185
5 38 90
5 39 136
5 40 176
5 41 103
5 42 41
5 43 79
5 44 124
5 45 120
5 46 94
5 47 79
5 48 176
5 49 42
5 50 179
5 51 91
5 52 75
5 53 14
5 54 179
5 55 54
5 56 106
5 57 5
5 58 143
5 59 50
5 60 128
5 61 21
5 62 133
5 63 155
5 64 149
5 65 91
5 66 181
5 67 29
5 68 200
5 69 38
5 70 141
5 71 135
5 72 122
5 73 48
5 74 47
5 75 12
5 76 75
5 77 153
5 78 16
5 79 193
5 80 38
5 81 75
5 82 49
5 83 87
5 84 95
5 85 22
5 86 81
5 87 18
5 88 66
5 89 43
5 90 50
5 91 95
5 92 24
5 93 42
5 94 9
5 95 25
5 96 174
5 97 93
5 98 162
5 99 102
6 7 182
6 8 102
6 9 25
6 10 173
6 11 162
6 12 97
6 13 141
6 14 109
6 15 1
6 16 193
6 17 142
6 18 152
6 19 20
6 20 145
6 21 158
6 22 138
6 23 128
6 24 26
6 25 126
6 26 180
6 27 87
6 28 75
6 29 16
6 30 48
6 31 12
6 32 42
6 33 71
6 34 38
6 35 198
6 36 120
6 37 44
6 38 6
6 39 180
6 40 51
6 41 132
6 42 162
6 43 19
6 44 35
6 45 42
6 46 112
6 47 133
6 48 75
6 49 5
6 50 83
6 51 92
6 52 70
6 53 21
6 54 134
6 55 172
6 56 145
6 57 74
6 58 150
6 59 115
6 60 194
6 61 69
6 62 186
6 63 33
6 64 199
6 65 176
6 66 156
6 67 174
6 68 43
6 69 195
6 70 34
6 71 111
6 72 145
6 73 64
6 74 10
6 75 41
6 76 43
6 77 83
6 78 184
6 79 2
6 80 38
6 81 146
6 82 40
6 83 151
6 84 16
6 85 68
6 86 104
6 87 104
6 88 90
6 89 170
6 90 14
6 91 132
6 92 145
6 93 58
6 94 130
6 95 82
6 96 167
6 97 39
6 98 102
6 99 158
7 8 98
7 9 110
7 10 11
7 11 113
7 12 41
7 13 21
7 14 200
7 15 135
7 16 145
7 17 192
7 18 136
7 19 109
7 20 130
7 21 26
7 22 185
7 23 130
7 24 80
7 25 92
7 26 180
7 27 141
7 28 31
7 29 31
7 30 127
7 31 135
7 32 54
7 33 163
7 34 90
7 35 68
7 36 90
7 37 166
7 38 130
7 39 31
7 40 145
7 41 28
7 42 129
7 43 166
7 44 173
7 45 0
7 46 69
7 47 134
7 48 99
7 49 24
7 50 99
7 51 0
7 52 44
7 53 116
7 54 47
7 55 132
7 56 183
7 57 45
7 58 91
7 59 168
7 60 1
7 61 2
7 62 19
7 63 166
7 64 188
7 65 56
7 66 22
7 67 119
7 68 10
7 69 155
7 70 120
7 71 166
7 72 81
7 73 142
7 74 49
7 75 167
7 76 130
7 77 171
7 78 43
7 79 175
7 80 17
7 81 180
7 82 27
7 83 182
7 84 33
7 85 132
7 86 73
7 87 31
7 88 145
7 89 138
7 90 10
7 91 154
7 92 74
7 93 146
7 94 160
7 95 80
7 96 95
7 97 12
7 98 189
7 99 135
8 9 102
8 10 24
8 11 73
8 12 126
8 13 60
8 14 124
8 15 172
8 16 164
8 17 110
8 18 35
8 19 106
8 20 94
8 21 15
8 22 27
8 23 41
8 24 14
8 25 153
8 26 63
8 27 44
8 28 35
8 29 12
8 30 100
8 31 174
8 32 97
8 33 184
8 34 15
8 35 199
8 36 169
8 37 3
8 38 63
8 39 165
8 40 84
8 41 173
8 42 101
8 43 186
8 44 136
8 45 152
8 46 43
8 47 140
8 48 27
8 49 94
8 50 24
8 51 159
8 52 37
8 53 72
8 54 186
8 55 43
8 56 78
8 57 178
8 58 71
8 59 142
8 60 198
8 61 40
8 62 64
8 63 51
8 64 115
8 65 75
8 66 167
8 67 0
8 68 21
8 69 129
8 70 60
8 71 3
8 72 58
8 73 10
8 74 117
8 75 196
8 76 169
8 77 159
8 78 1
8 79 90
8 80 152
8 81 69
8 82 120
8 83 53
8 84 13
8 85 107
8 86 187
8 87 49
8 88 14
8 89 14
8 90 28
8 91 88
8 92 39
8 93 32
8 94 166
8 95 83
8 96 20
8 97 93
8 98 189
8 99 6
9 10 9
9 11 139
9 12 85
9 13 193
9 14 162
9 15 116
9 16 170
9 17 187
9 18 42
9 19 23
9 20 80
9 21 144
9 22 78
9 23 28
9 24 18
9 25 133
9 26 2
9 27 190
9 28 80
9 29 82
9 30 173
9 31 85
9 32 109
9 33 85
9 34 178
9 35 58
9 36 10
9 37 180
9 38 119
9 39 159
9 40 112
9 41 148
9 42 186
9 43 46
9 44 180
9 45 118
9 46 125
9 47 148
9 48 195
9 49 164
9 50 176
9 51 181
9 52 10
9 53 10
9 54 76
9 55 96
9 56 105
9 57 25
9 58 178
9 59 95
9 60 84
9 61 12
9 62 176
9 63 180
9 64 96
9 65 128
9 66 57
9 67 48
9 68 101
9 69 61
9 70 67
9 71 36
9 72 40
9 73 199
9 74 38
9 75 153
9 76 2
9 77 16
9 78 94
9 79 195
9 80 53
9 81 114
9 82 31
9 83 64
9 84 39
9 85 17
9 86 166
9 87 144
9 88 115
9 89 42
9 90 162
9 91 41
9 92 164
9 93 14
9 94 106
9 95 72
9 96 194
9 97 52
9 98 35
9 99 31
10 11 80
10 12 14
10 13 107
10 14 159
10 15 8
10 16 184
10 17 162
10 18 3
10 19 23
10 20 100
10 21 40
10 22 154
10 23 159
10 24 137
10 25 54
10 26 71
10 27 99
10 28 141
10 29 174
10 30 125
10 31 148
10 32 174
10 33 109
10 34 157
10 35 102
10 36 136
10 37 17
10 38 141
10 39 16
10 40 80
10 41 57
10 42 159
10 43 38
10 44 160
10 45 141
10 46 194
10 47 136
10 48 174
10 49 2
10 50 77
10 51 108
10 52 42
10 53 66
10 54 122
10 55 15
10 56 146
10 57 34
10 58 145
10 59 157
10 60 12
10 61 79
10 62 132
10 63 4
10 64 164
10 65 74
10 66 29
10 67 116
10 68 178
10 69 199
10 70 26
10 71 3
10 72 168
10 73 175
10 74 26
10 75 8
10 76 17
10 77 76
10 78 4
10 79 0
10 80 96
10 81 9
10 82 49
10 83 54
10 84 14
10 85 55
10 86 107
10 87 14
10 88 118
10 89 43
10 90 39
10 91 169
10 92 93
10 93 41
10 94 50
10 95 43
10 96 114
10 97 19
10 98 75
10 99 86
11 12 48
11 13 96
11 14 73
11 15 194
11 16 140
11 17 93
11 18 107
11 19 193
11 20 18
11 21 77
11 22 124
11 23 154
11 24 141
11 25 45
11 26 148
11 27 107
11 28 115
11 29 94
11 30 154
11 31 87
11 32 4
11 33 39
11 34 71
11 35 96
11 36 25
11 37 141
11 38 93
11 39 113
11 40 149
11 41 26
11 42 151
11 43 50
11 44 101
11 45 151
11 46 35
11 47 47
11 48 138
11 49 50
11 50 135
11 51 147
11 52 167
11 53 189
11 54 111
11 55 77
11 56 167
11 57 24
11 58 65
11 59 113
11 60 42
11 61 142
11 62 190
11 63 67
11 64 168
11 65 194
11 66 183
11 67 73
11 68 54
11 69 34
11 70 143
11 71 124
11 72 92
11 73 39
11 74 56
11 75 49
11 76 52
11 77 155
11 78 78
11 79 156
11 80 8
11 81 148
11 82 82
11 83 133
11 84 169
11 85 84
11 86 145
11 87 198
11 88 28
11 89 74
11 90 23
11 91 47
11 92 171
11 93 165
11 94 100
11 95 138
11 96 75
11 97 166
11 98 170
11 99 24
12 13 166
12 14 156
12 15 109
12 16 44
12 17 76
12 18 41
12 19 189
12 20 68
12 21 106
12 22 74
12 23 147
12 24 134
12 25 143
12 26 132
12 27 15
12 28 142
12 29 127
12 30 25
12 31 136
12 32 75
12 33 68
12 34 18
12 35 130
12 36 137
12 37 140
12 38 132
12 39 163
12 40 85
12 41 72
12 42 164
12 43 47
12 44 32
12 45 147
12 46 89
12 47 50
12 48 36
12 49 78
12 50 24
12 51 23
12 52 51
12 53 145
12 54 179
12 55 128
12 56 30
12 57 32
12 58 111
12 59 166
12 60 34
12 61 71
12 62 101
12 63 181
12 64 38
12 65 130
12 66 82
12 67 54
12 68 87
12 69 184
12 70 67
12 71 156
12 72 81
12 73 90
12 74 51
12 75 130
12 76 4
12 77 28
12 78 90
12 79 64
12 80 62
12 81 170
12 82 121
12 83 178
12 84 139
12 85 67
12 86 197
12 87 84
12 88 171
12 89 140
12 90 57
12 91 21
12 92 199
12 93 120
12 94 72
12 95 13
12 96 145
12 97 53
12 98 96
12 99 135
13 14 81
13 15 147
13 16 40
13 17 12
13 18 91
13 19 25
13 20 161
13 21 28
13 22 127
13 23 132
13 24 75
13 25 120
13 26 22
13 27 165
13 28 100
13 29 85
13 30 37
13 31 103
13 32 167
13 33 53
13 34 14
13 35 108
13 36 44
13 37 37
13 38 126
13 39 38
13 40 74
13 41 10
13 42 34
13 43 73
13 44 164
13 45 180
13 46 171
13 47 145
13 48 196
13 49 129
13 50 44
13 51 45
13 52 156
13 53 7
13 54 86
13 55 131
13 56 3
13 57 135
13 58 22
13 59 95
13 60 20
13 61 139
13 62 67
13 63 69
13 64 48
13 65 26
13 66 153
13 67 102
13 68 117
13 69 119
13 70 119
13 71 197
13 72 48
13 73 118
13 74 162
13 75 34
13 76 22
13 77 5
13 78 151
13 79 65
13 80 110
13 81 6
13 82 118
13 83 70
13 84 168
13 85 54
13 86 1
13 87 47
13 88 142
13 89 47
13 90 23
13 91 161
13 92 106
13 93 94
13 94 187
13 95 148
13 96 112
13 97 7
13 98 171
13 99 173
14 15 199
14 16 134
14 17 186
14 18 102
14 19 7
14 20 50
14 21 133
14 22 71
14 23 46
14 24 106
14 25 144
14 26 46
14 27 110
14 28 103
14 29 165
14 30 91
14 31 82
14 32 137
14 33 3
14 34 50
14 35 131
14 36 194
14 37 146
14 38 188
14 39 34
14 40 199
14 41 163
14 42 32
14 43 61
14 44 133
14 45 74
14 46 10
14 47 118
14 48 114
14 49 104
14 50 113
14 51 190
14 52 106
14 53 194
14 54 181
14 55 56
14 56 91
14 57 112
14 58 22
14 59 134
14 60 107
14 61 86
14 62 179
14 63 67
14 64 157
14 65 12
14 66 36
14 67 144
14 68 124
14 69 15
14 70 38
14 71 144
14 72 195
14 73 114
14 74 183
14 75 147
14 76 105
14 77 179
14 78 192
14 79 71
14 80 82
14 81 32
14 82 30
14 83 10
14 84 75
14 85 109
14 86 62
14 87 174
14 88 195
14 89 104
14 90 4
14 91 169
14 92 193
14 93 119
14 94 75
14 95 45
14 96 8
14 97 157
14 98 36
14 99 157
15 16 180
15 17 7
15 18 154
15 19 14
15 20 122
15 21 190
15 22 4
15 23 98
15 24 77
15 25 140
15 26 6
15 27 7
15 28 192
15 29 157
15 30 181
15 31 196
15 32 121
15 33 34
15 34 183
15 35 162
15 36 8
15 37 33
15 38 134
15 39 8
15 40 198
15 41 200
15 42 144
15 43 133
15 44 68
15 45 98
15 46 22
15 47 77
15 48 63
15 49 95
15 50 43
15 51 189
15 52 198
15 53 27
15 54 126
15 55 55
15 56 79
15 57 62
15 58 145
15 59 126
15 60 174
15 61 26
15 62 58
15 63 122
15 64 30
15 65 5
15 66 100
15 67 179
15 68 73
15 69 70
15 70 128
15 71 40
15 72 56
15 73 119
15 74 19
15 75 52
15 76 115
15 77 150
15 78 128
15 79 139
15 80 85
15 81 40
15 82 139
15 83 127
15 84 4
15 85 132
15 86 89
15 87 123
15 88 26
15 89 138
15 90 116
15 91 131
15 92 9
15 93 152
15 94 5
15 95 58
15 96 148
15 97 189
15 98 159
15 99 146
16 17 156
16 18 25
16 19 24
16 20 41
16 21 69
16 22 172
16 23 140
16 24 159
16 25 89
16 26 145
16 27 19
16 28 106
16 29 48
16 30 165
16 31 117
16 32 75
16 33 67
16 34 15
16 35 134
16 36 18
16 37 27
16 38 192
16 39 200
16 40 74
16 41 195
16 42 68
16 43 165
16 44 48
16 45 178
16 46 33
16 47 78
16 48 79
16 49 36
16 50 81
16 51 142
16 52 167
16 53 47
16 54 52
16 55 154
16 56 65
16 57 28
16 58 116
16 59 15
16 60 148
16 61 82
16 62 178
16 63 176
16 64 114
16 65 3
16 66 55
16 67 188
16 68 110
16 69 118
16 70 125
16 71 156
16 72 69
16 73 178
16 74 42
16 75 96
16 76 134
16 77 186
16 78 85
16 79 151
16 80 66
16 81 44
16 82 82
16 83 116
16 84 23
16 85 50
16 86 164
16 87 117
16 88 53
16 89 63
16 90 91
16 91 185
16 92 29
16 93 168
16 94 99
16 95 40
16 96 74
16 97 111
16 98 37
16 99 52
17 18 108
17 19 35
17 20 119
17 21 54
17 22 179
17 23 199
17 24 156
17 25 169
17 26 180
17 27 37
17 28 68
17 29 87
17 30 152
17 31 25
17 32 159
17 33 92
17 34 194
17 35 170
17 36 55
17 37 165
17 38 99
17 39 59
17 40 174
17 41 174
17 42 21
17 43 94
17 44 121
17 45 52
17 46 97
17 47 116
17 48 110
17 49 183
17 50 173
17 51 39
17 52 116
17 53 35
17 54 71
17 55 173
17 56 178
17 57 14
17 58 144
17 59 128
17 60 184
17 61 193
17 62 58
17 63 14
17 64 191
17 65 49
17 66 164
17 67 36
17 68 123
17 69 42
17 70 102
17 71 192
17 72 55
17 73 18
17 74 33
17 75 172
17 76 143
17 77 17
17 78 2
17 79 189
17 80 40
17 81 164
17 82 72
17 83 104
17 84 196
17 85 73
17 86 122
17 87 93
17 88 188
17 89 134
17 90 185
17 91 149
17 92 96
17 93 192
17 94 18
17 95 23
17 96 124
17 97 7
17 98 183
17 99 31
18 19 85
18 20 124
18 21 132
18 22 3
18 23 7
18 24 68
18 25 83
18 26 81
18 27 46
18 28 154
18 29 100
18 30 27
18 31 78
18 32 47
18 33 39
18 34 157
18 35 51
18 36 95
18 37 103
18 38 180
18 39 100
18 40 39
18 41 178
18 42 43
18 43 136
18 44 147
18 45 45
18 46 115
18 47 123
18 48 109
18 49 51
18 50 82
18 51 141
18 52 143
18 53 176
18 54 93
18 55 98
18 56 110
18 57 106
18 58 64
18 59 156
18 60 69
18 61 46
18 62 196
18 63 24
18 64 177
18 65 141
18 66 161
18 67 170
18 68 192
18 69 60
18 70 18
18 71 75
18 72 98
18 73 39
18 74 108
18 75 78
18 76 106
18 77 42
18 78 146
18 79 175
18 80 86
18 81 15
18 82 40
18 83 53
18 84 68
18 85 18
18 86 152
18 87 72
18 88 43
18 89 121
18 90 55
18 91 105
18 92 112
18 93 82
18 94 93
18 95 195
18 96 195
18 97 24
18 98 162
18 99 60
19 20 30
19 21 131
19 22 16
19 23 191
19 24 26
19 25 167
19 26 109
19 27 131
19 28 189
19 29 82
19 30 156
19 31 18
19 32 87
19 33 3
19 34 9
19 35 137
19 36 148
19 37 91
19 38 172
19 39 79
19 40 69
19 41 169
19 42 185
19 43 119
19 44 43
19 45 111
19 46 93
19 47 68
19 48 81
19 49 39
19 50 22
19 51 129
19 52 78
19 53 37
19 54 114
19 55 177
19 56 83
19 57 169
19 58 124
19 59 136
19 60 110
19 61 33
19 62 164
19 63 168
19 64 149
19 65 173
19 66 60
19 67 28
19 68 142
19 69 165
19 70 27
19 71 31
19 72 40
19 73 107
19 74 16
19 75 199
19 76 146
19 77 196
19 78 75
19 79 86
19 80 180
19 81 180
19 82 126
19 83 9
19 84 43
19 85 53
19 86 74
19 87 106
19 88 25
19 89 96
19 90 82
19 91 50
19 92 63
19 93 102
19 94 138
19 95 7
19 96 19
19 97 16
19 98 18
19 99 167
20 21 20
20 22 41
20 23 10
20 24 164
20 25 88
20 26 197
20 27 46
20 28 88
20 29 47
20 30 93
20 31 145
20 32 86
20 33 147
20 34 3
20 35 131
20 36 173
20 37 47
20 38 73
20 39 166
20 40 116
20 41 197
20 42 23
20 43 88
20 44 182
20 45 114
20 46 41
20 47 12
20 48 152
20 49 111
20 50 187
20 51 168
20 52 21
20 53 4
20 54 91
20 55 177
20 56 9
20 57 131
20 58 63
20 59 59
20 60 13
20 61 135
20 62 8
20 63 145
20 64 28
20 65 73
20 66 124
20 67 155
20 68 81
20 69 194
20 70 102
20 71 32
20 72 103
20 73 135
20 74 97
20 75 82
20 76 49
20 77 100
20 78 157
20 79 109
20 80 94
20 81 117
20 82 0
20 83 107
20 84 108
20 85 190
20 86 178
20 87 104
20 88 172
20 89 168
20 90 170
20 91 146
20 92 199
20 93 28
20 94 3
20 95 167
20 96 36
20 97 143
20 98 173
20 99 152
21 22 83
21 23 69
21 24 113
21 25 91
21 26 32
21 27 157
21 28 112
21 29 122
21 30 50
21 31 10
21 32 161
21 33 191
21 34 118
21 35 69
21 36 12
21 37 45
21 38 131
21 39 117
21 40 36
21 41 109
21 42 132
21 43 141
21 44 109
21 45 200
21 46 69
21 47 110
21 48 167
21 49 2
21 50 150
21 51 168
21 52 169
21 53 196
21 54 165
21 55 188
21 56 114
21 57 121
21 58 122
21 59 130
21 60 41
21 61 38
21 62 39
21 63 162
21 64 125
21 65 4
21 66 11
21 67 141
21 68 168
21 69 121
21 70 85
21 71 197
21 72 190
21 73 174
21 74 106
21 75 65
21 76 91
21 77 113
21 78 56
21 79 113
21 80 23
21 81 109
21 82 120
21 83 125
21 84 190
21 85 32
21 86 183
21 87 74
21 88 131
21 89 173
21 90 179
21 91 126
21 92 175
21 93 157
21 94 36
21 95 4
21 96 19
21 97 32
21 98 10
21 99 142
22 23 191
22 24 198
22 25 44
22 26 43
22 27 21
22 28 154
22 29 97
22 30 94
22 31 52
22 32 130
22 33 183
22 34 146
22 35 23
22 36 82
22 37 30
22 38 83
22 39 99
22 40 91
22 41 9
22 42 180
22 43 146
22 44 145
22 45 138
22 46 62
22 47 101
22 48 93
22 49 106
22 50 169
22 51 31
22 52 190
22 53 86
22 54 41
22 55 71
22 56 118
22 57 142
22 58 115
22 59 61
22 60 155
22 61 181
22 62 53
22 63 85
22 64 88
22 65 158
22 66 100
22 67 122
22 68 145
22 69 180
22 70 75
22 71 42
22 72 177
22 73 34
22 74 94
22 75 43
22 76 120
22 77 163
22 78 168
22 79 98
22 80 40
22 81 35
22 82 95
22 83 186
22 84 191
22 85 53
22 86 178
22 87 132
22 88 121
22 89 124
22 90 29
22 91 191
22 92 82
22 93 17
22 94 124
22 95 68
22 96 13
22 97 149
22 98 0
22 99 200
23 24 172
23 25 122
23 26 0
23 27 135
23 28 186
23 29 181
23 30 130
23 31 195
23 32 12
23 33 112
23 34 199
23 35 3
23 36 128
23 37 109
23 38 148
23 39 109
23 40 196
23 41 58
23 42 139
23 43 63
23 44 144
23 45 34
23 46 15
23 47 187
23 48 183
23 49 66
23 50 103
23 51 137
23 52 152
23 53 76
23 54 66
23 55 161
23 56 168
23 57 50
23 58 182
23 59 49
23 60 193
23 61 127
23 62 157
23 63 171
23 64 105
23 65 101
23 66 153
23 67 199
23 68 51
23 69 152
23 70 12
23 71 111
23 72 139
23 73 27
23 74 200
23 75 125
23 76 155
23 77 94
23 78 56
23 79 183
23 80 182
23 81 76
23 82 174
23 83 75
23 84 106
23 85 113
23 86 89
23 87 90
23 88 81
23 89 164
23 90 173
23 91 130
23 92 81
23 93 166
23 94 123
23 95 16
23 96 93
23 97 19
23 98 56
23 99 177
24 25 173
24 26 156
24 27 58
24 28 145
24 29 131
24 30 109
24 31 175
24 32 185
24 33 138
24 34 128
24 35 84
24 36 27
24 37 67
24 38 114
24 39 90
24 40 149
24 41 118
24 42 109
24 43 55
24 44 7
24 45 164
24 46 179
24 47 187
24 48 40
24 49 37
24 50 31
24 51 116
24 52 4
24 53 55
24 54 72
24 55 108
24 56 177
24 57 138
24 58 1
24 59 134
24 60 95
24 61 83
24 62 22
24 63 85
24 64 140
24 65 32
24 66 43
24 67 147
24 68 82
24 69 176
24 70 96
24 71 3
24 72 27
24 73 86
24 74 75
24 75 37
24 76 105
24 77 57
24 78 122
24 79 6
24 80 193
24 81 68
24 82 109
24 83 49
24 84 36
24 85 32
24 86 21
24 87 1
24 88 68
24 89 188
24 90 47
24 91 188
24 92 112
24 93 126
24 94 128
24 95 1
24 96 140
24 97 102
24 98 112
24 99 159
25 26 184
25 27 53
25 28 116
25 29 45
25 30 101
25 31 93
25 32 26
25 33 155
25 34 184
25 35 73
25 36 76
25 37 107
25 38 194
25 39 108
25 40 149
25 41 73
25 42 54
25 43 34
25 44 54
25 45 49
25 46 138
25 47 178
25 48 5
25 49 123
25 50 84
25 51 156
25 52 187
25 53 5
25 54 92
25 55 77
25 56 51
25 57 103
25 58 183
25 59 199
25 60 46
25 61 67
25 62 157
25 63 34
25 64 100
25 65 72
25 66 164
25 67 163
25 68 152
25 69 60
25 70 185
25 71 165
25 72 59
25 73 16
25 74 86
25 75 126
25 76 72
25 77 112
25 78 63
25 79 81
25 80 130
25 81 102
25 82 36
25 83 125
25 84 21
25 85 140
25 86 123
25 87 81
25 88 8
25 89 145
25 90 161
25 91 5
25 92 69
25 93 70
25 94 94
25 95 11
25 96 45
25 97 43
25 98 29
25 99 147
26 27 186
26 28 69
26 29 171
26 30 105
26 31 148
26 32 39
26 33 40
26 34 93
26 35 110
26 36 27
26 37 117
26 38 53
26 39 199
26 40 145
26 41 43
26 42 183
26 43 56
26 44 112
26 45 100
26 46 102
26 47 6
26 48 18
26 49 129
26 50 124
26 51 8
26 52 124
26 53 12
26 54 19
26 55 34
26 56 137
26 57 68
26 58 51
26 59 195
26 60 90
26 61 47
26 62 141
26 63 178
26 64 93
26 65 146
26 66 74
26 67 169
26 68 107
26 69 108
26 70 113
26 71 138
26 72 127
26 73 29
26 74 139
26 75 127
26 76 29
26 77 5
26 78 200
26 79 63
26 80 41
26 81 46
26 82 36
26 83 37
26 84 67
26 85 15
26 86 61
26 87 65
26 88 29
26 89 73
26 90 35
26 91 196
26 92 74
26 93 131
26 94 126
26 95 137
26 96 42
26 97 35
26 98 51
26 99 20
27 28 40
27 29 115
27 30 186
27 31 66
27 32 63
27 33 180
27 34 184
27 35 92
27 36 154
27 37 106
27 38 122
27 39 47
27 40 15
27 41 86
27 42 130
27 43 39
27 44 144
27 45 85
27 46 77
27 47 186
27 48 22
27 49 123
27 50 94
27 51 18
27 52 102
27 53 162
27 54 88
27 55 167
27 56 83
27 57 130
27 58 70
27 59 181
27 60 42
27 61 101
27 62 38
27 63 11
27 64 58
27 65 9
27 66 180
27 67 41
27 68 53
27 69 112
27 70 60
27 71 47
27 72 91
27 73 163
27 74 45
27 75 26
27 76 114
27 77 26
27 78 74
27 79 94
27 80 54
27 81 154
27 82 55
27 83 76
27 84 40
27 85 112
27 86 147
27 87 132
27 88 80
27 89 15
27 90 148
27 91 111
27 92 156
27 93 77
27 94 64
27 95 23
27 96 96
27 97 11
27 98 89
27 99 118
28 29 100
28 30 82
28 31 91
28 32 162
28 33 81
28 34 171
28 35 86
28 36 24
28 37 147
28 38 131
28 39 51
28 40 171
28 41 28
28 42 151
28 43 149
28 44 132
28 45 134
28 46 109
28 47 124
28 48 21
28 49 186
28 50 196
28 51 131
28 52 77
28 53 121
28 54 21
28 55 70
28 56 86
28 57 85
28 58 89
28 59 191
28 60 191
28 61 39
28 62 200
28 63 169
28 64 38
28 65 45
28 66 185
28 67 85
28 68 100
28 69 135
28 70 121
28 71 150
28 72 183
28 73 166
28 74 115
28 75 20
28 76 21
28 77 198
28 78 59
28 79 162
28 80 49
28 81 110
28 82 82
28 83 78
28 84 1
28 85 52
28 86 90
28 87 15
28 88 93
28 89 86
28 90 190
28 91 9
28 92 194
28 93 4
28 94 59
28 95 132
28 96 104
28 97 117
28 98 157
28 99 39
29 30 147
29 31 99
29 32 96
29 33 41
29 34 45
29 35 95
29 36 24
29 37 145
29 38 140
29 39 100
29 40 70
29 41 173
29 42 196
29 43 19
29 44 182
29 45 162
29 46 81
29 47 149
29 48 44
29 49 76
29 50 142
29 51 55
29 52 180
29 53 118
29 54 29
29 55 62
29 56 47
29 57 22
29 58 150
29 59 195
29 60 4
29 61 109
29 62 35
29 63 77
29 64 58
29 65 92
29 66 139
29 67 73
29 68 30
29 69 32
29 70 8
29 71 145
29 72 179
29 73 9
29 74 82
29 75 102
29 76 129
29 77 165
29 78 59
29 79 163
29 80 200
29 81 27
29 82 78
29 83 124
29 84 9
29 85 170
29 86 53
29 87 176
29 88 42
29 89 46
29 90 92
29 91 66
29 92 141
29 93 22
29 94 8
29 95 135
29 96 150
29 97 115
29 98 18
29 99 169
30 31 79
30 32 93
30 33 162
30 34 165
30 35 118
30 36 92
30 37 30
30 38 175
30 39 73
30 40 68
30 41 153
30 42 197
30 43 170
30 44 102
30 45 79
30 46 47
30 47 24
30 48 129
30 49 158
30 50 2
30 51 74
30 52 132
30 53 129
30 54 32
30 55 154
30 56 193
30 57 197
30 58 118
30 59 137
30 60 20
30 61 136
30 62 178
30 63 74
30 64 22
30 65 6
30 66 119
30 67 49
30 68 107
30 69 180
30 70 26
30 71 145
30 72 130
30 73 92
30 74 95
30 75 91
30 76 18
30 77 190
30 78 147
30 79 1
30 80 145
30 81 82
30 82 59
30 83 148
30 84 167
30 85 90
30 86 136
30 87 105
30 88 53
30 89 70
30 90 103
30 91 97
30 92 27
30 93 106
30 94 70
30 95 18
30 96 51
30 97 111
30 98 18
30 99 154
31 32 7
31 33 67
31 34 83
31 35 187
31 36 199
31 37 53
31 38 132
31 39 136
31 40 131
31 41 15
31 42 185
31 43 96
31 44 146
31 45 16
31 46 96
31 47 73
31 48 197
31 49 90
31 50 178
31 51 177
31 52 94
31 53 35
31 54 47
31 55 0
31 56 43
31 57 148
31 58 15
31 59 22
31 60 87
31 61 173
31 62 98
31 63 101
31 64 102
31 65 129
31 66 32
31 67 77
31 68 95
31 69 5
31 70 84
31 71 107
31 72 40
31 73 90
31 74 66
31 75 151
31 76 126
31 77 140
31 78 58
31 79 48
31 80 37
31 81 78
31 82 135
31 83 19
31 84 169
31 85 174
31 86 47
31 87 147
31 88 114
31 89 137
31 90 29
31 91 184
31 92 166
31 93 53
31 94 42
31 95 12
31 96 43
31 97 106
31 98 183
31 99 1
32 33 143
32 34 200
32 35 91
32 36 104
32 37 189
32 38 3
32 39 101
32 40 164
32 41 182
32 42 153
32 43 88
32 44 172
32 45 52
32 46 109
32 47 191
32 48 24
32 49 118
32 50 45
32 51 197
32 52 103
32 53 15
32 54 141
32 55 170
32 56 5
32 57 11
32 58 159
32 59 143
32 60 10
32 61 20
32 62 42
32 63 51
32 64 126
32 65 118
32 66 68
32 67 30
32 68 163
32 69 26
32 70 174
32 71 142
32 72 196
32 73 134
32 74 15
32 75 38
32 76 188
32 77 33
32 78 70
32 79 192
32 80 93
32 81 119
32 82 119
32 83 100
32 84 127
32 85 176
32 86 129
32 87 76
32 88 78
32 89 76
32 90 85
32 91 161
32 92 38
32 93 51
32 94 119
32 95 168
32 96 97
32 97 118
32 98 81
32 99 22
33 34 23
33 35 88
33 36 190
33 37 150
33 38 98
33 39 31
33 40 82
33 41 58
33 42 196
33 43 27
33 44 34
33 45 98
33 46 35
33 47 190
33 48 133
33 49 153
33 50 22
33 51 1
33 52 125
33 53 87
33 54 194
33 55 49
33 56 117
33 57 48
33 58 81
33 59 168
33 60 164
33 61 82
33 62 11
33 63 194
33 64 89
33 65 125
33 66 182
33 67 159
33 68 187
33 69 126
33 70 112
33 71 142
33 72 164
33 73 79
33 74 119
33 75 151
33 76 50
33 77 75
33 78 155
33 79 16
33 80 27
33 81 37
33 82 67
33 83 44
33 84 7
33 85 182
33 86 4
33 87 55
33 88 71
33 89 155
33 90 75
33 91 89
33 92 119
33 93 57
33 94 33
33 95 41
33 96 3
33 97 66
33 98 182
33 99 180
34 35 67
34 36 71
34 37 8
34 38 168
34 39 67
34 40 63
34 41 16
34 42 29
34 43 75
34 44 74
34 45 10
34 46 87
34 47 75
34 48 59
34 49 6
34 50 75
34 51 32
34 52 181
34 53 134
34 54 65
34 55 133
34 56 97
34 57 182
34 58 33
34 59 26
34 60 151
34 61 11
34 62 128
34 63 126
34 64 184
34 65 35
34 66 31
34 67 79
34 68 49
34 69 53
34 70 185
34 71 129
34 72 171
34 73 103
34 74 35
34 75 163
34 76 184
34 77 47
34 78 176
34 79 150
34 80 75
34 81 186
34 82 141
34 83 192
34 84 114
34 85 87
34 86 160
34 87 172
34 88 145
34 89 53
34 90 159
34 91 144
34 92 3
34 93 16
34 94 28
34 95 195
34 96 136
34 97 131
34 98 17
34 99 94
35 36 22
35 37 23
35 38 112
35 39 159
35 40 60
35 41 177
35 42 6
35 43 24
35 44 192
35 45 38
35 46 84
35 47 143
35 48 163
35 49 18
35 50 2
35 51 27
35 52 188
35 53 79
35 54 198
35 55 71
35 56 178
35 57 158
35 58 145
35 59 173
35 60 173
35 61 66
35 62 120
35 63 184
35 64 166
35 65 195
35 66 48
35 67 71
35 68 9
35 69 147
35 70 23
35 71 181
35 72 110
35 73 29
35 74 192
35 75 39
35 76 157
35 77 162
35 78 184
35 79 159
35 80 51
35 81 51
35 82 118
35 83 156
35 84 40
35 85 134
35 86 81
35 87 81
35 88 120
35 89 77
35 90 161
35 91 58
35 92 6
35 93 170
35 94 108
35 95 104
35 96 145
35 97 91
35 98 24
35 99 68
36 37 95
36 38 129
36 39 91
36 40 102
36 41 163
36 42 76
36 43 37
36 44 104
36 45 109
36 46 55
36 47 100
36 48 46
36 49 24
36 50 126
36 51 55
36 52 43
36 53 46
36 54 58
36 55 19
36 56 135
36 57 57
36 58 53
36 59 128
36 60 68
36 61 156
36 62 91
36 63 128
36 64 136
36 65 15
36 66 120
36 67 129
36 68 12
36 69 81
36 70 152
36 71 29
36 72 4
36 73 71
36 74 4
36 75 171
36 76 128
36 77 123
36 78 97
36 79 19
36 80 97
36 81 97
36 82 115
36 83 179
36 84 57
36 85 83
36 86 145
36 87 190
36 88 60
36 89 168
36 90 194
36 91 65
36 92 162
36 93 114
36 94 176
36 95 43
36 96 49
36 97 43
36 98 104
36 99 37
37 38 34
37 39 75
37 40 14
37 41 149
37 42 193
37 43 26
37 44 17
37 45 152
37 46 60
37 47 153
37 48 151
37 49 56
37 50 144
37 51 49
37 52 75
37 53 101
37 54 17
37 55 125
37 56 59
37 57 123
37 58 176
37 59 22
37 60 174
37 61 11
37 62 108
37 63 32
37 64 32
37 65 132
37 66 132
37 67 174
37 68 71
37 69 58
37 70 91
37 71 53
37 72 176
37 73 190
37 74 84
37 75 154
37 76 20
37 77 50
37 78 64
37 79 151
37 80 175
37 81 163
37 82 126
37 83 158
37 84 121
37 85 119
37 86 87
37 87 52
37 88 37
37 89 40
37 90 33
37 91 57
37 92 191
37 93 169
37 94 115
37 95 142
37 96 136
37 97 5
37 98 17
37 99 74
38 39 121
38 40 99
38 41 92
38 42 92
38 43 175
38 44 180
38 45 188
38 46 10
38 47 70
38 48 38
38 49 60
38 50 48
38 51 87
38 52 113
38 53 66
38 54 75
38 55 195
38 56 135
38 57 198
38 58 52
38 59 112
38 60 62
38 61 93
38 62 79
38 63 180
38 64 131
38 65 100
38 66 18
38 67 48
38 68 198
38 69 191
38 70 180
38 71 142
38 72 96
38 73 123
38 74 114
38 75 29
38 76 139
38 77 33
38 78 131
38 79 192
38 80 44
38 81 3
38 82 111
38 83 33
38 84 191
38 85 99
38 86 106
38 87 162
38 88 112
38 89 110
38 90 89
38 91 47
38 92 101
38 93 114
38 94 38
38 95 113
38 96 102
38 97 41
38 98 94
38 99 93
39 40 138
39 41 92
39 42 200
39 43 185
39 44 197
39 45 51
39 46 151
39 47 2
39 48 140
39 49 117
39 50 179
39 51 130
39 52 169
39 53 66
39 54 159
39 55 136
39 56 6
39 57 121
39 58 177
39 59 41
39 60 101
39 61 187
39 62 17
39 63 25
39 64 107
39 65 17
39 66 83
39 67 89
39 68 122
39 69 129
39 70 19
39 71 30
39 72 192
39 73 87
39 74 59
39 75 39
39 76 189
39 77 15
39 78 5
39 79 135
39 80 129
39 81 86
39 82 21
39 83 139
39 84 196
39 85 50
39 86 97
39 87 16
39 88 75
39 89 99
39 90 158
39 91 18
39 92 98
39 93 167
39 94 10
39 95 58
39 96 153
39 97 35
39 98 81
39 99 8
40 41 184
40 42 159
40 43 3
40 44 181
40 45 72
40 46 26
40 47 2
40 48 23
40 49 23
40 50 57
40 51 89
40 52 138
40 53 35
40 54 120
40 55 8
40 56 200
40 57 128
40 58 148
40 59 5
40 60 173
40 61 27
40 62 58
40 63 134
40 64 130
40 65 6
40 66 200
40 67 163
40 68 7
40 69 82
40 70 81
40 71 194
40 72 114
40 73 42
40 74 76
40 75 120
40 76 112
40 77 107
40 78 101
40 79 116
40 80 101
40 81 141
40 82 34
40 83 16
40 84 143
40 85 1
40 86 6
40 87 170
40 88 82
40 89 193
40 90 128
40 91 84
40 92 37
40 93 129
40 94 166
40 95 15
40 96 36
40 97 108
40 98 196
40 99 49
41 42 134
41 43 18
41 44 175
41 45 156
41 46 129
41 47 139
41 48 182
41 49 105
41 50 42
41 51 188
41 52 174
41 53 105
41 54 109
41 55 156
41 56 98
41 57 181
41 58 105
41 59 21
41 60 193
41 61 179
41 62 97
41 63 78
41 64 8
41 65 78
41 66 81
41 67 84
41 68 97
41 69 88
41 70 186
41 71 102
41 72 88
41 73 22
41 74 75
41 75 187
41 76 148
41 77 192
41 78 198
41 79 178
41 80 172
41 81 7
41 82 152
41 83 187
41 84 198
41 85 45
41 86 4
41 87 157
41 88 150
41 89 43
41 90 126
41 91 41
41 92 133
41 93 177
41 94 16
41 95 166
41 96 160
41 97 118
41 98 163
41 99 166
42 43 2
42 44 141
42 45 158
42 46 143
42 47 117
42 48 88
42 49 36
42 50 159
42 51 62
42 52 28
42 53 177
42 54 145
42 55 196
42 56 178
42 57 184
42 58 174
42 59 76
42 60 60
42 61 9
42 62 155
42 63 7
42 64 191
42 65 95
42 66 24
42 67 39
42 68 200
42 69 160
42 70 162
42 71 119
42 72 149
42 73 189
42 74 21
42 75 129
42 76 105
42 77 5
42 78 45
42 79 33
42 80 196
42 81 142
42 82 145
42 83 49
42 84 160
42 85 129
42 86 88
42 87 153
42 88 161
42 89 11
42 90 72
42 91 66
42 92 50
42 93 135
42 94 61
42 95 29
42 96 51
42 97 150
42 98 117
42 99 146
43 44 108
43 45 89
43 46 157
43 47 74
43 48 117
43 49 9
43 50 21
43 51 66
43 52 39
43 53 168
43 54 74
43 55 74
43 56 148
43 57 135
43 58 143
43 59 94
43 60 68
43 61 191
43 62 12
43 63 34
43 64 101
43 65 69
43 66 133
43 67 151
43 68 7
43 69 6
43 70 49
43 71 59
43 72 29
43 73 31
43 74 27
43 75 133
43 76 36
43 77 172
43 78 132
43 79 149
43 80 181
43 81 98
43 82 148
43 83 176
43 84 97
43 85 97
43 86 186
43 87 1
43 88 168
43 89 36
43 90 108
43 91 164
43 92 196
43 93 137
43 94 166
43 95 187
43 96 175
43 97 51
43 98 101
43 99 10
44 45 114
44 46 61
44 47 190
44 48 70
44 49 74
44 50 177
44 51 151
44 52 50
44 53 187
44 54 161
44 55 152
44 56 128
44 57 36
44 58 187
44 59 170
44 60 189
44 61 175
44 62 152
44 63 185
44 64 158
44 65 23
44 66 172
44 67 100
44 68 106
44 69 7
44 70 143
44 71 8
44 72 125
44 73 74
44 74 42
44 75 33
44 76 171
44 77 191
44 78 154
44 79 181
44 80 172
44 81 17
44 82 172
44 83 104
44 84 47
44 85 82
44 86 44
44 87 193
44 88 7
44 89 41
44 90 6
44 91 48
44 92 96
44 93 152
44 94 123
44 95 23
44 96 4
44 97 89
44 98 94
44 99 31
45 46 19
45 47 161
45 48 61
45 49 45
45 50 115
45 51 199
45 52 2
45 53 169
45 54 111
45 55 104
45 56 88
45 57 1
45 58 23
45 59 131
45 60 73
45 61 13
45 62 1
45 63 101
45 64 91
45 65 148
45 66 93
45 67 123
45 68 13
45 69 95
45 70 127
45 71 80
45 72 78
45 73 104
45 74 1
45 75 121
45 76 59
45 77 49
45 78 108
45 79 21
45 80 15
45 81 172
45 82 34
45 83 11
45 84 200
45 85 62
45 86 75
45 87 149
45 88 14
45 89 11
45 90 78
45 91 60
45 92 99
45 93 133
45 94 4
45 95 9
45 96 106
45 97 86
45 98 161
45 99 180
46 47 130
46 48 102
46 49 132
46 50 180
46 51 25
46 52 124
46 53 5
46 54 153
46 55 107
46 56 21
46 57 20
46 58 112
46 59 170
46 60 111
46 61 158
46 62 15
46 63 98
46 64 2
46 65 7
46 66 71
46 67 134
46 68 196
46 69 146
46 70 41
46 71 33
46 72 47
46 73 5
46 74 69
46 75 102
46 76 147
46 77 42
46 78 150
46 79 86
46 80 100
46 81 154
46 82 107
46 83 111
46 84 134
46 85 92
46 86 94
46 87 184
46 88 184
46 89 140
46 90 21
46 91 6
46 92 134
46 93 184
46 94 178
46 95 114
46 96 156
46 97 57
46 98 138
46 99 71
47 48 4
47 49 82
47 50 39
47 51 36
47 52 78
47 53 140
47 54 24
47 55 131
47 56 128
47 57 78
47 58 20
47 59 116
47 60 90
47 61 40
47 62 129
47 63 118
47 64 198
47 65 40
47 66 186
47 67 143
47 68 100
47 69 13
47 70 68
47 71 48
47 72 104
47 73 191
47 74 13
47 75 106
47 76 9
47 77 39
47 78 114
47 79 128
47 80 164
47 81 82
47 82 10
47 83 178
47 84 76
47 85 14
47 86 42
47 87 116
47 88 64
47 89 199
47 90 81
47 91 45
47 92 81
47 93 47
47 94 31
47 95 139
47 96 198
47 97 109
47 98 4
47 99 62
48 49 88
48 50 121
48 51 18
48 52 25
48 53 168
48 54 113
48 55 79
48 56 126
48 57 97
48 58 173
48 59 55
48 60 50
48 61 18
48 62 157
48 63 148
48 64 23
48 65 41
48 66 151
48 67 98
48 68 4
48 69 180
48 70 77
48 71 28
48 72 146
48 73 21
48 74 102
48 75 29
48 76 163
48 77 131
48 78 87
48 79 5
48 80 163
48 81 90
48 82 123
48 83 35
48 84 99
48 85 86
48 86 152
48 87 75
48 88 183
48 89 13
48 90 169
48 91 77
48 92 175
48 93 54
48 94 79
48 95 97
48 96 128
48 97 118
48 98 13
48 99 163
49 50 11
49 51 67
49 52 130
49 53 151
49 54 87
49 55 36
49 56 181
49 57 197
49 58 120
49 59 81
49 60 160
49 61 151
49 62 6
49 63 120
49 64 118
49 65 52
49 66 123
49 67 14
49 68 59
49 69 103
49 70 106
49 71 79
49 72 81
49 73 7
49 74 43
49 75 109
49 76 30
49 77 59
49 78 167
49 79 187
49 80 18
49 81 188
49 82 137
49 83 75
49 84 169
49 85 162
49 86 53
49 87 7
49 88 197
49 89 59
49 90 87
49 91 166
49 92 133
49 93 186
49 94 128
49 95 145
49 96 46
49 97 38
49 98 6
49 99 69
50 51 119
50 52 83
50 53 167
50 54 172
50 55 113
50 56 122
50 57 77
50 58 102
50 59 133
50 60 144
50 61 177
50 62 43
50 63 110
50 64 148
50 65 161
50 66 64
50 67 162
50 68 107
50 69 10
50 70 141
50 71 71
50 72 196
50 73 162
50 74 145
50 75 97
50 76 92
50 77 75
50 78 15
50 79 66
50 80 160
50 81 186
50 82 166
50 83 160
50 84 124
50 85 139
50 86 34
50 87 104
50 88 117
50 89 70
50 90 83
50 91 167
50 92 99
50 93 53
50 94 85
50 95 18
50 96 49
50 97 9
50 98 145
50 99 172
51 52 65
51 53 112
51 54 0
51 55 130
51 56 196
51 57 121
51 58 156
51 59 4
51 60 151
51 61 191
51 62 187
51 63 0
51 64 22
51 65 136
51 66 13
51 67 105
51 68 38
51 69 32
51 70 144
51 71 194
51 72 95
51 73 99
51 74 94
51 75 91
51 76 91
51 77 107
51 78 138
51 79 73
51 80 200
51 81 58
51 82 13
51 83 158
51 84 62
51 85 151
51 86 134
51 87 65
51 88 170
51 89 25
51 90 167
51 91 76
51 92 191
51 93 103
51 94 80
51 95 162
51 96 36
51 97 196
51 98 28
51 99 43
52 53 5
52 54 55
52 55 121
52 56 121
52 57 172
52 58 6
52 59 78
52 60 7
52 61 68
52 62 159
52 63 134
52 64 148
52 65 12
52 66 101
52 67 189
52 68 82
52 69 62
52 70 109
52 71 61
52 72 39
52 73 62
52 74 66
52 75 169
52 76 160
52 77 79
52 78 157
52 79 58
52 80 38
52 81 37
52 82 118
52 83 91
52 84 171
52 85 188
52 86 45
52 87 50
52 88 43
52 89 167
52 90 130
52 91 111
52 92 162
52 93 112
52 94 44
52 95 69
52 96 158
52 97 97
52 98 138
52 99 69
53 54 117
53 55 180
53 56 175
53 57 191
53 58 94
53 59 26
53 60 71
53 61 123
53 62 25
53 63 125
53 64 176
53 65 142
53 66 143
53 67 183
53 68 87
53 69 112
53 70 180
53 71 189
53 72 171
53 73 182
53 74 95
53 75 96
53 76 199
53 77 132
53 78 179
53 79 118
53 80 13
53 81 128
53 82 198
53 83 80
53 84 58
53 85 120
53 86 66
53 87 200
53 88 191
53 89 188
53 90 161
53 91 88
53 92 7
53 93 94
53 94 81
53 95 120
53 96 73
53 97 56
53 98 162
53 99 53
54 55 168
54 56 59
54 57 85
54 58 151
54 59 5
54 60 142
54 61 29
54 62 128
54 63 83
54 64 88
54 65 127
54 66 142
54 67 113
54 68 42
54 69 79
54 70 21
54 71 55
54 72 70
54 73 170
54 74 101
54 75 96
54 76 116
54 77 192
54 78 192
54 79 91
54 80 137
54 81 105
54 82 175
54 83 103
54 84 45
54 85 118
54 86 63
54 87 98
54 88 49
54 89 44
54 90 160
54 91 73
54 92 18
54 93 151
54 94 123
54 95 12
54 96 56
54 97 93
54 98 173
54 99 153
55 56 29
55 57 104
55 58 188
55 59 61
55 60 152
55 61 150
55 62 82
55 63 78
55 64 80
55 65 54
55 66 83
55 67 103
55 68 194
55 69 25
55 70 61
55 71 172
55 72 131
55 73 5
55 74 130
55 75 87
55 76 95
55 77 144
55 78 89
55 79 85
55 80 116
55 81 176
55 82 11
55 83 36
55 84 52
55 85 104
55 86 187
55 87 64
55 88 4
55 89 5
55 90 31
55 91 154
55 92 12
55 93 134
55 94 24
55 95 12
55 96 24
55 97 157
55 98 181
55 99 61
56 57 28
56 58 13
56 59 168
56 60 82
56 61 100
56 62 101
56 63 143
56 64 146
56 65 130
56 66 44
56 67 96
56 68 1
56 69 99
56 70 51
56 71 127
56 72 40
56 73 12
56 74 131
56 75 160
56 76 178
56 77 70
56 78 72
56 79 124
56 80 90
56 81 173
56 82 122
56 83 55
56 84 69
56 85 88
56 86 130
56 87 46
56 88 61
56 89 11
56 90 151
56 91 99
56 92 68
56 93 170
56 94 83
56 95 27
56 96 18
56 97 164
56 98 90
56 99 189
57 58 10
57 59 101
57 60 132
57 61 95
57 62 193
57 63 63
57 64 13
57 65 51
57 66 98
57 67 192
57 68 81
57 69 123
57 70 12
57 71 28
57 72 6
57 73 194
57 74 77
57 75 126
57 76 42
57 77 122
57 78 174
57 79 186
57 80 2
57 81 156
57 82 185
57 83 142
57 84 119
57 85 75
57 86 165
57 87 43
57 88 158
57 89 71
57 90 89
57 91 196
57 92 89
57 93 15
57 94 190
57 95 166
57 96 17
57 97 112
57 98 50
57 99 38
58 59 46
58 60 168
58 61 30
58 62 97
58 63 86
58 64 2
58 65 120
58 66 184
58 67 6
58 68 14
58 69 50
58 70 28
58 71 121
58 72 17
58 73 57
58 74 173
58 75 147
58 76 183
58 77 15
58 78 118
58 79 85
58 80 198
58 81 132
58 82 180
58 83 55
58 84 2
58 85 84
58 86 26
58 87 133
58 88 122
58 89 64
58 90 146
58 91 103
58 92 170
58 93 48
58 94 99
58 95 57
58 96 11
58 97 24
58 98 33
58 99 157
59 60 163
59 61 161
59 62 76
59 63 168
59 64 200
59 65 148
59 66 35
59 67 116
59 68 9
59 69 157
59 70 32
59 71 184
59 72 164
59 73 47
59 74 156
59 75 18
59 76 139
59 77 55
59 78 102
59 79 144
59 80 87
59 81 65
59 82 115
59 83 194
59 84 198
59 85 60
59 86 8
59 87 91
59 88 1
59 89 160
59 90 145
59 91 19
59 92 138
59 93 115
59 94 126
59 95 142
59 96 37
59 97 112
59 98 117
59 99 40
60 61 50
60 62 88
60 63 66
60 64 187
60 65 58
60 66 82
60 67 152
60 68 95
60 69 168
60 70 7
60 71 23
60 72 35
60 73 162
60 74 14
60 75 120
60 76 127
60 77 127
60 78 138
60 79 52
60 80 55
60 81 96
60 82 115
60 83 170
60 84 112
60 85 62
60 86 142
60 87 139
60 88 25
60 89 46
60 90 125
60 91 43
60 92 185
60 93 121
60 94 179
60 95 198
60 96 68
60 97 12
60 98 49
60 99 124
61 62 175
61 63 57
61 64 110
61 65 88
61 66 198
61 67 17
61 68 18
61 69 56
61 70 184
61 71 2
61 72 184
61 73 112
61 74 33
61 75 177
61 76 169
61 77 4
61 78 9
61 79 129
61 80 38
61 81 183
61 82 111
61 83 146
61 84 55
61 85 71
61 86 177
61 87 45
61 88 170
61 89 59
61 90 164
61 91 65
61 92 188
61 93 145
61 94 122
61 95 188
61 96 55
61 97 101
61 98 88
61 99 9
62 63 110
62 64 102
62 65 87
62 66 55
62 67 190
62 68 183
62 69 145
62 70 108
62 71 114
62 72 81
62 73 92
62 74 43
62 75 184
62 76 76
62 77 142
62 78 174
62 79 108
62 80 100
62 81 34
62 82 125
62 83 160
62 84 88
62 85 163
62 86 101
62 87 103
62 88 28
62 89 85
62 90 193
62 91 9
62 92 130
62 93 158
62 94 57
62 95 112
62 96 124
62 97 192
62 98 40
62 99 134
63 64 8
63 65 15
63 66 121
63 67 27
63 68 6
63 69 143
63 70 23
63 71 114
63 72 138
63 73 63
63 74 113
63 75 182
63 76 192
63 77 167
63 78 121
63 79 98
63 80 109
63 81 30
63 82 96
63 83 184
63 84 52
63 85 157
63 86 142
63 87 57
63 88 154
63 89 115
63 90 158
63 91 2
63 92 100
63 93 19
63 94 45
63 95 17
63 96 31
63 97 48
63 98 194
63 99 23
64 65 149
64 66 55
64 67 44
64 68 70
64 69 78
64 70 6
64 71 120
64 72 131
64 73 199
64 74 190
64 75 28
64 76 68
64 77 54
64 78 158
64 79 64
64 80 171
64 81 131
64 82 14
64 83 86
64 84 18
64 85 193
64 86 69
64 87 55
64 88 141
64 89 26
64 90 10
64 91 179
64 92 6
64 93 33
64 94 182
64 95 179
64 96 156
64 97 24
64 98 2
64 99 91
65 66 150
65 67 125
65 68 38
65 69 35
65 70 194
65 71 108
65 72 23
65 73 188
65 74 14
65 75 17
65 76 92
65 77 38
65 78 89
65 79 21
65 80 111
65 81 152
65 82 55
65 83 11
65 84 156
65 85 35
65 86 73
65 87 179
65 88 153
65 89 166
65 90 76
65 91 56
65 92 27
65 93 163
65 94 50
65 95 28
65 96 160
65 97 175
65 98 124
65 99 7
66 67 59
66 68 32
66 69 100
66 70 188
66 71 138
66 72 18
66 73 83
66 74 48
66 75 85
66 76 4
66 77 173
66 78 40
66 79 139
66 80 188
66 81 128
66 82 52
66 83 176
66 84 95
66 85 71
66 86 149
66 87 180
66 88 10
66 89 175
66 90 81
66 91 12
66 92 16
66 93 147
66 94 139
66 95 77
66 96 180
66 97 7
66 98 56
66 99 119
67 68 120
67 69 92
67 70 6
67 71 44
67 72 198
67 73 109
67 74 138
67 75 122
67 76 5
67 77 138
67 78 182
67 79 188
67 80 184
67 81 107
67 82 59
67 83 13
67 84 128
67 85 17
67 86 176
67 87 0
67 88 138
67 89 1
67 90 160
67 91 157
67 92 53
67 93 11
67 94 145
67 95 108
67 96 136
67 97 174
67 98 170
67 99 192
68 69 53
68 70 67
68 71 28
68 72 129
68 73 61
68 74 100
68 75 181
68 76 174
68 77 145
68 78 176
68 79 155
68 80 65
68 81 71
68 82 121
68 83 177
68 84 193
68 85 44
68 86 99
68 87 147
68 88 23
68 89 177
68 90 147
68 91 147
68 92 43
68 93 186
68 94 11
68 95 156
68 96 83
68 97 18
68 98 93
68 99 175
69 70 82
69 71 17
69 72 194
69 73 4
69 74 198
69 75 95
69 76 27
69 77 15
69 78 102
69 79 85
69 80 191
69 81 157
69 82 122
69 83 171
69 84 170
69 85 145
69 86 133
69 87 130
69 88 184
69 89 81
69 90 199
69 91 53
69 92 43
69 93 191
69 94 99
69 95 10
69 96 174
69 97 101
69 98 8
69 99 100
70 71 192
70 72 165
70 73 124
70 74 100
70 75 93
70 76 19
70 77 145
70 78 11
70 79 112
70 80 152
70 81 90
70 82 81
70 83 199
70 84 165
70 85 179
70 86 77
70 87 35
70 88 108
70 89 180
70 90 180
70 91 20
70 92 15
70 93 16
70 94 160
70 95 57
70 96 134
70 97 81
70 98 44
70 99 172
71 72 143
71 73 102
71 74 19
71 75 117
71 76 55
71 77 165
71 78 191
71 79 42
71 80 197
71 81 153
71 82 60
71 83 90
71 84 38
71 85 172
71 86 4
71 87 199
71 88 34
71 89 159
71 90 16
71 91 175
71 92 97
71 93 175
71 94 82
71 95 159
71 96 154
71 97 105
71 98 17
71 99 7
72 73 166
72 74 52
72 75 180
72 76 189
72 77 150
72 78 49
72 79 134
72 80 80
72 81 48
72 82 144
72 83 78
72 84 84
72 85 81
72 86 134
72 87 125
72 88 169
72 89 76
72 90 97
72 91 41
72 92 48
72 93 128
72 94 93
72 95 102
72 96 4
72 97 130
72 98 152
72 99 85
73 74 121
73 75 123
73 76 193
73 77 47
73 78 31
73 79 184
73 80 27
73 81 185
73 82 32
73 83 173
73 84 3
73 85 32
73 86 162
73 87 115
73 88 92
73 89 100
73 90 55
73 91 60
73 92 163
73 93 155
73 94 85
73 95 146
73 96 97
73 97 129
73 98 7
73 99 129
74 75 5
74 76 20
74 77 72
74 78 130
74 79 34
74 80 197
74 81 117
74 82 142
74 83 78
74 84 134
74 85 25
74 86 125
74 87 33
74 88 130
74 89 13
74 90 71
74 91 183
74 92 107
74 93 166
74 94 122
74 95 54
74 96 31
74 97 13
74 98 47
74 99 139
75 76 3
75 77 18
75 78 185
75 79 158
75 80 28
75 81 99
75 82 174
75 83 178
75 84 141
75 85 39
75 86 139
75 87 27
75 88 54
75 89 162
75 90 147
75 91 87
75 92 129
75 93 72
75 94 37
75 95 87
75 96 93
75 97 185
75 98 14
75 99 119
76 77 63
76 78 162
76 79 143
76 80 59
76 81 68
76 82 50
76 83 194
76 84 200
76 85 189
76 86 188
76 87 126
76 88 168
76 89 189
76 90 133
76 91 97
76 92 59
76 93 156
76 94 68
76 95 11
76 96 196
76 97 18
76 98 188
76 99 57
77 78 42
77 79 37
77 80 151
77 81 92
77 82 147
77 83 85
77 84 160
77 85 53
77 86 188
77 87 125
77 88 195
77 89 191
77 90 149
77 91 2
77 92 61
77 93 72
77 94 179
77 95 76
77 96 109
77 97 198
77 98 50
77 99 137
78 79 147
78 80 10
78 81 28
78 82 75
78 83 197
78 84 164
78 85 158
78 86 175
78 87 131
78 88 170
78 89 1
78 90 140
78 91 191
78 92 31
78 93 125
78 94 116
78 95 160
78 96 34
78 97 27
78 98 104
78 99 186
