100 2394
0 1 146
0 2 6
0 3 31
0 4 186
0 5 49
0 6 144
0 7 121
0 8 62
0 9 29
0 10 173
0 11 184
0 12 115
0 13 43
0 14 12
0 15 116
0 16 138
0 17 182
0 18 184
0 19 24
0 20 193
0 21 62
0 22 16
0 23 161
0 24 15
0 25 92
0 26 197
0 27 117
0 28 6
0 29 7
0 30 60
0 31 48
0 32 84
0 33 1
0 34 34
0 35 139
0 36 135
0 37 151
0 38 32
0 39 148
0 40 194
0 41 46
0 42 187
0 43 27
0 44 75
0 45 27
0 46 20
0 47 29
0 48 92
0 49 5
0 50 91
0 51 140
0 52 168
0 53 12
0 54 113
0 55 4
0 56 176
0 57 8
0 58 63
0 59 87
0 60 6
0 61 91
0 62 111
0 63 86
0 64 17
0 65 16
0 66 133
0 67 39
0 68 7
0 69 78
0 70 56
0 71 45
0 72 46
0 73 48
0 74 122
0 75 25
0 76 130
0 77 151
0 78 155
0 79 46
0 80 54
0 81 183
0 82 13
0 83 78
0 84 151
0 85 143
0 86 5
0 87 169
0 88 112
0 89 36
0 90 175
0 91 65
0 92 130
0 93 19
0 94 117
0 95 66
0 96 91
0 97 8
0 98 140
0 99 151
1 2 31
1 3 101
1 4 55
1 5 135
1 6 22
1 7 34
1 8 186
1 9 64
1 10 134
1 11 25
1 12 119
1 13 158
1 14 134
1 15 122
1 16 36
1 17 111
1 18 77
1 19 110
1 20 158
1 21 95
1 22 116
1 23 124
1 24 97
1 25 176
1 26 83
1 27 95
1 28 48
1 29 130
1 30 165
1 31 71
1 32 148
1 33 30
1 34 26
1 35 160
1 36 40
1 37 110
1 38 120
1 39 74
1 40 182
1 41 149
1 42 77
1 43 165
1 44 129
1 45 164
1 46 47
1 47 21
1 48 75
1 49 28
1 50 75
1 51 103
1 52 67
1 53 194
1 54 197
1 55 155
1 56 94
1 57 169
1 58 105
1 59 98
1 60 173
1 61 130
1 62 105
1 63 19
1 64 182
1 65 85
1 66 29
1 67 47
1 68 76
1 69 47
1 70 165
1 71 175
1 72 10
1 73 152
1 74 197
1 75 135
1 76 5
1 77 74
1 78 180
1 79 25
1 80 159
1 81 103
1 82 107
1 83 160
1 84 168
1 85 59
1 86 169
1 87 148
1 88 109
1 89 65
1 90 139
1 91 81
1 92 80
1 93 92
1 94 1
1 95 27
1 96 21
1 97 155
1 98 159
1 99 77
2 3 19
2 4 0
2 5 196
2 6 134
2 7 140
2 8 170
2 9 84
2 10 91
2 11 167
2 12 35
2 13 47
2 14 181
2 15 27
2 16 81
2 17 15
2 18 100
2 19 59
2 20 133
2 21 38
2 22 78
2 23 44
2 24 127
2 25 155
2 26 175
2 27 6
2 28 135
2 29 69
2 30 5
2 31 12
2 32 149
2 33 72
2 34 114
2 35 69
2 36 83
2 37 106
2 38 11
2 39 58
2 40 173
2 41 119
2 42 42
2 43 139
2 44 182
2 45 88
2 46 148
2 47 98
2 48 132
2 49 75
2 50 98
2 51 12
2 52 45
2 53 25
2 54 71
2 55 45
2 56 163
2 57 10
2 58 109
2 59 175
2 60 44
2 61 35
2 62 24
2 63 130
2 64 158
2 65 3
2 66 102
2 67 88
2 68 182
2 69 21
2 70 135
2 71 16
2 72 156
2 73 61
2 74 114
2 75 2
2 76 182
2 77 45
2 78 150
2 79 113
2 80 46
2 81 153
2 82 3
2 83 141
2 84 83
2 85 165
2 86 123
2 87 154
2 88 13
2 89 157
2 90 34
2 91 79
2 92 65
2 93 172
2 94 129
2 95 190
2 96 176
2 97 7
2 98 140
2 99 43
3 4 110
3 5 85
3 6 9
3 7 127
3 8 102
3 9 55
3 10 156
3 11 179
3 12 26
3 13 35
3 14 73
3 15 184
3 16 177
3 17 9
3 18 52
3 19 24
3 20 192
3 21 185
3 22 170
3 23 193
3 24 51
3 25 4
3 26 153
3 27 127
3 28 53
3 29 4
3 30 93
3 31 163
3 32 200
3 33 112
3 34 147
3 35 66
3 36 102
3 37 22
3 38 145
3 39 187
3 40 176
3 41 36
3 42 62
3 43 175
3 44 33
3 45 184
3 46 117
3 47 155
3 48 82
3 49 178
3 50 184
3 51 188
3 52 189
3 53 175
3 54 38
3 55 139
3 56 168
3 57 198
3 58 100
3 59 19
3 60 47
3 61 14
3 62 89
3 63 87
3 64 156
3 65 172
3 66 114
3 67 89
3 68 90
3 69 129
3 70 132
3 71 87
3 72 139
3 73 121
3 74 21
3 75 158
3 76 51
3 77 187
3 78 167
3 79 166
3 80 200
3 81 90
3 82 43
3 83 15
3 84 116
3 85 196
3 86 117
3 87 52
3 88 87
3 89 86
3 90 80
3 91 73
3 92 67
3 93 126
3 94 186
3 95 148
3 96 175
3 97 99
3 98 188
3 99 167
4 5 105
4 6 111
4 7 11
4 8 143
4 9 56
4 10 188
4 11 53
4 12 149
4 13 96
4 14 138
4 15 155
4 16 73
4 17 25
4 18 156
4 19 47
4 20 105
4 21 58
4 22 19
4 23 23
4 24 148
4 25 16
4 26 198
4 27 84
4 28 156
4 29 17
4 30 15
4 31 197
4 32 179
4 33 2
4 34 168
4 35 77
4 36 159
4 37 47
4 38 5
4 39 147
4 40 36
4 41 81
4 42 115
4 43 82
4 44 103
4 45 154
4 46 94
4 47 85
4 48 158
4 49 20
4 50 176
4 51 197
4 52 92
4 53 110
4 54 117
4 55 27
4 56 40
4 57 119
4 58 149
4 59 105
4 60 83
4 61 3
4 62 139
4 63 182
4 64 39
4 65 177
4 66 160
4 67 87
4 68 79
4 69 195
4 70 108
4 71 29
4 72 121
4 73 96
4 74 114
4 75 185
4 76 158
4 77 20
4 78 142
4 79 46
4 80 156
4 81 144
4 82 5
4 83 26
4 84 105
4 85 66
4 86 171
4 87 1
4 88 119
4 89 30
4 90 132
4 91 174
4 92 122
4 93 12
4 94 173
4 95 136
4 96 23
4 97 133
4 98 10
4 99 56
5 6 6
5 7 47
5 8 98
5 9 134
5 10 111
5 11 181
5 12 181
5 13 184
5 14 195
5 15 159
5 16 65
5 17 67
5 18 169
5 19 174
5 20 76
5 21 67
5 22 73
5 23 183
5 24 173
5 25 6
5 26 157
5 27 13
5 28 137
5 29 2
5 30 151
5 31 22
5 32 148
5 33 140
5 34 129
5 35 154
5 36 12
5 37 92
5 38 156
5 39 29
5 40 143
5 41 59
5 42 139
5 43 56
5 44 2
5 45 61
5 46 4
5 47 30
5 48 85
5 49 158
5 50 91
5 51 107
5 52 147
5 53 64
5 54 181
5 55 196
5 56 94
5 57 161
5 58 38
5 59 150
5 60 53
5 61 172
5 62 36
5 63 117
5 64 158
5 65 39
5 66 168
5 67 72
5 68 132
5 69 130
5 70 92
5 71 0
5 72 88
5 73 17
5 74 43
5 75 59
5 76 74
5 77 100
5 78 198
5 79 101
5 80 156
5 81 118
5 82 1
5 83 24
5 84 82
5 85 129
5 86 25
5 87 127
5 88 54
5 89 97
5 90 34
5 91 193
5 92 71
5 93 171
5 94 69
5 95 81
5 96 170
5 97 93
5 98 152
5 99 170
6 7 8
6 8 87
6 9 55
6 10 37
6 11 71
6 12 51
6 13 112
6 14 141
6 15 50
6 16 113
6 17 66
6 18 49
6 19 100
6 20 81
6 21 113
6 22 129
6 23 165
6 24 19
6 25 11
6 26 121
6 27 88
6 28 53
6 29 142
6 30 117
6 31 176
6 32 132
6 33 49
6 34 120
6 35 90
6 36 98
6 37 158
6 38 89
6 39 123
6 40 185
6 41 137
6 42 14
6 43 105
6 44 173
6 45 172
6 46 141
6 47 155
6 48 85
6 49 157
6 50 2
6 51 82
6 52 114
6 53 181
6 54 118
6 55 143
6 56 126
6 57 12
6 58 70
6 59 12
6 60 184
6 61 20
6 62 152
6 63 35
6 64 13
6 65 1
6 66 197
6 67 63
6 68 48
6 69 174
6 70 186
6 71 109
6 72 28
6 73 5
6 74 139
6 75 131
6 76 29
6 77 41
6 78 126
6 79 187
6 80 90
6 81 69
6 82 51
6 83 63
6 84 35
6 85 106
6 86 0
6 87 139
6 88 45
6 89 200
6 90 163
6 91 93
6 92 124
6 93 88
6 94 114
6 95 159
6 96 142
6 97 37
6 98 59
6 99 174
7 8 90
7 9 25
7 10 70
7 11 52
7 12 183
7 13 23
7 14 175
7 15 81
7 16 7
7 17 166
7 18 164
7 19 39
7 20 31
7 21 191
7 22 111
7 23 174
7 24 38
7 25 49
7 26 14
7 27 7
7 28 93
7 29 148
7 30 181
7 31 15
7 32 48
7 33 188
7 34 5
7 35 146
7 36 148
7 37 72
7 38 124
7 39 70
7 40 105
7 41 159
7 42 42
7 43 82
7 44 22
7 45 96
7 46 126
7 47 7
7 48 59
7 49 170
7 50 56
7 51 124
7 52 118
7 53 40
7 54 85
7 55 150
7 56 54
7 57 135
7 58 127
7 59 140
7 60 142
7 61 191
7 62 137
7 63 30
7 64 96
7 65 14
7 66 16
7 67 183
7 68 86
7 69 49
7 70 24
7 71 79
7 72 61
7 73 8
7 74 54
7 75 3
7 76 160
7 77 137
7 78 51
7 79 42
7 80 178
7 81 31
7 82 95
7 83 48
7 84 80
7 85 103
7 86 166
7 87 99
7 88 113
7 89 182
7 90 114
7 91 167
7 92 158
7 93 6
7 94 75
7 95 198
7 96 89
7 97 3
7 98 112
7 99 7
8 9 185
8 10 50
8 11 31
8 12 184
8 13 34
8 14 193
8 15 196
8 16 161
8 17 81
8 18 132
8 19 103
8 20 136
8 21 58
8 22 177
8 23 67
8 24 55
8 25 54
8 26 23
8 27 24
8 28 134
8 29 43
8 30 171
8 31 93
8 32 78
8 33 146
8 34 109
8 35 167
8 36 182
8 37 140
8 38 110
8 39 97
8 40 173
8 41 143
8 42 179
8 43 15
8 44 67
8 45 41
8 46 33
8 47 60
8 48 160
8 49 48
8 50 9
8 51 22
8 52 106
8 53 184
8 54 150
8 55 70
8 56 117
8 57 76
8 58 62
8 59 9
8 60 51
8 61 13
8 62 95
8 63 115
8 64 148
8 65 150
8 66 91
8 67 25
8 68 7
8 69 66
8 70 34
8 71 44
8 72 5
8 73 16
8 74 122
8 75 86
8 76 78
8 77 56
8 78 48
8 79 167
8 80 115
8 81 177
8 82 69
8 83 16
8 84 87
8 85 174
8 86 136
8 87 98
8 88 143
8 89 118
8 90 149
8 91 82
8 92 70
8 93 7
8 94 60
8 95 44
8 96 7
8 97 89
8 98 146
8 99 142
9 10 42
9 11 184
9 12 120
9 13 147
9 14 68
9 15 174
9 16 43
9 17 178
9 18 1
9 19 176
9 20 45
9 21 193
9 22 113
9 23 165
9 24 175
9 25 96
9 26 196
9 27 129
9 28 189
9 29 59
9 30 38
9 31 115
9 32 101
9 33 127
9 34 134
9 35 187
9 36 27
9 37 20
9 38 180
9 39 124
9 40 185
9 41 34
9 42 81
9 43 21
9 44 174
9 45 98
9 46 40
9 47 193
9 48 60
9 49 148
9 50 46
9 51 135
9 52 81
9 53 67
9 54 172
9 55 39
9 56 98
9 57 91
9 58 94
9 59 75
9 60 5
9 61 199
9 62 122
9 63 142
9 64 34
9 65 66
9 66 2
9 67 62
9 68 125
9 69 40
9 70 107
9 71 149
9 72 198
9 73 5
9 74 158
9 75 151
9 76 11
9 77 48
9 78 44
9 79 107
9 80 124
9 81 152
9 82 163
9 83 130
9 84 44
9 85 100
9 86 5
9 87 20
9 88 120
9 89 48
9 90 178
9 91 153
9 92 5
9 93 186
9 94 94
9 95 182
9 96 46
9 97 126
9 98 186
9 99 7
10 11 172
10 12 69
10 13 95
10 14 133
10 15 106
10 16 11
10 17 57
10 18 106
10 19 109
10 20 36
10 21 110
10 22 11
10 23 59
10 24 144
10 25 4
10 26 195
10 27 107
10 28 63
10 29 17
10 30 78
10 31 176
10 32 1
10 33 39
10 34 96
10 35 197
10 36 143
10 37 197
10 38 16
10 39 143
10 40 25
10 41 77
10 42 83
10 43 63
10 44 69
10 45 175
10 46 131
10 47 129
10 48 52
10 49 169
10 50 74
10 51 129
10 52 64
10 53 195
10 54 20
10 55 65
10 56 148
10 57 160
10 58 114
10 59 103
10 60 97
10 61 69
10 62 12
10 63 131
10 64 112
10 65 195
10 66 11
10 67 64
10 68 185
10 69 121
10 70 9
10 71 134
10 72 156
10 73 118
10 74 165
10 75 125
10 76 180
10 77 40
10 78 72
10 79 77
10 80 8
10 81 40
10 82 173
10 83 32
10 84 61
10 85 130
10 86 137
10 87 149
10 88 44
10 89 92
10 90 139
10 91 151
10 92 197
10 93 110
10 94 52
10 95 1
10 96 91
10 97 94
10 98 9
10 99 131
11 12 98
11 13 29
11 14 127
11 15 43
11 16 69
11 17 198
11 18 129
11 19 18
11 20 51
11 21 55
11 22 143
11 23 87
11 24 65
11 25 91
11 26 155
11 27 116
11 28 120
11 29 118
11 30 169
11 31 179
11 32 24
11 33 5
11 34 154
11 35 103
11 36 90
11 37 54
11 38 182
11 39 136
11 40 39
11 41 41
11 42 65
11 43 91
11 44 71
11 45 23
11 46 75
11 47 177
11 48 135
11 49 197
11 50 88
11 51 146
11 52 64
11 53 19
11 54 4
11 55 25
11 56 34
11 57 184
11 58 151
11 59 95
11 60 196
11 61 192
11 62 142
11 63 143
11 64 125
11 65 60
11 66 132
11 67 160
11 68 181
11 69 68
11 70 48
11 71 114
11 72 123
11 73 122
11 74 2
11 75 195
11 76 22
11 77 143
11 78 64
11 79 3
11 80 96
11 81 24
11 82 197
11 83 11
11 84 195
11 85 99
11 86 17
11 87 197
11 88 173
11 89 36
11 90 142
11 91 32
11 92 16
11 93 95
11 94 82
11 95 4
11 96 25
11 97 61
11 98 27
11 99 192
12 13 162
12 14 115
12 15 106
12 16 52
12 17 107
12 18 6
12 19 12
12 20 81
12 21 119
12 22 194
12 23 0
12 24 92
12 25 128
12 26 60
12 27 185
12 28 131
12 29 42
12 30 56
12 31 96
12 32 148
12 33 178
12 34 26
12 35 86
12 36 4
12 37 12
12 38 31
12 39 144
12 40 127
12 41 129
12 42 93
12 43 176
12 44 49
12 45 43
12 46 79
12 47 155
12 48 184
12 49 32
12 50 42
12 51 13
12 52 60
12 53 119
12 54 25
12 55 85
12 56 167
12 57 181
12 58 80
12 59 66
12 60 163
12 61 6
12 62 179
12 63 122
12 64 55
12 65 122
12 66 173
12 67 129
12 68 192
12 69 183
12 70 195
12 71 2
12 72 189
12 73 162
12 74 125
12 75 32
12 76 56
12 77 131
12 78 58
12 79 13
12 80 133
12 81 164
12 82 99
12 83 99
12 84 71
12 85 173
12 86 186
12 87 84
12 88 19
12 89 143
12 90 142
12 91 200
12 92 93
12 93 22
12 94 103
12 95 9
12 96 36
12 97 52
12 98 150
12 99 29
13 14 98
13 15 102
13 16 93
13 17 111
13 18 82
13 19 131
13 20 117
13 21 176
13 22 19
13 23 43
13 24 77
13 25 128
13 26 89
13 27 92
13 28 20
13 29 3
13 30 161
13 31 160
13 32 77
13 33 153
13 34 179
13 35 46
13 36 136
13 37 47
13 38 163
13 39 49
13 40 75
13 41 73
13 42 154
13 43 49
13 44 79
13 45 48
13 46 26
13 47 2
13 48 143
13 49 142
13 50 109
13 51 161
13 52 141
13 53 179
13 54 164
13 55 140
13 56 125
13 57 30
13 58 180
13 59 97
13 60 12
13 61 5
13 62 15
13 63 131
13 64 39
13 65 146
13 66 104
13 67 82
13 68 64
13 69 168
13 70 179
13 71 155
13 72 16
13 73 36
13 74 86
13 75 56
13 76 84
13 77 101
13 78 59
13 79 178
13 80 128
13 81 76
13 82 11
13 83 96
13 84 73
13 85 36
13 86 27
13 87 99
13 88 47
13 89 145
13 90 79
13 91 62
13 92 117
13 93 133
13 94 80
13 95 100
13 96 31
13 97 137
13 98 156
13 99 99
14 15 195
14 16 80
14 17 182
14 18 43
14 19 53
14 20 65
14 21 195
14 22 49
14 23 139
14 24 198
14 25 142
14 26 195
14 27 62
14 28 115
14 29 190
14 30 190
14 31 14
14 32 74
14 33 153
14 34 184
14 35 189
14 36 176
14 37 114
14 38 146
14 39 173
14 40 56
14 41 109
14 42 101
14 43 99
14 44 200
14 45 148
14 46 117
14 47 132
14 48 169
14 49 124
14 50 48
14 51 143
14 52 113
14 53 67
14 54 4
14 55 142
14 56 107
14 57 132
14 58 142
14 59 176
14 60 93
14 61 58
14 62 129
14 63 43
14 64 166
14 65 18
14 66 111
14 67 47
14 68 179
14 69 42
14 70 165
14 71 17
14 72 41
14 73 58
14 74 29
14 75 125
14 76 163
14 77 74
14 78 56
14 79 22
14 80 200
14 81 92
14 82 53
14 83 31
14 84 135
14 85 94
14 86 168
14 87 22
14 88 10
14 89 11
14 90 200
14 91 131
14 92 194
14 93 55
14 94 114
14 95 162
14 96 156
14 97 74
14 98 22
14 99 57
15 16 59
15 17 31
15 18 131
15 19 153
15 20 54
15 21 149
15 22 114
15 23 117
15 24 38
15 25 55
15 26 177
15 27 76
15 28 51
15 29 79
15 30 21
15 31 95
15 32 32
15 33 20
15 34 98
15 35 101
15 36 176
15 37 119
15 38 44
15 39 141
15 40 41
15 41 93
15 42 131
15 43 73
15 44 136
15 45 83
15 46 13
15 47 53
15 48 96
15 49 41
15 50 197
15 51 56
15 52 17
15 53 67
15 54 80
15 55 164
15 56 154
15 57 86
15 58 93
15 59 197
15 60 145
15 61 129
15 62 114
15 63 85
15 64 3
15 65 74
15 66 165
15 67 48
15 68 45
15 69 129
15 70 55
15 71 139
15 72 65
15 73 63
15 74 90
15 75 107
15 76 105
15 77 79
15 78 5
15 79 187
15 80 2
15 81 95
15 82 46
15 83 144
15 84 14
15 85 140
15 86 56
15 87 105
15 88 71
15 89 96
15 90 140
15 91 17
15 92 175
15 93 80
15 94 123
15 95 161
15 96 174
15 97 8
15 98 151
15 99 178
16 17 31
16 18 192
16 19 179
16 20 137
16 21 5
16 22 115
16 23 144
16 24 199
16 25 17
16 26 19
16 27 197
16 28 156
16 29 189
16 30 19
16 31 115
16 32 110
16 33 46
16 34 1
16 35 25
16 36 45
16 37 125
16 38 42
16 39 159
16 40 22
16 41 159
16 42 12
16 43 64
16 44 77
16 45 63
16 46 29
16 47 165
16 48 70
16 49 37
16 50 180
16 51 28
16 52 69
16 53 169
16 54 71
16 55 131
16 56 98
16 57 139
16 58 14
16 59 1
16 60 178
16 61 0
16 62 128
16 63 14
16 64 107
16 65 16
16 66 157
16 67 29
16 68 10
16 69 98
16 70 54
16 71 52
16 72 103
16 73 110
16 74 80
16 75 13
16 76 71
16 77 101
16 78 102
16 79 75
16 80 32
16 81 129
16 82 152
16 83 130
16 84 158
16 85 162
16 86 146
16 87 89
16 88 92
16 89 12
16 90 126
16 91 200
16 92 190
16 93 168
16 94 120
16 95 140
16 96 96
16 97 41
16 98 51
16 99 111
17 18 175
17 19 155
17 20 120
17 21 55
17 22 179
17 23 47
17 24 197
17 25 13
17 26 164
17 27 14
17 28 50
17 29 90
17 30 99
17 31 121
17 32 132
17 33 173
17 34 27
17 35 145
17 36 67
17 37 48
17 38 32
17 39 196
17 40 4
17 41 155
17 42 143
17 43 157
17 44 13
17 45 43
17 46 166
17 47 15
17 48 191
17 49 48
17 50 37
17 51 52
17 52 94
17 53 113
17 54 187
17 55 176
17 56 136
17 57 118
17 58 59
17 59 139
17 60 152
17 61 12
17 62 1
17 63 82
17 64 24
17 65 93
17 66 181
17 67 80
17 68 170
17 69 36
17 70 167
17 71 180
17 72 153
17 73 110
17 74 166
17 75 117
17 76 145
17 77 73
17 78 17
17 79 155
17 80 17
17 81 32
17 82 37
17 83 161
17 84 108
17 85 193
17 86 113
17 87 181
17 88 108
17 89 172
17 90 17
17 91 33
17 92 68
17 93 73
17 94 141
17 95 149
17 96 11
17 97 58
17 98 16
17 99 4
18 19 87
18 20 141
18 21 11
18 22 57
18 23 111
18 24 183
18 25 6
18 26 60
18 27 188
18 28 36
18 29 58
18 30 185
18 31 109
18 32 26
18 33 153
18 34 73
18 35 165
18 36 87
18 37 84
18 38 39
18 39 55
18 40 151
18 41 167
18 42 128
18 43 174
18 44 192
18 45 200
18 46 170
18 47 20
18 48 93
18 49 129
18 50 108
18 51 148
18 52 98
18 53 149
18 54 104
18 55 37
18 56 153
18 57 40
18 58 134
18 59 187
18 60 144
18 61 17
18 62 175
18 63 6
18 64 60
18 65 121
18 66 150
18 67 159
18 68 189
18 69 0
18 70 46
18 71 199
18 72 190
18 73 5
18 74 161
18 75 75
18 76 9
18 77 188
18 78 74
18 79 133
18 80 25
18 81 10
18 82 195
18 83 197
18 84 138
18 85 23
18 86 80
18 87 181
18 88 27
18 89 149
18 90 183
18 91 75
18 92 22
18 93 174
18 94 28
18 95 45
18 96 107
18 97 85
18 98 54
18 99 85
19 20 178
19 21 145
19 22 169
19 23 143
19 24 37
19 25 58
19 26 25
19 27 84
19 28 82
19 29 77
19 30 165
19 31 197
19 32 114
19 33 125
19 34 103
19 35 42
19 36 26
19 37 187
19 38 57
19 39 176
19 40 143
19 41 38
19 42 97
19 43 168
19 44 22
19 45 151
19 46 96
19 47 67
19 48 6
19 49 146
19 50 78
19 51 20
19 52 183
19 53 10
19 54 126
19 55 28
19 56 40
19 57 193
19 58 103
19 59 144
19 60 186
19 61 65
19 62 120
19 63 7
19 64 63
19 65 96
19 66 197
19 67 112
19 68 37
19 69 40
19 70 71
19 71 16
19 72 43
19 73 21
19 74 127
19 75 132
19 76 167
19 77 2
19 78 76
19 79 32
19 80 70
19 81 46
19 82 42
19 83 182
19 84 33
19 85 12
19 86 94
19 87 6
19 88 60
19 89 102
19 90 155
19 91 10
19 92 42
19 93 97
19 94 28
19 95 83
19 96 178
19 97 24
19 98 26
19 99 74
20 21 77
20 22 25
20 23 93
20 24 13
20 25 83
20 26 143
20 27 52
20 28 39
20 29 143
20 30 166
20 31 173
20 32 169
20 33 2
20 34 147
20 35 63
20 36 168
20 37 164
20 38 4
20 39 84
20 40 84
20 41 35
20 42 9
20 43 188
20 44 170
20 45 101
20 46 108
20 47 153
20 48 99
20 49 198
20 50 87
20 51 133
20 52 168
20 53 148
20 54 11
20 55 118
20 56 90
20 57 4
20 58 185
20 59 178
20 60 58
20 61 47
20 62 152
20 63 95
20 64 47
20 65 162
20 66 63
20 67 110
20 68 153
20 69 178
20 70 73
20 71 3
20 72 42
20 73 20
20 74 198
20 75 73
20 76 105
20 77 142
20 78 170
20 79 136
20 80 12
20 81 160
20 82 144
20 83 15
20 84 92
20 85 166
20 86 193
20 87 135
20 88 39
20 89 37
20 90 101
20 91 72
20 92 81
20 93 32
20 94 95
20 95 153
20 96 124
20 97 20
20 98 78
20 99 135
21 22 85
21 23 122
21 24 22
21 25 137
21 26 30
21 27 136
21 28 98
21 29 90
21 30 57
21 31 102
21 32 187
21 33 118
21 34 103
21 35 24
21 36 54
21 37 91
21 38 39
21 39 199
21 40 146
21 41 126
21 42 193
21 43 168
21 44 151
21 45 73
21 46 10
21 47 83
21 48 170
21 49 99
21 50 94
21 51 62
21 52 49
21 53 113
21 54 80
21 55 69
21 56 55
21 57 86
21 58 70
21 59 35
21 60 200
21 61 21
21 62 95
21 63 190
21 64 55
21 65 25
21 66 91
21 67 51
21 68 138
21 69 158
21 70 104
21 71 159
21 72 93
21 73 113
21 74 37
21 75 176
21 76 184
21 77 75
21 78 81
21 79 56
21 80 182
21 81 156
21 82 35
21 83 35
21 84 97
21 85 61
21 86 168
21 87 60
21 88 183
21 89 22
21 90 103
21 91 111
21 92 139
21 93 17
21 94 85
21 95 170
21 96 14
21 97 114
21 98 58
21 99 46
22 23 94
22 24 45
22 25 133
22 26 192
22 27 130
22 28 18
22 29 183
22 30 75
22 31 95
22 32 200
22 33 11
22 34 45
22 35 146
22 36 160
22 37 66
22 38 140
22 39 72
22 40 164
22 41 0
22 42 164
22 43 167
22 44 141
22 45 88
22 46 85
22 47 95
22 48 98
22 49 112
22 50 174
22 51 100
22 52 44
22 53 84
22 54 165
22 55 78
22 56 111
22 57 143
22 58 12
22 59 101
22 60 113
22 61 97
22 62 74
22 63 119
22 64 160
22 65 143
22 66 93
22 67 15
22 68 170
22 69 200
22 70 137
22 71 156
22 72 122
22 73 143
22 74 139
22 75 59
22 76 91
22 77 41
22 78 175
22 79 184
22 80 200
22 81 187
22 82 152
22 83 13
22 84 155
22 85 189
22 86 167
22 87 95
22 88 162
22 89 22
22 90 50
22 91 91
22 92 157
22 93 101
22 94 111
22 95 69
22 96 48
22 97 119
22 98 182
22 99 102
23 24 15
23 25 45
23 26 66
23 27 108
23 28 4
23 29 162
23 30 162
23 31 39
23 32 50
23 33 121
23 34 114
23 35 9
23 36 159
23 37 182
23 38 58
23 39 41
23 40 84
23 41 9
23 42 74
23 43 146
23 44 144
23 45 101
23 46 31
23 47 56
23 48 63
23 49 69
23 50 21
23 51 5
23 52 53
23 53 122
23 54 189
23 55 65
23 56 89
23 57 35
23 58 120
23 59 87
23 60 148
23 61 64
23 62 143
23 63 8
23 64 183
23 65 14
23 66 17
23 67 76
23 68 153
23 69 70
23 70 100
23 71 59
23 72 39
23 73 59
23 74 101
23 75 186
23 76 134
23 77 125
23 78 115
23 79 123
23 80 190
23 81 58
23 82 185
23 83 12
23 84 117
23 85 140
23 86 123
23 87 66
23 88 107
23 89 126
23 90 167
23 91 184
23 92 140
23 93 128
23 94 172
23 95 86
23 96 120
23 97 18
23 98 42
23 99 22
24 25 167
24 26 51
24 27 74
24 28 132
24 29 63
24 30 17
24 31 105
24 32 115
24 33 76
24 34 50
24 35 189
24 36 100
24 37 15
24 38 90
24 39 134
24 40 96
24 41 20
24 42 90
24 43 196
24 44 162
24 45 93
24 46 66
24 47 163
24 48 32
24 49 131
24 50 180
24 51 177
24 52 156
24 53 85
24 54 140
24 55 97
24 56 137
24 57 158
24 58 7
24 59 160
24 60 93
24 61 165
24 62 35
24 63 37
24 64 183
24 65 103
24 66 120
24 67 88
24 68 6
24 69 115
24 70 179
24 71 64
24 72 200
24 73 188
24 74 95
24 75 125
24 76 27
24 77 128
24 78 93
24 79 7
24 80 136
24 81 70
24 82 150
24 83 193
24 84 155
24 85 86
24 86 51
24 87 16
24 88 119
24 89 133
24 90 197
24 91 52
24 92 148
24 93 6
24 94 32
24 95 55
24 96 16
24 97 45
24 98 130
24 99 85
25 26 60
25 27 39
25 28 159
25 29 80
25 30 194
25 31 103
25 32 92
25 33 99
25 34 140
25 35 156
25 36 23
25 37 132
25 38 58
25 39 0
25 40 134
25 41 192
25 42 135
25 43 83
25 44 134
25 45 96
25 46 45
25 47 9
25 48 111
25 49 86
25 50 122
25 51 21
25 52 154
25 53 183
25 54 182
25 55 112
25 56 156
25 57 98
25 58 6
25 59 191
25 60 60
25 61 168
25 62 95
25 63 197
25 64 35
25 65 50
25 66 166
25 67 113
25 68 65
25 69 165
25 70 137
25 71 47
25 72 159
25 73 80
25 74 170
25 75 132
25 76 120
25 77 67
25 78 33
25 79 60
25 80 125
25 81 124
25 82 136
25 83 97
25 84 133
25 85 6
25 86 75
25 87 73
25 88 124
25 89 4
25 90 105
25 91 150
25 92 129
25 93 174
25 94 16
25 95 145
25 96 135
25 97 171
25 98 54
25 99 126
26 27 40
26 28 46
26 29 98
26 30 105
26 31 64
26 32 114
26 33 47
26 34 182
26 35 100
26 36 121
26 37 188
26 38 76
26 39 166
26 40 198
26 41 197
26 42 114
26 43 178
26 44 70
26 45 110
26 46 80
26 47 141
26 48 91
26 49 148
26 50 104
26 51 12
26 52 94
26 53 93
26 54 46
26 55 103
26 56 35
26 57 196
26 58 129
26 59 131
26 60 131
26 61 180
26 62 55
26 63 194
26 64 102
26 65 55
26 66 82
26 67 137
26 68 135
26 69 46
26 70 4
26 71 199
26 72 191
26 73 131
26 74 167
26 75 118
26 76 120
26 77 33
26 78 43
26 79 112
26 80 80
26 81 114
26 82 186
26 83 144
26 84 50
26 85 118
26 86 62
26 87 174
26 88 87
26 89 47
26 90 52
26 91 10
26 92 149
26 93 181
26 94 42
26 95 187
26 96 160
26 97 79
26 98 184
26 99 193
27 28 122
27 29 190
27 30 168
27 31 156
27 32 75
27 33 76
27 34 197
27 35 22
27 36 135
27 37 159
27 38 184
27 39 177
27 40 73
27 41 77
27 42 97
27 43 159
27 44 169
27 45 107
27 46 113
27 47 113
27 48 4
27 49 179
27 50 127
27 51 84
27 52 84
27 53 92
27 54 180
27 55 113
27 56 78
27 57 100
27 58 198
27 59 131
27 60 88
27 61 5
27 62 110
27 63 128
27 64 92
27 65 90
27 66 168
27 67 177
27 68 91
27 69 42
27 70 186
27 71 22
27 72 128
27 73 132
27 74 85
27 75 63
27 76 115
27 77 27
27 78 170
27 79 104
27 80 111
27 81 184
27 82 143
27 83 16
27 84 131
27 85 84
27 86 175
27 87 112
27 88 76
27 89 11
27 90 182
27 91 171
27 92 184
27 93 28
27 94 58
27 95 23
27 96 56
27 97 90
27 98 125
27 99 13
