100 4895
0 1 121
0 2 58
0 3 132
0 4 70
0 5 111
0 6 32
0 7 7
0 8 72
0 9 33
0 10 2
0 11 107
0 12 181
0 13 157
0 14 1
0 15 69
0 16 38
0 17 1
0 18 31
0 19 122
0 20 101
0 21 164
0 22 61
0 23 144
0 24 34
0 25 168
0 26 25
0 27 43
0 28 57
0 29 115
0 30 170
0 31 68
0 32 54
0 33 143
0 34 186
0 35 115
0 36 173
0 37 139
0 38 133
0 39 44
0 40 186
0 41 12
0 42 99
0 43 112
0 44 50
0 45 125
0 46 126
0 47 46
0 48 6
0 49 2
0 50 17
0 51 62
0 52 101
0 53 0
0 54 45
0 55 84
0 56 99
0 57 86
0 58 5
0 59 112
0 60 33
0 61 56
0 62 190
0 63 200
0 64 98
0 65 89
0 66 123
0 67 198
0 68 193
0 69 132
0 70 56
0 71 90
0 72 99
0 73 73
0 74 71
0 75 22
0 76 5
0 77 148
0 78 111
0 79 73
0 80 30
0 81 193
0 82 164
0 83 106
0 84 55
0 85 179
0 86 71
0 87 104
0 88 125
0 89 150
0 90 28
0 91 5
0 92 112
0 93 27
0 94 199
0 95 184
0 96 53
0 97 88
0 98 72
0 99 32
1 2 165
1 3 63
1 4 149
1 5 81
1 6 41
1 7 17
1 8 8
1 9 145
1 10 145
1 11 20
1 12 37
1 13 17
1 14 186
1 15 135
1 16 41
1 17 136
1 18 26
1 19 104
1 20 183
1 21 10
1 22 27
1 23 56
1 24 23
1 25 179
1 26 137
1 27 0
1 28 25
1 29 35
1 30 63
1 31 103
1 32 96
1 33 118
1 34 123
1 35 12
1 36 138
1 37 175
1 38 170
1 39 59
1 40 79
1 41 1
1 42 172
1 43 126
1 44 4
1 45 122
1 46 182
1 47 105
1 48 56
1 49 114
1 50 164
1 51 5
1 52 146
1 53 13
1 54 68
1 55 88
1 56 101
1 57 28
1 58 121
1 59 123
1 60 77
1 61 3
1 62 67
1 63 110
1 64 78
1 65 83
1 66 175
1 67 121
1 68 47
1 69 128
1 70 142
1 71 97
1 72 85
1 73 126
1 74 180
1 75 85
1 76 140
1 77 40
1 78 53
1 79 12
1 80 19
1 81 29
1 82 77
1 83 140
1 84 72
1 85 2
1 86 148
1 87 76
1 88 126
1 89 191
1 90 86
1 91 152
1 92 89
1 93 137
1 94 27
1 95 108
1 96 175
1 97 27
1 98 51
1 99 62
2 3 157
2 4 194
2 5 55
2 6 200
2 7 167
2 8 135
2 9 98
2 10 190
2 11 45
2 12 175
2 13 174
2 14 110
2 15 86
2 16 76
2 17 40
2 18 79
2 19 195
2 20 76
2 21 16
2 22 192
2 23 93
2 24 34
2 25 164
2 26 139
2 27 113
2 28 67
2 29 19
2 30 185
2 31 131
2 32 80
2 33 200
2 34 176
2 35 36
2 36 49
2 37 130
2 38 20
2 39 20
2 40 150
2 41 37
2 42 88
2 43 188
2 44 87
2 45 147
2 46 200
2 47 72
2 48 26
2 49 180
2 50 49
2 51 118
2 52 0
2 53 183
2 54 55
2 55 78
2 56 29
2 57 83
2 58 53
2 59 143
2 60 146
2 61 127
2 62 103
2 63 198
2 64 148
2 65 178
2 66 52
2 67 105
2 68 11
2 69 91
2 70 158
2 71 27
2 72 59
2 73 88
2 74 88
2 75 179
2 76 40
2 77 116
2 78 99
2 79 106
2 80 53
2 81 27
2 82 173
2 83 38
2 84 66
2 85 116
2 86 139
2 87 0
2 88 80
2 89 31
2 90 7
2 91 88
2 92 39
2 93 10
2 94 49
2 95 177
2 96 187
2 97 85
2 98 155
2 99 148
3 4 132
3 5 193
3 6 152
3 7 159
3 8 177
3 9 140
3 10 143
3 11 121
3 12 16
3 13 113
3 14 93
3 15 200
3 16 79
3 17 199
3 18 33
3 19 18
3 20 31
3 21 164
3 22 145
3 23 34
3 24 189
3 25 13
3 26 5
3 27 90
3 28 184
3 29 118
3 30 186
3 31 125
3 32 85
3 33 88
3 34 131
3 35 57
3 36 8
3 37 106
3 38 26
3 39 184
3 40 119
3 41 121
3 42 195
3 43 124
3 44 143
3 45 81
3 46 165
3 47 96
3 48 98
3 49 103
3 50 79
3 51 188
3 52 3
3 53 102
3 54 134
3 55 35
3 56 80
3 57 132
3 58 68
3 59 177
3 60 181
3 61 191
3 62 108
3 63 63
3 64 179
3 65 175
3 66 15
3 67 94
3 68 24
3 69 198
3 70 167
3 71 149
3 72 166
3 73 142
3 74 190
3 75 34
3 76 40
3 77 191
3 78 48
3 79 117
3 80 74
3 81 193
3 82 32
3 83 29
3 84 24
3 85 31
3 86 73
3 87 89
3 88 144
3 89 187
3 90 121
3 91 117
3 92 200
3 93 115
3 94 53
3 95 198
3 96 61
3 97 78
3 98 83
3 99 51
4 5 121
4 6 47
4 7 31
4 8 84
4 9 98
4 10 177
4 11 157
4 12 84
4 13 106
4 14 41
4 15 81
4 16 87
4 17 176
4 18 181
4 19 8
4 20 179
4 21 6
4 22 168
4 23 36
4 24 190
4 25 3
4 26 161
4 27 2
4 28 55
4 29 101
4 30 1
4 31 28
4 32 100
4 33 87
4 34 119
4 35 122
4 36 19
4 37 172
4 38 144
4 39 23
4 40 129
4 41 96
4 42 153
4 43 80
4 44 131
4 45 23
4 46 121
4 47 32
4 48 129
4 49 28
4 50 103
4 51 150
4 52 94
4 53 196
4 54 24
4 55 150
4 56 9
4 57 149
4 58 60
4 59 67
4 60 164
4 61 178
4 62 118
4 63 10
4 64 182
4 65 192
4 66 148
4 67 135
4 68 88
4 69 182
4 70 139
4 71 56
4 72 136
4 73 8
4 74 41
4 75 27
4 76 162
4 77 11
4 78 18
4 79 145
4 80 75
4 81 188
4 82 154
4 83 95
4 84 17
4 85 64
4 86 58
4 87 155
4 88 85
4 89 15
4 90 55
4 91 127
4 92 173
4 93 154
4 94 36
4 95 162
4 96 45
4 97 10
4 98 140
4 99 48
5 6 98
5 7 190
5 8 80
5 9 63
5 10 20
5 11 150
5 12 154
5 13 150
5 14 151
5 15 51
5 16 134
5 17 38
5 18 183
5 19 107
5 20 4
5 21 146
5 22 112
5 23 93
5 24 63
5 25 192
5 26 166
5 27 103
5 28 175
5 29 36
5 30 0
5 31 124
5 32 113
5 33 107
5 34 11
5 35 16
5 36 124
5 37 192
5 38 158
5 39 144
5 40 74
5 41 174
5 42 87
5 43 84
5 44 72
5 45 115
5 46 54
5 47 20
5 48 127
5 49 154
5 50 195
5 51 22
5 52 47
5 53 115
5 54 80
5 55 159
5 56 99
5 57 137
5 58 62
5 59 30
5 60 162
5 61 179
5 62 191
5 63 78
5 64 61
5 65 167
5 66 128
5 67 128
5 68 105
5 69 84
5 70 46
5 71 74
5 72 65
5 73 138
5 74 95
5 75 162
5 76 98
5 77 196
5 78 101
5 79 60
5 80 141
5 81 87
5 82 112
5 83 180
5 84 9
5 85 70
5 86 105
5 87 64
5 88 192
5 89 78
5 90 86
5 91 122
5 92 177
5 93 157
5 94 181
5 95 26
5 96 99
5 97 200
5 98 92
5 99 120
6 7 122
6 8 102
6 9 42
6 10 22
6 11 48
6 12 115
6 13 94
6 14 55
6 15 50
6 16 93
6 17 185
6 18 132
6 19 56
6 20 67
6 21 174
6 22 38
6 23 136
6 24 31
6 25 152
6 26 8
6 27 173
6 28 98
6 29 189
6 30 188
6 31 112
6 32 23
6 33 18
6 34 27
6 35 61
6 36 33
6 37 182
6 38 122
6 39 31
6 40 2
6 41 143
6 42 58
6 43 89
6 44 89
6 45 123
6 46 104
6 47 119
6 48 76
6 49 182
6 50 38
6 51 31
6 52 32
6 53 199
6 54 162
6 55 187
6 56 64
6 57 102
6 58 20
6 59 66
6 60 175
6 61 139
6 62 155
6 63 22
6 64 173
6 65 136
6 66 157
6 67 87
6 68 158
6 69 67
6 70 117
6 71 140
6 72 59
6 73 103
6 74 187
6 75 79
6 76 27
6 77 120
6 78 122
6 79 169
6 80 20
6 81 30
6 82 162
6 83 124
6 84 39
6 85 65
6 86 154
6 87 120
6 88 44
6 89 132
6 90 74
6 91 24
6 92 18
6 93 87
6 94 137
6 95 143
6 96 172
6 97 125
6 98 123
6 99 40
7 8 90
7 9 177
7 10 24
7 11 197
7 12 148
7 13 2
7 14 75
7 15 131
7 16 157
7 17 74
7 18 193
7 19 123
7 20 157
7 21 165
7 22 46
7 23 152
7 24 2
7 25 114
7 26 188
7 27 77
7 28 197
7 29 2
7 30 139
7 31 182
7 32 16
7 33 77
7 34 195
7 35 144
7 36 143
7 37 146
7 38 148
7 39 158
7 40 127
7 41 177
7 42 30
7 43 191
7 44 52
7 45 6
7 46 92
7 47 127
7 48 121
7 49 89
7 50 179
7 51 44
7 52 74
7 53 199
7 54 73
7 55 23
7 56 27
7 57 40
7 58 25
7 59 90
7 60 95
7 61 12
7 62 47
7 63 181
7 64 128
7 65 54
7 66 87
7 67 29
7 68 150
7 69 188
7 70 104
7 71 58
7 72 192
7 73 54
7 74 197
7 75 50
7 76 88
7 77 64
7 78 118
7 79 35
7 80 100
7 81 175
7 82 119
7 83 143
7 84 51
7 85 107
7 86 90
7 87 113
7 88 146
7 89 39
7 90 52
7 91 160
7 92 161
7 93 163
7 94 112
7 95 38
7 96 23
7 97 9
7 98 58
7 99 184
8 9 153
8 10 93
8 11 76
8 12 125
8 13 61
8 14 134
8 15 151
8 16 61
8 17 151
8 18 15
8 19 110
8 20 188
8 21 30
8 22 104
8 23 183
8 24 7
8 25 71
8 26 77
8 27 110
8 28 25
8 29 173
8 30 62
8 31 34
8 32 170
8 33 80
8 34 8
8 35 19
8 36 153
8 37 46
8 38 74
8 39 110
8 40 75
8 41 196
8 42 23
8 43 25
8 44 106
8 45 102
8 46 87
8 47 99
8 48 4
8 49 71
8 50 60
8 51 32
8 52 193
8 53 70
8 54 197
8 55 63
8 56 138
8 57 23
8 58 132
8 59 116
8 60 173
8 61 131
8 62 61
8 63 29
8 64 61
8 65 139
8 66 87
8 67 51
8 68 73
8 69 167
8 70 22
8 71 10
8 72 38
8 73 18
8 74 188
8 75 30
8 76 128
8 77 41
8 78 133
8 79 35
8 80 101
8 81 137
8 82 11
8 83 167
8 84 51
8 85 107
8 86 199
8 87 6
8 88 176
8 89 101
8 90 151
8 91 45
8 92 1
8 93 91
8 94 98
8 95 91
8 96 181
8 97 188
8 98 82
8 99 187
9 10 184
9 11 35
9 12 170
9 13 0
9 14 143
9 15 196
9 16 97
9 17 99
9 18 163
9 19 166
9 20 85
9 21 154
9 22 11
9 23 130
9 24 161
9 25 32
9 26 150
9 27 188
9 28 82
9 29 137
9 30 80
9 31 89
9 32 140
9 33 63
9 34 26
9 35 56
9 36 62
9 37 58
9 38 64
9 39 71
9 40 97
9 41 147
9 42 12
9 43 39
9 44 176
9 45 147
9 46 107
9 47 190
9 48 94
9 49 59
9 50 53
9 51 127
9 52 18
9 53 29
9 54 18
9 55 166
9 56 39
9 57 3
9 58 64
9 59 48
9 60 13
9 61 40
9 62 49
9 63 122
9 64 62
9 65 36
9 66 123
9 67 11
9 68 66
9 69 32
9 70 68
9 71 194
9 72 34
9 73 79
9 74 111
9 75 152
9 76 67
9 77 78
9 78 34
9 79 163
9 80 175
9 81 34
9 82 145
9 83 50
9 84 46
9 85 65
9 86 96
9 87 125
9 88 29
9 89 162
9 90 145
9 91 170
9 92 127
9 93 181
9 94 123
9 95 181
9 96 122
9 97 104
9 98 24
9 99 109
10 11 7
10 12 86
10 13 138
10 14 122
10 15 26
10 16 186
10 17 198
10 18 46
10 19 58
10 20 12
10 21 188
10 22 10
10 23 123
10 24 48
10 25 130
10 26 146
10 27 72
10 28 115
10 29 105
10 30 190
10 31 32
10 32 129
10 33 189
10 34 91
10 35 139
10 36 185
10 37 134
10 38 120
10 39 183
10 40 186
10 41 124
10 42 84
10 43 123
10 44 162
10 45 100
10 46 192
10 47 120
10 48 179
10 49 45
10 50 65
10 51 79
10 52 147
10 53 93
10 54 197
10 55 200
10 56 119
10 57 163
10 58 116
10 59 119
10 60 146
10 61 17
10 62 155
10 63 196
10 64 176
10 65 165
10 66 188
10 67 32
10 68 137
10 69 121
10 70 52
10 71 164
10 72 72
10 73 71
10 74 143
10 75 32
10 76 163
10 77 129
10 78 151
10 79 28
10 80 81
10 81 94
10 82 183
10 83 24
10 84 186
10 85 188
10 86 115
10 87 155
10 88 112
10 89 189
10 90 138
10 91 67
10 92 19
10 93 95
10 94 46
10 95 3
10 96 48
10 97 103
10 98 142
10 99 196
11 12 85
11 13 189
11 14 196
11 15 7
11 16 124
11 17 187
11 18 187
11 19 38
11 20 174
11 21 199
11 22 24
11 23 94
11 24 139
11 25 96
11 26 91
11 27 45
11 28 110
11 29 0
11 30 58
11 31 26
11 32 171
11 33 126
11 34 83
11 35 33
11 36 36
11 37 35
11 38 46
11 39 77
11 40 4
11 41 8
11 42 64
11 43 102
11 44 21
11 45 116
11 46 195
11 47 142
11 48 21
11 49 147
11 50 2
11 51 162
11 52 139
11 53 135
11 54 194
11 55 139
11 56 120
11 57 173
11 58 189
11 59 86
11 60 25
11 61 104
11 62 60
11 63 74
11 64 165
11 65 35
11 66 129
11 67 135
11 68 186
11 69 56
11 70 126
11 71 180
11 72 94
11 73 90
11 74 99
11 75 113
11 76 199
11 77 161
11 78 86
11 79 188
11 80 134
11 81 83
11 82 178
11 83 47
11 84 16
11 85 126
11 86 190
11 87 107
11 88 71
11 89 163
11 90 73
11 91 120
11 92 174
11 93 11
11 94 120
11 95 127
11 96 0
11 97 181
11 98 183
11 99 113
12 13 96
12 14 55
12 15 94
12 16 53
12 17 187
12 18 76
12 19 174
12 20 29
12 21 154
12 22 63
12 23 14
12 24 44
12 25 132
12 26 53
12 27 185
12 28 110
12 29 78
12 30 140
12 31 12
12 32 177
12 33 79
12 34 6
12 35 146
12 36 6
12 37 11
12 38 102
12 39 7
12 40 96
12 41 181
12 42 5
12 43 24
12 44 154
12 45 127
12 46 73
12 47 167
12 48 104
12 49 159
12 50 66
12 51 104
12 52 165
12 53 15
12 54 23
12 55 153
12 56 70
12 57 42
12 58 112
12 59 134
12 60 85
12 61 138
12 62 198
12 63 141
12 64 93
12 65 30
12 66 45
12 67 82
12 68 176
12 69 177
12 70 90
12 71 133
12 72 59
12 73 42
12 74 135
12 75 25
12 76 53
12 77 133
12 78 103
12 79 100
12 80 140
12 81 30
12 82 45
12 83 95
12 84 162
12 85 126
12 86 127
12 87 70
12 88 89
12 89 165
12 90 195
12 91 30
12 92 152
12 93 52
12 94 112
12 95 166
12 96 2
12 97 124
12 98 198
12 99 85
13 14 26
13 15 49
13 16 195
13 17 52
13 18 111
13 19 95
13 20 22
13 21 71
13 22 82
13 23 71
13 24 34
13 25 110
13 26 92
13 27 31
13 28 146
13 29 40
13 30 53
13 31 200
13 32 157
13 33 23
13 34 140
13 35 69
13 36 8
13 37 79
13 38 116
13 39 86
13 40 105
13 41 65
13 42 195
13 43 39
13 44 1
13 45 92
13 46 35
13 47 9
13 48 6
13 49 120
13 50 176
13 51 103
13 52 88
13 53 60
13 54 50
13 55 80
13 56 166
13 57 60
13 58 71
13 59 36
13 60 195
13 61 11
13 62 73
13 63 98
13 64 26
13 65 77
13 66 75
13 67 8
13 68 79
13 69 125
13 70 125
13 71 193
13 72 48
13 73 24
13 74 31
13 75 154
13 76 6
13 77 69
13 78 31
13 79 184
13 80 38
13 81 187
13 82 154
13 83 178
13 84 39
13 85 78
13 86 175
13 87 97
13 88 171
13 89 62
13 90 83
13 91 179
13 92 92
13 93 143
13 94 132
13 95 110
13 96 101
13 97 60
13 98 24
13 99 104
14 15 185
14 16 55
14 17 93
14 18 163
14 19 197
14 20 24
14 21 178
14 22 42
14 23 156
14 24 5
14 25 82
14 26 87
14 27 8
14 28 185
14 29 147
14 30 66
14 31 95
14 32 95
14 33 157
14 34 89
14 35 67
14 36 127
14 37 143
14 38 180
14 39 155
14 40 170
14 41 178
14 42 47
14 43 176
14 44 125
14 45 142
14 46 27
14 47 178
14 48 115
14 49 124
14 50 112
14 51 116
14 52 8
14 53 197
14 54 12
14 55 36
14 56 24
14 57 165
14 58 155
14 59 14
14 60 132
14 61 52
14 62 161
14 63 18
14 64 69
14 65 81
14 66 173
14 67 4
14 68 194
14 69 63
14 70 73
14 71 144
14 72 196
14 73 77
14 74 15
14 75 151
14 76 106
14 77 127
14 78 174
14 79 85
14 80 82
14 81 141
14 82 136
14 83 148
14 84 133
14 85 114
14 86 53
14 87 65
14 88 115
14 89 28
14 90 140
14 91 29
14 92 197
14 93 123
14 94 99
14 95 24
14 96 37
14 97 198
14 98 172
14 99 79
15 16 184
15 17 89
15 18 187
15 19 147
15 20 85
15 21 198
15 22 57
15 23 106
15 24 157
15 25 100
15 26 106
15 27 58
15 28 200
15 29 33
15 30 28
15 31 131
15 32 186
15 33 77
15 34 77
15 35 184
15 36 146
15 37 22
15 38 157
15 39 144
15 40 18
15 41 23
15 42 177
15 43 177
15 44 46
15 45 186
15 46 153
15 47 133
15 48 24
15 49 70
15 50 52
15 51 137
15 52 172
15 53 144
15 54 193
15 55 131
15 56 183
15 57 138
15 58 142
15 59 157
15 60 156
15 61 192
15 62 54
15 63 96
15 64 159
15 65 136
15 66 103
15 67 13
15 68 190
15 69 141
15 70 95
15 71 119
15 72 97
15 73 87
15 74 32
15 75 124
15 76 194
15 77 18
15 78 117
15 79 179
15 80 119
15 81 80
15 82 23
15 83 146
15 84 160
15 85 195
15 86 90
15 87 107
15 88 131
15 89 81
15 90 83
15 91 78
15 92 177
15 93 122
15 94 95
15 95 144
15 96 190
15 97 153
15 98 147
15 99 40
16 17 36
16 18 18
16 19 116
16 20 18
16 21 92
16 22 166
16 23 191
16 24 59
16 25 54
16 26 27
16 27 10
16 28 73
16 29 7
16 30 181
16 31 140
16 32 105
16 33 127
16 34 72
16 35 106
16 36 16
16 37 176
16 38 46
16 39 156
16 40 183
16 41 84
16 42 106
16 43 20
16 44 24
16 45 139
16 46 178
16 47 127
16 48 10
16 49 69
16 50 134
16 51 58
16 52 87
16 53 73
16 54 73
16 55 8
16 56 99
16 57 156
16 58 59
16 59 62
16 60 192
16 61 190
16 62 88
16 63 191
16 64 52
16 65 60
16 66 99
16 67 35
16 68 111
16 69 128
16 70 184
16 71 77
16 72 103
16 73 37
16 74 43
16 75 55
16 76 6
16 77 161
16 78 45
16 79 180
16 80 12
16 81 131
16 82 100
16 83 73
16 84 64
16 85 120
16 86 86
16 87 81
16 88 8
16 89 108
16 90 149
16 91 18
16 92 21
16 93 127
16 94 21
16 95 9
16 96 32
16 97 65
16 98 108
16 99 139
17 18 45
17 19 14
17 20 95
17 21 171
17 22 12
17 23 6
17 24 94
17 25 32
17 26 61
17 27 153
17 28 54
17 29 158
17 30 136
17 31 100
17 32 172
17 33 97
17 34 85
17 35 104
17 36 169
17 37 88
17 38 28
17 39 124
17 40 58
17 41 38
17 42 81
17 43 47
17 44 173
17 45 177
17 46 76
17 47 102
17 48 22
17 49 157
17 50 1
17 51 97
17 52 19
17 53 113
17 54 163
17 55 86
17 56 149
17 57 78
17 58 190
17 59 90
17 60 78
17 61 71
17 62 180
17 63 143
17 64 140
17 65 111
17 66 56
17 67 181
17 68 170
17 69 104
17 70 175
17 71 54
17 72 0
17 73 3
17 74 14
17 75 81
17 76 12
17 77 188
17 78 93
17 79 22
17 80 62
17 81 146
17 82 172
17 83 24
17 84 57
17 85 82
17 86 164
17 87 3
17 88 103
17 89 180
17 90 0
17 91 186
17 92 173
17 93 157
17 94 180
17 95 189
17 96 13
17 97 180
17 98 126
17 99 42
18 19 83
18 20 55
18 21 148
18 22 23
18 23 52
18 24 194
18 25 23
18 26 112
18 27 81
18 28 183
18 29 147
18 30 195
18 31 161
18 32 181
18 33 98
18 34 96
18 35 5
18 36 134
18 37 105
18 38 158
18 39 169
18 40 87
18 41 123
18 42 34
18 43 192
18 44 13
18 45 49
18 46 148
18 47 193
18 48 134
18 49 150
18 50 56
18 51 43
18 52 185
18 53 27
18 54 114
18 55 29
18 56 12
18 57 74
18 58 140
18 59 0
18 60 95
18 61 84
18 62 13
18 63 173
18 64 21
18 65 129
18 66 52
18 67 148
18 68 75
18 69 76
18 70 34
18 71 24
18 72 74
18 73 134
18 74 172
18 75 4
18 76 20
18 77 181
18 78 19
18 79 173
18 80 11
18 81 134
18 82 105
18 83 29
18 84 74
18 85 154
18 86 10
18 87 74
18 88 34
18 89 97
18 90 35
18 91 127
18 92 41
18 93 12
18 94 154
18 95 26
18 96 127
18 97 120
18 98 123
18 99 160
19 20 46
19 21 144
19 22 108
19 23 16
19 24 82
19 25 34
19 26 193
19 27 22
19 28 38
19 29 85
19 30 7
19 31 125
19 32 131
19 33 199
19 34 193
19 35 147
19 36 70
19 37 181
19 38 190
19 39 126
19 40 75
19 41 84
19 42 111
19 43 186
19 44 156
19 45 48
19 46 117
19 47 155
19 48 71
19 49 76
19 50 82
19 51 41
19 52 108
19 53 197
19 54 57
19 55 113
19 56 168
19 57 36
19 58 147
19 59 67
19 60 76
19 61 122
19 62 40
19 63 42
19 64 122
19 65 70
19 66 187
19 67 191
19 68 60
19 69 33
19 70 143
19 71 195
19 72 44
19 73 193
19 74 39
19 75 78
19 76 89
19 77 158
19 78 0
19 79 45
19 80 78
19 81 2
19 82 112
19 83 168
19 84 149
19 85 102
19 86 81
19 87 33
19 88 197
19 89 50
19 90 108
19 91 0
19 92 12
19 93 130
19 94 77
19 95 198
19 96 64
19 97 111
19 98 37
19 99 96
20 21 84
20 22 138
20 23 171
20 24 147
20 25 200
20 26 28
20 27 6
20 28 126
20 29 2
20 30 61
20 31 49
20 32 121
20 33 189
20 34 120
20 35 141
20 36 69
20 37 149
20 38 9
20 39 41
20 40 123
20 41 197
20 42 185
20 43 154
20 44 122
20 45 103
20 46 98
20 47 23
20 48 97
20 49 22
20 50 35
20 51 42
20 52 23
20 53 51
20 54 182
20 55 183
20 56 50
20 57 28
20 58 74
20 59 40
20 60 143
20 61 62
20 62 13
20 63 37
20 64 37
20 65 179
20 66 185
20 67 142
20 68 138
20 69 126
20 70 122
20 71 172
20 72 199
20 73 69
20 74 170
20 75 134
20 76 79
20 77 25
20 78 157
20 79 151
20 80 28
20 81 154
20 82 40
20 83 138
20 84 139
20 85 27
20 86 168
20 87 91
20 88 81
20 89 140
20 90 185
20 91 74
20 92 9
20 93 59
20 94 61
20 95 45
20 96 34
20 97 93
20 98 43
20 99 168
21 22 166
21 23 132
21 24 24
21 25 94
21 26 130
21 27 132
21 28 34
21 29 105
21 30 107
21 31 56
21 32 80
21 33 37
21 34 108
21 35 16
21 36 91
21 37 82
21 38 182
21 39 135
21 40 122
21 41 131
21 42 188
21 43 122
21 44 174
21 45 53
21 46 42
21 47 72
21 48 142
21 49 143
21 50 54
21 51 95
21 52 63
21 53 182
21 54 181
21 55 30
21 56 19
21 57 79
21 58 33
21 59 24
21 60 15
21 61 9
21 62 135
21 63 114
21 64 199
21 65 81
21 66 172
21 67 77
21 68 66
21 69 86
21 70 10
21 71 28
21 72 54
21 73 68
21 74 109
21 75 50
21 76 81
21 77 199
21 78 187
21 79 41
21 80 163
21 81 88
21 82 60
21 83 180
21 84 46
21 85 155
21 86 162
21 87 162
21 88 88
21 89 8
21 90 136
21 91 143
21 92 144
21 93 2
21 94 181
21 95 26
21 96 68
21 97 18
21 98 135
21 99 12
22 23 164
22 24 121
22 25 117
22 26 83
22 27 46
22 28 114
22 29 54
22 30 164
22 31 151
22 32 89
22 33 67
22 34 62
22 35 190
22 36 160
22 37 100
22 38 98
22 39 40
22 40 171
22 41 2
22 42 86
22 43 21
22 44 70
22 45 166
22 46 190
22 47 22
22 48 26
22 49 172
22 50 36
22 51 65
22 52 140
22 53 4
22 54 138
22 55 18
22 56 17
22 57 11
22 58 79
22 59 44
22 60 36
22 61 37
22 62 150
22 63 10
22 64 169
22 65 20
22 66 195
22 67 131
22 68 89
22 69 119
22 70 194
22 71 83
22 72 43
22 73 92
22 74 56
22 75 46
22 76 151
22 77 195
22 78 51
22 79 40
22 80 19
22 81 102
22 82 76
22 83 186
22 84 105
22 85 18
22 86 89
22 87 104
22 88 26
22 89 6
22 90 91
22 91 177
22 92 168
22 93 55
22 94 51
22 95 198
22 96 196
22 97 22
22 98 39
22 99 10
23 24 172
23 25 22
23 26 119
23 27 104
23 28 144
23 29 117
23 30 111
23 31 141
23 32 196
23 33 186
23 34 4
23 35 116
23 36 107
23 37 62
23 38 67
23 39 74
23 40 41
23 41 180
23 42 50
23 43 0
23 44 94
23 45 37
23 46 198
23 47 76
23 48 164
23 49 176
23 50 23
23 51 175
23 52 199
23 53 138
23 54 60
23 55 200
23 56 191
23 57 141
23 58 161
23 59 12
23 60 63
23 61 149
23 62 106
23 63 158
23 64 115
23 65 113
23 66 56
23 67 84
23 68 116
23 69 12
23 70 78
23 71 32
23 72 171
23 73 78
23 74 90
23 75 39
23 76 59
23 77 163
23 78 86
23 79 173
23 80 127
23 81 99
23 82 153
23 83 81
23 84 187
23 85 5
23 86 88
23 87 162
23 88 127
23 89 198
23 90 18
23 91 198
23 92 187
23 93 95
23 94 110
23 95 17
23 96 120
23 97 90
23 98 60
23 99 88
24 25 12
24 26 59
24 27 0
24 28 30
24 29 42
24 30 20
24 31 43
24 32 83
24 33 16
24 34 25
24 35 38
24 36 105
24 37 128
24 38 178
24 39 186
24 40 3
24 41 95
24 42 6
24 43 133
24 44 92
24 45 152
24 46 89
24 47 110
24 48 152
24 49 47
24 50 111
24 51 176
24 52 20
24 53 122
24 54 4
24 55 172
24 56 77
24 57 58
24 58 168
24 59 85
24 60 195
24 61 163
24 62 194
24 63 171
24 64 191
24 65 197
24 66 94
24 67 170
24 68 132
24 69 150
24 70 111
24 71 185
24 72 143
24 73 59
24 74 57
24 75 117
24 76 137
24 77 180
24 78 154
24 79 139
24 80 78
24 81 28
24 82 100
24 83 59
24 84 164
24 85 37
24 86 32
24 87 3
24 88 55
24 89 20
24 90 157
24 91 41
24 92 193
24 93 153
24 94 29
24 95 63
24 96 81
24 97 80
24 98 17
24 99 16
25 26 195
25 27 134
25 28 127
25 29 148
25 30 72
25 31 4
25 32 6
25 33 49
25 34 124
25 35 160
25 36 68
25 37 148
25 38 55
25 39 185
25 40 43
25 41 128
25 42 189
25 43 99
25 44 28
25 45 95
25 46 134
25 47 5
25 48 169
25 49 71
25 50 59
25 51 186
25 52 35
25 53 29
25 54 144
25 55 168
25 56 157
25 57 165
25 58 139
25 59 194
25 60 141
25 61 114
25 62 164
25 63 110
25 64 118
25 65 20
25 66 198
25 67 120
25 68 45
25 69 17
25 70 191
25 71 157
25 72 7
25 73 24
25 74 82
25 75 74
25 76 36
25 77 54
25 78 169
25 79 191
25 80 181
25 81 55
25 82 5
25 83 14
25 84 38
25 85 149
25 86 7
25 87 54
25 88 104
25 89 0
25 90 200
25 91 174
25 92 3
25 93 131
25 94 161
25 95 5
25 96 198
25 97 172
25 98 164
25 99 63
26 27 111
26 28 157
26 29 186
26 30 95
26 31 106
26 32 62
26 33 92
26 34 122
26 35 6
26 36 54
26 37 71
26 38 50
26 39 113
26 40 171
26 41 23
26 42 181
26 43 170
26 44 130
26 45 108
26 46 20
26 47 59
26 48 32
26 49 38
26 50 3
26 51 61
26 52 148
26 53 125
26 54 163
26 55 19
26 56 64
26 57 0
26 58 119
26 59 169
26 60 170
26 61 45
26 62 111
26 63 176
26 64 61
26 65 84
26 66 187
26 67 40
26 68 163
26 69 178
26 70 69
26 71 158
26 72 83
26 73 25
26 74 10
26 75 182
26 76 181
26 77 90
26 78 132
26 79 40
26 80 50
26 81 144
26 82 191
26 83 79
26 84 7
26 85 50
26 86 73
26 87 109
26 88 103
26 89 7
26 90 36
26 91 124
26 92 47
26 93 111
26 94 186
26 95 13
26 96 50
26 97 133
26 98 19
26 99 179
27 28 76
27 29 182
27 30 39
27 31 174
27 32 190
27 33 158
27 34 149
27 35 190
27 36 198
27 37 81
27 38 113
27 39 52
27 40 180
27 41 8
27 42 24
27 43 64
27 44 91
27 45 157
27 46 5
27 47 174
27 48 127
27 49 19
27 50 133
27 51 133
27 52 106
27 53 35
27 54 26
27 55 164
27 56 134
27 57 146
27 58 172
27 59 89
27 60 166
27 61 5
27 62 135
27 63 162
27 64 114
27 65 37
27 66 112
27 67 141
27 68 77
27 69 129
27 70 32
27 71 159
27 72 134
27 73 105
27 74 193
27 75 90
27 76 189
27 77 82
27 78 90
27 79 62
27 80 188
27 81 35
27 82 174
27 83 7
27 84 82
27 85 30
27 86 79
27 87 159
27 88 195
27 89 90
27 90 123
27 91 108
27 92 154
27 93 121
27 94 95
27 95 70
27 96 135
27 97 65
27 98 144
27 99 9
28 29 177
28 30 37
28 31 158
28 32 68
28 33 180
28 34 38
28 35 146
28 36 186
28 37 70
28 38 77
28 39 93
28 40 165
28 41 25
28 42 163
28 43 127
28 44 84
28 45 112
28 46 46
28 47 199
28 48 117
28 49 5
28 50 155
28 51 75
28 52 31
28 53 24
28 54 57
28 55 93
28 56 157
28 57 185
28 58 24
28 59 119
28 60 66
28 61 124
28 62 58
28 63 109
28 64 139
28 65 8
28 66 107
28 67 134
28 68 197
28 69 33
28 70 187
28 71 89
28 72 43
28 73 36
28 74 30
28 75 140
28 76 106
28 77 33
28 78 88
28 79 1
28 80 149
28 81 173
28 82 29
28 83 197
28 84 70
28 85 40
28 86 63
28 87 168
28 88 1
28 89 72
28 90 61
28 91 77
28 92 191
28 93 3
28 94 102
28 95 178
28 96 118
28 97 152
28 98 161
28 99 54
29 30 120
29 31 38
29 32 166
29 33 194
29 34 133
29 35 129
29 36 200
29 37 11
29 38 111
29 39 142
29 40 160
29 41 160
29 42 39
29 43 14
29 44 52
29 45 165
29 46 190
29 47 99
29 48 179
29 49 189
29 50 79
29 51 189
29 52 91
29 53 140
29 54 197
29 55 76
29 56 40
29 57 40
29 58 32
29 59 102
29 60 146
29 61 78
29 62 105
29 63 0
29 64 130
29 65 84
29 66 185
29 67 1
29 68 85
29 69 42
29 70 134
29 71 10
29 72 136
29 73 126
29 74 176
29 75 18
29 76 118
29 77 74
29 78 99
29 79 71
29 80 165
29 81 28
29 82 39
29 83 169
29 84 124
29 85 48
29 86 95
29 87 48
29 88 118
29 89 197
29 90 188
29 91 52
29 92 93
29 93 138
29 94 164
29 95 82
29 96 28
29 97 175
29 98 66
29 99 165
30 31 58
30 32 166
30 33 61
30 34 158
30 35 163
30 36 136
30 37 47
30 38 76
30 39 82
30 40 60
30 41 93
30 42 113
30 43 24
30 44 13
30 45 59
30 46 84
30 47 86
30 48 148
30 49 192
30 50 197
30 51 180
30 52 198
30 53 154
30 54 50
30 55 107
30 56 199
30 57 156
30 58 79
30 59 5
30 60 177
30 61 173
30 62 199
30 63 84
30 64 134
30 65 188
30 66 189
30 67 44
30 68 45
30 69 137
30 70 156
30 71 79
30 72 116
30 73 131
30 74 50
30 75 2
30 76 158
30 77 135
30 78 36
30 79 72
30 80 141
30 81 72
30 82 177
30 83 37
30 84 38
30 85 108
30 86 152
30 87 168
30 88 86
30 89 149
30 90 99
30 91 120
30 92 149
30 93 77
30 94 16
30 95 118
30 96 109
30 97 21
30 98 114
30 99 124
31 32 76
31 33 178
31 34 193
31 35 87
31 36 171
31 37 60
31 38 133
31 39 172
31 40 195
31 41 137
31 42 8
31 43 57
31 44 161
31 45 27
31 46 97
31 47 136
31 48 9
31 49 187
31 50 162
31 51 130
31 52 96
31 53 74
31 54 127
31 55 55
31 56 6
31 57 186
31 58 167
31 59 183
31 60 168
31 61 126
31 62 67
31 63 66
31 64 44
31 65 175
31 66 58
31 67 8
31 68 125
31 69 33
31 70 62
31 71 11
31 72 35
31 73 119
31 74 43
31 75 24
31 76 114
31 77 73
31 78 80
31 79 40
31 80 70
31 81 24
31 82 151
31 83 136
31 84 156
31 85 175
31 86 57
31 87 50
31 88 129
31 89 65
31 90 71
31 91 19
31 92 33
31 93 64
31 94 98
31 95 183
31 96 125
31 97 193
31 98 20
31 99 130
32 33 86
32 34 171
32 35 42
32 36 158
32 37 29
32 38 62
32 39 121
32 40 60
32 41 26
32 42 24
32 43 171
32 44 186
32 45 104
32 46 136
32 47 160
32 48 37
32 49 3
32 50 155
32 51 135
32 52 193
32 53 53
32 54 119
32 55 29
32 56 24
32 57 135
32 58 139
32 59 22
32 60 72
32 61 117
32 62 196
32 63 15
32 64 90
32 65 149
32 66 51
32 67 101
32 68 0
32 69 161
32 70 164
32 71 141
32 72 170
32 73 5
32 74 47
32 75 119
32 76 126
32 77 135
32 78 174
32 79 111
32 80 69
32 81 2
32 82 171
32 83 108
32 84 175
32 85 102
32 86 109
32 87 156
32 88 80
32 89 52
32 90 47
32 91 122
32 92 31
32 93 75
32 94 172
32 95 183
32 96 97
32 97 53
32 98 82
32 99 167
33 34 93
33 35 0
33 36 157
33 37 121
33 38 10
33 39 148
33 40 34
33 41 54
33 42 137
33 43 32
33 44 117
33 45 146
33 46 94
33 47 10
33 48 90
33 49 54
33 50 50
33 51 166
33 52 88
33 53 106
33 54 9
33 55 105
33 56 59
33 57 166
33 58 112
33 59 36
33 60 139
33 61 100
33 62 85
33 63 158
33 64 140
33 65 112
33 66 95
33 67 113
33 68 30
33 69 50
33 70 44
33 71 69
33 72 13
33 73 139
33 74 151
33 75 161
33 76 37
33 77 142
33 78 104
33 79 130
33 80 144
33 81 160
33 82 90
33 83 73
33 84 173
33 85 9
33 86 29
33 87 15
33 88 151
33 89 187
33 90 143
33 91 190
33 92 41
33 93 55
33 94 155
33 95 130
33 96 161
33 97 80
33 98 2
33 99 101
34 35 72
34 36 160
34 37 4
34 38 94
34 39 39
34 40 124
34 41 46
34 42 182
34 43 0
34 44 78
34 45 61
34 46 169
34 47 141
34 48 105
34 49 102
34 50 146
34 51 180
34 52 106
34 53 185
34 54 97
34 55 22
34 56 168
34 57 171
34 58 16
34 59 89
34 60 16
34 61 21
34 62 116
34 63 106
34 64 81
34 65 128
34 66 161
34 67 113
34 68 88
34 69 194
34 70 83
34 71 132
34 72 128
34 73 135
34 74 177
34 75 70
34 76 112
34 77 16
34 78 102
34 79 47
34 80 68
34 81 125
34 82 126
34 83 82
34 84 112
34 85 149
34 86 177
34 87 69
34 88 34
34 89 9
34 90 11
34 91 149
34 92 101
34 93 95
34 94 156
34 95 103
34 96 142
34 97 43
34 98 34
34 99 179
35 36 33
35 37 118
35 38 36
35 39 74
35 40 193
35 41 21
35 42 39
35 43 200
35 44 148
35 45 76
35 46 54
35 47 12
35 48 196
35 49 142
35 50 0
35 51 4
35 52 139
35 53 112
35 54 123
35 55 25
35 56 142
35 57 39
35 58 128
35 59 126
35 60 166
35 61 129
35 62 117
35 63 120
35 64 186
35 65 75
35 66 159
35 67 80
35 68 159
35 69 116
35 70 37
35 71 114
35 72 158
35 73 0
35 74 135
35 75 168
35 76 88
35 77 123
35 78 196
35 79 137
35 80 102
35 81 99
35 82 195
35 83 111
35 84 193
35 85 52
35 86 55
35 87 112
35 88 136
35 89 84
35 90 115
35 91 34
35 92 80
35 93 181
35 94 16
35 95 188
35 96 62
35 97 171
35 98 189
35 99 71
36 37 176
36 38 35
36 39 161
36 40 116
36 41 127
36 42 151
36 43 148
36 44 53
36 45 6
36 46 78
36 47 47
36 48 177
36 49 25
36 50 100
36 51 138
36 52 84
36 53 0
36 54 70
36 55 158
36 56 195
36 57 174
36 58 115
36 59 83
36 60 110
36 61 76
36 62 192
36 63 61
36 64 59
36 65 15
36 66 75
36 67 40
36 68 99
36 69 112
36 70 3
36 71 28
36 72 129
36 73 82
36 74 189
36 75 102
36 76 33
36 77 168
36 78 165
36 79 81
36 80 196
36 81 162
36 82 27
36 83 46
36 84 174
36 85 127
36 86 181
36 87 5
36 88 102
36 89 171
36 90 82
36 91 90
36 92 100
36 93 37
36 94 135
36 95 66
36 96 191
36 97 163
36 98 167
36 99 34
37 38 64
37 39 57
37 40 61
37 41 159
37 42 29
37 43 113
37 44 9
37 45 77
37 46 103
37 47 181
37 48 87
37 49 79
37 50 43
37 51 165
37 52 38
37 53 72
37 54 151
37 55 124
37 56 9
37 57 190
37 58 117
37 59 113
37 60 128
37 61 130
37 62 168
37 63 140
37 64 118
37 65 92
37 66 188
37 67 23
37 68 54
37 69 2
37 70 17
37 71 188
37 72 98
37 73 69
37 74 48
37 75 169
37 76 16
37 77 12
37 78 194
37 79 193
37 80 7
37 81 121
37 82 50
37 83 77
37 84 46
37 85 96
37 86 158
37 87 66
37 88 59
37 89 99
37 90 157
37 91 5
37 92 190
37 93 172
37 94 28
37 95 99
37 96 199
37 97 44
37 98 3
37 99 182
38 39 32
38 40 56
38 41 63
38 42 145
38 43 101
38 44 94
38 45 111
38 46 152
38 47 186
38 48 33
38 49 26
38 50 70
38 51 45
38 52 172
38 53 118
38 54 33
38 55 181
38 56 196
38 57 143
38 58 140
38 59 193
38 60 29
38 61 176
38 62 163
38 63 85
38 64 188
38 65 197
38 66 78
38 67 73
38 68 191
38 69 85
38 70 64
38 71 77
38 72 38
38 73 65
38 74 136
38 75 4
38 76 88
38 77 118
38 78 75
38 79 168
38 80 171
38 81 114
38 82 68
38 83 131
38 84 172
38 85 200
38 86 46
38 87 94
38 88 196
38 89 49
38 90 46
38 91 129
38 92 11
38 93 149
38 94 28
38 95 126
38 96 154
38 97 76
38 98 155
38 99 155
39 40 5
39 41 2
39 42 76
39 43 200
39 44 115
39 45 59
39 46 129
39 47 100
39 48 196
39 49 111
39 50 88
39 51 43
39 52 4
39 53 6
39 54 187
39 55 169
39 56 4
39 57 120
39 58 92
39 59 183
39 60 132
39 61 132
39 62 8
39 63 194
39 64 38
39 65 75
39 66 137
39 67 5
39 68 179
39 69 112
39 70 115
39 71 74
39 72 193
39 73 97
39 74 135
39 75 53
39 76 48
39 77 147
39 78 115
39 79 0
39 80 68
39 81 122
39 82 3
39 83 21
39 84 39
39 85 120
39 86 81
39 87 157
39 88 142
39 89 147
39 90 45
39 91 93
39 92 96
39 93 105
39 94 103
39 95 72
39 96 188
39 97 94
39 98 157
39 99 12
40 41 21
40 42 20
40 43 89
40 44 156
40 45 72
40 46 70
40 47 31
40 48 13
40 49 150
40 50 121
40 51 6
40 52 50
40 53 79
40 54 125
40 55 47
40 56 100
40 57 60
40 58 59
40 59 32
40 60 147
40 61 46
40 62 46
40 63 105
40 64 8
40 65 50
40 66 17
40 67 59
40 68 104
40 69 147
40 70 88
40 71 97
40 72 88
40 73 7
40 74 137
40 75 146
40 76 111
40 77 161
40 78 189
40 79 75
40 80 136
40 81 109
40 82 175
40 83 111
40 84 37
40 85 197
40 86 157
40 87 187
40 88 121
40 89 56
40 90 56
40 91 63
40 92 7
40 93 135
40 94 146
40 95 137
40 96 70
40 97 143
40 98 24
40 99 114
41 42 133
41 43 134
41 44 89
41 45 163
41 46 186
41 47 10
41 48 113
41 49 80
41 50 0
41 51 130
41 52 112
41 53 179
41 54 199
41 55 166
41 56 38
41 57 177
41 58 91
41 59 80
41 60 196
41 61 158
41 62 40
41 63 100
41 64 1
41 65 99
41 66 24
41 67 68
41 68 169
41 69 137
41 70 47
41 71 46
41 72 49
41 73 47
41 74 82
41 75 119
41 76 8
41 77 7
41 78 49
41 79 112
41 80 170
41 81 69
41 82 147
41 83 109
41 84 174
41 85 135
41 86 44
41 87 76
41 88 181
41 89 62
41 90 194
41 91 0
41 92 93
41 93 37
41 94 166
41 95 153
41 96 173
41 97 118
41 98 48
41 99 82
42 43 126
42 44 131
42 45 32
42 46 96
42 47 8
42 48 136
42 49 14
42 50 43
42 51 45
42 52 59
42 53 47
42 54 129
42 55 145
42 56 11
42 57 111
42 58 45
42 59 59
42 60 146
42 61 96
42 62 165
42 63 126
42 64 156
42 65 62
42 66 158
42 67 41
42 68 107
42 69 36
42 70 181
42 71 155
42 72 132
42 73 119
42 74 197
42 75 96
42 76 188
42 77 198
42 78 65
42 79 160
42 80 106
42 81 167
42 82 149
42 83 162
42 84 54
42 85 115
42 86 97
42 87 139
42 88 13
42 89 59
42 90 97
42 91 145
42 92 196
42 93 136
42 94 57
42 95 131
42 96 113
42 97 137
42 98 40
42 99 138
43 44 18
43 45 85
43 46 65
43 47 49
43 48 78
43 49 49
43 50 110
43 51 173
43 52 74
43 53 35
43 54 71
43 55 61
43 56 23
43 57 40
43 58 146
43 59 184
43 60 130
43 61 37
43 62 115
43 63 120
43 64 166
43 65 69
43 66 5
43 67 86
43 68 151
43 69 88
43 70 84
43 71 156
43 72 0
43 73 56
43 74 65
43 75 48
43 76 160
43 77 121
43 78 68
43 79 164
43 80 85
43 81 113
43 82 189
43 83 3
43 84 97
43 85 175
43 86 75
43 87 143
43 88 155
43 89 142
43 90 35
43 91 169
43 92 105
43 93 192
43 94 17
43 95 60
43 96 110
43 97 189
43 98 65
43 99 110
44 45 87
44 46 196
44 47 153
44 48 76
44 49 146
44 50 54
44 51 52
44 52 64
44 53 35
44 54 106
44 55 55
44 56 48
44 57 8
44 58 146
44 59 98
44 60 19
44 61 171
44 62 185
44 63 139
44 64 64
44 65 56
44 66 65
44 67 188
44 68 100
44 69 156
44 70 144
44 71 101
44 72 90
44 73 20
44 74 75
44 75 131
44 76 32
44 77 177
44 78 3
44 79 27
44 80 132
44 81 126
44 82 3
44 83 132
44 84 108
44 85 180
44 86 26
44 87 192
44 88 90
44 89 9
44 90 100
44 91 150
44 92 188
44 93 31
44 94 123
44 95 197
44 96 81
44 97 37
44 98 151
44 99 30
45 46 146
45 47 180
45 48 116
45 49 24
45 50 27
45 51 154
45 52 189
45 53 185
45 54 134
45 55 164
45 56 22
45 57 178
45 58 110
45 59 67
45 60 143
45 61 12
45 62 80
45 63 151
45 64 42
45 65 75
45 66 26
45 67 153
45 68 52
45 69 21
45 70 138
45 71 87
45 72 187
45 73 2
45 74 41
45 75 158
45 76 168
45 77 39
45 78 172
45 79 180
45 80 165
45 81 168
45 82 190
45 83 112
45 84 34
45 85 109
45 86 43
45 87 116
45 88 96
45 89 28
45 90 81
45 91 158
45 92 183
45 93 58
45 94 5
45 95 198
45 96 88
45 97 148
45 98 152
45 99 53
46 47 57
46 48 61
46 49 136
46 50 74
46 51 112
46 52 11
46 53 185
46 54 73
46 55 91
46 56 148
46 57 8
46 58 72
46 59 88
46 60 4
46 61 154
46 62 45
46 63 101
46 64 2
46 65 58
46 66 37
46 67 162
46 68 182
46 69 12
46 70 23
46 71 185
46 72 138
46 73 92
46 74 34
46 75 110
46 76 95
46 77 97
46 78 11
46 79 50
46 80 12
46 81 93
46 82 199
46 83 66
46 84 11
46 85 93
46 86 190
46 87 40
46 88 20
46 89 39
46 90 140
46 91 176
46 92 163
46 93 180
46 94 74
46 95 61
46 96 189
46 97 60
46 98 183
46 99 128
47 48 180
47 49 84
47 50 32
47 51 137
47 52 186
47 53 196
47 54 42
47 55 28
47 56 20
47 57 90
47 58 35
47 59 88
47 60 190
47 61 93
47 62 198
47 63 59
47 64 57
47 65 85
47 66 82
47 67 128
47 68 127
47 69 26
47 70 173
47 71 101
47 72 156
47 73 3
47 74 74
47 75 156
47 76 26
47 77 136
47 78 159
47 79 159
47 80 173
47 81 121
47 82 48
47 83 162
47 84 122
47 85 56
47 86 39
47 87 10
47 88 180
47 89 66
47 90 190
47 91 177
47 92 52
47 93 186
47 94 114
47 95 20
47 96 200
47 97 115
47 98 29
47 99 99
48 49 114
48 50 7
48 51 139
48 52 8
48 53 187
48 54 86
48 55 130
48 56 52
48 57 48
48 58 82
48 59 71
48 60 24
48 61 135
48 62 183
48 63 40
48 64 184
48 65 92
48 66 113
48 67 145
48 68 75
48 69 153
48 70 146
48 71 125
48 72 158
48 73 28
48 74 135
48 75 143
48 76 59
48 77 20
48 78 70
48 79 136
48 80 38
48 81 74
48 82 50
48 83 32
48 84 6
48 85 127
48 86 81
48 87 103
48 88 92
48 89 104
48 90 113
48 91 170
48 92 17
48 93 12
48 94 198
48 95 105
48 96 108
48 97 160
48 98 173
48 99 144
49 50 69
49 51 27
49 52 48
49 53 77
49 54 31
49 55 152
49 56 106
49 57 158
49 58 195
49 59 11
49 60 192
49 61 121
49 62 33
49 63 36
49 64 8
49 65 182
49 66 138
49 67 113
49 68 180
49 69 137
49 70 63
49 71 72
49 72 127
49 73 123
49 74 108
49 75 159
49 76 173
49 77 81
49 78 150
49 79 172
49 80 133
49 81 46
49 82 23
49 83 122
49 84 122
49 85 105
49 86 108
49 87 17
49 88 25
49 89 122
49 90 159
49 91 87
49 92 193
49 93 45
49 94 134
49 95 36
49 96 105
49 97 27
49 98 99
49 99 91
50 51 196
50 52 87
50 53 143
50 54 191
50 55 58
50 56 68
50 57 36
50 58 124
50 59 21
50 60 69
50 61 109
50 62 112
50 63 105
50 64 174
50 65 190
50 66 83
50 67 46
50 68 36
50 69 18
50 70 82
50 71 21
50 72 81
50 73 169
50 74 76
50 75 99
50 76 182
50 77 54
50 78 93
50 79 86
50 80 14
50 81 92
50 82 3
50 83 177
50 84 190
50 85 68
50 86 63
50 87 15
50 88 154
50 89 42
50 90 186
50 91 127
50 92 98
50 93 50
50 94 56
50 95 126
50 96 23
50 97 51
50 98 193
50 99 138
51 52 13
51 53 192
51 54 174
51 55 200
51 56 160
51 57 112
51 58 69
51 59 139
51 60 1
51 61 95
51 62 84
51 63 181
51 64 163
51 65 25
51 66 147
51 67 16
51 68 10
51 69 1
51 70 198
51 71 136
51 72 186
51 73 167
51 74 16
51 75 10
51 76 68
51 77 58
51 78 71
51 79 63
51 80 77
51 81 59
51 82 22
51 83 61
51 84 49
51 85 152
51 86 95
51 87 197
51 88 29
51 89 42
51 90 132
51 91 36
51 92 43
51 93 8
51 94 114
51 95 147
51 96 33
51 97 77
51 98 68
51 99 40
52 53 127
52 54 68
52 55 5
52 56 154
52 57 42
52 58 42
52 59 103
52 60 170
52 61 162
52 62 150
52 63 166
52 64 118
52 65 29
52 66 42
52 67 148
52 68 106
52 69 119
52 70 177
52 71 148
52 72 29
52 73 90
52 74 193
52 75 103
52 76 41
52 77 159
52 78 57
52 79 136
52 80 122
52 81 126
52 82 135
52 83 47
52 84 94
52 85 152
52 86 119
52 87 127
52 88 81
52 89 199
52 90 175
52 91 24
52 92 154
52 93 183
52 94 176
52 95 54
52 96 182
52 97 85
52 98 158
52 99 60
53 54 188
53 55 94
53 56 142
53 57 58
53 58 89
53 59 188
53 60 120
53 61 160
53 62 152
53 63 111
53 64 70
53 65 189
53 66 30
53 67 14
53 68 91
53 69 179
53 70 144
53 71 179
53 72 73
53 73 36
53 74 169
53 75 30
53 76 141
53 77 177
53 78 138
53 79 191
53 80 46
53 81 57
53 82 55
53 83 168
53 84 92
53 85 28
53 86 174
53 87 90
53 88 155
53 89 7
53 90 54
53 91 134
53 92 41
53 93 112
53 94 145
53 95 196
53 96 199
53 97 76
53 98 19
53 99 24
54 55 89
54 56 56
54 57 27
54 58 20
54 59 45
54 60 124
54 61 153
54 62 121
54 63 179
54 64 58
54 65 160
54 66 141
54 67 56
54 68 141
54 69 35
54 70 162
54 71 149
54 72 81
54 73 116
54 74 155
54 75 170
54 76 55
54 77 54
54 78 64
54 79 34
54 80 154
54 81 21
54 82 170
54 83 59
54 84 117
54 85 4
54 86 6
54 87 8
54 88 122
54 89 70
54 90 136
54 91 172
54 92 183
54 93 156
54 94 156
54 95 191
54 96 101
54 97 143
54 98 71
54 99 197
55 56 188
55 57 104
55 58 200
55 59 30
55 60 152
55 61 184
55 62 125
55 63 62
55 64 0
55 65 41
55 66 131
55 67 31
55 68 176
55 69 180
55 70 8
55 71 37
55 72 49
55 73 34
55 74 68
55 75 7
55 76 124
55 77 181
55 78 143
55 79 151
55 80 179
55 81 122
55 82 5
55 83 25
55 84 172
55 85 39
55 86 2
55 87 81
55 88 69
55 89 92
55 90 186
55 91 76
55 92 76
55 93 87
55 94 49
55 95 79
55 96 185
55 97 25
55 98 172
55 99 119
56 57 91
56 58 186
56 59 190
56 60 112
56 61 36
56 62 134
56 63 121
56 64 58
56 65 22
56 66 147
56 67 19
56 68 69
56 69 163
56 70 97
56 71 117
56 72 33
56 73 149
56 74 88
56 75 179
56 76 58
56 77 31
56 78 122
56 79 65
56 80 119
56 81 183
56 82 110
56 83 135
56 84 63
56 85 193
56 86 7
56 87 103
56 88 60
56 89 187
56 90 153
56 91 91
56 92 155
56 93 150
56 94 139
56 95 63
56 96 84
56 97 108
56 98 109
56 99 191
57 58 99
57 59 13
57 60 0
57 61 3
57 62 116
57 63 53
57 64 144
57 65 43
57 66 198
57 67 151
57 68 152
57 69 6
57 70 108
57 71 157
57 72 168
57 73 123
57 74 79
57 75 90
57 76 76
57 77 4
57 78 92
57 79 167
57 80 35
57 81 154
57 82 187
57 83 77
57 84 53
57 85 102
57 86 122
57 87 109
57 88 74
57 89 42
57 90 43
57 91 4
57 92 65
57 93 171
57 94 45
57 95 181
57 96 147
57 97 69
57 98 85
57 99 143
58 59 170
58 60 71
58 61 54
58 62 54
58 63 176
58 64 89
58 65 32
58 66 67
58 67 138
58 68 111
58 69 27
58 70 42
58 71 102
58 72 181
58 73 37
58 74 182
58 75 81
58 76 199
58 77 61
58 78 197
58 79 75
58 80 184
58 81 105
58 82 38
58 83 200
58 84 150
58 85 49
58 86 42
58 87 43
58 88 150
58 89 58
58 90 46
58 91 106
58 92 40
58 93 127
58 94 133
58 95 12
58 96 164
58 97 72
58 98 99
58 99 104
59 60 77
59 61 78
59 62 104
59 63 130
59 64 70
59 65 180
59 66 75
59 67 177
59 68 169
59 69 26
59 70 18
59 71 170
59 72 110
59 73 23
59 74 81
59 75 145
59 76 175
59 77 187
59 78 115
59 79 7
59 80 32
59 81 61
59 82 155
59 83 106
59 84 84
59 85 75
59 86 39
59 87 146
59 88 192
59 89 147
59 90 58
59 91 88
59 92 32
59 93 35
59 94 45
59 95 181
59 96 61
59 97 139
59 98 149
59 99 191
60 61 63
60 62 118
60 63 160
60 64 54
60 65 27
60 66 125
60 67 140
60 68 127
60 69 174
60 70 73
60 71 80
60 72 47
60 73 87
60 74 191
60 75 137
60 76 96
60 77 191
60 78 129
60 79 112
60 80 141
60 81 20
60 82 185
60 83 155
60 84 79
60 85 195
60 86 77
60 87 143
60 88 108
60 89 39
60 90 67
60 91 162
60 92 22
60 93 116
60 94 182
60 95 70
60 96 65
60 97 23
60 98 133
60 99 0
61 62 175
61 63 173
61 64 171
61 65 58
61 66 19
61 67 120
61 68 36
61 69 46
61 70 141
61 71 128
61 72 92
61 73 187
61 74 72
61 75 164
61 76 161
61 77 137
61 78 143
61 79 50
61 80 64
61 81 15
61 82 128
61 83 31
61 84 126
61 85 61
61 86 164
61 87 62
61 88 196
61 89 169
61 90 100
61 91 88
61 92 15
61 93 58
61 94 157
61 95 2
61 96 76
61 97 126
61 98 186
61 99 166
62 63 153
62 64 115
62 65 188
62 66 49
62 67 62
62 68 192
62 69 31
62 70 64
62 71 139
62 72 107
62 73 8
62 74 119
62 75 92
62 76 44
62 77 89
62 78 90
62 79 189
62 80 52
62 81 123
62 82 153
62 83 50
62 84 45
62 85 104
62 86 119
62 87 162
62 88 87
62 89 140
62 90 65
62 91 40
62 92 118
62 93 155
62 94 45
62 95 27
62 96 192
62 97 90
62 98 31
62 99 128
63 64 166
63 65 40
63 66 110
63 67 111
63 68 32
63 69 170
63 70 93
63 71 159
63 72 2
63 73 31
63 74 129
63 75 37
63 76 75
63 77 157
63 78 61
63 79 86
63 80 126
63 81 124
63 82 98
63 83 78
63 84 47
63 85 18
63 86 187
63 87 43
63 88 113
63 89 37
63 90 89
63 91 15
63 92 17
63 93 52
63 94 181
63 95 139
63 96 13
63 97 116
63 98 194
63 99 194
64 65 70
64 66 49
64 67 197
64 68 26
64 69 65
64 70 195
64 71 198
64 72 188
64 73 183
64 74 198
64 75 63
64 76 150
64 77 60
64 78 48
64 79 52
64 80 185
64 81 161
64 82 151
64 83 149
64 84 25
64 85 46
64 86 191
64 87 95
64 88 8
64 89 6
64 90 49
64 91 170
64 92 37
64 93 97
64 94 72
64 95 166
64 96 12
64 97 62
64 98 56
64 99 12
65 66 165
65 67 35
65 68 103
65 69 180
65 70 118
65 71 5
65 72 163
65 73 168
65 74 120
65 75 30
65 76 192
65 77 124
65 78 8
65 79 153
65 80 134
65 81 164
65 82 76
65 83 34
65 84 195
65 85 131
65 86 122
65 87 66
65 88 160
65 89 2
65 90 198
65 91 144
65 92 165
65 93 20
65 94 190
65 95 46
65 96 72
65 97 177
65 98 56
65 99 80
66 67 20
66 68 145
66 69 170
66 70 104
66 71 10
66 72 180
66 73 104
66 74 118
66 75 116
66 76 14
66 77 23
66 78 140
66 79 41
66 80 85
66 81 26
66 82 168
66 83 52
66 84 87
66 85 160
66 86 65
66 87 61
66 88 140
66 89 15
66 90 97
66 91 132
66 92 22
66 93 65
66 94 38
66 95 145
66 96 58
66 97 165
66 98 89
66 99 56
67 68 49
67 69 50
67 70 87
67 71 84
67 72 190
67 73 18
67 74 165
67 75 147
67 76 89
67 77 28
67 78 1
67 79 89
67 80 0
67 81 47
67 82 189
67 83 104
67 84 42
67 85 57
67 86 167
67 87 40
67 88 194
67 89 163
67 90 99
67 91 103
67 92 168
67 93 154
67 94 116
67 95 121
67 96 184
67 97 73
67 98 134
67 99 151
68 69 75
68 70 127
68 71 99
68 72 175
68 73 177
68 74 162
68 75 51
68 76 48
68 77 37
68 78 172
68 79 9
68 80 185
68 81 120
68 82 172
68 83 55
68 84 16
68 85 6
68 86 9
68 87 68
68 88 178
68 89 167
68 90 175
68 91 85
68 92 133
68 93 69
68 94 168
68 95 160
68 96 127
68 97 163
68 98 167
68 99 17
69 70 163
69 71 82
69 72 158
69 73 101
69 74 98
69 75 94
69 76 173
69 77 75
69 78 165
69 79 116
69 80 90
69 81 186
69 82 86
69 83 41
69 84 125
69 85 142
69 86 200
69 87 23
69 88 151
69 89 88
69 90 164
69 91 66
69 92 15
69 93 169
69 94 8
69 95 45
69 96 17
69 97 132
69 98 57
69 99 193
70 71 165
70 72 103
70 73 182
70 74 17
70 75 144
70 76 198
70 77 6
70 78 109
70 79 154
70 80 129
70 81 68
70 82 144
70 83 33
70 84 30
70 85 98
70 86 174
70 87 190
70 88 64
70 89 84
70 90 11
70 91 96
70 92 6
70 93 95
70 94 144
70 95 173
70 96 71
70 97 92
70 98 4
70 99 65
71 72 98
71 73 193
71 74 66
71 75 115
71 76 27
71 77 131
71 78 134
71 79 26
71 80 153
71 81 22
71 82 138
71 83 86
71 84 191
71 85 145
71 86 193
71 87 23
71 88 7
71 89 199
71 90 171
71 91 66
71 92 14
71 93 87
71 94 131
71 95 98
71 96 69
71 97 129
71 98 196
71 99 200
72 73 112
72 74 154
72 75 67
72 76 114
72 77 181
72 78 135
72 79 155
72 80 27
72 81 116
72 82 189
72 83 131
72 84 57
72 85 168
72 86 20
72 87 137
72 88 8
72 89 121
72 90 62
72 91 8
72 92 173
72 93 41
72 94 92
72 95 193
72 96 83
72 97 78
72 98 14
72 99 158
73 74 31
73 75 139
73 76 196
73 77 1
73 78 85
73 79 110
73 80 142
73 81 151
73 82 55
73 83 149
73 84 166
73 85 81
73 86 110
73 87 82
73 88 105
73 89 7
73 90 137
73 91 14
73 92 45
73 93 101
73 94 134
73 95 106
73 96 20
73 97 75
73 98 146
73 99 24
74 75 99
74 76 63
74 77 40
74 78 98
74 79 165
74 80 62
74 81 0
74 82 60
74 83 108
74 84 147
74 85 200
74 86 72
74 87 88
74 88 142
74 89 124
74 90 69
74 91 99
74 92 110
74 93 161
74 94 162
74 95 75
74 96 66
74 97 87
74 98 10
74 99 106
75 76 45
75 77 48
75 78 25
75 79 81
75 80 21
75 81 78
75 82 137
75 83 185
75 84 65
75 85 188
75 86 52
75 87 120
75 88 143
75 89 168
75 90 97
75 91 1
75 92 103
75 93 121
75 94 82
75 95 58
75 96 122
75 97 150
75 98 129
75 99 198
76 77 18
76 78 175
76 79 42
76 80 46
76 81 184
76 82 129
76 83 159
76 84 168
76 85 109
76 86 175
76 87 83
76 88 66
76 89 197
76 90 102
76 91 12
76 92 148
76 93 31
76 94 9
76 95 106
76 96 137
76 97 95
76 98 145
76 99 92
77 78 16
77 79 179
77 80 187
77 81 5
77 82 157
77 83 111
77 84 106
77 85 10
77 86 105
77 87 42
77 88 72
77 89 187
77 90 81
77 91 21
77 92 90
77 93 89
77 94 76
77 95 103
77 96 117
77 97 33
77 98 183
77 99 162
78 79 20
78 80 100
78 81 122
78 82 197
78 83 171
78 84 135
78 85 166
78 86 127
78 87 58
78 88 99
78 89 11
78 90 153
78 91 84
78 92 89
78 93 99
78 94 190
78 95 28
78 96 108
78 97 111
78 98 97
78 99 7
79 80 103
79 81 69
79 82 56
79 83 114
79 84 196
79 85 56
79 86 15
79 87 159
79 88 132
79 89 184
79 90 142
79 91 101
79 92 103
79 93 123
79 94 154
79 95 170
79 96 190
79 97 165
79 98 125
79 99 111
80 81 9
80 82 78
80 83 101
80 84 193
80 85 188
80 86 141
80 87 103
80 88 106
80 89 38
80 90 146
80 91 58
80 92 67
80 93 13
80 94 76
80 95 142
80 96 36
80 97 88
80 98 119
80 99 175
81 82 146
81 83 67
81 84 129
81 85 99
81 86 91
81 87 135
81 88 143
81 89 184
81 90 52
81 91 74
81 92 138
81 93 178
81 94 101
81 95 175
81 96 183
81 97 91
81 98 95
81 99 163
82 83 127
82 84 154
82 85 110
82 86 49
82 87 9
82 88 146
82 89 173
82 90 51
82 91 154
82 92 52
82 93 66
82 94 89
82 95 92
82 96 19
82 97 58
82 98 169
82 99 95
83 84 145
83 85 150
83 86 36
83 87 148
83 88 71
83 89 74
83 90 169
83 91 66
83 92 181
83 93 137
83 94 165
83 95 175
83 96 173
83 97 41
83 98 185
83 99 68
84 85 121
84 86 14
84 87 179
84 88 38
84 89 197
84 90 191
84 91 34
84 92 19
84 93 3
84 94 1
84 95 98
84 96 108
84 97 11
84 98 147
84 99 87
85 86 155
85 87 54
85 88 4
85 89 195
85 90 97
85 91 33
85 92 193
85 93 180
85 94 22
85 95 199
85 96 99
85 97 154
85 98 78
85 99 160
86 87 199
86 88 194
86 89 21
86 90 82
86 91 29
86 92 20
86 93 121
86 94 79
86 95 19
86 96 196
86 97 67
86 98 78
86 99 150
87 88 90
87 89 179
87 90 70
87 91 125
87 92 4
87 93 39
87 94 13
87 95 85
87 96 77
87 97 4
87 98 115
87 99 90
88 89 11
88 90 41
88 91 29
88 92 187
88 93 6
88 94 156
88 95 142
88 96 90
88 97 141
88 98 183
88 99 71
