100 4209
0 1 185
0 2 18
0 3 188
0 4 181
0 5 9
0 6 49
0 7 181
0 8 80
0 9 18
0 10 152
0 11 143
0 12 89
0 13 142
0 14 144
0 15 120
0 16 33
0 17 93
0 18 95
0 19 107
0 20 194
0 21 63
0 22 142
0 23 196
0 24 184
0 25 103
0 26 159
0 27 16
0 28 33
0 29 101
0 30 166
0 31 28
0 32 123
0 33 116
0 34 82
0 35 140
0 36 13
0 37 190
0 38 48
0 39 43
0 40 0
0 41 199
0 42 9
0 43 184
0 44 35
0 45 123
0 46 22
0 47 2
0 48 156
0 49 116
0 50 197
0 51 173
0 52 41
0 53 113
0 54 48
0 55 194
0 56 113
0 57 122
0 58 196
0 59 24
0 60 138
0 61 197
0 62 141
0 63 75
0 64 67
0 65 198
0 66 63
0 67 51
0 68 142
0 69 89
0 70 100
0 71 13
0 72 156
0 73 39
0 74 91
0 75 92
0 76 191
0 77 2
0 78 163
0 79 47
0 80 32
0 81 27
0 82 161
0 83 27
0 84 102
0 85 176
0 86 14
0 87 105
0 88 196
0 89 98
0 90 99
0 91 47
0 92 70
0 93 74
0 94 132
0 95 10
0 96 165
0 97 35
0 98 43
0 99 73
1 2 62
1 3 110
1 4 189
1 5 96
1 6 54
1 7 12
1 8 70
1 9 119
1 10 55
1 11 161
1 12 85
1 13 170
1 14 87
1 15 52
1 16 40
1 17 10
1 18 196
1 19 151
1 20 149
1 21 146
1 22 150
1 23 53
1 24 125
1 25 105
1 26 149
1 27 28
1 28 83
1 29 19
1 30 132
1 31 31
1 32 66
1 33 73
1 34 4
1 35 84
1 36 199
1 37 183
1 38 30
1 39 67
1 40 25
1 41 18
1 42 97
1 43 67
1 44 156
1 45 99
1 46 94
1 47 30
1 48 198
1 49 25
1 50 141
1 51 160
1 52 60
1 53 115
1 54 6
1 55 162
1 56 157
1 57 44
1 58 57
1 59 113
1 60 126
1 61 175
1 62 179
1 63 21
1 64 35
1 65 45
1 66 124
1 67 144
1 68 139
1 69 161
1 70 180
1 71 76
1 72 111
1 73 13
1 74 101
1 75 7
1 76 197
1 77 79
1 78 64
1 79 189
1 80 75
1 81 196
1 82 99
1 83 158
1 84 116
1 85 85
1 86 119
1 87 78
1 88 130
1 89 50
1 90 180
1 91 157
1 92 45
1 93 85
1 94 76
1 95 184
1 96 133
1 97 18
1 98 192
1 99 157
2 3 154
2 4 63
2 5 172
2 6 91
2 7 193
2 8 66
2 9 132
2 10 109
2 11 49
2 12 116
2 13 180
2 14 25
2 15 149
2 16 197
2 17 175
2 18 144
2 19 159
2 20 80
2 21 86
2 22 23
2 23 15
2 24 42
2 25 51
2 26 83
2 27 162
2 28 177
2 29 123
2 30 68
2 31 23
2 32 97
2 33 60
2 34 62
2 35 108
2 36 168
2 37 79
2 38 139
2 39 43
2 40 65
2 41 32
2 42 80
2 43 124
2 44 46
2 45 175
2 46 112
2 47 45
2 48 44
2 49 140
2 50 3
2 51 68
2 52 173
2 53 93
2 54 162
2 55 86
2 56 71
2 57 86
2 58 158
2 59 166
2 60 33
2 61 187
2 62 16
2 63 54
2 64 82
2 65 69
2 66 178
2 67 173
2 68 142
2 69 194
2 70 128
2 71 200
2 72 67
2 73 95
2 74 65
2 75 153
2 76 193
2 77 164
2 78 179
2 79 36
2 80 199
2 81 179
2 82 118
2 83 115
2 84 161
2 85 86
2 86 59
2 87 94
2 88 199
2 89 29
2 90 195
2 91 71
2 92 72
2 93 54
2 94 42
2 95 199
2 96 145
2 97 70
2 98 77
2 99 125
3 4 88
3 5 154
3 6 136
3 7 152
3 8 170
3 9 198
3 10 191
3 11 164
3 12 198
3 13 43
3 14 151
3 15 134
3 16 76
3 17 145
3 18 106
3 19 37
3 20 141
3 21 177
3 22 157
3 23 125
3 24 120
3 25 191
3 26 200
3 27 15
3 28 46
3 29 127
3 30 65
3 31 159
3 32 105
3 33 164
3 34 138
3 35 111
3 36 158
3 37 136
3 38 102
3 39 16
3 40 160
3 41 167
3 42 117
3 43 168
3 44 187
3 45 4
3 46 116
3 47 6
3 48 6
3 49 83
3 50 48
3 51 25
3 52 66
3 53 195
3 54 172
3 55 55
3 56 131
3 57 5
3 58 173
3 59 171
3 60 93
3 61 78
3 62 107
3 63 151
3 64 80
3 65 103
3 66 73
3 67 8
3 68 81
3 69 45
3 70 1
3 71 61
3 72 163
3 73 53
3 74 45
3 75 76
3 76 80
3 77 142
3 78 157
3 79 22
3 80 58
3 81 75
3 82 126
3 83 41
3 84 178
3 85 21
3 86 77
3 87 76
3 88 10
3 89 21
3 90 15
3 91 60
3 92 177
3 93 125
3 94 198
3 95 118
3 96 124
3 97 91
3 98 107
3 99 135
4 5 181
4 6 112
4 7 89
4 8 107
4 9 76
4 10 198
4 11 47
4 12 164
4 13 61
4 14 134
4 15 121
4 16 132
4 17 164
4 18 98
4 19 172
4 20 134
4 21 164
4 22 50
4 23 192
4 24 51
4 25 46
4 26 12
4 27 44
4 28 160
4 29 115
4 30 86
4 31 198
4 32 30
4 33 68
4 34 107
4 35 53
4 36 50
4 37 165
4 38 37
4 39 154
4 40 199
4 41 164
4 42 171
4 43 120
4 44 90
4 45 164
4 46 148
4 47 25
4 48 67
4 49 200
4 50 148
4 51 178
4 52 9
4 53 27
4 54 55
4 55 158
4 56 122
4 57 63
4 58 130
4 59 61
4 60 49
4 61 176
4 62 64
4 63 143
4 64 90
4 65 66
4 66 73
4 67 100
4 68 155
4 69 117
4 70 35
4 71 8
4 72 39
4 73 144
4 74 164
4 75 150
4 76 56
4 77 90
4 78 7
4 79 108
4 80 169
4 81 79
4 82 100
4 83 159
4 84 162
4 85 68
4 86 144
4 87 109
4 88 33
4 89 54
4 90 191
4 91 53
4 92 144
4 93 14
4 94 22
4 95 84
4 96 2
4 97 110
4 98 123
4 99 109
5 6 160
5 7 123
5 8 166
5 9 120
5 10 86
5 11 36
5 12 124
5 13 41
5 14 90
5 15 17
5 16 77
5 17 177
5 18 52
5 19 89
5 20 109
5 21 11
5 22 12
5 23 54
5 24 150
5 25 101
5 26 14
5 27 14
5 28 156
5 29 17
5 30 33
5 31 35
5 32 66
5 33 6
5 34 186
5 35 176
5 36 114
5 37 136
5 38 196
5 39 191
5 40 129
5 41 183
5 42 142
5 43 5
5 44 25
5 45 174
5 46 17
5 47 140
5 48 149
5 49 89
5 50 174
5 51 198
5 52 115
5 53 180
5 54 37
5 55 63
5 56 131
5 57 77
5 58 32
5 59 71
5 60 72
5 61 122
5 62 78
5 63 43
5 64 130
5 65 0
5 66 98
5 67 137
5 68 186
5 69 133
5 70 7
5 71 133
5 72 97
5 73 32
5 74 152
5 75 34
5 76 163
5 77 20
5 78 109
5 79 14
5 80 166
5 81 23
5 82 129
5 83 176
5 84 85
5 85 28
5 86 175
5 87 11
5 88 60
5 89 141
5 90 70
5 91 50
5 92 78
5 93 186
5 94 184
5 95 49
5 96 66
5 97 31
5 98 25
5 99 135
6 7 134
6 8 143
6 9 69
6 10 44
6 11 160
6 12 145
6 13 190
6 14 168
6 15 170
6 16 185
6 17 0
6 18 28
6 19 141
6 20 155
6 21 89
6 22 160
6 23 30
6 24 154
6 25 182
6 26 73
6 27 80
6 28 45
6 29 51
6 30 10
6 31 82
6 32 73
6 33 43
6 34 134
6 35 103
6 36 92
6 37 140
6 38 23
6 39 80
6 40 131
6 41 133
6 42 169
6 43 119
6 44 128
6 45 2
6 46 40
6 47 165
6 48 70
6 49 109
6 50 186
6 51 81
6 52 43
6 53 41
6 54 67
6 55 62
6 56 145
6 57 133
6 58 156
6 59 152
6 60 18
6 61 48
6 62 6
6 63 95
6 64 65
6 65 116
6 66 191
6 67 65
6 68 180
6 69 190
6 70 82
6 71 51
6 72 127
6 73 23
6 74 194
6 75 110
6 76 161
6 77 172
6 78 49
6 79 177
6 80 17
6 81 193
6 82 133
6 83 129
6 84 175
6 85 45
6 86 166
6 87 44
6 88 142
6 89 27
6 90 20
6 91 44
6 92 21
6 93 73
6 94 33
6 95 123
6 96 118
6 97 143
6 98 173
6 99 22
7 8 92
7 9 160
7 10 184
7 11 160
7 12 149
7 13 35
7 14 150
7 15 156
7 16 171
7 17 4
7 18 140
7 19 19
7 20 21
7 21 160
7 22 120
7 23 56
7 24 83
7 25 187
7 26 95
7 27 121
7 28 47
7 29 134
7 30 7
7 31 79
7 32 48
7 33 65
7 34 143
7 35 69
7 36 114
7 37 200
7 38 120
7 39 31
7 40 123
7 41 146
7 42 126
7 43 149
7 44 198
7 45 29
7 46 148
7 47 47
7 48 121
7 49 90
7 50 189
7 51 162
7 52 42
7 53 114
7 54 32
7 55 156
7 56 79
7 57 91
7 58 62
7 59 72
7 60 198
7 61 189
7 62 101
7 63 21
7 64 108
7 65 164
7 66 129
7 67 129
7 68 161
7 69 96
7 70 179
7 71 133
7 72 137
7 73 71
7 74 37
7 75 106
7 76 122
7 77 27
7 78 125
7 79 2
7 80 40
7 81 186
7 82 34
7 83 110
7 84 14
7 85 171
7 86 168
7 87 9
7 88 18
7 89 173
7 90 45
7 91 70
7 92 110
7 93 18
7 94 79
7 95 80
7 96 143
7 97 40
7 98 70
7 99 39
8 9 185
8 10 150
8 11 124
8 12 55
8 13 136
8 14 198
8 15 143
8 16 142
8 17 108
8 18 79
8 19 0
8 20 146
8 21 102
8 22 35
8 23 158
8 24 7
8 25 65
8 26 47
8 27 40
8 28 90
8 29 95
8 30 15
8 31 169
8 32 128
8 33 112
8 34 69
8 35 199
8 36 200
8 37 190
8 38 152
8 39 153
8 40 158
8 41 51
8 42 139
8 43 65
8 44 156
8 45 87
8 46 184
8 47 168
8 48 85
8 49 13
8 50 7
8 51 77
8 52 50
8 53 147
8 54 0
8 55 178
8 56 126
8 57 162
8 58 67
8 59 110
8 60 14
8 61 117
8 62 84
8 63 37
8 64 122
8 65 167
8 66 194
8 67 32
8 68 197
8 69 183
8 70 182
8 71 14
8 72 194
8 73 24
8 74 163
8 75 127
8 76 129
8 77 0
8 78 50
8 79 162
8 80 164
8 81 131
8 82 59
8 83 104
8 84 59
8 85 147
8 86 89
8 87 159
8 88 104
8 89 195
8 90 159
8 91 35
8 92 59
8 93 198
8 94 34
8 95 140
8 96 177
8 97 83
8 98 112
8 99 131
9 10 133
9 11 25
9 12 4
9 13 170
9 14 19
9 15 84
9 16 184
9 17 135
9 18 54
9 19 85
9 20 129
9 21 99
9 22 83
9 23 189
9 24 198
9 25 129
9 26 43
9 27 73
9 28 118
9 29 150
9 30 59
9 31 6
9 32 11
9 33 22
9 34 197
9 35 22
9 36 50
9 37 130
9 38 36
9 39 55
9 40 192
9 41 91
9 42 120
9 43 144
9 44 196
9 45 93
9 46 77
9 47 117
9 48 161
9 49 121
9 50 44
9 51 68
9 52 168
9 53 143
9 54 155
9 55 132
9 56 100
9 57 196
9 58 146
9 59 167
9 60 156
9 61 166
9 62 147
9 63 130
9 64 197
9 65 14
9 66 86
9 67 189
9 68 179
9 69 153
9 70 0
9 71 32
9 72 121
9 73 166
9 74 149
9 75 120
9 76 145
9 77 68
9 78 197
9 79 17
9 80 69
9 81 29
9 82 44
9 83 157
9 84 129
9 85 104
9 86 93
9 87 30
9 88 170
9 89 185
9 90 179
9 91 176
9 92 39
9 93 189
9 94 144
9 95 29
9 96 176
9 97 36
9 98 199
9 99 86
10 11 41
10 12 58
10 13 35
10 14 145
10 15 35
10 16 60
10 17 76
10 18 187
10 19 87
10 20 183
10 21 172
10 22 193
10 23 115
10 24 9
10 25 96
10 26 101
10 27 32
10 28 198
10 29 79
10 30 22
10 31 48
10 32 183
10 33 32
10 34 50
10 35 179
10 36 102
10 37 42
10 38 86
10 39 160
10 40 68
10 41 179
10 42 172
10 43 76
10 44 19
10 45 165
10 46 68
10 47 182
10 48 23
10 49 78
10 50 144
10 51 77
10 52 83
10 53 164
10 54 34
10 55 122
10 56 85
10 57 2
10 58 91
10 59 162
10 60 44
10 61 90
10 62 6
10 63 150
10 64 68
10 65 87
10 66 12
10 67 105
10 68 75
10 69 83
10 70 91
10 71 58
10 72 18
10 73 62
10 74 174
10 75 134
10 76 200
10 77 180
10 78 20
10 79 131
10 80 123
10 81 168
10 82 192
10 83 110
10 84 28
10 85 100
10 86 190
10 87 80
10 88 86
10 89 152
10 90 62
10 91 98
10 92 151
10 93 127
10 94 99
10 95 45
10 96 117
10 97 62
10 98 179
10 99 105
11 12 169
11 13 143
11 14 176
11 15 160
11 16 184
11 17 116
11 18 106
11 19 99
11 20 76
11 21 50
11 22 98
11 23 186
11 24 49
11 25 118
11 26 112
11 27 86
11 28 107
11 29 104
11 30 118
11 31 49
11 32 135
11 33 143
11 34 65
11 35 165
11 36 145
11 37 59
11 38 155
11 39 115
11 40 52
11 41 9
11 42 87
11 43 156
11 44 58
11 45 76
11 46 23
11 47 39
11 48 195
11 49 156
11 50 97
11 51 110
11 52 137
11 53 135
11 54 5
11 55 57
11 56 84
11 57 86
11 58 199
11 59 92
11 60 22
11 61 78
11 62 39
11 63 72
11 64 100
11 65 143
11 66 142
11 67 28
11 68 162
11 69 77
11 70 101
11 71 73
11 72 18
11 73 92
11 74 33
11 75 25
11 76 29
11 77 160
11 78 93
11 79 110
11 80 118
11 81 88
11 82 11
11 83 63
11 84 112
11 85 120
11 86 50
11 87 108
11 88 148
11 89 50
11 90 195
11 91 187
11 92 168
11 93 57
11 94 158
11 95 195
11 96 191
11 97 14
11 98 126
11 99 118
12 13 22
12 14 58
12 15 50
12 16 47
12 17 44
12 18 35
12 19 45
12 20 48
12 21 9
12 22 66
12 23 54
12 24 50
12 25 118
12 26 59
12 27 113
12 28 39
12 29 131
12 30 165
12 31 71
12 32 104
12 33 132
12 34 98
12 35 33
12 36 129
12 37 38
12 38 120
12 39 3
12 40 28
12 41 77
12 42 28
12 43 16
12 44 173
12 45 155
12 46 41
12 47 137
12 48 139
12 49 22
12 50 115
12 51 7
12 52 15
12 53 5
12 54 167
12 55 64
12 56 160
12 57 188
12 58 44
12 59 11
12 60 124
12 61 61
12 62 104
12 63 24
12 64 60
12 65 197
12 66 151
12 67 135
12 68 5
12 69 10
12 70 149
12 71 122
12 72 103
12 73 83
12 74 86
12 75 192
12 76 13
12 77 14
12 78 106
12 79 87
12 80 53
12 81 64
12 82 21
12 83 77
12 84 54
12 85 28
12 86 51
12 87 60
12 88 133
12 89 82
12 90 15
12 91 102
12 92 2
12 93 156
12 94 151
12 95 52
12 96 94
12 97 50
12 98 104
12 99 104
13 14 95
13 15 13
13 16 137
13 17 176
13 18 99
13 19 124
13 20 43
13 21 157
13 22 28
13 23 153
13 24 39
13 25 121
13 26 121
13 27 141
13 28 102
13 29 54
13 30 96
13 31 84
13 32 3
13 33 53
13 34 74
13 35 152
13 36 53
13 37 5
13 38 189
13 39 171
13 40 67
13 41 195
13 42 84
13 43 174
13 44 119
13 45 153
13 46 15
13 47 46
13 48 104
13 49 149
13 50 195
13 51 86
13 52 175
13 53 125
13 54 139
13 55 83
13 56 70
13 57 185
13 58 43
13 59 79
13 60 13
13 61 15
13 62 92
13 63 72
13 64 32
13 65 57
13 66 55
13 67 183
13 68 158
13 69 120
13 70 34
13 71 147
13 72 33
13 73 79
13 74 0
13 75 113
13 76 191
13 77 4
13 78 103
13 79 138
13 80 117
13 81 71
13 82 129
13 83 95
13 84 174
13 85 159
13 86 158
13 87 90
13 88 17
13 89 108
13 90 184
13 91 85
13 92 172
13 93 107
13 94 3
13 95 18
13 96 170
13 97 23
13 98 177
13 99 64
14 15 154
14 16 108
14 17 4
14 18 52
14 19 178
14 20 160
14 21 194
14 22 7
14 23 97
14 24 125
14 25 108
14 26 187
14 27 2
14 28 148
14 29 21
14 30 177
14 31 54
14 32 161
14 33 162
14 34 155
14 35 129
14 36 19
14 37 18
14 38 96
14 39 59
14 40 87
14 41 94
14 42 59
14 43 117
14 44 71
14 45 92
14 46 134
14 47 103
14 48 73
14 49 162
14 50 87
14 51 2
14 52 101
14 53 15
14 54 69
14 55 176
14 56 128
14 57 60
14 58 70
14 59 140
14 60 74
14 61 66
14 62 31
14 63 193
14 64 64
14 65 93
14 66 144
14 67 50
14 68 146
14 69 199
14 70 103
14 71 10
14 72 56
14 73 2
14 74 16
14 75 154
14 76 88
14 77 69
14 78 99
14 79 73
14 80 118
14 81 4
14 82 131
14 83 38
14 84 71
14 85 38
14 86 28
14 87 16
14 88 185
14 89 130
14 90 7
14 91 79
14 92 164
14 93 5
14 94 111
14 95 139
14 96 197
14 97 88
14 98 94
14 99 159
15 16 72
15 17 65
15 18 61
15 19 153
15 20 81
15 21 117
15 22 81
15 23 129
15 24 129
15 25 61
15 26 7
15 27 67
15 28 18
15 29 54
15 30 189
15 31 142
15 32 181
15 33 117
15 34 86
15 35 182
15 36 198
15 37 7
15 38 122
15 39 111
15 40 69
15 41 1
15 42 156
15 43 53
15 44 140
15 45 198
15 46 67
15 47 47
15 48 45
15 49 36
15 50 111
15 51 49
15 52 92
15 53 54
15 54 45
15 55 193
15 56 92
15 57 33
15 58 17
15 59 103
15 60 168
15 61 103
15 62 82
15 63 75
15 64 196
15 65 151
15 66 105
15 67 39
15 68 178
15 69 27
15 70 52
15 71 86
15 72 143
15 73 94
15 74 193
15 75 113
15 76 105
15 77 159
15 78 21
15 79 11
15 80 169
15 81 26
15 82 132
15 83 45
15 84 153
15 85 46
15 86 80
15 87 68
15 88 141
15 89 18
15 90 120
15 91 193
15 92 81
15 93 111
15 94 65
15 95 113
15 96 59
15 97 53
15 98 183
15 99 191
16 17 78
16 18 43
16 19 179
16 20 57
16 21 179
16 22 40
16 23 92
16 24 22
16 25 113
16 26 147
16 27 195
16 28 183
16 29 81
16 30 162
16 31 195
16 32 107
16 33 184
16 34 146
16 35 8
16 36 87
16 37 123
16 38 97
16 39 44
16 40 133
16 41 129
16 42 70
16 43 193
16 44 32
16 45 59
16 46 186
16 47 191
16 48 184
16 49 183
16 50 34
16 51 180
16 52 114
16 53 45
16 54 141
16 55 19
16 56 30
16 57 147
16 58 155
16 59 99
16 60 38
16 61 127
16 62 117
16 63 10
16 64 62
16 65 18
16 66 5
16 67 136
16 68 154
16 69 120
16 70 36
16 71 163
16 72 162
16 73 149
16 74 186
16 75 1
16 76 79
16 77 19
16 78 9
16 79 18
16 80 43
16 81 35
16 82 58
16 83 56
16 84 79
16 85 72
16 86 101
16 87 144
16 88 135
16 89 75
16 90 20
16 91 52
16 92 99
16 93 79
16 94 12
16 95 59
16 96 128
16 97 42
16 98 185
16 99 27
17 18 30
17 19 24
17 20 200
17 21 55
17 22 180
17 23 146
17 24 187
17 25 168
17 26 190
17 27 80
17 28 22
17 29 138
17 30 36
17 31 155
17 32 63
17 33 114
17 34 6
17 35 193
17 36 89
17 37 142
17 38 65
17 39 94
17 40 21
17 41 181
17 42 146
17 43 165
17 44 100
17 45 41
17 46 153
17 47 181
17 48 97
17 49 172
17 50 187
17 51 33
17 52 89
17 53 160
17 54 64
17 55 120
17 56 170
17 57 189
17 58 146
17 59 110
17 60 191
17 61 82
17 62 105
17 63 54
17 64 186
17 65 169
17 66 72
17 67 96
17 68 129
17 69 40
17 70 110
17 71 107
17 72 180
17 73 21
17 74 51
17 75 5
17 76 100
17 77 32
17 78 193
17 79 187
17 80 160
17 81 178
17 82 69
17 83 134
17 84 56
17 85 111
17 86 35
17 87 108
17 88 184
17 89 160
17 90 125
17 91 71
17 92 56
17 93 37
17 94 162
17 95 89
17 96 36
17 97 191
17 98 55
17 99 191
18 19 26
18 20 145
18 21 146
18 22 10
18 23 157
18 24 49
18 25 179
18 26 21
18 27 161
18 28 147
18 29 198
18 30 18
18 31 103
18 32 142
18 33 57
18 34 189
18 35 36
18 36 13
18 37 44
18 38 100
18 39 50
18 40 189
18 41 176
18 42 176
18 43 170
18 44 75
18 45 23
18 46 110
18 47 59
18 48 171
18 49 81
18 50 143
18 51 81
18 52 154
18 53 44
18 54 157
18 55 64
18 56 1
18 57 18
18 58 38
18 59 198
18 60 27
18 61 136
18 62 57
18 63 47
18 64 44
18 65 22
18 66 90
18 67 131
18 68 60
18 69 194
18 70 187
18 71 176
18 72 81
18 73 94
18 74 120
18 75 148
18 76 54
18 77 70
18 78 145
18 79 143
18 80 73
18 81 111
18 82 9
18 83 144
18 84 166
18 85 52
18 86 91
18 87 154
18 88 133
18 89 160
18 90 166
18 91 191
18 92 29
18 93 79
18 94 53
18 95 192
18 96 180
18 97 104
18 98 171
18 99 90
19 20 42
19 21 151
19 22 170
19 23 160
19 24 140
19 25 182
19 26 0
19 27 149
19 28 70
19 29 127
19 30 158
19 31 194
19 32 183
19 33 15
19 34 177
19 35 76
19 36 86
19 37 172
19 38 47
19 39 154
19 40 172
19 41 38
19 42 87
19 43 185
19 44 76
19 45 137
19 46 149
19 47 1
19 48 128
19 49 5
19 50 185
19 51 149
19 52 4
19 53 158
19 54 177
19 55 129
19 56 161
19 57 101
19 58 174
19 59 35
19 60 125
19 61 100
19 62 181
19 63 16
19 64 186
19 65 16
19 66 118
19 67 197
19 68 146
19 69 21
19 70 158
19 71 103
19 72 7
19 73 96
19 74 152
19 75 63
19 76 140
19 77 138
19 78 114
19 79 97
19 80 63
19 81 91
19 82 43
19 83 113
19 84 199
19 85 21
19 86 86
19 87 61
19 88 55
19 89 118
19 90 63
19 91 3
19 92 132
19 93 197
19 94 12
19 95 59
19 96 165
19 97 45
19 98 62
19 99 113
20 21 12
20 22 7
20 23 172
20 24 32
20 25 82
20 26 39
20 27 64
20 28 97
20 29 105
20 30 99
20 31 77
20 32 61
20 33 45
20 34 60
20 35 130
20 36 140
20 37 48
20 38 84
20 39 126
20 40 154
20 41 53
20 42 30
20 43 49
20 44 59
20 45 46
20 46 62
20 47 68
20 48 161
20 49 181
20 50 77
20 51 155
20 52 30
20 53 167
20 54 179
20 55 104
20 56 194
20 57 199
20 58 89
20 59 41
20 60 178
20 61 122
20 62 112
20 63 37
20 64 135
20 65 77
20 66 172
20 67 135
20 68 159
20 69 91
20 70 77
20 71 50
20 72 164
20 73 84
20 74 76
20 75 169
20 76 141
20 77 110
20 78 53
20 79 132
20 80 8
20 81 132
20 82 40
20 83 145
20 84 65
20 85 14
20 86 197
20 87 176
20 88 66
20 89 141
20 90 182
20 91 138
20 92 93
20 93 139
20 94 199
20 95 146
20 96 145
20 97 126
20 98 79
20 99 86
21 22 45
21 23 83
21 24 12
21 25 17
21 26 7
21 27 36
21 28 163
21 29 159
21 30 65
21 31 44
21 32 196
21 33 117
21 34 4
21 35 162
21 36 80
21 37 191
21 38 136
21 39 25
21 40 5
21 41 51
21 42 128
21 43 160
21 44 9
21 45 159
21 46 45
21 47 5
21 48 162
21 49 67
21 50 189
21 51 190
21 52 139
21 53 165
21 54 88
21 55 45
21 56 161
21 57 143
21 58 50
21 59 138
21 60 12
21 61 157
21 62 94
21 63 59
21 64 5
21 65 34
21 66 191
21 67 21
21 68 94
21 69 160
21 70 16
21 71 79
21 72 142
21 73 90
21 74 171
21 75 45
21 76 146
21 77 24
21 78 113
21 79 157
21 80 196
21 81 119
21 82 5
21 83 89
21 84 127
21 85 119
21 86 175
21 87 158
21 88 51
21 89 153
21 90 10
21 91 123
21 92 16
21 93 24
21 94 134
21 95 34
21 96 103
21 97 162
21 98 195
21 99 73
22 23 137
22 24 112
22 25 72
22 26 145
22 27 147
22 28 114
22 29 171
22 30 177
22 31 54
22 32 32
22 33 165
22 34 136
22 35 160
22 36 178
22 37 169
22 38 61
22 39 68
22 40 127
22 41 148
22 42 169
22 43 92
22 44 146
22 45 11
22 46 50
22 47 154
22 48 124
22 49 193
22 50 19
22 51 74
22 52 129
22 53 170
22 54 5
22 55 91
22 56 122
22 57 123
22 58 122
22 59 137
22 60 148
22 61 95
22 62 94
22 63 118
22 64 81
22 65 193
22 66 120
22 67 93
22 68 137
22 69 121
22 70 119
22 71 39
22 72 7
22 73 67
22 74 144
22 75 38
22 76 142
22 77 121
22 78 144
22 79 59
22 80 95
22 81 138
22 82 108
22 83 83
22 84 106
22 85 195
22 86 101
22 87 122
22 88 5
22 89 18
22 90 10
22 91 120
22 92 186
22 93 70
22 94 158
22 95 57
22 96 33
22 97 73
22 98 139
22 99 83
23 24 150
23 25 143
23 26 159
23 27 42
23 28 197
23 29 147
23 30 151
23 31 36
23 32 169
23 33 139
23 34 124
23 35 102
23 36 164
23 37 188
23 38 138
23 39 36
23 40 70
23 41 189
23 42 41
23 43 71
23 44 170
23 45 10
23 46 161
23 47 190
23 48 91
23 49 9
23 50 121
23 51 84
23 52 30
23 53 184
23 54 47
23 55 8
23 56 76
23 57 157
23 58 71
23 59 4
23 60 118
23 61 45
23 62 111
23 63 127
23 64 170
23 65 156
23 66 3
23 67 73
23 68 34
23 69 196
23 70 114
23 71 92
23 72 96
23 73 132
23 74 79
23 75 48
23 76 195
23 77 80
23 78 78
23 79 4
23 80 62
23 81 165
23 82 11
23 83 155
23 84 98
23 85 7
23 86 124
23 87 52
23 88 44
23 89 175
23 90 51
23 91 6
23 92 149
23 93 121
23 94 19
23 95 115
23 96 115
23 97 190
23 98 74
23 99 199
24 25 11
24 26 198
24 27 71
24 28 158
24 29 28
24 30 54
24 31 167
24 32 57
24 33 168
24 34 93
24 35 33
24 36 91
24 37 58
24 38 80
24 39 149
24 40 73
24 41 64
24 42 194
24 43 126
24 44 77
24 45 24
24 46 146
24 47 72
24 48 71
24 49 123
24 50 2
24 51 134
24 52 55
24 53 104
24 54 148
24 55 48
24 56 146
24 57 11
24 58 28
24 59 19
24 60 113
24 61 57
24 62 47
24 63 96
24 64 9
24 65 188
24 66 45
24 67 198
24 68 64
24 69 144
24 70 40
24 71 73
24 72 14
24 73 163
24 74 131
24 75 142
24 76 126
24 77 61
24 78 79
24 79 176
24 80 52
24 81 180
24 82 30
24 83 155
24 84 18
24 85 119
24 86 46
24 87 28
24 88 111
24 89 102
24 90 57
24 91 187
24 92 54
24 93 27
24 94 120
24 95 36
24 96 187
24 97 76
24 98 131
24 99 56
25 26 179
25 27 187
25 28 28
25 29 4
25 30 195
25 31 24
25 32 102
25 33 72
25 34 69
25 35 118
25 36 95
25 37 77
25 38 8
25 39 198
25 40 118
25 41 146
25 42 11
25 43 36
25 44 6
25 45 200
25 46 24
25 47 194
25 48 145
25 49 133
25 50 39
25 51 171
25 52 17
25 53 143
25 54 55
25 55 138
25 56 118
25 57 3
25 58 184
25 59 146
25 60 86
25 61 56
25 62 57
25 63 184
25 64 106
25 65 155
25 66 113
25 67 110
25 68 154
25 69 129
25 70 54
25 71 71
25 72 183
25 73 59
25 74 160
25 75 69
25 76 126
25 77 62
25 78 101
25 79 83
25 80 108
25 81 125
25 82 11
25 83 42
25 84 2
25 85 61
25 86 67
25 87 71
25 88 166
25 89 167
25 90 108
25 91 61
25 92 135
25 93 120
25 94 23
25 95 69
25 96 81
25 97 57
25 98 66
25 99 122
26 27 19
26 28 145
26 29 141
26 30 71
26 31 181
26 32 156
26 33 19
26 34 78
26 35 177
26 36 59
26 37 61
26 38 119
26 39 51
26 40 163
26 41 85
26 42 105
26 43 37
26 44 160
26 45 13
26 46 15
26 47 183
26 48 190
26 49 107
26 50 133
26 51 102
26 52 119
26 53 161
26 54 8
26 55 50
26 56 149
26 57 19
26 58 200
26 59 16
26 60 164
26 61 84
26 62 123
26 63 32
26 64 81
26 65 94
26 66 122
26 67 44
26 68 128
26 69 181
26 70 26
26 71 3
26 72 34
26 73 32
26 74 142
26 75 113
26 76 166
26 77 122
26 78 167
26 79 77
26 80 112
26 81 140
26 82 20
26 83 14
26 84 160
26 85 187
26 86 188
26 87 182
26 88 43
26 89 128
26 90 130
26 91 28
26 92 170
26 93 21
26 94 57
26 95 181
26 96 87
26 97 59
26 98 62
26 99 11
27 28 169
27 29 200
27 30 119
27 31 135
27 32 32
27 33 32
27 34 135
27 35 14
27 36 43
27 37 93
27 38 91
27 39 103
27 40 114
27 41 152
27 42 63
27 43 177
27 44 191
27 45 59
27 46 94
27 47 31
27 48 191
27 49 152
27 50 113
27 51 12
27 52 141
27 53 194
27 54 74
27 55 82
27 56 137
27 57 109
27 58 19
27 59 115
27 60 57
27 61 24
27 62 165
27 63 2
27 64 63
27 65 75
27 66 83
27 67 30
27 68 194
27 69 86
27 70 89
27 71 17
27 72 36
27 73 59
27 74 120
27 75 159
27 76 28
27 77 5
27 78 165
27 79 26
27 80 124
27 81 70
27 82 194
27 83 33
27 84 138
27 85 117
27 86 153
27 87 47
27 88 28
27 89 199
27 90 93
27 91 88
27 92 34
27 93 146
27 94 41
27 95 16
27 96 77
27 97 167
27 98 3
27 99 121
28 29 141
28 30 47
28 31 4
28 32 162
28 33 179
28 34 73
28 35 13
28 36 78
28 37 136
28 38 32
28 39 67
28 40 151
28 41 84
28 42 100
28 43 145
28 44 108
28 45 8
28 46 185
28 47 29
28 48 171
28 49 14
28 50 47
28 51 161
28 52 17
28 53 183
28 54 129
28 55 17
28 56 75
28 57 80
28 58 12
28 59 81
28 60 109
28 61 87
28 62 105
28 63 52
28 64 95
28 65 29
28 66 18
28 67 91
28 68 182
28 69 150
28 70 59
28 71 97
28 72 124
28 73 115
28 74 22
28 75 39
28 76 13
28 77 141
28 78 194
28 79 182
28 80 138
28 81 114
28 82 122
28 83 176
28 84 18
28 85 199
28 86 165
28 87 125
28 88 94
28 89 26
28 90 6
28 91 33
28 92 149
28 93 110
28 94 143
28 95 131
28 96 9
28 97 120
28 98 115
28 99 75
29 30 44
29 31 114
29 32 91
29 33 110
29 34 172
29 35 164
29 36 42
29 37 62
29 38 97
29 39 55
29 40 46
29 41 152
29 42 139
29 43 95
29 44 38
29 45 20
29 46 4
29 47 117
29 48 179
29 49 115
29 50 165
29 51 111
29 52 92
29 53 182
29 54 130
29 55 180
29 56 36
29 57 39
29 58 82
29 59 156
29 60 12
29 61 73
29 62 14
29 63 75
29 64 44
29 65 46
29 66 126
29 67 134
29 68 194
29 69 88
29 70 177
29 71 37
29 72 48
29 73 114
29 74 144
29 75 8
29 76 39
29 77 152
29 78 174
29 79 73
29 80 66
29 81 189
29 82 31
29 83 169
29 84 8
29 85 54
29 86 32
29 87 178
29 88 46
29 89 180
29 90 93
29 91 57
29 92 160
29 93 181
29 94 151
29 95 132
29 96 81
29 97 188
29 98 157
29 99 171
30 31 192
30 32 47
30 33 174
30 34 107
30 35 10
30 36 137
30 37 35
30 38 106
30 39 22
30 40 21
30 41 104
30 42 29
30 43 32
30 44 87
30 45 141
30 46 64
30 47 8
30 48 74
30 49 63
30 50 20
30 51 12
30 52 142
30 53 168
30 54 139
30 55 193
30 56 148
30 57 98
30 58 190
30 59 138
30 60 74
30 61 61
30 62 37
30 63 92
30 64 118
30 65 88
30 66 117
30 67 17
30 68 194
30 69 43
30 70 25
30 71 118
30 72 194
30 73 51
30 74 27
30 75 14
30 76 164
30 77 47
30 78 8
30 79 133
30 80 131
30 81 197
30 82 92
30 83 17
30 84 42
30 85 70
30 86 200
30 87 102
30 88 48
30 89 92
30 90 175
30 91 50
30 92 134
30 93 108
30 94 112
30 95 102
30 96 25
30 97 62
30 98 175
30 99 76
31 32 65
31 33 183
31 34 77
31 35 118
31 36 186
31 37 15
31 38 70
31 39 100
31 40 19
31 41 70
31 42 69
31 43 141
31 44 199
31 45 48
31 46 164
31 47 87
31 48 119
31 49 119
31 50 83
31 51 33
31 52 152
31 53 45
31 54 165
31 55 172
31 56 82
31 57 180
31 58 193
31 59 79
31 60 14
31 61 89
31 62 39
31 63 78
31 64 172
31 65 6
31 66 58
31 67 15
31 68 147
31 69 10
31 70 4
31 71 155
31 72 62
31 73 195
31 74 178
31 75 83
31 76 190
31 77 184
31 78 141
31 79 77
31 80 31
31 81 195
31 82 171
31 83 194
31 84 97
31 85 79
31 86 150
31 87 111
31 88 197
31 89 34
31 90 19
31 91 182
31 92 114
31 93 157
31 94 143
31 95 45
31 96 98
31 97 153
31 98 10
31 99 167
32 33 131
32 34 154
32 35 102
32 36 91
32 37 143
32 38 23
32 39 112
32 40 91
32 41 163
32 42 126
32 43 72
32 44 33
32 45 122
32 46 171
32 47 197
32 48 161
32 49 121
32 50 46
32 51 43
32 52 134
32 53 159
32 54 50
32 55 104
32 56 82
32 57 41
32 58 129
32 59 57
32 60 77
32 61 6
32 62 88
32 63 31
32 64 141
32 65 174
32 66 30
32 67 200
32 68 105
32 69 53
32 70 199
32 71 123
32 72 159
32 73 84
32 74 82
32 75 138
32 76 99
32 77 139
32 78 174
32 79 169
32 80 165
32 81 161
32 82 168
32 83 163
32 84 15
32 85 174
32 86 122
32 87 194
32 88 32
32 89 107
32 90 10
32 91 118
32 92 36
32 93 37
32 94 171
32 95 128
32 96 44
32 97 128
32 98 57
32 99 74
33 34 82
33 35 175
33 36 144
33 37 75
33 38 132
33 39 101
33 40 126
33 41 0
33 42 173
33 43 109
33 44 13
33 45 119
33 46 74
33 47 191
33 48 59
33 49 93
33 50 166
33 51 40
33 52 59
33 53 103
33 54 183
33 55 85
33 56 173
33 57 128
33 58 173
33 59 152
33 60 22
33 61 172
33 62 122
33 63 84
33 64 126
33 65 88
33 66 187
33 67 37
33 68 36
33 69 18
33 70 123
33 71 50
33 72 136
33 73 16
33 74 75
33 75 38
33 76 84
33 77 99
33 78 65
33 79 12
33 80 79
33 81 119
33 82 110
33 83 69
33 84 182
33 85 45
33 86 145
33 87 58
33 88 42
33 89 126
33 90 18
33 91 47
33 92 86
33 93 19
33 94 13
33 95 159
33 96 80
33 97 96
33 98 181
33 99 19
34 35 153
34 36 111
34 37 123
34 38 122
34 39 39
34 40 114
34 41 31
34 42 90
34 43 181
34 44 57
34 45 90
34 46 192
34 47 69
34 48 35
34 49 0
34 50 62
34 51 75
34 52 83
34 53 89
34 54 191
34 55 21
34 56 164
34 57 165
34 58 193
34 59 63
34 60 25
34 61 59
34 62 50
34 63 65
34 64 73
34 65 51
34 66 108
34 67 123
34 68 97
34 69 95
34 70 120
34 71 31
34 72 65
34 73 98
34 74 183
34 75 78
34 76 187
34 77 84
34 78 150
34 79 65
34 80 121
34 81 184
34 82 76
34 83 5
34 84 75
34 85 192
34 86 187
34 87 188
34 88 63
34 89 112
34 90 71
34 91 89
34 92 110
34 93 4
34 94 64
34 95 98
34 96 42
34 97 178
34 98 172
34 99 181
35 36 70
35 37 107
35 38 123
35 39 118
35 40 180
35 41 157
35 42 83
35 43 153
35 44 85
35 45 108
35 46 55
35 47 102
35 48 60
35 49 127
35 50 132
35 51 110
35 52 63
35 53 164
35 54 140
35 55 156
35 56 10
35 57 97
35 58 96
35 59 122
35 60 145
35 61 27
35 62 184
35 63 176
35 64 65
35 65 200
35 66 57
35 67 110
35 68 22
35 69 77
35 70 171
35 71 40
35 72 161
35 73 6
35 74 185
35 75 82
35 76 180
35 77 87
35 78 58
35 79 144
35 80 199
35 81 88
35 82 128
35 83 144
35 84 141
35 85 118
35 86 1
35 87 54
35 88 95
35 89 28
35 90 22
35 91 39
35 92 75
35 93 186
35 94 20
35 95 195
35 96 83
35 97 147
35 98 27
35 99 36
36 37 150
36 38 138
36 39 147
36 40 23
36 41 64
36 42 98
36 43 73
36 44 87
36 45 157
36 46 119
36 47 44
36 48 190
36 49 2
36 50 63
36 51 171
36 52 135
36 53 144
36 54 168
36 55 33
36 56 110
36 57 27
36 58 184
36 59 106
36 60 2
36 61 98
36 62 147
36 63 27
36 64 173
36 65 82
36 66 2
36 67 97
36 68 125
36 69 153
36 70 77
36 71 107
36 72 90
36 73 73
36 74 8
36 75 103
36 76 192
36 77 109
36 78 93
36 79 164
36 80 84
36 81 115
36 82 168
36 83 73
36 84 59
36 85 31
36 86 140
36 87 171
36 88 13
36 89 0
36 90 53
36 91 121
36 92 5
36 93 145
36 94 150
36 95 39
36 96 125
36 97 74
36 98 84
36 99 96
37 38 95
37 39 194
37 40 81
37 41 145
37 42 141
37 43 119
37 44 153
37 45 24
37 46 90
37 47 32
37 48 101
37 49 123
37 50 186
37 51 199
37 52 113
37 53 76
37 54 101
37 55 18
37 56 5
37 57 195
37 58 178
37 59 29
37 60 135
37 61 106
37 62 150
37 63 111
37 64 72
37 65 111
37 66 85
37 67 52
37 68 85
37 69 13
37 70 146
37 71 50
37 72 91
37 73 128
37 74 67
37 75 127
37 76 139
37 77 113
37 78 20
37 79 158
37 80 154
37 81 80
37 82 184
37 83 15
37 84 132
37 85 149
37 86 70
37 87 196
37 88 27
37 89 23
37 90 86
37 91 89
37 92 111
37 93 105
37 94 193
37 95 84
37 96 123
37 97 143
37 98 100
37 99 90
38 39 152
38 40 47
38 41 188
38 42 37
38 43 114
38 44 10
38 45 37
38 46 134
38 47 112
38 48 94
38 49 147
38 50 58
38 51 67
38 52 67
38 53 29
38 54 108
38 55 77
38 56 65
38 57 197
38 58 127
38 59 176
38 60 136
38 61 98
38 62 13
38 63 152
38 64 183
38 65 121
38 66 142
38 67 154
38 68 170
38 69 165
38 70 171
38 71 108
38 72 63
38 73 124
38 74 13
38 75 48
38 76 131
38 77 154
38 78 10
38 79 58
38 80 179
38 81 44
38 82 95
38 83 100
38 84 199
38 85 173
38 86 86
38 87 106
38 88 63
38 89 52
38 90 46
38 91 68
38 92 35
38 93 99
38 94 75
38 95 160
38 96 104
38 97 44
38 98 153
38 99 16
39 40 80
39 41 25
39 42 80
39 43 103
39 44 0
39 45 22
39 46 177
39 47 35
39 48 108
39 49 75
39 50 74
39 51 104
39 52 134
39 53 45
39 54 131
39 55 6
39 56 110
39 57 149
39 58 143
39 59 66
39 60 175
39 61 194
39 62 161
39 63 148
39 64 108
39 65 188
39 66 29
39 67 127
39 68 110
39 69 56
39 70 35
39 71 158
39 72 161
39 73 6
39 74 33
39 75 181
39 76 100
39 77 44
39 78 179
39 79 11
39 80 14
39 81 121
39 82 50
39 83 42
39 84 22
39 85 135
39 86 95
39 87 158
39 88 173
39 89 87
39 90 169
39 91 14
39 92 84
39 93 112
39 94 66
39 95 9
39 96 116
39 97 113
39 98 83
39 99 64
40 41 154
40 42 182
40 43 187
40 44 200
40 45 55
40 46 65
40 47 152
40 48 40
40 49 107
40 50 134
40 51 91
40 52 26
40 53 101
40 54 52
40 55 196
40 56 59
40 57 172
40 58 180
40 59 40
40 60 54
40 61 40
40 62 16
40 63 173
40 64 127
40 65 148
40 66 131
40 67 126
40 68 25
40 69 192
40 70 87
40 71 7
40 72 84
40 73 188
40 74 47
40 75 70
40 76 97
40 77 143
40 78 83
40 79 9
40 80 161
40 81 33
40 82 75
40 83 160
40 84 200
40 85 159
40 86 165
40 87 99
40 88 30
40 89 193
40 90 130
40 91 133
40 92 165
40 93 26
40 94 3
40 95 57
40 96 21
40 97 68
40 98 116
40 99 29
41 42 10
41 43 168
41 44 83
41 45 24
41 46 38
41 47 70
41 48 66
41 49 161
41 50 10
41 51 199
41 52 67
41 53 42
41 54 38
41 55 44
41 56 35
41 57 137
41 58 159
41 59 164
41 60 26
41 61 147
41 62 13
41 63 102
41 64 188
41 65 13
41 66 145
41 67 161
41 68 113
41 69 123
41 70 142
41 71 85
41 72 165
41 73 14
41 74 122
41 75 170
41 76 83
41 77 145
41 78 75
41 79 48
41 80 31
41 81 73
41 82 200
41 83 115
41 84 81
41 85 128
41 86 74
41 87 182
41 88 170
41 89 122
41 90 132
41 91 72
41 92 154
41 93 121
41 94 28
41 95 122
41 96 110
41 97 122
41 98 95
41 99 6
42 43 22
42 44 176
42 45 95
42 46 199
42 47 179
42 48 31
42 49 52
42 50 133
42 51 15
42 52 104
42 53 94
42 54 48
42 55 159
42 56 21
42 57 61
42 58 112
42 59 138
42 60 146
42 61 49
42 62 98
42 63 17
42 64 36
42 65 37
42 66 97
42 67 139
42 68 155
42 69 47
42 70 40
42 71 63
42 72 27
42 73 21
42 74 81
42 75 44
42 76 177
42 77 74
42 78 61
42 79 160
42 80 168
42 81 164
42 82 40
42 83 164
42 84 181
42 85 7
42 86 34
42 87 170
42 88 119
42 89 10
42 90 7
42 91 169
42 92 28
42 93 186
42 94 22
42 95 43
42 96 4
42 97 35
42 98 136
42 99 52
43 44 126
43 45 71
43 46 161
43 47 36
43 48 165
43 49 154
43 50 65
43 51 131
43 52 98
43 53 99
43 54 26
43 55 3
43 56 189
43 57 110
43 58 150
43 59 166
43 60 11
43 61 29
43 62 122
43 63 166
43 64 97
43 65 8
43 66 30
43 67 35
43 68 145
43 69 125
43 70 122
43 71 158
43 72 158
43 73 52
43 74 27
43 75 157
43 76 10
43 77 39
43 78 88
43 79 112
43 80 120
43 81 82
43 82 98
43 83 46
43 84 66
43 85 118
43 86 126
43 87 139
43 88 121
43 89 90
43 90 143
43 91 150
43 92 125
43 93 110
43 94 184
43 95 122
43 96 188
43 97 152
43 98 120
43 99 104
44 45 68
44 46 25
44 47 121
44 48 35
44 49 190
44 50 2
44 51 159
44 52 88
44 53 24
44 54 84
44 55 156
44 56 39
44 57 112
44 58 91
44 59 178
44 60 143
44 61 111
44 62 85
44 63 103
44 64 159
44 65 167
44 66 89
44 67 120
44 68 133
44 69 4
44 70 184
44 71 31
44 72 31
44 73 167
44 74 35
44 75 146
44 76 15
44 77 152
44 78 186
44 79 14
44 80 184
44 81 183
44 82 5
44 83 181
44 84 32
44 85 108
44 86 128
44 87 127
44 88 23
44 89 130
44 90 110
44 91 75
44 92 39
44 93 95
44 94 14
44 95 196
44 96 140
44 97 17
44 98 196
44 99 97
45 46 180
45 47 85
45 48 55
45 49 76
45 50 106
45 51 133
45 52 13
45 53 70
45 54 29
45 55 30
45 56 144
45 57 97
45 58 27
45 59 30
45 60 13
45 61 68
45 62 6
45 63 89
45 64 146
45 65 197
45 66 189
45 67 84
45 68 138
45 69 19
45 70 60
45 71 150
45 72 146
45 73 19
45 74 150
45 75 197
45 76 108
45 77 94
45 78 85
45 79 94
45 80 95
45 81 172
45 82 115
45 83 107
45 84 123
45 85 53
45 86 49
45 87 15
45 88 47
45 89 177
45 90 131
45 91 199
45 92 154
45 93 10
45 94 106
45 95 101
45 96 68
45 97 10
45 98 172
45 99 13
46 47 132
46 48 93
46 49 75
46 50 11
46 51 154
46 52 132
46 53 185
46 54 32
46 55 45
46 56 4
46 57 22
46 58 94
46 59 159
46 60 32
46 61 182
46 62 117
46 63 39
46 64 134
46 65 156
46 66 72
46 67 180
46 68 171
46 69 64
46 70 59
46 71 177
46 72 31
46 73 193
46 74 80
46 75 29
46 76 135
46 77 72
46 78 109
46 79 184
46 80 53
46 81 158
46 82 29
46 83 199
46 84 139
46 85 136
46 86 166
46 87 88
46 88 57
46 89 48
46 90 103
46 91 139
46 92 65
46 93 58
46 94 33
46 95 139
46 96 81
46 97 166
46 98 120
46 99 19
47 48 28
47 49 80
47 50 2
47 51 159
47 52 158
47 53 26
47 54 62
47 55 182
47 56 91
47 57 27
47 58 158
47 59 198
47 60 188
47 61 167
47 62 156
47 63 44
47 64 42
47 65 30
47 66 142
47 67 19
47 68 87
47 69 39
47 70 10
47 71 96
47 72 132
47 73 199
47 74 130
47 75 145
47 76 156
47 77 72
47 78 196
47 79 33
47 80 122
47 81 188
47 82 148
47 83 27
47 84 190
47 85 197
47 86 1
47 87 98
47 88 57
47 89 183
47 90 117
47 91 182
47 92 131
47 93 18
47 94 170
47 95 169
47 96 155
47 97 49
47 98 32
47 99 100
48 49 135
48 50 187
48 51 100
48 52 135
48 53 169
48 54 160
48 55 54
48 56 78
48 57 6
48 58 135
48 59 79
48 60 154
48 61 103
48 62 76
48 63 43
48 64 161
48 65 7
48 66 145
48 67 8
48 68 88
48 69 77
48 70 156
48 71 47
48 72 2
48 73 75
48 74 40
48 75 166
48 76 57
48 77 13
48 78 12
48 79 49
48 80 159
48 81 8
48 82 194
48 83 164
48 84 152
48 85 110
48 86 150
48 87 65
48 88 49
48 89 150
48 90 6
48 91 165
48 92 47
48 93 13
48 94 102
48 95 194
48 96 39
48 97 192
48 98 137
48 99 166
49 50 197
49 51 189
49 52 195
49 53 49
49 54 136
49 55 96
49 56 122
49 57 130
49 58 77
49 59 108
49 60 43
49 61 161
49 62 53
49 63 96
49 64 34
49 65 132
49 66 71
49 67 158
49 68 145
49 69 146
49 70 134
49 71 36
49 72 85
49 73 52
49 74 68
49 75 177
49 76 45
49 77 149
49 78 84
49 79 132
49 80 151
49 81 154
49 82 82
49 83 177
49 84 114
49 85 68
49 86 166
49 87 199
49 88 43
49 89 142
49 90 58
49 91 156
49 92 131
49 93 18
49 94 170
49 95 157
49 96 190
49 97 70
49 98 190
49 99 133
50 51 114
50 52 70
50 53 11
50 54 14
50 55 200
50 56 161
50 57 170
50 58 38
50 59 114
50 60 45
50 61 19
50 62 31
50 63 58
50 64 166
50 65 184
50 66 32
50 67 145
50 68 126
50 69 53
50 70 180
50 71 172
50 72 25
50 73 125
50 74 62
50 75 24
50 76 55
50 77 78
50 78 55
50 79 112
50 80 42
50 81 143
50 82 75
50 83 77
50 84 110
50 85 42
50 86 72
50 87 116
50 88 91
50 89 102
50 90 175
50 91 79
50 92 0
50 93 59
50 94 155
50 95 181
50 96 134
50 97 191
50 98 34
50 99 30
51 52 95
51 53 72
51 54 2
51 55 27
51 56 158
51 57 123
51 58 93
51 59 175
51 60 87
51 61 54
51 62 24
51 63 146
51 64 103
51 65 70
51 66 63
51 67 81
51 68 119
51 69 194
51 70 10
51 71 61
51 72 45
51 73 156
51 74 77
51 75 34
51 76 34
51 77 115
51 78 142
51 79 144
51 80 22
51 81 174
51 82 18
51 83 18
51 84 56
51 85 148
51 86 29
51 87 162
51 88 165
51 89 85
51 90 142
51 91 119
51 92 198
51 93 157
51 94 65
51 95 137
51 96 63
51 97 140
51 98 71
51 99 80
52 53 54
52 54 100
52 55 138
52 56 148
52 57 112
52 58 85
52 59 184
52 60 186
52 61 158
52 62 52
52 63 83
52 64 168
52 65 123
52 66 179
52 67 148
52 68 182
52 69 25
52 70 47
52 71 136
52 72 116
52 73 101
52 74 157
52 75 191
52 76 168
52 77 55
52 78 88
52 79 90
52 80 95
52 81 84
52 82 165
52 83 27
52 84 136
52 85 49
52 86 112
52 87 26
52 88 119
52 89 16
52 90 117
52 91 146
52 92 181
52 93 142
52 94 122
52 95 15
52 96 179
52 97 4
52 98 68
52 99 26
53 54 119
53 55 52
53 56 23
53 57 64
53 58 0
53 59 0
53 60 159
53 61 130
53 62 119
53 63 129
53 64 63
53 65 140
53 66 106
53 67 66
53 68 136
53 69 33
53 70 51
53 71 8
53 72 175
53 73 190
53 74 168
53 75 192
53 76 22
53 77 111
53 78 12
53 79 8
53 80 62
53 81 188
53 82 73
53 83 30
53 84 140
53 85 91
53 86 45
53 87 190
53 88 184
53 89 18
53 90 32
53 91 95
53 92 45
53 93 103
53 94 135
53 95 115
53 96 170
53 97 10
53 98 180
53 99 89
54 55 41
54 56 110
54 57 185
54 58 141
54 59 157
54 60 8
54 61 81
54 62 3
54 63 172
54 64 105
54 65 95
54 66 11
54 67 165
54 68 88
54 69 84
54 70 57
54 71 153
54 72 186
54 73 31
54 74 116
54 75 96
54 76 138
54 77 99
54 78 163
54 79 45
54 80 147
54 81 52
54 82 65
54 83 174
54 84 83
54 85 158
54 86 36
54 87 130
54 88 39
54 89 31
54 90 170
54 91 31
54 92 42
54 93 199
54 94 47
54 95 10
54 96 54
54 97 159
54 98 27
54 99 130
55 56 193
55 57 14
55 58 170
55 59 145
55 60 115
55 61 98
55 62 3
55 63 20
55 64 183
55 65 144
55 66 54
55 67 144
55 68 188
55 69 160
55 70 156
55 71 30
55 72 11
55 73 0
55 74 103
55 75 71
55 76 37
55 77 173
55 78 104
55 79 180
55 80 122
55 81 140
55 82 151
55 83 8
55 84 79
55 85 158
55 86 179
55 87 170
55 88 70
55 89 165
55 90 193
55 91 170
55 92 96
55 93 82
55 94 15
55 95 197
55 96 126
55 97 190
55 98 92
55 99 45
56 57 175
56 58 174
56 59 103
56 60 68
56 61 101
56 62 11
56 63 189
56 64 181
56 65 108
56 66 164
56 67 95
56 68 191
56 69 73
56 70 163
56 71 188
56 72 63
56 73 160
56 74 195
56 75 107
56 76 11
56 77 189
56 78 6
56 79 88
56 80 50
56 81 14
56 82 57
56 83 5
56 84 128
56 85 188
56 86 77
56 87 159
56 88 94
56 89 67
56 90 159
56 91 29
56 92 116
56 93 120
56 94 69
56 95 153
56 96 2
56 97 165
56 98 199
56 99 33
57 58 99
57 59 108
57 60 47
57 61 124
57 62 169
57 63 84
57 64 97
57 65 166
57 66 120
57 67 143
57 68 39
57 69 24
57 70 87
57 71 183
57 72 12
57 73 124
57 74 178
57 75 95
57 76 53
57 77 174
57 78 28
57 79 112
57 80 90
57 81 48
57 82 6
57 83 168
57 84 28
57 85 118
57 86 84
57 87 70
57 88 191
57 89 29
57 90 81
57 91 153
57 92 134
57 93 19
57 94 137
57 95 106
57 96 168
57 97 81
57 98 67
57 99 115
58 59 74
58 60 127
58 61 39
58 62 192
58 63 105
58 64 167
58 65 40
58 66 197
58 67 26
58 68 20
58 69 113
58 70 129
58 71 134
58 72 107
58 73 141
58 74 7
58 75 190
58 76 139
58 77 81
58 78 169
58 79 188
58 80 58
58 81 59
58 82 58
58 83 36
58 84 154
58 85 163
58 86 182
58 87 48
58 88 74
58 89 190
58 90 102
58 91 90
58 92 153
58 93 169
58 94 121
58 95 189
58 96 152
58 97 2
58 98 44
58 99 58
59 60 74
59 61 157
59 62 171
59 63 27
59 64 60
59 65 117
59 66 74
59 67 137
59 68 83
59 69 74
59 70 93
59 71 52
59 72 70
59 73 116
59 74 75
59 75 162
59 76 155
59 77 9
59 78 187
59 79 107
59 80 176
59 81 164
59 82 151
59 83 77
59 84 59
59 85 184
59 86 83
59 87 118
59 88 118
59 89 189
59 90 42
59 91 181
59 92 73
59 93 0
59 94 151
59 95 112
59 96 30
59 97 90
59 98 63
59 99 28
60 61 166
60 62 183
60 63 135
60 64 99
60 65 96
60 66 60
60 67 161
60 68 49
60 69 156
60 70 116
60 71 80
60 72 106
60 73 127
60 74 74
60 75 70
60 76 104
60 77 57
60 78 0
60 79 24
60 80 68
60 81 55
60 82 133
60 83 119
60 84 74
60 85 18
60 86 55
60 87 110
60 88 49
60 89 49
60 90 130
60 91 159
60 92 72
60 93 78
60 94 137
60 95 87
60 96 140
60 97 108
60 98 186
60 99 193
