100 3354
0 1 193
0 2 169
0 3 33
0 4 91
0 5 30
0 6 154
0 7 1
0 8 98
0 9 21
0 10 184
0 11 145
0 12 123
0 13 185
0 14 159
0 15 179
0 16 101
0 17 110
0 18 159
0 19 166
0 20 100
0 21 125
0 22 157
0 23 45
0 24 80
0 25 85
0 26 161
0 27 44
0 28 62
0 29 109
0 30 168
0 31 22
0 32 172
0 33 53
0 34 103
0 35 30
0 36 162
0 37 50
0 38 110
0 39 89
0 40 167
0 41 80
0 42 47
0 43 154
0 44 127
0 45 181
0 46 51
0 47 84
0 48 79
0 49 178
0 50 188
0 51 77
0 52 197
0 53 38
0 54 44
0 55 200
0 56 150
0 57 124
0 58 68
0 59 50
0 60 109
0 61 84
0 62 41
0 63 34
0 64 19
0 65 80
0 66 193
0 67 154
0 68 158
0 69 185
0 70 169
0 71 83
0 72 28
0 73 143
0 74 181
0 75 23
0 76 93
0 77 120
0 78 37
0 79 31
0 80 24
0 81 49
0 82 74
0 83 178
0 84 12
0 85 35
0 86 110
0 87 151
0 88 139
0 89 104
0 90 83
0 91 93
0 92 99
0 93 39
0 94 44
0 95 119
0 96 7
0 97 162
0 98 141
0 99 154
1 2 103
1 3 38
1 4 85
1 5 85
1 6 187
1 7 52
1 8 189
1 9 164
1 10 149
1 11 18
1 12 168
1 13 167
1 14 136
1 15 50
1 16 160
1 17 191
1 18 44
1 19 104
1 20 74
1 21 196
1 22 80
1 23 117
1 24 67
1 25 10
1 26 46
1 27 12
1 28 10
1 29 12
1 30 8
1 31 148
1 32 29
1 33 92
1 34 164
1 35 79
1 36 96
1 37 62
1 38 142
1 39 28
1 40 71
1 41 46
1 42 57
1 43 174
1 44 84
1 45 184
1 46 30
1 47 4
1 48 100
1 49 19
1 50 149
1 51 15
1 52 188
1 53 106
1 54 146
1 55 189
1 56 92
1 57 10
1 58 47
1 59 116
1 60 137
1 61 170
1 62 132
1 63 167
1 64 85
1 65 2
1 66 59
1 67 119
1 68 164
1 69 187
1 70 175
1 71 68
1 72 81
1 73 148
1 74 13
1 75 8
1 76 168
1 77 57
1 78 113
1 79 9
1 80 59
1 81 77
1 82 92
1 83 135
1 84 188
1 85 129
1 86 76
1 87 98
1 88 123
1 89 5
1 90 137
1 91 58
1 92 61
1 93 65
1 94 154
1 95 109
1 96 101
1 97 60
1 98 45
1 99 198
2 3 63
2 4 175
2 5 63
2 6 48
2 7 75
2 8 160
2 9 152
2 10 190
2 11 27
2 12 182
2 13 20
2 14 167
2 15 173
2 16 159
2 17 130
2 18 172
2 19 83
2 20 160
2 21 32
2 22 114
2 23 167
2 24 84
2 25 96
2 26 42
2 27 14
2 28 84
2 29 17
2 30 190
2 31 109
2 32 122
2 33 14
2 34 17
2 35 146
2 36 66
2 37 86
2 38 124
2 39 122
2 40 3
2 41 139
2 42 24
2 43 20
2 44 79
2 45 155
2 46 163
2 47 41
2 48 90
2 49 55
2 50 130
2 51 21
2 52 38
2 53 35
2 54 61
2 55 113
2 56 82
2 57 143
2 58 149
2 59 160
2 60 176
2 61 32
2 62 124
2 63 162
2 64 79
2 65 85
2 66 142
2 67 76
2 68 161
2 69 168
2 70 27
2 71 177
2 72 77
2 73 155
2 74 94
2 75 57
2 76 148
2 77 162
2 78 126
2 79 30
2 80 35
2 81 6
2 82 191
2 83 148
2 84 56
2 85 119
2 86 192
2 87 142
2 88 21
2 89 34
2 90 4
2 91 85
2 92 26
2 93 1
2 94 155
2 95 177
2 96 82
2 97 107
2 98 109
2 99 9
3 4 26
3 5 94
3 6 30
3 7 182
3 8 112
3 9 132
3 10 174
3 11 60
3 12 101
3 13 99
3 14 20
3 15 70
3 16 185
3 17 33
3 18 130
3 19 198
3 20 30
3 21 198
3 22 159
3 23 35
3 24 190
3 25 117
3 26 28
3 27 1
3 28 81
3 29 41
3 30 40
3 31 167
3 32 152
3 33 17
3 34 168
3 35 64
3 36 170
3 37 117
3 38 90
3 39 190
3 40 177
3 41 115
3 42 11
3 43 113
3 44 7
3 45 137
3 46 89
3 47 5
3 48 99
3 49 76
3 50 60
3 51 83
3 52 134
3 53 131
3 54 150
3 55 2
3 56 27
3 57 66
3 58 3
3 59 106
3 60 170
3 61 174
3 62 55
3 63 28
3 64 14
3 65 19
3 66 129
3 67 90
3 68 165
3 69 45
3 70 12
3 71 125
3 72 91
3 73 190
3 74 90
3 75 146
3 76 103
3 77 66
3 78 118
3 79 76
3 80 124
3 81 31
3 82 157
3 83 152
3 84 158
3 85 155
3 86 63
3 87 168
3 88 15
3 89 143
3 90 138
3 91 26
3 92 147
3 93 145
3 94 120
3 95 57
3 96 84
3 97 19
3 98 55
3 99 120
4 5 81
4 6 88
4 7 70
4 8 68
4 9 154
4 10 193
4 11 55
4 12 157
4 13 76
4 14 44
4 15 76
4 16 169
4 17 18
4 18 70
4 19 200
4 20 111
4 21 21
4 22 11
4 23 80
4 24 128
4 25 9
4 26 25
4 27 161
4 28 187
4 29 43
4 30 144
4 31 127
4 32 77
4 33 189
4 34 24
4 35 119
4 36 0
4 37 112
4 38 27
4 39 31
4 40 168
4 41 101
4 42 35
4 43 90
4 44 154
4 45 72
4 46 188
4 47 53
4 48 72
4 49 142
4 50 58
4 51 176
4 52 75
4 53 9
4 54 46
4 55 0
4 56 199
4 57 106
4 58 123
4 59 71
4 60 1
4 61 30
4 62 91
4 63 56
4 64 95
4 65 114
4 66 131
4 67 142
4 68 75
4 69 26
4 70 42
4 71 127
4 72 2
4 73 54
4 74 188
4 75 187
4 76 144
4 77 13
4 78 88
4 79 33
4 80 183
4 81 118
4 82 33
4 83 97
4 84 133
4 85 126
4 86 34
4 87 129
4 88 185
4 89 20
4 90 148
4 91 86
4 92 191
4 93 166
4 94 28
4 95 159
4 96 187
4 97 142
4 98 150
4 99 101
5 6 195
5 7 96
5 8 172
5 9 119
5 10 109
5 11 33
5 12 28
5 13 69
5 14 128
5 15 104
5 16 160
5 17 184
5 18 192
5 19 5
5 20 164
5 21 85
5 22 64
5 23 124
5 24 187
5 25 26
5 26 111
5 27 146
5 28 13
5 29 72
5 30 14
5 31 7
5 32 156
5 33 126
5 34 132
5 35 69
5 36 138
5 37 45
5 38 91
5 39 163
5 40 170
5 41 86
5 42 196
5 43 97
5 44 184
5 45 105
5 46 79
5 47 15
5 48 76
5 49 62
5 50 132
5 51 65
5 52 30
5 53 103
5 54 8
5 55 91
5 56 68
5 57 128
5 58 45
5 59 58
5 60 82
5 61 164
5 62 153
5 63 138
5 64 18
5 65 111
5 66 58
5 67 52
5 68 81
5 69 147
5 70 48
5 71 158
5 72 166
5 73 94
5 74 160
5 75 30
5 76 33
5 77 5
5 78 46
5 79 9
5 80 165
5 81 78
5 82 25
5 83 123
5 84 106
5 85 76
5 86 18
5 87 19
5 88 7
5 89 145
5 90 74
5 91 128
5 92 178
5 93 88
5 94 111
5 95 90
5 96 35
5 97 141
5 98 6
5 99 125
6 7 134
6 8 22
6 9 185
6 10 187
6 11 21
6 12 109
6 13 53
6 14 45
6 15 154
6 16 60
6 17 36
6 18 175
6 19 26
6 20 126
6 21 39
6 22 162
6 23 34
6 24 82
6 25 65
6 26 140
6 27 56
6 28 8
6 29 156
6 30 66
6 31 30
6 32 57
6 33 128
6 34 194
6 35 144
6 36 177
6 37 63
6 38 182
6 39 32
6 40 110
6 41 190
6 42 159
6 43 165
6 44 119
6 45 80
6 46 10
6 47 118
6 48 162
6 49 83
6 50 140
6 51 151
6 52 66
6 53 81
6 54 27
6 55 173
6 56 176
6 57 125
6 58 69
6 59 33
6 60 21
6 61 107
6 62 56
6 63 159
6 64 8
6 65 148
6 66 133
6 67 142
6 68 136
6 69 71
6 70 45
6 71 38
6 72 51
6 73 5
6 74 151
6 75 62
6 76 145
6 77 63
6 78 132
6 79 70
6 80 13
6 81 75
6 82 16
6 83 188
6 84 116
6 85 36
6 86 15
6 87 40
6 88 108
6 89 37
6 90 160
6 91 74
6 92 42
6 93 58
6 94 11
6 95 55
6 96 169
6 97 20
6 98 190
6 99 50
7 8 117
7 9 147
7 10 44
7 11 29
7 12 93
7 13 90
7 14 85
7 15 118
7 16 127
7 17 191
7 18 120
7 19 162
7 20 152
7 21 15
7 22 69
7 23 176
7 24 5
7 25 174
7 26 17
7 27 16
7 28 70
7 29 82
7 30 4
7 31 130
7 32 120
7 33 85
7 34 88
7 35 178
7 36 98
7 37 76
7 38 159
7 39 25
7 40 136
7 41 192
7 42 118
7 43 196
7 44 118
7 45 173
7 46 105
7 47 102
7 48 93
7 49 197
7 50 78
7 51 137
7 52 147
7 53 60
7 54 81
7 55 145
7 56 49
7 57 129
7 58 110
7 59 58
7 60 80
7 61 135
7 62 72
7 63 164
7 64 130
7 65 108
7 66 37
7 67 93
7 68 3
7 69 76
7 70 120
7 71 174
7 72 122
7 73 63
7 74 22
7 75 29
7 76 123
7 77 105
7 78 92
7 79 100
7 80 84
7 81 128
7 82 13
7 83 198
7 84 7
7 85 1
7 86 136
7 87 24
7 88 111
7 89 150
7 90 21
7 91 17
7 92 87
7 93 67
7 94 31
7 95 68
7 96 54
7 97 85
7 98 150
7 99 173
8 9 82
8 10 168
8 11 179
8 12 28
8 13 64
8 14 145
8 15 50
8 16 3
8 17 155
8 18 43
8 19 170
8 20 3
8 21 197
8 22 35
8 23 183
8 24 133
8 25 112
8 26 87
8 27 43
8 28 174
8 29 35
8 30 171
8 31 42
8 32 153
8 33 120
8 34 157
8 35 70
8 36 161
8 37 110
8 38 35
8 39 96
8 40 167
8 41 13
8 42 113
8 43 149
8 44 116
8 45 133
8 46 139
8 47 23
8 48 173
8 49 68
8 50 140
8 51 150
8 52 82
8 53 154
8 54 158
8 55 11
8 56 12
8 57 154
8 58 113
8 59 167
8 60 121
8 61 171
8 62 162
8 63 145
8 64 41
8 65 188
8 66 56
8 67 85
8 68 105
8 69 197
8 70 72
8 71 42
8 72 183
8 73 27
8 74 93
8 75 152
8 76 40
8 77 48
8 78 158
8 79 106
8 80 150
8 81 98
8 82 50
8 83 171
8 84 4
8 85 58
8 86 46
8 87 128
8 88 26
8 89 67
8 90 81
8 91 149
8 92 111
8 93 78
8 94 191
8 95 146
8 96 10
8 97 109
8 98 92
8 99 162
9 10 130
9 11 163
9 12 188
9 13 185
9 14 40
9 15 11
9 16 106
9 17 135
9 18 89
9 19 74
9 20 55
9 21 24
9 22 115
9 23 67
9 24 185
9 25 142
9 26 154
9 27 141
9 28 16
9 29 172
9 30 105
9 31 2
9 32 118
9 33 59
9 34 141
9 35 81
9 36 141
9 37 84
9 38 189
9 39 107
9 40 14
9 41 164
9 42 111
9 43 199
9 44 64
9 45 73
9 46 25
9 47 122
9 48 183
9 49 192
9 50 103
9 51 99
9 52 111
9 53 191
9 54 62
9 55 50
9 56 78
9 57 88
9 58 71
9 59 151
9 60 106
9 61 71
9 62 107
9 63 93
9 64 200
9 65 5
9 66 39
9 67 14
9 68 183
9 69 119
9 70 5
9 71 151
9 72 56
9 73 54
9 74 156
9 75 89
9 76 8
9 77 29
9 78 133
9 79 129
9 80 32
9 81 118
9 82 56
9 83 2
9 84 115
9 85 135
9 86 18
9 87 173
9 88 50
9 89 54
9 90 96
9 91 133
9 92 100
9 93 190
9 94 187
9 95 187
9 96 106
9 97 49
9 98 197
9 99 197
10 11 198
10 12 111
10 13 2
10 14 50
10 15 145
10 16 59
10 17 2
10 18 44
10 19 157
10 20 113
10 21 17
10 22 148
10 23 60
10 24 135
10 25 87
10 26 34
10 27 168
10 28 139
10 29 105
10 30 107
10 31 59
10 32 105
10 33 10
10 34 117
10 35 9
10 36 86
10 37 178
10 38 166
10 39 66
10 40 179
10 41 145
10 42 198
10 43 133
10 44 151
10 45 115
10 46 81
10 47 131
10 48 80
10 49 24
10 50 120
10 51 58
10 52 69
10 53 31
10 54 176
10 55 164
10 56 33
10 57 195
10 58 20
10 59 29
10 60 160
10 61 168
10 62 27
10 63 99
10 64 47
10 65 164
10 66 88
10 67 112
10 68 55
10 69 154
10 70 79
10 71 132
10 72 58
10 73 57
10 74 5
10 75 79
10 76 59
10 77 120
10 78 22
10 79 57
10 80 130
10 81 53
10 82 152
10 83 36
10 84 130
10 85 108
10 86 78
10 87 149
10 88 26
10 89 35
10 90 75
10 91 189
10 92 181
10 93 130
10 94 114
10 95 168
10 96 5
10 97 165
10 98 188
10 99 131
11 12 89
11 13 109
11 14 191
11 15 100
11 16 196
11 17 88
11 18 65
11 19 197
11 20 22
11 21 6
11 22 186
11 23 137
11 24 106
11 25 117
11 26 112
11 27 169
11 28 19
11 29 198
11 30 4
11 31 104
11 32 89
11 33 121
11 34 80
11 35 195
11 36 51
11 37 98
11 38 168
11 39 175
11 40 33
11 41 96
11 42 47
11 43 111
11 44 190
11 45 60
11 46 195
11 47 40
11 48 41
11 49 2
11 50 43
11 51 10
11 52 142
11 53 103
11 54 140
11 55 26
11 56 178
11 57 198
11 58 90
11 59 62
11 60 93
11 61 108
11 62 47
11 63 107
11 64 115
11 65 129
11 66 71
11 67 13
11 68 97
11 69 130
11 70 73
11 71 0
11 72 181
11 73 151
11 74 175
11 75 129
11 76 156
11 77 136
11 78 130
11 79 133
11 80 118
11 81 25
11 82 81
11 83 140
11 84 184
11 85 45
11 86 137
11 87 107
11 88 147
11 89 57
11 90 198
11 91 169
11 92 28
11 93 120
11 94 78
11 95 39
11 96 41
11 97 80
11 98 161
11 99 151
12 13 150
12 14 129
12 15 198
12 16 49
12 17 160
12 18 105
12 19 79
12 20 44
12 21 94
12 22 153
12 23 195
12 24 125
12 25 77
12 26 116
12 27 9
12 28 150
12 29 117
12 30 40
12 31 100
12 32 125
12 33 39
12 34 153
12 35 92
12 36 48
12 37 129
12 38 79
12 39 63
12 40 20
12 41 148
12 42 72
12 43 5
12 44 22
12 45 164
12 46 189
12 47 54
12 48 92
12 49 71
12 50 174
12 51 131
12 52 101
12 53 24
12 54 159
12 55 112
12 56 125
12 57 169
12 58 11
12 59 174
12 60 151
12 61 170
12 62 146
12 63 190
12 64 29
12 65 5
12 66 65
12 67 7
12 68 173
12 69 128
12 70 13
12 71 119
12 72 12
12 73 119
12 74 39
12 75 34
12 76 77
12 77 42
12 78 5
12 79 152
12 80 48
12 81 121
12 82 144
12 83 118
12 84 139
12 85 96
12 86 163
12 87 121
12 88 39
12 89 152
12 90 113
12 91 111
12 92 85
12 93 37
12 94 142
12 95 147
12 96 158
12 97 160
12 98 61
12 99 56
13 14 95
13 15 88
13 16 85
13 17 116
13 18 131
13 19 128
13 20 71
13 21 21
13 22 11
13 23 172
13 24 27
13 25 197
13 26 51
13 27 161
13 28 166
13 29 53
13 30 142
13 31 58
13 32 3
13 33 102
13 34 197
13 35 147
13 36 62
13 37 25
13 38 65
13 39 19
13 40 133
13 41 166
13 42 126
13 43 153
13 44 183
13 45 117
13 46 140
13 47 112
13 48 90
13 49 73
13 50 184
13 51 24
13 52 147
13 53 28
13 54 26
13 55 160
13 56 167
13 57 37
13 58 42
13 59 61
13 60 23
13 61 2
13 62 171
13 63 73
13 64 10
13 65 142
13 66 124
13 67 158
13 68 75
13 69 77
13 70 155
13 71 49
13 72 15
13 73 162
13 74 3
13 75 72
13 76 83
13 77 91
13 78 158
13 79 160
13 80 151
13 81 174
13 82 197
13 83 156
13 84 137
13 85 12
13 86 167
13 87 156
13 88 57
13 89 38
13 90 70
13 91 122
13 92 74
13 93 146
13 94 139
13 95 150
13 96 44
13 97 107
13 98 150
13 99 163
14 15 30
14 16 151
14 17 145
14 18 157
14 19 140
14 20 111
14 21 154
14 22 88
14 23 112
14 24 152
14 25 167
14 26 23
14 27 145
14 28 99
14 29 46
14 30 32
14 31 196
14 32 88
14 33 185
14 34 185
14 35 17
14 36 32
14 37 121
14 38 46
14 39 9
14 40 57
14 41 52
14 42 199
14 43 92
14 44 96
14 45 126
14 46 106
14 47 155
14 48 123
14 49 152
14 50 183
14 51 100
14 52 55
14 53 153
14 54 184
14 55 181
14 56 130
14 57 170
14 58 167
14 59 72
14 60 44
14 61 190
14 62 146
14 63 120
14 64 9
14 65 119
14 66 58
14 67 193
14 68 136
14 69 194
14 70 181
14 71 9
14 72 194
14 73 50
14 74 185
14 75 136
14 76 124
14 77 151
14 78 189
14 79 28
14 80 44
14 81 174
14 82 136
14 83 79
14 84 54
14 85 22
14 86 138
14 87 38
14 88 63
14 89 121
14 90 71
14 91 122
14 92 19
14 93 156
14 94 86
14 95 100
14 96 96
14 97 116
14 98 3
14 99 141
15 16 197
15 17 120
15 18 56
15 19 40
15 20 122
15 21 36
15 22 179
15 23 166
15 24 112
15 25 179
15 26 4
15 27 112
15 28 140
15 29 97
15 30 51
15 31 191
15 32 55
15 33 94
15 34 90
15 35 166
15 36 11
15 37 63
15 38 188
15 39 140
15 40 120
15 41 129
15 42 128
15 43 51
15 44 131
15 45 97
15 46 99
15 47 149
15 48 14
15 49 130
15 50 31
15 51 33
15 52 163
15 53 23
15 54 137
15 55 172
15 56 9
15 57 58
15 58 198
15 59 182
15 60 42
15 61 41
15 62 103
15 63 156
15 64 15
15 65 103
15 66 75
15 67 63
15 68 6
15 69 77
15 70 79
15 71 127
15 72 37
15 73 125
15 74 23
15 75 11
15 76 149
15 77 4
15 78 105
15 79 186
15 80 95
15 81 22
15 82 131
15 83 181
15 84 140
15 85 139
15 86 161
15 87 151
15 88 191
15 89 33
15 90 51
15 91 83
15 92 189
15 93 57
15 94 154
15 95 4
15 96 84
15 97 23
15 98 56
15 99 141
16 17 43
16 18 35
16 19 3
16 20 186
16 21 128
16 22 30
16 23 19
16 24 33
16 25 36
16 26 73
16 27 93
16 28 167
16 29 183
16 30 120
16 31 176
16 32 27
16 33 190
16 34 22
16 35 129
16 36 16
16 37 85
16 38 93
16 39 128
16 40 86
16 41 142
16 42 37
16 43 44
16 44 86
16 45 104
16 46 56
16 47 183
16 48 125
16 49 5
16 50 151
16 51 5
16 52 164
16 53 144
16 54 100
16 55 61
16 56 2
16 57 72
16 58 162
16 59 178
16 60 82
16 61 81
16 62 115
16 63 38
16 64 183
16 65 109
16 66 146
16 67 159
16 68 170
16 69 18
16 70 59
16 71 171
16 72 94
16 73 113
16 74 80
16 75 181
16 76 2
16 77 149
16 78 74
16 79 94
16 80 58
16 81 38
16 82 76
16 83 99
16 84 72
16 85 73
16 86 149
16 87 31
16 88 83
16 89 44
16 90 156
16 91 9
16 92 0
16 93 77
16 94 7
16 95 20
16 96 174
16 97 169
16 98 82
16 99 36
17 18 101
17 19 142
17 20 62
17 21 186
17 22 79
17 23 7
17 24 198
17 25 52
17 26 185
17 27 161
17 28 89
17 29 174
17 30 0
17 31 67
17 32 34
17 33 44
17 34 126
17 35 97
17 36 187
17 37 35
17 38 165
17 39 74
17 40 122
17 41 181
17 42 18
17 43 70
17 44 0
17 45 24
17 46 103
17 47 138
17 48 7
17 49 65
17 50 0
17 51 45
17 52 39
17 53 51
17 54 19
17 55 162
17 56 87
17 57 88
17 58 184
17 59 9
17 60 115
17 61 66
17 62 12
17 63 7
17 64 59
17 65 185
17 66 63
17 67 56
17 68 87
17 69 6
17 70 159
17 71 110
17 72 69
17 73 10
17 74 137
17 75 128
17 76 157
17 77 73
17 78 170
17 79 83
17 80 91
17 81 104
17 82 110
17 83 75
17 84 65
17 85 19
17 86 158
17 87 75
17 88 121
17 89 170
17 90 77
17 91 181
17 92 30
17 93 22
17 94 85
17 95 92
17 96 20
17 97 133
17 98 97
17 99 82
18 19 104
18 20 63
18 21 142
18 22 56
18 23 17
18 24 137
18 25 113
18 26 130
18 27 117
18 28 19
18 29 82
18 30 114
18 31 106
18 32 195
18 33 26
18 34 11
18 35 70
18 36 94
18 37 42
18 38 129
18 39 12
18 40 38
18 41 81
18 42 83
18 43 198
18 44 136
18 45 41
18 46 139
18 47 32
18 48 120
18 49 84
18 50 62
18 51 14
18 52 187
18 53 144
18 54 143
18 55 176
18 56 111
18 57 92
18 58 188
18 59 80
18 60 167
18 61 6
18 62 6
18 63 144
18 64 193
18 65 161
18 66 15
18 67 161
18 68 178
18 69 42
18 70 180
18 71 49
18 72 175
18 73 108
18 74 124
18 75 117
18 76 106
18 77 141
18 78 42
18 79 30
18 80 179
18 81 170
18 82 15
18 83 147
18 84 93
18 85 110
18 86 42
18 87 23
18 88 55
18 89 137
18 90 185
18 91 148
18 92 91
18 93 22
18 94 121
18 95 24
18 96 117
18 97 26
18 98 88
18 99 147
19 20 135
19 21 128
19 22 153
19 23 66
19 24 170
19 25 61
19 26 13
19 27 197
19 28 113
19 29 194
19 30 160
19 31 23
19 32 126
19 33 157
19 34 59
19 35 60
19 36 30
19 37 153
19 38 1
19 39 114
19 40 82
19 41 103
19 42 171
19 43 7
19 44 128
19 45 95
19 46 114
19 47 79
19 48 135
19 49 25
19 50 64
19 51 137
19 52 97
19 53 194
19 54 141
19 55 19
19 56 158
19 57 83
19 58 99
19 59 134
19 60 25
19 61 123
19 62 137
19 63 200
19 64 101
19 65 92
19 66 41
19 67 91
19 68 138
19 69 33
19 70 37
19 71 46
19 72 28
19 73 169
19 74 48
19 75 57
19 76 37
19 77 62
19 78 0
19 79 127
19 80 129
19 81 52
19 82 110
19 83 147
19 84 37
19 85 69
19 86 167
19 87 126
19 88 149
19 89 83
19 90 129
19 91 136
19 92 135
19 93 79
19 94 123
19 95 32
19 96 68
19 97 105
19 98 59
19 99 75
20 21 196
20 22 132
20 23 182
20 24 171
20 25 9
20 26 88
20 27 52
20 28 154
20 29 178
20 30 130
20 31 17
20 32 40
20 33 139
20 34 87
20 35 18
20 36 154
20 37 18
20 38 125
20 39 26
20 40 82
20 41 54
20 42 48
20 43 119
20 44 52
20 45 105
20 46 29
20 47 2
20 48 191
20 49 33
20 50 37
20 51 56
20 52 27
20 53 80
20 54 192
20 55 162
20 56 105
20 57 71
20 58 134
20 59 68
20 60 30
20 61 12
20 62 195
20 63 70
20 64 197
20 65 127
20 66 198
20 67 174
20 68 28
20 69 131
20 70 51
20 71 62
20 72 47
20 73 77
20 74 181
20 75 114
20 76 37
20 77 182
20 78 48
20 79 174
20 80 107
20 81 13
20 82 194
20 83 143
20 84 109
20 85 32
20 86 153
20 87 58
20 88 139
20 89 142
20 90 95
20 91 155
20 92 17
20 93 20
20 94 54
20 95 122
20 96 37
20 97 55
20 98 55
20 99 1
21 22 175
21 23 106
21 24 148
21 25 61
21 26 68
21 27 76
21 28 196
21 29 3
21 30 17
21 31 137
21 32 163
21 33 17
21 34 11
21 35 110
21 36 8
21 37 197
21 38 178
21 39 77
21 40 76
21 41 187
21 42 136
21 43 88
21 44 194
21 45 187
21 46 151
21 47 72
21 48 159
21 49 98
21 50 181
21 51 76
21 52 31
21 53 178
21 54 36
21 55 39
21 56 178
21 57 112
21 58 116
21 59 84
21 60 49
21 61 41
21 62 167
21 63 30
21 64 173
21 65 141
21 66 39
21 67 18
21 68 109
21 69 139
21 70 159
21 71 112
21 72 157
21 73 72
21 74 73
21 75 67
21 76 65
21 77 159
21 78 9
21 79 186
21 80 12
21 81 16
21 82 156
21 83 43
21 84 74
21 85 100
21 86 53
21 87 77
21 88 50
21 89 34
21 90 54
21 91 60
21 92 32
21 93 134
21 94 184
21 95 70
21 96 175
21 97 180
21 98 67
21 99 80
22 23 151
22 24 164
22 25 196
22 26 15
22 27 53
22 28 93
22 29 84
22 30 191
22 31 82
22 32 62
22 33 118
22 34 104
22 35 114
22 36 75
22 37 153
22 38 178
22 39 79
22 40 16
22 41 142
22 42 87
22 43 22
22 44 85
22 45 60
22 46 140
22 47 128
22 48 81
22 49 28
22 50 92
22 51 161
22 52 46
22 53 32
22 54 196
22 55 48
22 56 183
22 57 107
22 58 81
22 59 141
22 60 200
22 61 4
22 62 86
22 63 168
22 64 167
22 65 63
22 66 37
22 67 50
22 68 186
22 69 129
22 70 86
22 71 66
22 72 134
22 73 23
22 74 31
22 75 133
22 76 104
22 77 114
22 78 41
22 79 24
22 80 11
22 81 65
22 82 72
22 83 28
22 84 200
22 85 23
22 86 19
22 87 149
22 88 121
22 89 195
22 90 176
22 91 61
22 92 83
22 93 133
22 94 153
22 95 190
22 96 105
22 97 71
22 98 148
22 99 101
23 24 116
23 25 47
23 26 199
23 27 74
23 28 32
23 29 152
23 30 61
23 31 50
23 32 18
23 33 115
23 34 112
23 35 29
23 36 33
23 37 21
23 38 102
23 39 99
23 40 150
23 41 92
23 42 191
23 43 197
23 44 83
23 45 8
23 46 181
23 47 104
23 48 60
23 49 193
23 50 62
23 51 37
23 52 42
23 53 137
23 54 54
23 55 149
23 56 200
23 57 180
23 58 170
23 59 156
23 60 76
23 61 114
23 62 110
23 63 146
23 64 158
23 65 81
23 66 99
23 67 92
23 68 7
23 69 8
23 70 26
23 71 74
23 72 20
23 73 100
23 74 131
23 75 45
23 76 80
23 77 189
23 78 134
23 79 111
23 80 36
23 81 127
23 82 99
23 83 62
23 84 77
23 85 143
23 86 160
23 87 118
23 88 16
23 89 22
23 90 8
23 91 79
23 92 139
23 93 197
23 94 32
23 95 189
23 96 149
23 97 81
23 98 82
23 99 70
24 25 28
24 26 84
24 27 138
24 28 134
24 29 58
24 30 141
24 31 58
24 32 15
24 33 63
24 34 141
24 35 188
24 36 158
24 37 104
24 38 161
24 39 77
24 40 43
24 41 151
24 42 105
24 43 168
24 44 117
24 45 172
24 46 64
24 47 25
24 48 63
24 49 93
24 50 134
24 51 94
24 52 112
24 53 137
24 54 164
24 55 9
24 56 41
24 57 24
24 58 58
24 59 93
24 60 116
24 61 44
24 62 24
24 63 37
24 64 123
24 65 65
24 66 131
24 67 94
24 68 52
24 69 155
24 70 55
24 71 50
24 72 31
24 73 184
24 74 149
24 75 27
24 76 165
24 77 156
24 78 154
24 79 164
24 80 130
24 81 62
24 82 95
24 83 72
24 84 76
24 85 2
24 86 112
24 87 178
24 88 123
24 89 128
24 90 150
24 91 107
24 92 61
24 93 139
24 94 123
24 95 39
24 96 9
24 97 35
24 98 18
24 99 59
25 26 58
25 27 186
25 28 34
25 29 130
25 30 191
25 31 190
25 32 50
25 33 150
25 34 105
25 35 196
25 36 97
25 37 186
25 38 61
25 39 21
25 40 60
25 41 121
25 42 27
25 43 56
25 44 200
25 45 25
25 46 119
25 47 185
25 48 191
25 49 59
25 50 51
25 51 75
25 52 76
25 53 93
25 54 24
25 55 101
25 56 49
25 57 134
25 58 152
25 59 70
25 60 89
25 61 54
25 62 184
25 63 18
25 64 11
25 65 171
25 66 152
25 67 171
25 68 152
25 69 89
25 70 114
25 71 154
25 72 122
25 73 142
25 74 149
25 75 39
25 76 122
25 77 43
25 78 53
25 79 199
25 80 145
25 81 133
25 82 89
25 83 25
25 84 184
25 85 57
25 86 164
25 87 68
25 88 155
25 89 57
25 90 130
25 91 126
25 92 162
25 93 200
25 94 61
25 95 43
25 96 64
25 97 147
25 98 165
25 99 87
26 27 173
26 28 36
26 29 9
26 30 19
26 31 186
26 32 161
26 33 33
26 34 27
26 35 70
26 36 125
26 37 174
26 38 8
26 39 110
26 40 139
26 41 152
26 42 126
26 43 160
26 44 80
26 45 85
26 46 166
26 47 174
26 48 12
26 49 34
26 50 7
26 51 69
26 52 13
26 53 152
26 54 11
26 55 114
26 56 131
26 57 51
26 58 170
26 59 187
26 60 25
26 61 142
26 62 129
26 63 142
26 64 162
26 65 10
26 66 90
26 67 37
26 68 136
26 69 70
26 70 91
26 71 54
26 72 96
26 73 94
26 74 32
26 75 160
26 76 177
26 77 36
26 78 156
26 79 157
26 80 157
26 81 177
26 82 143
26 83 179
26 84 5
26 85 92
26 86 68
26 87 32
26 88 32
26 89 105
26 90 38
26 91 85
26 92 59
26 93 165
26 94 130
26 95 199
26 96 13
26 97 71
26 98 167
26 99 100
27 28 151
27 29 108
27 30 167
27 31 51
27 32 3
27 33 91
27 34 13
27 35 5
27 36 32
27 37 30
27 38 72
27 39 179
27 40 146
27 41 81
27 42 121
27 43 47
27 44 81
27 45 66
27 46 198
27 47 180
27 48 66
27 49 17
27 50 176
27 51 180
27 52 14
27 53 143
27 54 14
27 55 128
27 56 44
27 57 41
27 58 74
27 59 69
27 60 156
27 61 10
27 62 163
27 63 140
27 64 127
27 65 1
27 66 193
27 67 65
27 68 89
27 69 91
27 70 13
27 71 46
27 72 133
27 73 101
27 74 38
27 75 82
27 76 139
27 77 94
27 78 180
27 79 80
27 80 121
27 81 130
27 82 88
27 83 30
27 84 102
27 85 166
27 86 153
27 87 99
27 88 82
27 89 46
27 90 90
27 91 150
27 92 111
27 93 24
27 94 110
27 95 83
27 96 151
27 97 102
27 98 5
27 99 133
28 29 8
28 30 55
28 31 104
28 32 102
28 33 20
28 34 147
28 35 41
28 36 167
28 37 163
28 38 166
28 39 137
28 40 199
28 41 27
28 42 179
28 43 94
28 44 102
28 45 170
28 46 154
28 47 110
28 48 68
28 49 142
28 50 90
28 51 172
28 52 0
28 53 74
28 54 13
28 55 109
28 56 71
28 57 90
28 58 49
28 59 155
28 60 61
28 61 144
28 62 119
28 63 102
28 64 78
28 65 137
28 66 28
28 67 97
28 68 14
28 69 107
28 70 70
28 71 24
28 72 52
28 73 60
28 74 90
28 75 28
28 76 123
28 77 27
28 78 40
28 79 169
28 80 112
28 81 163
28 82 78
28 83 176
28 84 200
28 85 5
28 86 115
28 87 197
28 88 32
28 89 18
28 90 117
28 91 60
28 92 140
28 93 149
28 94 131
28 95 193
28 96 15
28 97 63
28 98 186
28 99 147
29 30 58
29 31 157
29 32 11
29 33 132
29 34 30
29 35 156
29 36 92
29 37 186
29 38 45
29 39 178
29 40 20
29 41 33
29 42 146
29 43 87
29 44 175
29 45 111
29 46 99
29 47 159
29 48 188
29 49 68
29 50 36
29 51 15
29 52 23
29 53 113
29 54 29
29 55 149
29 56 49
29 57 100
29 58 62
29 59 104
29 60 121
29 61 135
29 62 155
29 63 148
29 64 103
29 65 14
29 66 115
29 67 52
29 68 102
29 69 55
29 70 95
29 71 149
29 72 123
29 73 86
29 74 78
29 75 143
29 76 65
29 77 66
29 78 185
29 79 13
29 80 176
29 81 132
29 82 104
29 83 88
29 84 105
29 85 32
29 86 25
29 87 77
29 88 19
29 89 119
29 90 44
29 91 73
29 92 199
29 93 97
29 94 58
29 95 153
29 96 138
29 97 179
29 98 134
29 99 60
30 31 70
30 32 116
30 33 77
30 34 96
30 35 110
30 36 169
30 37 172
30 38 122
30 39 149
30 40 79
30 41 128
30 42 47
30 43 151
30 44 157
30 45 12
30 46 45
30 47 121
30 48 80
30 49 107
30 50 152
30 51 35
30 52 128
30 53 102
30 54 36
30 55 10
30 56 44
30 57 49
30 58 29
30 59 125
30 60 133
30 61 116
30 62 40
30 63 91
30 64 8
30 65 149
30 66 137
30 67 1
30 68 175
30 69 106
30 70 122
30 71 113
30 72 86
30 73 63
30 74 3
30 75 129
30 76 191
30 77 156
30 78 110
30 79 123
30 80 11
30 81 185
30 82 71
30 83 185
30 84 27
30 85 182
30 86 33
30 87 115
30 88 48
30 89 12
30 90 189
30 91 42
30 92 94
30 93 145
30 94 133
30 95 112
30 96 175
30 97 166
30 98 72
30 99 138
31 32 93
31 33 11
31 34 81
31 35 114
31 36 151
31 37 16
31 38 83
31 39 22
31 40 103
31 41 144
31 42 117
31 43 166
31 44 17
31 45 169
31 46 103
31 47 170
31 48 138
31 49 192
31 50 159
31 51 61
31 52 59
31 53 75
31 54 3
31 55 6
31 56 100
31 57 127
31 58 193
31 59 18
31 60 62
31 61 181
31 62 28
31 63 109
31 64 93
31 65 105
31 66 50
31 67 11
31 68 151
31 69 105
31 70 181
31 71 197
31 72 192
31 73 173
31 74 12
31 75 18
31 76 90
31 77 85
31 78 66
31 79 142
31 80 0
31 81 47
31 82 149
31 83 168
31 84 41
31 85 121
31 86 193
31 87 72
31 88 164
31 89 199
31 90 111
31 91 184
31 92 104
31 93 10
31 94 58
31 95 53
31 96 76
31 97 94
31 98 12
31 99 200
32 33 190
32 34 173
32 35 24
32 36 20
32 37 120
32 38 146
32 39 51
32 40 129
32 41 99
32 42 100
32 43 137
32 44 162
32 45 48
32 46 51
32 47 30
32 48 174
32 49 117
32 50 103
32 51 73
32 52 19
32 53 175
32 54 40
32 55 130
32 56 60
32 57 102
32 58 137
32 59 103
32 60 100
32 61 142
32 62 112
32 63 2
32 64 184
32 65 13
32 66 114
32 67 38
32 68 199
32 69 102
32 70 126
32 71 116
32 72 178
32 73 13
32 74 82
32 75 138
32 76 11
32 77 48
32 78 40
32 79 82
32 80 32
32 81 91
32 82 113
32 83 75
32 84 49
32 85 88
32 86 105
32 87 39
32 88 188
32 89 69
32 90 111
32 91 179
32 92 91
32 93 67
32 94 42
32 95 58
32 96 101
32 97 88
32 98 66
32 99 120
33 34 138
33 35 8
33 36 27
33 37 37
33 38 154
33 39 139
33 40 130
33 41 111
33 42 25
33 43 158
33 44 182
33 45 0
33 46 81
33 47 19
33 48 146
33 49 199
33 50 66
33 51 106
33 52 29
33 53 144
33 54 110
33 55 78
33 56 6
33 57 184
33 58 95
33 59 91
33 60 157
33 61 198
33 62 48
33 63 66
33 64 77
33 65 182
33 66 6
33 67 107
33 68 188
33 69 68
33 70 158
33 71 19
33 72 139
33 73 145
33 74 36
33 75 96
33 76 184
33 77 133
33 78 62
33 79 10
33 80 143
33 81 141
33 82 19
33 83 79
33 84 8
33 85 65
33 86 24
33 87 32
33 88 13
33 89 163
33 90 141
33 91 123
33 92 187
33 93 21
33 94 54
33 95 130
33 96 197
33 97 191
33 98 63
33 99 169
34 35 132
34 36 40
34 37 182
34 38 145
34 39 144
34 40 73
34 41 165
34 42 132
34 43 72
34 44 129
34 45 92
34 46 136
34 47 108
34 48 23
34 49 86
34 50 198
34 51 183
34 52 141
34 53 37
34 54 2
34 55 80
34 56 146
34 57 162
34 58 195
34 59 59
34 60 73
34 61 174
34 62 74
34 63 185
34 64 145
34 65 73
34 66 46
34 67 62
34 68 126
34 69 4
34 70 34
34 71 167
34 72 49
34 73 179
34 74 128
34 75 12
34 76 79
34 77 53
34 78 194
34 79 152
34 80 94
34 81 191
34 82 28
34 83 175
34 84 38
34 85 152
34 86 39
34 87 68
34 88 195
34 89 127
34 90 165
34 91 134
34 92 145
34 93 20
34 94 72
34 95 166
34 96 72
34 97 92
34 98 40
34 99 19
35 36 25
35 37 154
35 38 33
35 39 125
35 40 165
35 41 114
35 42 196
35 43 199
35 44 31
35 45 49
35 46 26
35 47 160
35 48 29
35 49 150
35 50 198
35 51 116
35 52 159
35 53 146
35 54 198
35 55 33
35 56 141
35 57 193
35 58 16
35 59 113
35 60 154
35 61 76
35 62 177
35 63 197
35 64 61
35 65 98
35 66 181
35 67 42
35 68 131
35 69 76
35 70 12
35 71 148
35 72 25
35 73 145
35 74 61
35 75 135
35 76 82
35 77 152
35 78 118
35 79 49
35 80 74
35 81 94
35 82 105
35 83 50
35 84 191
35 85 39
35 86 138
35 87 187
35 88 31
35 89 77
35 90 176
35 91 82
35 92 132
35 93 175
35 94 99
35 95 125
35 96 146
35 97 15
35 98 162
35 99 170
36 37 179
36 38 180
36 39 74
36 40 37
36 41 83
36 42 54
36 43 165
36 44 16
36 45 142
36 46 146
36 47 92
36 48 112
36 49 30
36 50 153
36 51 55
36 52 136
36 53 104
36 54 1
36 55 88
36 56 182
36 57 117
36 58 178
36 59 81
36 60 81
36 61 170
36 62 163
36 63 114
36 64 42
36 65 31
36 66 29
36 67 124
36 68 132
36 69 96
36 70 131
36 71 106
36 72 2
36 73 138
36 74 127
36 75 70
36 76 151
36 77 154
36 78 89
36 79 70
36 80 155
36 81 112
36 82 198
36 83 119
36 84 66
36 85 135
36 86 7
36 87 105
36 88 25
36 89 146
36 90 52
36 91 85
36 92 62
36 93 175
36 94 20
36 95 89
36 96 178
36 97 84
36 98 170
36 99 70
37 38 38
37 39 164
37 40 142
37 41 152
37 42 45
37 43 136
37 44 81
37 45 53
37 46 20
37 47 109
37 48 99
37 49 106
37 50 158
37 51 7
37 52 139
37 53 139
37 54 42
37 55 144
37 56 189
37 57 55
37 58 141
37 59 103
37 60 148
37 61 71
37 62 178
37 63 181
37 64 82
37 65 158
37 66 152
37 67 61
37 68 179
37 69 27
37 70 111
37 71 0
37 72 38
37 73 182
37 74 23
37 75 169
37 76 191
37 77 9
37 78 108
37 79 113
37 80 21
37 81 109
37 82 155
37 83 72
37 84 5
37 85 46
37 86 56
37 87 33
37 88 31
37 89 137
37 90 134
37 91 81
37 92 77
37 93 106
37 94 190
37 95 59
37 96 40
37 97 33
37 98 93
37 99 24
38 39 197
38 40 69
38 41 3
38 42 192
38 43 7
38 44 92
38 45 2
38 46 196
38 47 123
38 48 7
38 49 39
38 50 165
38 51 39
38 52 33
38 53 198
38 54 56
38 55 118
38 56 182
38 57 20
38 58 111
38 59 81
38 60 92
38 61 133
38 62 83
38 63 131
38 64 37
38 65 145
38 66 72
38 67 92
38 68 85
38 69 31
38 70 184
38 71 173
38 72 152
38 73 10
38 74 177
38 75 110
38 76 116
38 77 149
38 78 141
38 79 187
38 80 124
38 81 173
38 82 37
38 83 58
38 84 106
38 85 146
38 86 116
38 87 192
38 88 194
38 89 134
38 90 40
38 91 186
38 92 1
38 93 197
38 94 81
38 95 95
38 96 131
38 97 43
38 98 132
38 99 157
39 40 38
39 41 125
39 42 115
39 43 141
39 44 52
39 45 74
39 46 135
39 47 54
39 48 197
39 49 39
39 50 189
39 51 168
39 52 43
39 53 188
39 54 164
39 55 94
39 56 183
39 57 167
39 58 176
39 59 57
39 60 63
39 61 176
39 62 58
39 63 146
39 64 41
39 65 177
39 66 78
39 67 7
39 68 124
39 69 101
39 70 74
39 71 5
39 72 111
39 73 40
39 74 148
39 75 106
39 76 96
39 77 29
39 78 176
39 79 66
39 80 12
39 81 35
39 82 94
39 83 3
39 84 133
39 85 22
39 86 165
39 87 0
39 88 193
39 89 23
39 90 196
39 91 116
39 92 167
39 93 186
39 94 23
39 95 189
39 96 165
39 97 166
39 98 187
39 99 82
40 41 79
40 42 28
40 43 170
40 44 176
40 45 146
40 46 155
40 47 78
40 48 167
40 49 171
40 50 2
40 51 140
40 52 118
40 53 84
40 54 187
40 55 178
40 56 115
40 57 51
40 58 88
40 59 80
40 60 134
40 61 44
40 62 141
40 63 141
40 64 164
40 65 162
40 66 141
40 67 166
40 68 138
40 69 185
40 70 174
40 71 101
40 72 175
40 73 169
40 74 172
40 75 15
40 76 198
40 77 14
40 78 196
40 79 144
40 80 23
40 81 137
40 82 194
40 83 114
40 84 94
40 85 10
40 86 57
40 87 68
40 88 16
40 89 58
40 90 189
40 91 74
40 92 165
40 93 10
40 94 86
40 95 169
40 96 47
40 97 155
40 98 82
40 99 85
41 42 172
41 43 92
41 44 113
41 45 100
41 46 44
41 47 158
41 48 55
41 49 198
41 50 96
41 51 120
41 52 137
41 53 161
41 54 22
41 55 172
41 56 79
41 57 181
41 58 16
41 59 168
41 60 133
41 61 86
41 62 27
41 63 154
41 64 110
41 65 50
41 66 38
41 67 83
41 68 145
41 69 127
41 70 68
41 71 85
41 72 181
41 73 195
41 74 195
41 75 101
41 76 121
41 77 54
41 78 39
41 79 158
41 80 0
41 81 137
41 82 167
41 83 94
41 84 54
41 85 155
41 86 179
41 87 44
41 88 146
41 89 8
41 90 159
41 91 144
41 92 64
41 93 99
41 94 7
41 95 28
41 96 25
41 97 77
41 98 146
41 99 113
42 43 72
42 44 177
42 45 82
42 46 168
42 47 75
42 48 32
42 49 133
42 50 0
42 51 7
42 52 36
42 53 89
42 54 185
42 55 101
42 56 151
42 57 54
42 58 118
42 59 103
42 60 180
42 61 60
42 62 188
42 63 109
42 64 81
42 65 58
42 66 94
42 67 130
42 68 15
42 69 18
42 70 41
42 71 68
42 72 28
42 73 60
42 74 69
42 75 88
42 76 73
42 77 148
42 78 167
42 79 138
42 80 3
42 81 82
42 82 177
42 83 44
42 84 101
42 85 181
42 86 97
42 87 0
42 88 100
42 89 24
42 90 159
42 91 9
42 92 1
42 93 162
42 94 123
42 95 2
42 96 73
42 97 164
42 98 79
42 99 190
