100 1122
0 1 21
0 2 105
0 3 37
0 4 152
0 5 109
0 6 178
0 7 115
0 8 183
0 9 36
0 10 5
0 11 150
0 12 183
0 13 131
0 14 68
0 15 101
0 16 50
0 17 155
0 18 109
0 19 85
0 20 82
0 21 3
0 22 154
0 23 178
0 24 78
0 25 88
0 26 59
0 27 8
0 28 149
0 29 151
0 30 111
0 31 130
0 32 6
0 33 15
0 34 8
0 35 90
0 36 16
0 37 8
0 38 139
0 39 26
0 40 18
0 41 51
0 42 90
0 43 57
0 44 45
0 45 54
0 46 12
0 47 152
0 48 104
0 49 174
0 50 167
0 51 137
0 52 173
0 53 115
0 54 23
0 55 171
0 56 4
0 57 5
0 58 104
0 59 93
0 60 104
0 61 69
0 62 45
0 63 171
0 64 104
0 65 130
0 66 167
0 67 138
0 68 11
0 69 60
0 70 147
0 71 57
0 72 135
0 73 60
0 74 120
0 75 33
0 76 171
0 77 21
0 78 62
0 79 69
0 80 156
0 81 140
0 82 27
0 83 92
0 84 185
0 85 171
0 86 158
0 87 119
0 88 128
0 89 165
0 90 2
0 91 75
0 92 107
0 93 7
0 94 102
0 95 134
0 96 67
0 97 143
0 98 70
0 99 93
1 2 32
1 3 90
1 4 126
1 5 78
1 6 179
1 7 116
1 8 113
1 9 35
1 10 2
1 11 82
1 12 190
1 13 53
1 14 81
1 15 30
1 16 32
1 17 72
1 18 91
1 19 102
1 20 49
1 21 0
1 22 72
1 23 121
1 24 145
1 25 128
1 26 103
1 27 57
1 28 167
1 29 85
1 30 54
1 31 89
1 32 59
1 33 31
1 34 160
1 35 133
1 36 118
1 37 40
1 38 168
1 39 36
1 40 24
1 41 192
1 42 136
1 43 158
1 44 176
1 45 50
1 46 84
1 47 95
1 48 83
1 49 139
1 50 112
1 51 72
1 52 158
1 53 24
1 54 56
1 55 14
1 56 148
1 57 174
1 58 11
1 59 89
1 60 46
1 61 194
1 62 60
1 63 179
1 64 97
1 65 16
1 66 200
1 67 89
1 68 200
1 69 94
1 70 186
1 71 35
1 72 168
1 73 173
1 74 9
1 75 141
1 76 48
1 77 76
1 78 171
1 79 32
1 80 189
1 81 25
1 82 146
1 83 161
1 84 105
1 85 93
1 86 199
1 87 174
1 88 79
1 89 93
1 90 140
1 91 173
1 92 12
1 93 156
1 94 136
1 95 115
1 96 62
1 97 103
1 98 168
1 99 32
2 3 142
2 4 186
2 5 46
2 6 180
2 7 29
2 8 80
2 9 43
2 10 82
2 11 144
2 12 164
2 13 179
2 14 41
2 15 26
2 16 48
2 17 166
2 18 187
2 19 133
2 20 57
2 21 82
2 22 173
2 23 134
2 24 81
2 25 110
2 26 9
2 27 41
2 28 179
2 29 13
2 30 105
2 31 94
2 32 144
2 33 147
2 34 6
2 35 197
2 36 53
2 37 130
2 38 11
2 39 82
2 40 141
2 41 178
2 42 86
2 43 75
2 44 146
2 45 167
2 46 31
2 47 29
2 48 179
2 49 19
2 50 61
2 51 100
2 52 136
2 53 45
2 54 93
2 55 6
2 56 96
2 57 200
2 58 67
2 59 79
2 60 83
2 61 200
2 62 52
2 63 105
2 64 48
2 65 195
2 66 3
2 67 82
2 68 150
2 69 163
2 70 180
2 71 119
2 72 194
2 73 187
2 74 197
2 75 159
2 76 85
2 77 184
2 78 108
2 79 166
2 80 164
2 81 138
2 82 69
2 83 88
2 84 128
2 85 25
2 86 90
2 87 26
2 88 16
2 89 187
2 90 74
2 91 130
2 92 198
2 93 170
2 94 167
2 95 171
2 96 53
2 97 36
2 98 38
2 99 139
3 4 58
3 5 121
3 6 87
3 7 180
3 8 88
3 9 26
3 10 122
3 11 142
3 12 157
3 13 179
3 14 157
3 15 39
3 16 109
3 17 170
3 18 183
3 19 29
3 20 43
3 21 16
3 22 23
3 23 89
3 24 140
3 25 181
3 26 126
3 27 129
3 28 141
3 29 21
3 30 40
3 31 21
3 32 159
3 33 77
3 34 83
3 35 65
3 36 61
3 37 87
3 38 160
3 39 159
3 40 3
3 41 98
3 42 28
3 43 198
3 44 53
3 45 160
3 46 90
3 47 136
3 48 57
3 49 47
3 50 15
3 51 183
3 52 183
3 53 66
3 54 118
3 55 50
3 56 67
3 57 104
3 58 2
3 59 90
3 60 30
3 61 28
3 62 152
3 63 193
3 64 152
3 65 5
3 66 72
3 67 185
3 68 131
3 69 160
3 70 150
3 71 73
3 72 183
3 73 18
3 74 166
3 75 49
3 76 35
3 77 159
3 78 179
3 79 104
3 80 62
3 81 107
3 82 171
3 83 14
3 84 35
3 85 169
3 86 81
3 87 45
3 88 179
3 89 87
3 90 117
3 91 56
3 92 149
3 93 30
3 94 178
3 95 64
3 96 200
3 97 127
3 98 115
3 99 144
4 5 111
4 6 82
4 7 123
4 8 104
4 9 155
4 10 188
4 11 157
4 12 146
4 13 183
4 14 139
4 15 46
4 16 153
4 17 52
4 18 124
4 19 38
4 20 130
4 21 98
4 22 32
4 23 59
4 24 143
4 25 169
4 26 112
4 27 160
4 28 99
4 29 125
4 30 164
4 31 137
4 32 32
4 33 111
4 34 196
4 35 96
4 36 49
4 37 166
4 38 7
4 39 183
4 40 168
4 41 67
4 42 164
4 43 114
4 44 197
4 45 128
4 46 124
4 47 59
4 48 119
4 49 36
4 50 161
4 51 78
4 52 189
4 53 18
4 54 7
4 55 162
4 56 66
4 57 90
4 58 65
4 59 123
4 60 86
4 61 108
4 62 49
4 63 42
4 64 37
4 65 152
4 66 119
4 67 140
4 68 190
4 69 145
4 70 85
4 71 59
4 72 42
4 73 74
4 74 148
4 75 198
4 76 67
4 77 0
4 78 68
4 79 49
4 80 40
4 81 164
4 82 79
4 83 32
4 84 133
4 85 105
4 86 124
4 87 125
4 88 121
4 89 77
4 90 47
4 91 90
4 92 111
4 93 197
4 94 106
4 95 67
4 96 105
4 97 188
4 98 156
4 99 19
5 6 170
5 7 180
5 8 140
5 9 174
5 10 65
5 11 170
5 12 77
5 13 14
5 14 139
5 15 101
5 16 164
5 17 145
5 18 13
5 19 189
5 20 56
5 21 104
5 22 36
5 23 122
5 24 107
5 25 115
5 26 190
5 27 68
5 28 5
5 29 68
5 30 138
5 31 150
5 32 164
5 33 113
5 34 15
5 35 110
5 36 6
5 37 56
5 38 104
5 39 119
5 40 188
5 41 193
5 42 32
5 43 28
5 44 87
5 45 192
5 46 33
5 47 86
5 48 170
5 49 78
5 50 2
5 51 198
5 52 184
5 53 105
5 54 70
5 55 115
5 56 65
5 57 99
5 58 36
5 59 167
5 60 190
5 61 14
5 62 21
5 63 171
5 64 167
5 65 138
5 66 115
5 67 67
5 68 49
5 69 72
5 70 176
5 71 50
5 72 32
5 73 99
5 74 101
5 75 174
5 76 123
5 77 148
5 78 46
5 79 157
5 80 25
5 81 46
5 82 193
5 83 103
5 84 26
5 85 155
5 86 70
5 87 104
5 88 173
5 89 23
5 90 195
5 91 141
5 92 141
5 93 27
5 94 160
5 95 25
5 96 45
5 97 95
5 98 88
5 99 152
6 7 14
6 8 86
6 9 105
6 10 138
6 11 171
6 12 25
6 13 101
6 14 37
6 15 130
6 16 105
6 17 1
6 18 100
6 19 69
6 20 199
6 21 49
6 22 47
6 23 12
6 24 162
6 25 8
6 26 73
6 27 39
6 28 3
6 29 28
6 30 49
6 31 85
6 32 157
6 33 16
6 34 143
6 35 19
6 36 129
6 37 102
6 38 35
6 39 149
6 40 106
6 41 94
6 42 177
6 43 134
6 44 167
6 45 79
6 46 158
6 47 23
6 48 88
6 49 114
6 50 57
6 51 29
6 52 9
6 53 83
6 54 4
6 55 146
6 56 133
6 57 13
6 58 139
6 59 92
6 60 94
6 61 40
6 62 35
6 63 179
6 64 123
6 65 126
6 66 84
6 67 87
6 68 187
6 69 34
6 70 199
6 71 115
6 72 196
6 73 77
6 74 160
6 75 104
6 76 95
6 77 74
6 78 158
6 79 82
6 80 37
6 81 52
6 82 157
6 83 41
6 84 58
6 85 193
6 86 37
6 87 39
6 88 65
6 89 91
6 90 160
6 91 50
6 92 90
6 93 181
6 94 181
6 95 25
6 96 116
6 97 88
6 98 44
6 99 156
7 8 189
7 9 55
7 10 83
7 11 50
7 12 58
7 13 24
7 14 198
7 15 180
7 16 198
7 17 4
7 18 78
7 19 18
7 20 27
7 21 52
7 22 82
7 23 200
7 24 82
7 25 80
7 26 113
7 27 40
7 28 122
7 29 98
7 30 120
7 31 184
7 32 198
7 33 103
7 34 60
7 35 16
7 36 173
7 37 198
7 38 97
7 39 137
7 40 16
7 41 171
7 42 9
7 43 99
7 44 121
7 45 64
7 46 156
7 47 139
7 48 20
7 49 113
7 50 130
7 51 199
7 52 109
7 53 173
7 54 199
7 55 200
7 56 191
7 57 33
7 58 74
7 59 10
7 60 7
7 61 61
7 62 92
7 63 103
7 64 138
7 65 163
7 66 4
7 67 98
7 68 68
7 69 68
7 70 13
7 71 185
7 72 23
7 73 49
7 74 197
7 75 120
7 76 43
7 77 14
7 78 143
7 79 115
7 80 41
7 81 125
7 82 7
7 83 122
7 84 135
7 85 144
7 86 183
7 87 114
7 88 5
7 89 177
7 90 174
7 91 84
7 92 12
7 93 182
7 94 157
7 95 0
7 96 114
7 97 29
7 98 87
7 99 81
8 9 179
8 10 156
8 11 116
8 12 93
8 13 68
8 14 93
8 15 40
8 16 48
8 17 38
8 18 150
8 19 145
8 20 131
8 21 141
8 22 77
8 23 3
8 24 107
8 25 15
8 26 11
8 27 2
8 28 116
8 29 167
8 30 26
8 31 16
8 32 57
8 33 130
8 34 45
8 35 147
8 36 97
8 37 25
8 38 73
8 39 30
8 40 116
8 41 169
8 42 158
8 43 174
8 44 73
8 45 46
8 46 177
8 47 87
8 48 55
8 49 198
8 50 176
8 51 34
8 52 160
8 53 142
8 54 183
8 55 28
8 56 20
8 57 45
8 58 50
8 59 172
8 60 34
8 61 93
8 62 167
8 63 140
8 64 182
8 65 72
8 66 48
8 67 91
8 68 149
8 69 178
8 70 57
8 71 28
8 72 133
8 73 41
8 74 39
8 75 58
8 76 176
8 77 119
8 78 177
8 79 26
8 80 121
8 81 58
8 82 49
8 83 137
8 84 168
8 85 64
8 86 142
8 87 183
8 88 70
8 89 125
8 90 89
8 91 165
8 92 165
8 93 41
8 94 78
8 95 30
8 96 90
8 97 115
8 98 111
8 99 127
9 10 23
9 11 66
9 12 109
9 13 21
9 14 41
9 15 88
9 16 155
9 17 140
9 18 179
9 19 6
9 20 46
9 21 6
9 22 39
9 23 21
9 24 19
9 25 104
9 26 49
9 27 89
9 28 166
9 29 32
9 30 90
9 31 55
9 32 172
9 33 103
9 34 29
9 35 78
9 36 2
9 37 181
9 38 193
9 39 188
9 40 116
9 41 4
9 42 56
9 43 80
9 44 48
9 45 48
9 46 134
9 47 23
9 48 161
9 49 26
9 50 155
9 51 23
9 52 55
9 53 106
9 54 154
9 55 129
9 56 156
9 57 66
9 58 53
9 59 49
9 60 22
9 61 77
9 62 6
9 63 62
9 64 195
9 65 110
9 66 33
9 67 31
9 68 154
9 69 55
9 70 25
9 71 9
9 72 172
9 73 142
9 74 11
9 75 25
9 76 14
9 77 21
9 78 79
9 79 90
9 80 56
9 81 50
9 82 65
9 83 51
9 84 119
9 85 141
9 86 83
9 87 10
9 88 146
9 89 171
9 90 37
9 91 161
9 92 125
9 93 48
9 94 1
9 95 181
9 96 94
9 97 198
9 98 75
9 99 131
10 11 79
10 12 42
10 13 73
10 14 73
10 15 21
10 16 11
10 17 61
10 18 186
10 19 111
10 20 97
10 21 99
10 22 87
10 23 82
10 24 97
10 25 142
10 26 62
10 27 182
10 28 97
10 29 133
10 30 139
10 31 10
10 32 187
10 33 76
10 34 93
10 35 190
10 36 50
10 37 164
10 38 136
10 39 192
10 40 114
10 41 82
10 42 161
10 43 196
10 44 41
10 45 87
10 46 200
10 47 145
10 48 169
10 49 136
10 50 139
10 51 172
10 52 150
10 53 53
10 54 25
10 55 199
10 56 154
10 57 147
10 58 123
10 59 44
10 60 197
10 61 24
10 62 113
10 63 174
10 64 43
10 65 155
10 66 183
10 67 135
10 68 183
10 69 43
10 70 24
10 71 59
10 72 84
10 73 63
10 74 58
10 75 78
10 76 7
10 77 98
10 78 8
10 79 31
10 80 61
10 81 164
10 82 181
10 83 98
10 84 107
10 85 44
10 86 25
10 87 37
10 88 40
10 89 13
10 90 72
10 91 51
10 92 148
10 93 49
10 94 31
10 95 170
10 96 63
10 97 10
10 98 99
10 99 45
11 12 192
11 13 54
11 14 75
11 15 79
11 16 178
11 17 174
11 18 86
11 19 118
11 20 200
11 21 12
11 22 126
11 23 105
11 24 174
11 25 152
11 26 102
11 27 111
11 28 199
11 29 168
11 30 61
11 31 30
11 32 75
11 33 188
11 34 152
11 35 135
11 36 172
11 37 148
11 38 132
11 39 119
11 40 147
11 41 118
11 42 78
11 43 31
11 44 128
11 45 107
11 46 70
11 47 85
11 48 196
11 49 72
11 50 47
11 51 157
11 52 26
11 53 106
11 54 192
11 55 170
11 56 49
11 57 29
11 58 176
11 59 28
11 60 1
11 61 63
11 62 93
11 63 36
11 64 36
11 65 190
11 66 156
11 67 66
11 68 188
11 69 72
11 70 53
11 71 9
11 72 171
11 73 164
11 74 29
11 75 192
11 76 94
11 77 59
11 78 99
11 79 146
11 80 160
11 81 65
11 82 3
11 83 174
11 84 97
11 85 118
11 86 149
11 87 138
11 88 174
11 89 39
11 90 47
11 91 68
11 92 49
11 93 95
11 94 26
11 95 140
11 96 128
11 97 98
11 98 134
11 99 69
