100 4940
0 1 39
0 2 122
0 3 184
0 4 195
0 5 135
0 6 132
0 7 136
0 8 103
0 9 90
0 10 85
0 11 115
0 12 30
0 13 34
0 14 51
0 15 9
0 16 96
0 17 58
0 18 145
0 19 86
0 20 141
0 21 71
0 22 115
0 23 130
0 24 53
0 25 193
0 26 92
0 27 60
0 28 97
0 29 138
0 30 158
0 31 79
0 32 107
0 33 29
0 34 117
0 35 35
0 36 124
0 37 195
0 38 100
0 39 184
0 40 168
0 41 136
0 42 43
0 43 78
0 44 44
0 45 156
0 46 40
0 47 64
0 48 95
0 49 34
0 50 74
0 51 173
0 52 123
0 53 128
0 54 58
0 55 120
0 56 33
0 57 26
0 58 158
0 59 99
0 60 68
0 61 146
0 62 34
0 63 33
0 64 110
0 65 9
0 66 78
0 67 28
0 68 187
0 69 60
0 70 120
0 71 159
0 72 83
0 73 111
0 74 78
0 75 164
0 76 47
0 77 99
0 78 161
0 79 92
0 80 112
0 81 17
0 82 152
0 83 170
0 84 43
0 85 97
0 86 13
0 87 88
0 88 152
0 89 124
0 90 7
0 91 189
0 92 17
0 93 46
0 94 4
0 95 189
0 96 18
0 97 139
0 98 183
0 99 52
1 2 40
1 3 69
1 4 26
1 5 99
1 6 20
1 7 38
1 8 18
1 9 136
1 10 96
1 11 111
1 12 73
1 13 62
1 14 126
1 15 140
1 16 160
1 17 30
1 18 56
1 19 193
1 20 179
1 21 116
1 22 113
1 23 131
1 24 105
1 25 188
1 26 161
1 27 104
1 28 32
1 29 85
1 30 21
1 31 109
1 32 53
1 33 98
1 34 145
1 35 28
1 36 77
1 37 146
1 38 64
1 39 29
1 40 41
1 41 82
1 42 171
1 43 54
1 44 35
1 45 57
1 46 114
1 47 22
1 48 13
1 49 1
1 50 63
1 51 101
1 52 5
1 53 159
1 54 119
1 55 185
1 56 104
1 57 186
1 58 167
1 59 191
1 60 115
1 61 66
1 62 62
1 63 14
1 64 28
1 65 39
1 66 196
1 67 158
1 68 136
1 69 189
1 70 46
1 71 135
1 72 198
1 73 146
1 74 101
1 75 195
1 76 75
1 77 183
1 78 33
1 79 191
1 80 71
1 81 58
1 82 21
1 83 102
1 84 117
1 85 173
1 86 24
1 87 163
1 88 126
1 89 33
1 90 8
1 91 153
1 92 177
1 93 162
1 94 18
1 95 79
1 96 152
1 97 194
1 98 191
1 99 102
2 3 124
2 4 150
2 5 86
2 6 54
2 7 194
2 8 107
2 9 166
2 10 90
2 11 196
2 12 80
2 13 49
2 14 108
2 15 192
2 16 57
2 17 82
2 18 117
2 19 31
2 20 9
2 21 62
2 22 9
2 23 0
2 24 191
2 25 197
2 26 130
2 27 169
2 28 111
2 29 50
2 30 29
2 31 136
2 32 173
2 33 125
2 34 199
2 35 14
2 36 131
2 37 31
2 38 19
2 39 49
2 40 173
2 41 143
2 42 185
2 43 158
2 44 127
2 45 188
2 46 125
2 47 156
2 48 74
2 49 0
2 50 195
2 51 158
2 52 41
2 53 109
2 54 69
2 55 135
2 56 62
2 57 171
2 58 121
2 59 127
2 60 80
2 61 184
2 62 176
2 63 54
2 64 73
2 65 155
2 66 60
2 67 26
2 68 118
2 69 167
2 70 72
2 71 37
2 72 18
2 73 145
2 74 145
2 75 87
2 76 161
2 77 52
2 78 109
2 79 34
2 80 50
2 81 85
2 82 124
2 83 7
2 84 61
2 85 36
2 86 151
2 87 167
2 88 105
2 89 178
2 90 171
2 91 56
2 92 108
2 93 139
2 94 25
2 95 85
2 96 110
2 97 161
2 98 61
2 99 33
3 4 159
3 5 109
3 6 58
3 7 118
3 8 144
3 9 194
3 10 87
3 11 121
3 12 3
3 13 126
3 14 68
3 15 138
3 16 161
3 17 173
3 18 187
3 19 123
3 20 71
3 21 59
3 22 135
3 23 24
3 24 31
3 25 125
3 26 69
3 27 186
3 28 6
3 29 156
3 30 17
3 31 65
3 32 129
3 33 37
3 34 184
3 35 94
3 36 64
3 37 126
3 38 121
3 39 113
3 40 136
3 41 115
3 42 182
3 43 128
3 44 137
3 45 162
3 46 61
3 47 156
3 48 109
3 49 167
3 50 116
3 51 96
3 52 43
3 53 15
3 54 36
3 55 135
3 56 181
3 57 104
3 58 77
3 59 119
3 60 22
3 61 148
3 62 127
3 63 166
3 64 94
3 65 0
3 66 99
3 67 112
3 68 159
3 69 69
3 70 4
3 71 177
3 72 11
3 73 178
3 74 84
3 75 161
3 76 27
3 77 30
3 78 121
3 79 136
3 80 177
3 81 83
3 82 104
3 83 162
3 84 7
3 85 200
3 86 116
3 87 15
3 88 196
3 89 98
3 90 170
3 91 5
3 92 98
3 93 166
3 94 133
3 95 132
3 96 85
3 97 33
3 98 38
3 99 170
4 5 19
4 6 128
4 7 175
4 8 56
4 9 35
4 10 165
4 11 154
4 12 184
4 13 46
4 14 77
4 15 78
4 16 110
4 17 106
4 18 198
4 19 122
4 20 15
4 21 176
4 22 173
4 23 129
4 24 54
4 25 37
4 26 57
4 27 68
4 28 185
4 29 69
4 30 97
4 31 105
4 32 99
4 33 108
4 34 192
4 35 115
4 36 167
4 37 47
4 38 130
4 39 99
4 40 85
4 41 170
4 42 120
4 43 154
4 44 123
4 45 2
4 46 32
4 47 53
4 48 146
4 49 171
4 50 112
4 51 52
4 52 59
4 53 150
4 54 141
4 55 87
4 56 14
4 57 146
4 58 120
4 59 162
4 60 186
4 61 119
4 62 117
4 63 183
4 64 168
4 65 52
4 66 127
4 67 176
4 68 115
4 69 43
4 70 122
4 71 92
4 72 46
4 73 142
4 74 25
4 75 175
4 76 53
4 77 2
4 78 109
4 79 55
4 80 132
4 81 98
4 82 76
4 83 86
4 84 96
4 85 164
4 86 41
4 87 100
4 88 68
4 89 79
4 90 132
4 91 125
4 92 24
4 93 119
4 94 31
4 95 109
4 96 104
4 97 51
4 98 177
4 99 109
5 6 119
5 7 14
5 8 21
5 9 57
5 10 156
5 11 28
5 12 40
5 13 93
5 14 70
5 15 149
5 16 115
5 17 126
5 18 18
5 19 131
5 20 64
5 21 160
5 22 121
5 23 189
5 24 166
5 25 46
5 26 156
5 27 58
5 28 88
5 29 145
5 30 186
5 31 100
5 32 171
5 33 186
5 34 172
5 35 119
5 36 148
5 37 87
5 38 155
5 39 75
5 40 181
5 41 133
5 42 178
5 43 20
5 44 56
5 45 51
5 46 17
5 47 84
5 48 99
5 49 121
5 50 28
5 51 187
5 52 31
5 53 26
5 54 11
5 55 105
5 56 32
5 57 74
5 58 13
5 59 188
5 60 26
5 61 23
5 62 157
5 63 43
5 64 186
5 65 81
5 66 121
5 67 183
5 68 165
5 69 31
5 70 74
5 71 109
5 72 17
5 73 92
5 74 39
5 75 185
5 76 58
5 77 177
5 78 133
5 79 22
5 80 134
5 81 160
5 82 159
5 83 76
5 84 124
5 85 185
5 86 82
5 87 174
5 88 12
5 89 57
5 90 107
5 91 63
5 92 23
5 93 75
5 94 71
5 95 91
5 96 54
5 97 131
5 98 143
5 99 67
6 7 36
6 8 97
6 9 87
6 10 187
6 11 174
6 12 44
6 13 166
6 14 190
6 15 128
6 16 171
6 17 35
6 18 200
6 19 166
6 20 105
6 21 99
6 22 70
6 23 196
6 24 53
6 25 27
6 26 78
6 27 64
6 28 87
6 29 35
6 30 12
6 31 61
6 32 105
6 33 94
6 34 152
6 35 129
6 36 194
6 37 24
6 38 118
6 39 197
6 40 76
6 41 52
6 42 128
6 43 188
6 44 150
6 45 158
6 46 32
6 47 150
6 48 64
6 49 83
6 50 56
6 51 7
6 52 181
6 53 142
6 54 47
6 55 130
6 56 45
6 57 119
6 58 81
6 59 111
6 60 26
6 61 4
6 62 176
6 63 192
6 64 176
6 65 50
6 66 88
6 67 107
6 68 191
6 69 178
6 70 55
6 71 178
6 72 72
6 73 153
6 74 129
6 75 19
6 76 102
6 77 45
6 78 70
6 79 59
6 80 140
6 81 128
6 82 78
6 83 140
6 84 9
6 85 159
6 86 133
6 87 13
6 88 17
6 89 109
6 90 29
6 91 37
6 92 40
6 93 82
6 94 62
6 95 126
6 96 12
6 97 58
6 98 139
6 99 16
7 8 105
7 9 139
7 10 46
7 11 44
7 12 174
7 13 148
7 14 106
7 15 188
7 16 155
7 17 64
7 18 45
7 19 127
7 20 130
7 21 65
7 22 187
7 23 157
7 24 110
7 25 55
7 26 15
7 27 154
7 28 92
7 29 178
7 30 27
7 31 123
7 32 125
7 33 29
7 34 21
7 35 125
7 36 173
7 37 190
7 38 113
7 39 119
7 40 1
7 41 85
7 42 184
7 43 60
7 44 81
7 45 11
7 46 184
7 47 66
7 48 28
7 49 115
7 50 176
7 51 108
7 52 138
7 53 4
7 54 11
7 55 132
7 56 43
7 57 94
7 58 112
7 59 58
7 60 56
7 61 195
7 62 92
7 63 15
7 64 196
7 65 129
7 66 74
7 67 131
7 68 111
7 69 160
7 70 187
7 71 20
7 72 132
7 73 135
7 74 63
7 75 63
7 76 29
7 77 107
7 78 117
7 79 72
7 80 142
7 81 106
7 82 58
7 83 62
7 84 183
7 85 91
7 86 102
7 87 115
7 88 144
7 89 187
7 90 121
7 91 81
7 92 43
7 93 191
7 94 127
7 95 198
7 96 164
7 97 37
7 98 24
7 99 65
8 9 97
8 10 131
8 11 155
8 12 13
8 13 91
8 14 100
8 15 147
8 16 111
8 17 144
8 18 71
8 19 111
8 20 50
8 21 19
8 22 153
8 23 185
8 24 23
8 25 3
8 26 175
8 27 77
8 28 61
8 29 20
8 30 49
8 31 28
8 32 143
8 33 93
8 34 64
8 35 80
8 36 172
8 37 23
8 38 185
8 39 138
8 40 57
8 41 170
8 42 184
8 43 22
8 44 123
8 45 4
8 46 50
8 47 136
8 48 73
8 49 76
8 50 136
8 51 142
8 52 138
8 53 1
8 54 72
8 55 141
8 56 138
8 57 72
8 58 113
8 59 20
8 60 97
8 61 155
8 62 77
8 63 50
8 64 116
8 65 63
8 66 45
8 67 161
8 68 42
8 69 79
8 70 140
8 71 100
8 72 46
8 73 114
8 74 81
8 75 177
8 76 140
8 77 112
8 78 121
8 79 77
8 80 91
8 81 196
8 82 181
8 83 34
8 84 31
8 85 195
8 86 114
8 87 155
8 88 136
8 89 60
8 90 136
8 91 65
8 92 127
8 93 137
8 94 187
8 95 83
8 96 181
8 97 112
8 98 60
8 99 37
9 10 106
9 11 198
9 12 54
9 13 198
9 14 50
9 15 121
9 16 167
9 17 13
9 18 102
9 19 155
9 20 98
9 21 196
9 22 22
9 23 156
9 24 127
9 25 194
9 26 110
9 27 141
9 28 173
9 29 40
9 30 167
9 31 72
9 32 168
9 33 157
9 34 111
9 35 24
9 36 123
9 37 105
9 38 154
9 39 52
9 40 176
9 41 22
9 42 138
9 43 185
9 44 173
9 45 157
9 46 11
9 47 135
9 48 133
9 49 48
9 50 60
9 51 77
9 52 193
9 53 3
9 54 143
9 55 176
9 56 83
9 57 196
9 58 54
9 59 131
9 60 7
9 61 46
9 62 137
9 63 7
9 64 55
9 65 195
9 66 94
9 67 30
9 68 170
9 69 64
9 70 174
9 71 117
9 72 188
9 73 95
9 74 119
9 75 47
9 76 177
9 77 170
9 78 21
9 79 140
9 80 85
9 81 45
9 82 82
9 83 81
9 84 95
9 85 88
9 86 8
9 87 25
9 88 119
9 89 173
9 90 92
9 91 55
9 92 3
9 93 168
9 94 106
9 95 153
9 96 93
9 97 107
9 98 152
9 99 9
10 11 181
10 12 109
10 13 42
10 14 104
10 15 79
10 16 175
10 17 119
10 18 117
10 19 90
10 20 73
10 21 72
10 22 58
10 23 11
10 24 4
10 25 82
10 26 171
10 27 122
10 28 158
10 29 126
10 30 63
10 31 40
10 32 121
10 33 41
10 34 1
10 35 185
10 36 156
10 37 32
10 38 87
10 39 138
10 40 191
10 41 163
10 42 161
10 43 181
10 44 120
10 45 148
10 46 96
10 47 157
10 48 95
10 49 186
10 50 135
10 51 51
10 52 147
10 53 138
10 54 5
10 55 150
10 56 34
10 57 83
10 58 53
10 59 133
10 60 52
10 61 41
10 62 78
10 63 122
10 64 118
10 65 93
10 66 147
10 67 98
10 68 184
10 69 25
10 70 89
10 71 55
10 72 185
10 73 1
10 74 110
10 75 94
10 76 90
10 77 0
10 78 152
10 79 69
10 80 81
10 81 105
10 82 33
10 83 48
10 84 1
10 85 39
10 86 46
10 87 129
10 88 137
10 89 181
10 90 32
10 91 169
10 92 181
10 93 168
10 94 142
10 95 121
10 96 117
10 97 110
10 98 112
10 99 175
11 12 76
11 13 199
11 14 133
11 15 57
11 16 162
11 17 181
11 18 94
11 19 111
11 20 139
11 21 47
11 22 185
11 23 102
11 24 133
11 25 33
11 26 122
11 27 158
11 28 9
11 29 190
11 30 77
11 31 48
11 32 184
11 33 162
11 34 18
11 35 9
11 36 156
11 37 181
11 38 77
11 39 103
11 40 36
11 41 47
11 42 80
11 43 7
11 44 109
11 45 139
11 46 176
11 47 70
11 48 24
11 49 146
11 50 113
11 51 198
11 52 196
11 53 141
11 54 195
11 55 178
11 56 59
11 57 6
11 58 57
11 59 197
11 60 85
11 61 98
11 62 146
11 63 156
11 64 84
11 65 77
11 66 182
11 67 7
11 68 160
11 69 105
11 70 64
11 71 80
11 72 90
11 73 78
11 74 175
11 75 64
11 76 12
11 77 8
11 78 135
11 79 3
11 80 89
11 81 127
11 82 58
11 83 57
11 84 2
11 85 136
11 86 165
11 87 51
11 88 32
11 89 50
11 90 31
11 91 162
11 92 110
11 93 23
11 94 112
11 95 125
11 96 194
11 97 108
11 98 98
11 99 91
12 13 47
12 14 97
12 15 37
12 16 153
12 17 42
12 18 44
12 19 63
12 20 20
12 21 139
12 22 78
12 23 74
12 24 134
12 25 23
12 26 100
12 27 113
12 28 56
12 29 74
12 30 129
12 31 67
12 32 152
12 33 98
12 34 140
12 35 150
12 36 4
12 37 104
12 38 11
12 39 143
12 40 47
12 41 188
12 42 133
12 43 110
12 44 127
12 45 44
12 46 187
12 47 169
12 48 23
12 49 60
12 50 111
12 51 199
12 52 182
12 53 190
12 54 17
12 55 152
12 56 31
12 57 92
12 58 115
12 59 139
12 60 130
12 61 199
12 62 163
12 63 185
12 64 169
12 65 144
12 66 10
12 67 34
12 68 36
12 69 173
12 70 52
12 71 66
12 72 110
12 73 58
12 74 62
12 75 36
12 76 87
12 77 192
12 78 126
12 79 88
12 80 144
12 81 171
12 82 116
12 83 96
12 84 169
12 85 176
12 86 106
12 87 93
12 88 84
12 89 141
12 90 83
12 91 111
12 92 157
12 93 133
12 94 95
12 95 35
12 96 74
12 97 98
12 98 177
12 99 129
13 14 168
13 15 102
13 16 166
13 17 175
13 18 191
13 19 28
13 20 26
13 21 164
13 22 81
13 23 51
13 24 3
13 25 140
13 26 173
13 27 105
13 28 167
13 29 165
13 30 7
13 31 186
13 32 132
13 33 146
13 34 150
13 35 112
13 36 46
13 37 95
13 38 47
13 39 78
13 40 10
13 41 77
13 42 159
13 43 99
13 44 177
13 45 54
13 46 14
13 47 29
13 48 96
13 49 149
13 50 193
13 51 183
13 52 138
13 53 179
13 54 126
13 55 174
13 56 107
13 57 66
13 58 118
13 59 2
13 60 188
13 61 135
13 62 48
13 63 168
13 64 42
13 65 27
13 66 127
13 67 32
13 68 195
13 69 47
13 70 11
13 71 81
13 72 57
13 73 42
13 74 123
13 75 90
13 76 174
13 77 135
13 78 159
13 79 132
13 80 185
13 81 112
13 82 46
13 83 75
13 84 1
13 85 123
13 86 42
13 87 120
13 88 60
13 89 10
13 90 77
13 91 178
13 92 124
13 93 25
13 94 70
13 95 190
13 96 152
13 97 148
13 98 87
13 99 23
14 15 112
14 16 17
14 17 65
14 18 143
14 19 117
14 20 82
14 21 18
14 22 200
14 23 94
14 24 99
14 25 99
14 26 194
14 27 9
14 28 62
14 29 70
14 30 174
14 31 6
14 32 22
14 33 186
14 34 158
14 35 108
14 36 37
14 37 53
14 38 195
14 39 133
14 40 144
14 41 7
14 42 8
14 43 39
14 44 29
14 45 56
14 46 115
14 47 33
14 48 89
14 49 41
14 50 16
14 51 102
14 52 142
14 53 1
14 54 155
14 55 121
14 56 194
14 57 156
14 58 155
14 59 180
14 60 82
14 61 16
14 62 94
14 63 88
14 64 67
14 65 104
14 66 16
14 67 75
14 68 14
14 69 196
14 70 158
14 71 43
14 72 166
14 73 24
14 74 109
14 75 53
14 76 156
14 77 180
14 78 57
14 79 88
14 80 44
14 81 183
14 82 26
14 83 15
14 84 144
14 85 172
14 86 2
14 87 172
14 88 83
14 89 92
14 90 33
14 91 2
14 92 41
14 93 129
14 94 76
14 95 40
14 96 115
14 97 38
14 98 9
14 99 44
15 16 34
15 17 51
15 18 189
15 19 155
15 20 115
15 21 77
15 22 157
15 23 100
15 24 147
15 25 158
15 26 21
15 27 183
15 28 141
15 29 142
15 30 191
15 31 148
15 32 54
15 33 23
15 34 139
15 35 142
15 36 28
15 37 21
15 38 113
15 39 197
15 40 28
15 41 107
15 42 7
15 43 149
15 44 87
15 45 51
15 46 180
15 47 108
15 48 48
15 49 168
15 50 41
15 51 17
15 52 66
15 53 89
15 54 143
15 55 181
15 56 196
15 57 161
15 58 49
15 59 156
15 60 119
15 61 182
15 62 9
15 63 111
15 64 75
15 65 191
15 66 126
15 67 97
15 68 75
15 69 100
15 70 177
15 71 122
15 72 4
15 73 34
15 74 141
15 75 117
15 76 190
15 77 156
15 78 196
15 79 84
15 80 23
15 81 33
15 82 30
15 83 92
15 84 37
15 85 185
15 86 19
15 87 69
15 88 91
15 89 158
15 90 89
15 91 39
15 92 184
15 93 50
15 94 187
15 95 64
15 96 195
15 97 61
15 98 147
15 99 171
16 17 97
16 18 188
16 19 169
16 20 74
16 21 84
16 22 34
16 23 125
16 24 118
16 25 61
16 26 135
16 27 186
16 28 40
16 29 168
16 30 123
16 31 129
16 32 188
16 33 138
16 34 3
16 35 151
16 36 43
16 37 5
16 38 76
16 39 192
16 40 24
16 41 28
16 42 162
16 43 194
16 44 153
16 45 101
16 46 125
16 47 0
16 48 131
16 49 18
16 50 28
16 51 128
16 52 178
16 53 113
16 54 29
16 55 27
16 56 58
16 57 131
16 58 29
16 59 142
16 60 15
16 61 21
16 62 183
16 63 177
16 64 177
16 65 74
16 66 190
16 67 148
16 68 4
16 69 78
16 70 167
16 71 13
16 72 64
16 73 142
16 74 130
16 75 19
16 76 110
16 77 9
16 78 58
16 79 154
16 80 192
16 81 148
16 82 143
16 83 91
16 84 162
16 85 157
16 86 113
16 87 172
16 88 0
16 89 126
16 90 179
16 91 157
16 92 88
16 93 160
16 94 60
16 95 64
16 96 100
16 97 193
16 98 19
16 99 35
17 18 92
17 19 0
17 20 107
17 21 51
17 22 96
17 23 53
17 24 184
17 25 97
17 26 127
17 27 77
17 28 82
17 29 133
17 30 200
17 31 104
17 32 39
17 33 27
17 34 172
17 35 189
17 36 9
17 37 143
17 38 25
17 39 109
17 40 87
17 41 84
17 42 32
17 43 42
17 44 63
17 45 74
17 46 188
17 47 146
17 48 165
17 49 52
17 50 42
17 51 114
17 52 53
17 53 190
17 54 76
17 55 99
17 56 142
17 57 146
17 58 179
17 59 67
17 60 190
17 61 164
17 62 196
17 63 181
17 64 102
17 65 22
17 66 100
17 67 154
17 68 191
17 69 143
17 70 134
17 71 174
17 72 160
17 73 61
17 74 143
17 75 38
17 76 124
17 77 52
17 78 39
17 79 198
17 80 36
17 81 73
17 82 93
17 83 3
17 84 2
17 85 153
17 86 144
17 87 101
17 88 197
17 89 188
17 90 146
17 91 169
17 92 21
17 93 91
17 94 9
17 95 83
17 96 52
17 97 14
17 98 137
17 99 181
18 19 142
18 20 43
18 21 78
18 22 161
18 23 96
18 24 59
18 25 148
18 26 196
18 27 107
18 28 41
18 29 142
18 30 102
18 31 175
18 32 50
18 33 96
18 34 141
18 35 50
18 36 74
18 37 62
18 38 64
18 39 106
18 40 92
18 41 159
18 42 191
18 43 177
18 44 107
18 45 154
18 46 151
18 47 129
18 48 57
18 49 91
18 50 195
18 51 167
18 52 21
18 53 192
18 54 190
18 55 188
18 56 15
18 57 18
18 58 72
18 59 172
18 60 44
18 61 70
18 62 129
18 63 18
18 64 148
18 65 132
18 66 34
18 67 194
18 68 123
18 69 192
18 70 9
18 71 57
18 72 94
18 73 177
18 74 128
18 75 114
18 76 61
18 77 193
18 78 106
18 79 189
18 80 1
18 81 58
18 82 184
18 83 191
18 84 18
18 85 199
18 86 90
18 87 96
18 88 106
18 89 1
18 90 125
18 91 141
18 92 142
18 93 132
18 94 98
18 95 7
18 96 107
18 97 136
18 98 181
18 99 103
19 20 38
19 21 10
19 22 150
19 23 46
19 24 139
19 25 171
19 26 15
19 27 132
19 28 45
19 29 182
19 30 32
19 31 136
19 32 54
19 33 68
19 34 127
19 35 58
19 36 79
19 37 123
19 38 148
19 39 95
19 40 92
19 41 97
19 42 4
19 43 103
19 44 162
19 45 110
19 46 63
19 47 31
19 48 108
19 49 48
19 50 4
19 51 108
19 52 139
19 53 156
19 54 131
19 55 175
19 56 108
19 57 195
19 58 111
19 59 81
19 60 133
19 61 63
19 62 200
19 63 106
19 64 49
19 65 173
19 66 101
19 67 73
19 68 9
19 69 71
19 70 154
19 71 32
19 72 196
19 73 192
19 74 172
19 75 196
19 76 193
19 77 125
19 78 58
19 79 44
19 80 136
19 81 147
19 82 20
19 83 197
19 84 80
19 85 30
19 86 12
19 87 148
19 88 104
19 89 152
19 90 16
19 91 20
19 92 17
19 93 184
19 94 171
19 95 12
19 96 102
19 97 134
19 98 48
19 99 184
20 21 61
20 22 159
20 23 119
20 24 103
20 25 190
20 26 189
20 27 90
20 28 41
20 29 137
20 30 98
20 31 174
20 32 175
20 33 97
20 34 181
20 35 17
20 36 53
20 37 35
20 38 130
20 39 198
20 40 116
20 41 40
20 42 135
20 43 18
20 44 58
20 45 192
20 46 16
20 47 100
20 48 117
20 49 85
20 50 92
20 51 153
20 52 93
20 53 62
20 54 73
20 55 74
20 56 117
20 57 88
20 58 51
20 59 73
20 60 171
20 61 130
20 62 78
20 63 73
20 64 12
20 65 136
20 66 43
20 67 109
20 68 144
20 69 84
20 70 116
20 71 14
20 72 16
20 73 192
20 74 171
20 75 83
20 76 94
20 77 42
20 78 32
20 79 10
20 80 133
20 81 5
20 82 191
20 83 182
20 84 75
20 85 92
20 86 121
20 87 144
20 88 131
20 89 7
20 90 195
20 91 107
20 92 12
20 93 81
20 94 103
20 95 177
20 96 81
20 97 152
20 98 98
20 99 109
21 22 180
21 23 142
21 24 120
21 25 194
21 26 17
21 27 109
21 28 164
21 29 181
21 30 124
21 31 121
21 32 14
21 33 17
21 34 133
21 35 187
21 36 20
21 37 17
21 38 167
21 39 18
21 40 1
21 41 169
21 42 173
21 43 105
21 44 192
21 45 51
21 46 171
21 47 166
21 48 120
21 49 102
21 50 161
21 51 168
21 52 67
21 53 122
21 54 91
21 55 160
21 56 62
21 57 18
21 58 98
21 59 181
21 60 41
21 61 96
21 62 39
21 63 30
21 64 135
21 65 78
21 66 107
21 67 196
21 68 199
21 69 22
21 70 2
21 71 50
21 72 126
21 73 68
21 74 181
21 75 185
21 76 51
21 77 3
21 78 13
21 79 152
21 80 78
21 81 185
21 82 140
21 83 186
21 84 78
21 85 194
21 86 70
21 87 80
21 88 37
21 89 45
21 90 20
21 91 26
21 92 143
21 93 148
21 94 122
21 95 24
21 96 146
21 97 24
21 98 36
21 99 186
22 23 22
22 24 66
22 25 117
22 26 99
22 27 113
22 28 137
22 29 175
22 30 77
22 31 36
22 32 25
22 33 44
22 34 12
22 35 95
22 36 160
22 37 165
22 38 65
22 39 60
22 40 101
22 41 22
22 42 5
22 43 160
22 44 60
22 45 63
22 46 194
22 47 38
22 48 16
22 49 198
22 50 109
22 51 59
22 52 30
22 53 124
22 54 193
22 55 165
22 56 139
22 57 165
22 58 16
22 59 158
22 60 37
22 61 94
22 62 175
22 63 125
22 64 143
22 65 12
22 66 119
22 67 30
22 68 164
22 69 36
22 70 70
22 71 94
22 72 184
22 73 124
22 74 157
22 75 24
22 76 13
22 77 46
22 78 169
22 79 183
22 80 97
22 81 145
22 82 129
22 83 99
22 84 53
22 85 1
22 86 36
22 87 28
22 88 19
22 89 126
22 90 18
22 91 98
22 92 136
22 93 22
22 94 93
22 95 113
22 96 129
22 97 185
22 98 155
22 99 1
23 24 26
23 25 104
23 26 35
23 27 172
23 28 22
23 29 140
23 30 138
23 31 53
23 32 76
23 33 107
23 34 24
23 35 198
23 36 27
23 37 58
23 38 177
23 39 156
23 40 187
23 41 193
23 42 152
23 43 163
23 44 196
23 45 15
23 46 143
23 47 72
23 48 186
23 49 84
23 50 19
23 51 113
23 52 53
23 53 123
23 54 116
23 55 35
23 56 44
23 57 50
23 58 175
23 59 112
23 60 199
23 61 125
23 62 130
23 63 193
23 64 153
23 65 118
23 66 165
23 67 72
23 68 147
23 69 174
23 70 12
23 71 126
23 72 144
23 73 127
23 74 22
23 75 7
23 76 148
23 77 178
23 78 87
23 79 35
23 80 84
23 81 84
23 82 82
23 83 175
23 84 128
23 85 13
23 86 148
23 87 141
23 88 115
23 89 21
23 90 111
23 91 194
23 92 5
23 93 119
23 94 43
23 95 95
23 96 164
23 97 106
23 98 178
23 99 76
24 25 150
24 26 166
24 27 92
24 28 24
24 29 23
24 30 112
24 31 54
24 32 177
24 33 96
24 34 180
24 35 21
24 36 54
24 37 119
24 38 172
24 39 103
24 40 177
24 41 177
24 42 34
24 43 51
24 44 45
24 45 120
24 46 49
24 47 171
24 48 41
24 49 46
24 50 49
24 51 115
24 52 156
24 53 71
24 54 128
24 55 159
24 56 199
24 57 93
24 58 18
24 59 69
24 60 81
24 61 20
24 62 179
24 63 153
24 64 7
24 65 29
24 66 182
24 67 129
24 68 33
24 69 97
24 70 7
24 71 127
24 72 105
24 73 95
24 74 162
24 75 168
24 76 113
24 77 10
24 78 50
24 79 161
24 80 105
24 81 76
24 82 14
24 83 108
24 84 26
24 85 10
24 86 84
24 87 191
24 88 59
24 89 27
24 90 37
24 91 51
24 92 149
24 93 191
24 94 13
24 95 172
24 96 138
24 97 152
24 98 134
24 99 80
25 26 44
25 27 104
25 28 193
25 29 28
25 30 122
25 31 26
25 32 25
25 33 170
25 34 143
25 35 171
25 36 73
25 37 134
25 38 91
25 39 9
25 40 80
25 41 67
25 42 186
25 43 185
25 44 77
25 45 32
25 46 42
25 47 11
25 48 130
25 49 5
25 50 60
25 51 139
25 52 179
25 53 131
25 54 200
25 55 12
25 56 13
25 57 28
25 58 93
25 59 167
25 60 38
25 61 32
25 62 113
25 63 11
25 64 99
25 65 62
25 66 38
25 67 183
25 68 21
25 69 71
25 70 113
25 71 185
25 72 3
25 73 49
25 74 20
25 75 76
25 76 167
25 77 73
25 78 42
25 79 177
25 80 8
25 81 136
25 82 48
25 83 198
25 84 115
25 85 91
25 86 58
25 87 150
25 88 28
25 89 147
25 90 79
25 91 12
25 92 135
25 93 77
25 94 33
25 95 181
25 96 87
25 97 182
25 98 6
25 99 166
26 27 73
26 28 109
26 29 100
26 30 108
26 31 54
26 32 100
26 33 196
26 34 88
26 35 83
26 36 176
26 37 137
26 38 19
26 39 162
26 40 134
26 41 38
26 42 72
26 43 186
26 44 167
26 45 55
26 46 158
26 47 29
26 48 29
26 49 175
26 50 108
26 51 94
26 52 90
26 53 177
26 54 197
26 55 138
26 56 57
26 57 73
26 58 96
26 59 193
26 60 183
26 61 64
26 62 194
26 63 92
26 64 176
26 65 123
26 66 173
26 67 40
26 68 79
26 69 32
26 70 142
26 71 73
26 72 168
26 73 143
26 74 0
26 75 28
26 76 59
26 77 80
26 78 177
26 79 110
26 80 56
26 81 32
26 82 74
26 83 51
26 84 98
26 85 189
26 86 147
26 87 73
26 88 152
26 89 118
26 90 15
26 91 190
26 92 82
26 93 163
26 94 102
26 95 163
26 96 75
26 97 92
26 98 188
26 99 184
27 28 64
27 29 102
27 30 190
27 31 96
27 32 123
27 33 174
27 34 16
27 35 10
27 36 6
27 37 54
27 38 172
27 39 90
27 40 171
27 41 140
27 42 106
27 43 163
27 44 122
27 45 87
27 46 9
27 47 20
27 48 181
27 49 152
27 50 0
27 51 178
27 52 167
27 53 112
27 54 14
27 55 46
27 56 52
27 57 71
27 58 55
27 59 25
27 60 6
27 61 36
27 62 110
27 63 4
27 64 73
27 65 119
27 66 86
27 67 177
27 68 82
27 69 49
27 70 28
27 71 34
27 72 28
27 73 180
27 74 61
27 75 0
27 76 152
27 77 96
27 78 106
27 79 158
27 80 191
27 81 107
27 82 80
27 83 9
27 84 110
27 85 162
27 86 89
27 87 174
27 88 105
27 89 109
27 90 53
27 91 92
27 92 173
27 93 22
27 94 119
27 95 169
27 96 28
27 97 158
27 98 91
27 99 115
28 29 7
28 30 121
28 31 113
28 32 1
28 33 139
28 34 188
28 35 95
28 36 187
28 37 136
28 38 86
28 39 141
28 40 81
28 41 29
28 42 145
28 43 155
28 44 51
28 45 130
28 46 137
28 47 55
28 48 167
28 49 129
28 50 176
28 51 187
28 52 70
28 53 8
28 54 69
28 55 172
28 56 79
28 57 65
28 58 32
28 59 42
28 60 71
28 61 16
28 62 74
28 63 197
28 64 198
28 65 51
28 66 85
28 67 180
28 68 46
28 69 61
28 70 139
28 71 116
28 72 136
28 73 14
28 74 148
28 75 182
28 76 178
28 77 71
28 78 0
28 79 54
28 80 148
28 81 150
28 82 178
28 83 122
28 84 60
28 85 146
28 86 60
28 87 5
28 88 191
28 89 170
28 90 46
28 91 160
28 92 56
28 93 1
28 94 49
28 95 141
28 96 108
28 97 145
28 98 85
28 99 21
29 30 55
29 31 70
29 32 114
29 33 96
29 34 90
29 35 28
29 36 25
29 37 23
29 38 93
29 39 0
29 40 30
29 41 132
29 42 172
29 43 0
29 44 53
29 45 26
29 46 148
29 47 52
29 48 145
29 49 189
29 50 75
29 51 15
29 52 193
29 53 22
29 54 162
29 55 82
29 56 16
29 57 19
29 58 48
29 59 88
29 60 83
29 61 79
29 62 35
29 63 137
29 64 132
29 65 3
29 66 82
29 67 156
29 68 72
29 69 27
29 70 177
29 71 29
29 72 71
29 73 136
29 74 64
29 75 78
29 76 57
29 77 185
29 78 8
29 79 51
29 80 79
29 81 97
29 82 161
29 83 24
29 84 179
29 85 24
29 86 116
29 87 192
29 88 11
29 89 150
29 90 72
29 91 164
29 92 127
29 93 15
29 94 169
29 95 166
29 96 5
29 97 77
29 98 72
29 99 195
30 31 154
30 32 145
30 33 169
30 34 61
30 35 48
30 36 54
30 37 139
30 38 63
30 39 187
30 40 180
30 41 12
30 42 19
30 43 176
30 44 87
30 45 41
30 46 173
30 47 178
30 48 91
30 49 65
30 50 134
30 51 20
30 52 47
30 53 96
30 54 11
30 55 188
30 56 143
30 57 200
30 58 11
30 59 161
30 60 197
30 61 20
30 62 76
30 63 136
30 64 93
30 65 50
30 66 157
30 67 16
30 68 94
30 69 123
30 70 187
30 71 101
30 72 79
30 73 15
30 74 133
30 75 52
30 76 13
30 77 42
30 78 78
30 79 138
30 80 139
30 81 160
30 82 178
30 83 171
30 84 172
30 85 182
30 86 174
30 87 115
30 88 28
30 89 111
30 90 170
30 91 27
30 92 190
30 93 72
30 94 181
30 95 77
30 96 117
30 97 108
30 98 37
30 99 12
31 32 108
31 33 17
31 34 21
31 35 72
31 36 52
31 37 77
31 38 3
31 39 52
31 40 162
31 41 79
31 42 200
31 43 169
31 44 88
31 45 200
31 46 104
31 47 31
31 48 51
31 49 176
31 50 138
31 51 161
31 52 134
31 53 90
31 54 137
31 55 134
31 56 123
31 57 47
31 58 21
31 59 56
31 60 148
31 61 111
31 62 71
31 63 175
31 64 83
31 65 82
31 66 100
31 67 189
31 68 176
31 69 193
31 70 10
31 71 12
31 72 91
31 73 105
31 74 70
31 75 95
31 76 126
31 77 135
31 78 42
31 79 89
31 80 173
31 81 29
31 82 98
31 83 39
31 84 125
31 85 115
31 86 45
31 87 16
31 88 147
31 89 6
31 90 37
31 91 140
31 92 18
31 93 56
31 94 1
31 95 82
31 96 138
31 97 180
31 98 174
31 99 63
32 33 71
32 34 128
32 35 1
32 36 56
32 37 73
32 38 79
32 39 131
32 40 45
32 41 14
32 42 108
32 43 114
32 44 139
32 45 99
32 46 18
32 47 89
32 48 24
32 49 168
32 50 145
32 51 111
32 52 196
32 53 27
32 54 157
32 55 154
32 56 85
32 57 67
32 58 65
32 59 153
32 60 7
32 61 200
32 62 51
32 63 178
32 64 18
32 65 103
32 66 185
32 67 170
32 68 18
32 69 9
32 70 133
32 71 80
32 72 93
32 73 32
32 74 68
32 75 2
32 76 189
32 77 199
32 78 187
32 79 4
32 80 102
32 81 179
32 82 193
32 83 65
32 84 52
32 85 121
32 86 154
32 87 118
32 88 11
32 89 166
32 90 142
32 91 22
32 92 170
32 93 151
32 94 33
32 95 64
32 96 37
32 97 35
32 98 172
32 99 46
33 34 108
33 35 196
33 36 104
33 37 135
33 38 105
33 39 171
33 40 154
33 41 183
33 42 88
33 43 90
33 44 10
33 45 169
33 46 127
33 47 12
33 48 120
33 49 95
33 50 192
33 51 16
33 52 126
33 53 189
33 54 36
33 55 76
33 56 178
33 57 176
33 58 40
33 59 88
33 60 78
33 61 116
33 62 51
33 63 6
33 64 152
33 65 178
33 66 70
33 67 184
33 68 2
33 69 37
33 70 141
33 71 116
33 72 164
33 73 74
33 74 122
33 75 69
33 76 92
33 77 147
33 78 136
33 79 161
33 80 54
33 81 77
33 82 52
33 83 101
33 84 53
33 85 122
33 86 199
33 87 42
33 88 8
33 89 79
33 90 67
33 91 83
33 92 121
33 93 13
33 94 37
33 95 173
33 96 80
33 97 88
33 98 83
33 99 34
34 35 65
34 36 107
34 37 113
34 38 33
34 39 30
34 40 131
34 41 67
34 42 137
34 43 102
34 44 89
34 45 41
34 46 46
34 47 84
34 48 195
34 49 158
34 50 75
34 51 90
34 52 170
34 53 195
34 54 101
34 55 162
34 56 89
34 57 39
34 58 15
34 59 116
34 60 115
34 61 134
34 62 139
34 63 104
34 64 70
34 65 54
34 66 126
34 67 52
34 68 181
34 69 116
34 70 134
34 71 64
34 72 66
34 73 131
34 74 146
34 75 70
34 76 105
34 77 37
34 78 200
34 79 17
34 80 135
34 81 81
34 82 148
34 83 20
34 84 100
34 85 142
34 86 38
34 87 118
34 88 71
34 89 187
34 90 119
34 91 96
34 92 167
34 93 20
34 94 142
34 95 107
34 96 58
34 97 142
34 98 172
34 99 167
35 36 187
35 37 72
35 38 30
35 39 139
35 40 21
35 41 80
35 42 26
35 43 128
35 44 113
35 45 186
35 46 38
35 47 187
35 48 78
35 49 13
35 50 105
35 51 90
35 52 54
35 53 115
35 54 18
35 55 126
35 56 40
35 57 7
35 58 161
35 59 190
35 60 37
35 61 132
35 62 187
35 63 184
35 64 75
35 65 117
35 66 14
35 67 155
35 68 123
35 69 158
35 70 59
35 71 38
35 72 191
35 73 145
35 74 71
35 75 95
35 76 72
35 77 187
35 78 132
35 79 96
35 80 34
35 81 145
35 82 5
35 83 89
35 84 137
35 85 29
35 86 159
35 87 44
35 88 2
35 89 67
35 90 160
35 91 143
35 92 22
35 93 42
35 94 162
35 95 81
35 96 42
35 97 34
35 98 45
35 99 25
36 37 156
36 38 169
36 39 5
36 40 166
36 41 112
36 42 100
36 43 166
36 44 41
36 45 7
36 46 61
36 47 144
36 48 137
36 49 200
36 50 192
36 51 33
36 52 28
36 53 64
36 54 91
36 55 167
36 56 15
36 57 120
36 58 78
36 59 80
36 60 129
36 61 120
36 62 187
36 63 87
36 64 25
36 65 154
36 66 168
36 67 71
36 68 173
36 69 36
36 70 189
36 71 12
36 72 196
36 73 76
36 74 16
36 75 25
36 76 187
36 77 23
36 78 77
36 79 130
36 80 85
36 81 132
36 82 116
36 83 190
36 84 126
36 85 177
36 86 128
36 87 55
36 88 111
36 89 199
36 90 27
36 91 189
36 92 165
36 93 48
36 94 66
36 95 159
36 96 111
36 97 19
36 98 23
36 99 57
37 38 131
37 39 95
37 40 5
37 41 120
37 42 156
37 43 178
37 44 35
37 45 84
37 46 104
37 47 82
37 48 122
37 49 55
37 50 99
37 51 139
37 52 191
37 53 40
37 54 7
37 55 98
37 56 198
37 57 175
37 58 175
37 59 8
37 60 117
37 61 194
37 62 18
37 63 193
37 64 151
37 65 172
37 66 166
37 67 151
37 68 157
37 69 176
37 70 198
37 71 53
37 72 137
37 73 106
37 74 111
37 75 134
37 76 13
37 77 74
37 78 194
37 79 18
37 80 190
37 81 127
37 82 51
37 83 145
37 84 35
37 85 170
37 86 129
37 87 170
37 88 173
37 89 52
37 90 59
37 91 174
37 92 46
37 93 26
37 94 71
37 95 85
37 96 159
37 97 25
37 98 109
37 99 129
38 39 23
38 40 60
38 41 1
38 42 14
38 43 158
38 44 46
38 45 11
38 46 109
38 47 150
38 48 154
38 49 73
38 50 132
38 51 81
38 52 3
38 53 39
38 54 154
38 55 30
38 56 5
38 57 17
38 58 103
38 59 126
38 60 61
38 61 53
38 62 83
38 63 42
38 64 50
38 65 186
38 66 98
38 67 45
38 68 124
38 69 177
38 70 35
38 71 80
38 72 54
38 73 49
38 74 7
38 75 155
38 76 22
38 77 16
38 78 160
38 79 102
38 80 147
38 81 105
38 82 28
38 83 32
38 84 0
38 85 135
38 86 50
38 87 25
38 88 82
38 89 156
38 90 186
38 91 75
38 92 126
38 93 49
38 94 110
38 95 194
38 96 173
38 97 198
38 98 107
38 99 95
39 40 32
39 41 68
39 42 18
39 43 179
39 44 191
39 45 179
39 46 198
39 47 157
39 48 163
39 49 40
39 50 192
39 51 61
39 52 3
39 53 62
39 54 60
39 55 51
39 56 171
39 57 22
39 58 136
39 59 132
39 60 69
39 61 128
39 62 83
39 63 36
39 64 162
39 65 106
39 66 64
39 67 79
39 68 199
39 69 1
39 70 66
39 71 68
39 72 150
39 73 197
39 74 63
39 75 105
39 76 152
39 77 27
39 78 187
39 79 38
39 80 192
39 81 90
39 82 186
39 83 182
39 84 20
39 85 155
39 86 11
39 87 79
39 88 156
39 89 57
39 90 122
39 91 9
39 92 32
39 93 48
39 94 177
39 95 5
39 96 140
39 97 186
39 98 62
39 99 35
40 41 168
40 42 177
40 43 18
40 44 36
40 45 184
40 46 51
40 47 104
40 48 90
40 49 105
40 50 158
40 51 180
40 52 84
40 53 93
40 54 139
40 55 12
40 56 34
40 57 159
40 58 184
40 59 61
40 60 26
40 61 146
40 62 181
40 63 29
40 64 190
40 65 69
40 66 168
40 67 167
40 68 164
40 69 169
40 70 112
40 71 68
40 72 177
40 73 120
40 74 105
40 75 19
40 76 186
40 77 87
40 78 141
40 79 35
40 80 152
40 81 173
40 82 123
40 83 136
40 84 107
40 85 132
40 86 46
40 87 75
40 88 190
40 89 115
40 90 157
40 91 25
40 92 122
40 93 109
40 94 195
40 95 120
40 96 143
40 97 198
40 98 188
40 99 48
41 42 187
41 43 160
41 44 105
41 45 55
41 46 181
41 47 125
41 48 111
41 49 98
41 50 144
41 51 174
41 52 148
41 53 0
41 54 23
41 55 119
41 56 200
41 57 2
41 58 17
41 59 57
41 60 76
41 61 122
41 62 58
41 63 58
41 64 92
41 65 104
41 66 132
41 67 108
41 68 140
41 69 178
41 70 198
41 71 90
41 72 190
41 73 162
41 74 17
41 75 19
41 76 63
41 77 96
41 78 187
41 79 86
41 80 104
41 81 40
41 82 80
41 83 13
41 84 9
41 85 113
41 86 162
41 87 52
41 88 178
41 89 167
41 90 19
41 91 109
41 92 184
41 93 8
41 94 44
41 95 34
41 96 163
41 97 113
41 98 89
41 99 18
42 43 89
42 44 48
42 45 165
42 46 192
42 47 165
42 48 52
42 49 151
42 50 82
42 51 162
42 52 187
42 53 81
42 54 111
42 55 172
42 56 109
42 57 191
42 58 74
42 59 39
42 60 109
42 61 78
42 62 104
42 63 40
42 64 3
42 65 135
42 66 56
42 67 21
42 68 177
42 69 91
42 70 60
42 71 144
42 72 130
42 73 14
42 74 18
42 75 83
42 76 155
42 77 44
42 78 168
42 79 36
42 80 192
42 81 172
42 82 18
42 83 68
42 84 19
42 85 173
42 86 107
42 87 170
42 88 181
42 89 115
42 90 187
42 91 80
42 92 196
42 93 122
42 94 183
42 95 1
42 96 1
42 97 43
42 98 29
42 99 151
43 44 48
43 45 132
43 46 173
43 47 167
43 48 176
43 49 196
43 50 74
43 51 6
43 52 149
43 53 44
43 54 118
43 55 93
43 56 27
43 57 140
43 58 85
43 59 200
43 60 189
43 61 69
43 62 56
43 63 77
43 64 18
43 65 198
43 66 200
43 67 195
43 68 96
43 69 17
43 70 180
43 71 125
43 72 60
43 73 158
43 74 97
43 75 40
43 76 128
43 77 27
43 78 30
43 79 89
43 80 7
43 81 76
43 82 114
43 83 66
43 84 163
43 85 74
43 86 63
43 87 169
43 88 160
43 89 38
43 90 190
43 91 23
43 92 171
43 93 149
43 94 57
43 95 70
43 96 186
43 97 55
43 98 25
43 99 88
44 45 54
44 46 131
44 47 107
44 48 44
44 49 30
44 50 143
44 51 72
44 52 74
44 53 84
44 54 90
44 55 20
44 56 24
44 57 100
44 58 100
44 59 129
44 60 146
44 61 23
44 62 77
44 63 41
44 64 85
44 65 15
44 66 189
44 67 200
44 68 95
44 69 200
44 70 119
44 71 107
44 72 170
44 73 3
44 74 130
44 75 113
44 76 61
44 77 192
44 78 59
44 79 38
44 80 52
44 81 107
44 82 76
44 83 131
44 84 189
44 85 7
44 86 91
44 87 163
44 88 195
44 89 190
44 90 178
44 91 90
44 92 169
44 93 94
44 94 68
44 95 137
44 96 19
44 97 75
44 98 80
44 99 152
45 46 0
45 47 89
45 48 28
45 49 158
45 50 102
45 51 97
45 52 200
45 53 109
45 54 13
45 55 74
45 56 111
45 57 97
45 58 70
45 59 179
45 60 140
45 61 75
45 62 199
45 63 137
45 64 194
45 65 55
45 66 50
45 67 90
45 68 104
45 69 32
45 70 65
45 71 99
45 72 68
45 73 64
45 74 101
45 75 57
45 76 87
45 77 118
45 78 56
45 79 2
45 80 77
45 81 117
45 82 46
45 83 199
45 84 173
45 85 54
45 86 78
45 87 180
45 88 2
45 89 106
45 90 156
45 91 160
45 92 83
45 93 31
45 94 164
45 95 174
45 96 110
45 97 166
45 98 43
45 99 175
46 47 9
46 48 159
46 49 5
46 50 109
46 51 192
46 52 199
46 53 103
46 54 0
46 55 87
46 56 89
46 57 151
46 58 143
46 59 9
46 60 40
46 61 142
46 62 81
46 63 166
46 64 65
46 65 200
46 66 115
46 67 164
46 68 68
46 69 46
46 70 18
46 71 27
46 72 63
46 73 134
46 74 28
46 75 179
46 76 132
46 77 171
46 78 40
46 79 86
46 80 93
46 81 135
46 82 93
46 83 85
46 84 166
46 85 152
46 86 87
46 87 132
46 88 46
46 89 111
46 90 105
46 91 8
46 92 67
46 93 66
46 94 31
46 95 185
46 96 193
46 97 50
46 98 21
46 99 27
47 48 73
47 49 33
47 50 153
47 51 164
47 52 61
47 53 41
47 54 132
47 55 20
47 56 52
47 57 43
47 58 184
47 59 184
47 60 104
47 61 65
47 62 15
47 63 131
47 64 98
47 65 159
47 66 100
47 67 198
47 68 70
47 69 154
47 70 178
47 71 106
47 72 171
47 73 145
47 74 164
47 75 31
47 76 56
47 77 3
47 78 170
47 79 11
47 80 51
47 81 126
47 82 141
47 83 91
47 84 148
47 85 49
47 86 37
47 87 88
47 88 181
47 89 58
47 90 145
47 91 114
47 92 99
47 93 59
47 94 185
47 95 32
47 96 151
47 97 141
47 98 69
47 99 112
48 49 67
48 50 43
48 51 53
48 52 96
48 53 171
48 54 103
48 55 178
48 56 74
48 57 40
48 58 145
48 59 147
48 60 139
48 61 97
48 62 76
48 63 46
48 64 180
48 65 138
48 66 25
48 67 14
48 68 173
48 69 172
48 70 11
48 71 41
48 72 148
48 73 132
48 74 5
48 75 188
48 76 121
48 77 128
48 78 129
48 79 141
48 80 105
48 81 182
48 82 77
48 83 198
48 84 137
48 85 174
48 86 131
48 87 121
48 88 37
48 89 102
48 90 164
48 91 110
48 92 106
48 93 97
48 94 191
48 95 159
48 96 52
48 97 99
48 98 57
48 99 55
49 50 175
49 51 164
49 52 199
49 53 126
49 54 1
49 55 163
49 56 117
49 57 190
49 58 127
49 59 14
49 60 185
49 61 128
49 62 116
49 63 199
49 64 115
49 65 173
49 66 183
49 67 74
49 68 146
49 69 89
49 70 152
49 71 130
49 72 73
49 73 62
49 74 76
49 75 54
49 76 45
49 77 159
49 78 88
49 79 42
49 80 40
49 81 49
49 82 123
49 83 52
49 84 91
49 85 30
49 86 160
49 87 199
49 88 141
49 89 63
49 90 30
49 91 15
49 92 24
49 93 181
49 94 75
49 95 107
49 96 198
49 97 109
49 98 137
49 99 59
50 51 180
50 52 19
50 53 198
50 54 174
50 55 7
50 56 2
50 57 184
50 58 84
50 59 13
50 60 27
50 61 98
50 62 33
50 63 103
50 64 28
50 65 96
50 66 140
50 67 157
50 68 194
50 69 35
50 70 63
50 71 45
50 72 99
50 73 136
50 74 167
50 75 164
50 76 130
50 77 110
50 78 105
50 79 98
50 80 60
50 81 154
50 82 121
50 83 24
50 84 186
50 85 124
50 86 100
50 87 64
50 88 180
50 89 51
50 90 79
50 91 58
50 92 53
50 93 127
50 94 154
50 95 82
50 96 37
50 97 1
50 98 155
50 99 186
51 52 89
51 53 64
51 54 26
51 55 101
51 56 55
51 57 67
51 58 148
51 59 135
51 60 157
51 61 119
51 62 47
51 63 25
51 64 163
51 65 176
51 66 139
51 67 42
51 68 136
51 69 9
51 70 141
51 71 0
51 72 172
51 73 98
51 74 165
51 75 96
51 76 130
51 77 190
51 78 21
51 79 55
51 80 82
51 81 125
51 82 81
51 83 92
51 84 91
51 85 90
51 86 182
51 87 62
51 88 2
51 89 175
51 90 169
51 91 189
51 92 120
51 93 4
51 94 91
51 95 146
51 96 100
51 97 161
51 98 132
51 99 189
52 53 62
52 54 177
52 55 108
52 56 8
52 57 48
52 58 99
52 59 0
52 60 92
52 61 153
52 62 85
52 63 177
52 64 158
52 65 107
52 66 6
52 67 188
52 68 19
52 69 38
52 70 56
52 71 78
52 72 2
52 73 191
52 74 36
52 75 42
52 76 108
52 77 56
52 78 65
52 79 78
52 80 95
52 81 109
52 82 74
52 83 103
52 84 134
52 85 170
52 86 35
52 87 2
52 88 63
52 89 109
52 90 44
52 91 132
52 92 58
52 93 150
52 94 180
52 95 60
52 96 114
52 97 77
52 98 121
52 99 154
53 54 94
53 55 108
53 56 97
53 57 146
53 58 140
53 59 109
53 60 171
53 61 192
53 62 67
53 63 127
53 64 123
53 65 66
53 66 20
53 67 113
53 68 109
53 69 97
53 70 171
53 71 89
53 72 101
53 73 52
53 74 8
53 75 162
53 76 103
53 77 32
53 78 15
53 79 69
53 80 102
53 81 33
53 82 45
53 83 1
53 84 77
53 85 69
53 86 191
53 87 78
53 88 29
53 89 172
53 90 197
53 91 1
53 92 47
53 93 61
53 94 159
53 95 95
53 96 101
53 97 143
53 98 134
53 99 156
54 55 167
54 56 35
54 57 9
54 58 145
54 59 187
54 60 2
54 61 47
54 62 37
54 63 74
54 64 187
54 65 81
54 66 57
54 67 194
54 68 77
54 69 141
54 70 74
54 71 32
54 72 77
54 73 195
54 74 31
54 75 27
54 76 22
54 77 184
54 78 174
54 79 85
54 80 193
54 81 71
54 82 142
54 83 126
54 84 101
54 85 108
54 86 44
54 87 41
54 88 40
54 89 138
54 90 79
54 91 17
54 92 178
54 93 46
54 94 171
54 95 183
54 96 137
54 97 93
54 98 100
54 99 23
55 56 136
55 57 63
55 58 60
55 59 104
55 60 62
55 61 116
55 62 200
55 63 69
55 64 54
55 65 147
55 66 102
55 67 4
55 68 55
55 69 27
55 70 199
55 71 200
55 72 6
55 73 157
55 74 96
55 75 171
55 76 193
55 77 141
55 78 164
55 79 20
55 80 161
55 81 133
55 82 17
55 83 188
55 84 70
55 85 156
55 86 88
55 87 160
55 88 133
55 89 139
55 90 30
55 91 24
55 92 125
55 93 103
55 94 169
55 95 99
55 96 169
55 97 172
55 98 18
55 99 189
56 57 188
56 58 94
56 59 21
56 60 189
56 61 147
56 62 84
56 63 132
56 64 199
56 65 159
56 66 169
56 67 146
56 68 41
56 69 155
56 70 73
56 71 93
56 72 16
56 73 35
56 74 125
56 75 52
56 76 33
56 77 198
56 78 61
56 79 186
56 80 138
56 81 113
56 82 104
56 83 92
56 84 5
56 85 161
56 86 97
56 87 105
56 88 43
56 89 65
56 90 56
56 91 59
56 92 60
56 93 53
56 94 44
56 95 81
56 96 134
56 97 31
56 98 111
56 99 200
57 58 109
57 59 129
57 60 170
57 61 183
57 62 1
57 63 198
57 64 187
57 65 32
57 66 82
57 67 167
57 68 176
57 69 43
57 70 174
57 71 76
57 72 2
57 73 43
57 74 95
57 75 118
57 76 12
57 77 67
57 78 63
57 79 122
57 80 191
57 81 43
57 82 180
57 83 121
57 84 50
57 85 50
57 86 23
57 87 131
57 88 22
57 89 81
57 90 94
57 91 19
57 92 172
57 93 38
57 94 41
57 95 108
57 96 99
57 97 23
57 98 79
57 99 102
58 59 163
58 60 94
58 61 133
58 62 63
58 63 116
58 64 141
58 65 108
58 66 131
58 67 183
58 68 3
58 69 49
58 70 194
58 71 68
58 72 62
58 73 156
58 74 65
58 75 72
58 76 145
58 77 16
58 78 141
58 79 143
58 80 67
58 81 68
58 82 87
58 83 195
58 84 131
58 85 46
58 86 71
58 87 160
58 88 137
58 89 155
58 90 55
58 91 113
58 92 166
58 93 12
58 94 127
58 95 146
58 96 68
58 97 107
58 98 42
58 99 87
59 60 1
59 61 178
59 62 148
59 63 162
59 64 94
59 65 162
59 66 141
59 67 54
59 68 181
59 69 79
59 70 104
59 71 162
59 72 111
59 73 175
59 74 66
59 75 182
59 76 23
59 77 95
59 78 120
59 79 91
59 80 82
59 81 149
59 82 184
59 83 44
59 84 44
59 85 199
59 86 5
59 87 179
59 88 92
59 89 164
59 90 19
59 91 9
59 92 103
59 93 36
59 94 182
59 95 9
59 96 20
59 97 124
59 98 94
59 99 182
60 61 68
60 62 146
60 63 57
60 64 179
60 65 67
60 66 120
60 67 199
60 68 16
60 69 158
60 70 14
60 71 95
60 72 21
60 73 103
60 74 128
60 75 89
60 76 68
60 77 18
60 78 44
60 79 96
60 80 58
60 81 145
60 82 177
60 83 85
60 84 45
60 85 127
60 86 132
60 87 117
60 88 111
60 89 24
60 90 99
60 91 99
60 92 149
60 93 183
60 94 113
60 95 87
60 96 44
60 97 176
60 98 166
60 99 30
61 62 71
61 63 154
61 64 156
61 65 71
61 66 94
61 67 159
61 68 160
61 69 171
61 70 184
61 71 43
61 72 148
61 73 128
61 74 166
61 75 188
61 76 62
61 77 89
61 78 196
61 79 28
61 80 73
61 81 178
61 82 62
61 83 94
61 84 156
61 85 50
61 86 51
61 87 161
61 88 160
61 89 166
61 90 129
61 91 20
61 92 4
61 93 179
61 94 45
61 95 145
61 96 70
61 97 39
61 98 33
61 99 3
62 63 37
62 64 182
62 65 97
62 66 198
62 67 152
62 68 133
62 69 5
62 70 30
62 71 65
62 72 161
62 73 13
62 74 28
62 75 157
62 76 129
62 77 87
62 78 57
62 79 57
62 80 40
62 81 198
62 82 70
62 83 129
62 84 0
62 85 45
62 86 35
62 87 18
62 88 162
62 89 176
62 90 61
62 91 107
62 92 196
62 93 93
62 94 91
62 95 184
62 96 113
62 97 108
62 98 28
62 99 86
63 64 118
63 65 62
63 66 167
63 67 93
63 68 58
63 69 92
63 70 74
63 71 70
63 72 0
63 73 86
63 74 168
63 75 30
63 76 155
63 77 96
63 78 84
63 79 184
63 80 19
63 81 154
63 82 1
63 83 74
63 84 151
63 85 167
63 86 108
63 87 194
63 88 109
63 89 143
63 90 117
63 91 37
63 92 142
63 93 104
63 94 90
63 95 173
63 96 61
63 97 198
63 98 157
63 99 166
64 65 56
64 66 54
64 67 117
64 68 188
64 69 138
64 70 48
64 71 94
64 72 136
64 73 98
64 74 141
64 75 42
64 76 194
64 77 138
64 78 49
64 79 109
64 80 11
64 81 147
64 82 126
64 83 161
64 84 131
64 85 89
64 86 119
64 87 28
64 88 161
64 89 86
64 90 132
64 91 111
64 92 13
64 93 100
64 94 170
64 95 151
64 96 129
64 97 36
64 98 120
64 99 191
65 66 94
65 67 37
65 68 190
65 69 138
65 70 130
65 71 128
65 72 149
65 73 5
65 74 149
65 75 193
65 76 161
65 77 195
65 78 100
65 79 147
65 80 3
65 81 17
65 82 31
65 83 143
65 84 88
65 85 50
65 86 180
65 87 126
65 88 88
65 89 29
65 90 121
65 91 13
65 92 186
65 93 130
65 94 114
65 95 33
65 96 166
65 97 155
65 98 80
65 99 155
66 67 33
66 68 76
66 69 38
66 70 168
66 71 122
66 72 140
66 73 135
66 74 55
66 75 23
66 76 165
66 77 165
66 78 181
66 79 38
66 80 57
66 81 129
66 82 140
66 83 31
66 84 188
66 85 62
66 86 53
66 87 136
66 88 135
66 89 98
66 90 169
66 91 141
66 92 25
66 93 135
66 94 128
66 95 185
66 96 35
66 97 58
66 98 59
66 99 71
67 68 11
67 69 197
67 70 120
67 71 167
67 72 128
67 73 87
67 74 152
67 75 155
67 76 117
67 77 103
67 78 169
67 79 53
67 80 172
67 81 85
67 82 78
67 83 77
67 84 114
67 85 54
67 86 178
67 87 17
67 88 84
67 89 131
67 90 181
67 91 178
67 92 74
67 93 158
67 94 110
67 95 83
67 96 94
67 97 130
67 98 22
67 99 41
68 69 121
68 70 24
68 71 116
68 72 64
68 73 44
68 74 53
68 75 116
68 76 123
68 77 176
68 78 196
68 79 26
68 80 60
68 81 169
68 82 19
68 83 50
68 84 145
68 85 80
68 86 143
68 87 77
68 88 67
68 89 92
68 90 74
68 91 11
68 92 6
68 93 33
68 94 148
68 95 157
68 96 71
68 97 84
68 98 95
68 99 88
69 70 133
69 71 130
69 72 6
69 73 169
69 74 35
69 75 143
69 76 94
69 77 115
69 78 81
69 79 156
69 80 19
69 81 120
69 82 12
69 83 49
69 84 67
69 85 72
69 86 81
69 87 178
69 88 46
69 89 135
69 90 30
69 91 58
69 92 94
69 93 21
69 94 24
69 95 184
69 96 86
69 97 55
69 98 165
69 99 80
70 71 190
70 72 50
70 73 72
70 74 27
70 75 105
70 76 135
70 77 14
70 78 6
70 79 89
70 80 131
70 81 114
70 82 72
70 83 163
70 84 67
70 85 96
70 86 132
70 87 103
70 88 171
70 89 130
70 90 166
70 91 136
70 92 19
70 93 84
70 94 183
70 95 100
70 96 143
70 97 99
70 98 70
70 99 182
71 72 50
71 73 62
71 74 23
71 75 32
71 76 84
71 77 26
71 78 166
71 79 114
71 80 62
71 81 120
71 82 84
71 83 174
71 84 135
71 85 17
71 86 37
71 87 133
71 88 16
71 89 145
71 90 66
71 91 100
71 92 79
71 93 113
71 94 196
71 95 60
71 96 97
71 97 21
71 98 85
71 99 113
72 73 169
72 74 135
72 75 118
72 76 181
72 77 35
72 78 3
72 79 140
72 80 61
72 81 110
72 82 143
72 83 164
72 84 153
72 85 25
72 86 66
72 87 132
72 88 146
72 89 188
72 90 31
72 91 21
72 92 132
72 93 83
72 94 26
72 95 168
72 96 16
72 97 69
72 98 186
72 99 90
73 74 4
73 75 42
73 76 42
73 77 55
73 78 52
73 79 23
73 80 1
73 81 128
73 82 16
73 83 98
73 84 65
73 85 95
73 86 7
73 87 167
73 88 96
73 89 162
73 90 19
73 91 158
73 92 151
73 93 200
73 94 135
73 95 117
73 96 185
73 97 103
73 98 109
73 99 30
74 75 61
74 76 93
74 77 43
74 78 158
74 79 186
74 80 172
74 81 102
74 82 155
74 83 92
74 84 97
74 85 47
74 86 97
74 87 73
74 88 31
74 89 166
74 90 36
74 91 57
74 92 197
74 93 108
74 94 91
74 95 151
74 96 85
74 97 186
74 98 31
74 99 56
75 76 6
75 77 113
75 78 174
75 79 171
75 80 101
75 81 180
75 82 108
75 83 120
75 84 98
75 85 53
75 86 143
75 87 144
75 88 89
75 89 59
75 90 147
75 91 23
75 92 53
75 93 122
75 94 137
75 95 170
75 96 0
75 97 81
75 98 138
75 99 168
76 77 200
76 78 118
76 79 181
76 80 159
76 81 122
76 82 196
76 83 11
76 84 7
76 85 148
76 86 155
76 87 82
76 88 191
76 89 127
76 90 105
76 91 12
76 92 171
76 93 19
76 94 97
76 95 141
76 96 182
76 97 73
76 98 93
76 99 97
77 78 7
77 79 101
77 80 30
77 81 143
77 82 134
77 83 61
77 84 177
77 85 26
77 86 127
77 87 69
77 88 12
77 89 184
77 90 12
77 91 61
77 92 65
77 93 50
77 94 129
77 95 88
77 96 81
77 97 128
77 98 67
77 99 36
78 79 134
78 80 152
78 81 121
78 82 43
78 83 0
78 84 107
78 85 81
78 86 80
78 87 132
78 88 126
78 89 26
78 90 67
78 91 165
78 92 163
78 93 118
78 94 46
78 95 43
78 96 118
78 97 185
78 98 106
78 99 67
79 80 154
79 81 3
79 82 123
79 83 179
79 84 81
79 85 49
79 86 122
79 87 104
79 88 62
79 89 135
79 90 41
79 91 149
79 92 70
79 93 176
79 94 23
79 95 180
79 96 129
79 97 157
79 98 129
79 99 66
80 81 99
80 82 70
80 83 47
80 84 161
80 85 174
80 86 44
80 87 64
80 88 83
80 89 39
80 90 32
80 91 152
80 92 104
80 93 150
80 94 192
80 95 171
80 96 157
80 97 26
80 98 197
80 99 94
81 82 80
81 83 108
81 84 114
81 85 186
81 86 173
81 87 10
81 88 105
81 89 88
81 90 125
81 91 25
81 92 186
81 93 48
81 94 99
81 95 144
81 96 7
81 97 1
81 98 162
81 99 93
82 83 64
82 84 112
82 85 5
82 86 58
82 87 179
82 88 100
82 89 79
82 90 13
82 91 84
82 92 75
82 93 43
82 94 99
82 95 152
82 96 101
82 97 133
82 98 186
82 99 140
83 84 154
83 85 162
83 86 49
83 87 185
83 88 81
83 89 89
83 90 77
83 91 118
83 92 107
83 93 108
83 94 31
83 95 120
83 96 134
83 97 47
83 98 100
83 99 48
84 85 42
84 86 11
84 87 89
84 88 194
84 89 14
84 90 6
84 91 10
84 92 150
84 93 170
84 94 74
84 95 166
84 96 33
84 97 4
84 98 112
84 99 188
85 86 120
85 87 147
85 88 84
85 89 45
85 90 35
85 91 158
85 92 83
85 93 153
85 94 86
85 95 20
85 96 129
85 97 151
85 98 145
85 99 137
86 87 159
86 88 116
86 89 147
86 90 149
86 91 0
86 92 60
86 93 191
86 94 64
86 95 52
86 96 89
86 97 16
86 98 5
86 99 53
87 88 4
87 89 181
87 90 127
87 91 118
87 92 46
87 93 38
87 94 31
87 95 108
87 96 137
87 97 8
87 98 33
87 99 81
88 89 139
88 90 168
88 91 128
88 92 0
88 93 199
88 94 53
88 95 181
88 96 76
88 97 42
88 98 68
88 99 12
89 90 35
89 91 178
89 92 42
89 93 72
89 94 83
89 95 126
89 96 142
89 97 196
89 98 37
89 99 114
90 91 89
90 92 180
90 93 191
90 94 137
90 95 61
90 96 180
90 97 61
90 98 97
90 99 148
91 92 127
91 93 196
91 94 112
91 95 25
91 96 132
91 97 95
91 98 192
91 99 168
92 93 146
92 94 101
92 95 63
92 96 171
92 97 66
92 98 37
92 99 22
93 94 116
93 95 194
93 96 193
93 97 52
93 98 92
93 99 70
94 95 15
94 96 39
94 97 49
94 98 153
94 99 194
