100 4950
0 1 49
0 2 197
0 3 199
0 4 186
0 5 76
0 6 196
0 7 159
0 8 148
0 9 53
0 10 12
0 11 110
0 12 108
0 13 109
0 14 130
0 15 174
0 16 20
0 17 28
0 18 127
0 19 20
0 20 111
0 21 48
0 22 10
0 23 87
0 24 103
0 25 120
0 26 91
0 27 185
0 28 48
0 29 110
0 30 152
0 31 140
0 32 97
0 33 52
0 34 128
0 35 70
0 36 11
0 37 146
0 38 62
0 39 31
0 40 35
0 41 1
0 42 151
0 43 161
0 44 39
0 45 137
0 46 21
0 47 6
0 48 30
0 49 122
0 50 67
0 51 7
0 52 105
0 53 124
0 54 154
0 55 119
0 56 30
0 57 139
0 58 85
0 59 3
0 60 136
0 61 104
0 62 155
0 63 59
0 64 48
0 65 189
0 66 190
0 67 90
0 68 61
0 69 71
0 70 58
0 71 0
0 72 125
0 73 96
0 74 57
0 75 151
0 76 17
0 77 177
0 78 119
0 79 34
0 80 117
0 81 53
0 82 49
0 83 44
0 84 167
0 85 90
0 86 138
0 87 64
0 88 114
0 89 9
0 90 136
0 91 82
0 92 84
0 93 74
0 94 81
0 95 187
0 96 33
0 97 58
0 98 33
0 99 79
1 2 115
1 3 163
1 4 176
1 5 47
1 6 12
1 7 22
1 8 53
1 9 59
1 10 151
1 11 183
1 12 136
1 13 71
1 14 199
1 15 59
1 16 191
1 17 148
1 18 143
1 19 85
1 20 64
1 21 192
1 22 102
1 23 65
1 24 23
1 25 175
1 26 177
1 27 194
1 28 9
1 29 3
1 30 53
1 31 50
1 32 71
1 33 119
1 34 2
1 35 47
1 36 163
1 37 131
1 38 164
1 39 137
1 40 97
1 41 31
1 42 97
1 43 28
1 44 34
1 45 145
1 46 15
1 47 48
1 48 172
1 49 102
1 50 95
1 51 170
1 52 197
1 53 116
1 54 183
1 55 23
1 56 138
1 57 181
1 58 71
1 59 168
1 60 13
1 61 179
1 62 115
1 63 7
1 64 90
1 65 4
1 66 92
1 67 23
1 68 42
1 69 4
1 70 5
1 71 67
1 72 140
1 73 125
1 74 33
1 75 176
1 76 80
1 77 41
1 78 82
1 79 136
1 80 66
1 81 199
1 82 75
1 83 123
1 84 95
1 85 41
1 86 190
1 87 15
1 88 9
1 89 177
1 90 29
1 91 142
1 92 95
1 93 18
1 94 70
1 95 154
1 96 138
1 97 45
1 98 20
1 99 185
2 3 85
2 4 119
2 5 38
2 6 41
2 7 180
2 8 61
2 9 77
2 10 192
2 11 168
2 12 56
2 13 173
2 14 18
2 15 82
2 16 58
2 17 155
2 18 171
2 19 115
2 20 179
2 21 14
2 22 176
2 23 57
2 24 41
2 25 167
2 26 91
2 27 24
2 28 69
2 29 134
2 30 110
2 31 184
2 32 81
2 33 64
2 34 102
2 35 14
2 36 139
2 37 52
2 38 159
2 39 150
2 40 53
2 41 12
2 42 100
2 43 137
2 44 27
2 45 122
2 46 153
2 47 109
2 48 103
2 49 8
2 50 85
2 51 191
2 52 41
2 53 105
2 54 53
2 55 77
2 56 127
2 57 184
2 58 108
2 59 156
2 60 50
2 61 166
2 62 23
2 63 91
2 64 184
2 65 98
2 66 125
2 67 53
2 68 88
2 69 19
2 70 24
2 71 12
2 72 126
2 73 50
2 74 117
2 75 157
2 76 34
2 77 193
2 78 88
2 79 88
2 80 53
2 81 195
2 82 181
2 83 167
2 84 152
2 85 160
2 86 1
2 87 194
2 88 48
2 89 75
2 90 15
2 91 32
2 92 178
2 93 34
2 94 194
2 95 178
2 96 185
2 97 124
2 98 121
2 99 195
3 4 173
3 5 173
3 6 183
3 7 100
3 8 79
3 9 62
3 10 17
3 11 177
3 12 156
3 13 168
3 14 54
3 15 148
3 16 50
3 17 96
3 18 3
3 19 23
3 20 74
3 21 88
3 22 38
3 23 147
3 24 48
3 25 160
3 26 182
3 27 156
3 28 176
3 29 28
3 30 133
3 31 16
3 32 39
3 33 159
3 34 153
3 35 11
3 36 169
3 37 11
3 38 88
3 39 77
3 40 105
3 41 40
3 42 52
3 43 166
3 44 103
3 45 64
3 46 8
3 47 125
3 48 156
3 49 89
3 50 139
3 51 180
3 52 95
3 53 143
3 54 37
3 55 65
3 56 163
3 57 177
3 58 43
3 59 78
3 60 177
3 61 62
3 62 57
3 63 45
3 64 54
3 65 61
3 66 31
3 67 60
3 68 146
3 69 51
3 70 127
3 71 138
3 72 192
3 73 77
3 74 171
3 75 114
3 76 53
3 77 40
3 78 195
3 79 0
3 80 142
3 81 1
3 82 166
3 83 95
3 84 94
3 85 101
3 86 62
3 87 128
3 88 4
3 89 154
3 90 24
3 91 0
3 92 155
3 93 179
3 94 118
3 95 11
3 96 188
3 97 110
3 98 198
3 99 128
4 5 163
4 6 164
4 7 150
4 8 126
4 9 177
4 10 2
4 11 181
4 12 168
4 13 186
4 14 24
4 15 7
4 16 50
4 17 105
4 18 149
4 19 21
4 20 41
4 21 182
4 22 5
4 23 191
4 24 121
4 25 22
4 26 135
4 27 102
4 28 4
4 29 105
4 30 81
4 31 102
4 32 71
4 33 48
4 34 180
4 35 143
4 36 51
4 37 19
4 38 107
4 39 89
4 40 144
4 41 190
4 42 30
4 43 18
4 44 88
4 45 104
4 46 194
4 47 31
4 48 70
4 49 32
4 50 64
4 51 44
4 52 82
4 53 4
4 54 10
4 55 72
4 56 63
4 57 2
4 58 82
4 59 173
4 60 159
4 61 69
4 62 89
4 63 25
4 64 6
4 65 30
4 66 138
4 67 3
4 68 53
4 69 26
4 70 50
4 71 99
4 72 53
4 73 159
4 74 139
4 75 178
4 76 125
4 77 61
4 78 189
4 79 172
4 80 164
4 81 127
4 82 33
4 83 35
4 84 161
4 85 107
4 86 73
4 87 164
4 88 91
4 89 175
4 90 161
4 91 147
4 92 159
4 93 14
4 94 25
4 95 183
4 96 47
4 97 46
4 98 199
4 99 193
5 6 120
5 7 75
5 8 81
5 9 110
5 10 163
5 11 143
5 12 149
5 13 16
5 14 4
5 15 50
5 16 173
5 17 115
5 18 19
5 19 172
5 20 168
5 21 129
5 22 67
5 23 186
5 24 192
5 25 58
5 26 175
5 27 26
5 28 96
5 29 61
5 30 107
5 31 2
5 32 181
5 33 83
5 34 92
5 35 194
5 36 116
5 37 154
5 38 94
5 39 152
5 40 142
5 41 69
5 42 184
5 43 29
5 44 16
5 45 86
5 46 80
5 47 113
5 48 115
5 49 78
5 50 168
5 51 160
5 52 152
5 53 4
5 54 116
5 55 191
5 56 161
5 57 92
5 58 25
5 59 100
5 60 83
5 61 54
5 62 171
5 63 143
5 64 78
5 65 15
5 66 196
5 67 133
5 68 9
5 69 156
5 70 50
5 71 82
5 72 51
5 73 192
5 74 93
5 75 14
5 76 61
5 77 43
5 78 67
5 79 144
5 80 44
5 81 17
5 82 44
5 83 162
5 84 165
5 85 142
5 86 117
5 87 94
5 88 109
5 89 0
5 90 33
5 91 110
5 92 18
5 93 136
5 94 52
5 95 18
5 96 188
5 97 66
5 98 2
5 99 43
6 7 156
6 8 26
6 9 194
6 10 51
6 11 153
6 12 138
6 13 3
6 14 46
6 15 13
6 16 41
6 17 95
6 18 8
6 19 154
6 20 137
6 21 50
6 22 48
6 23 0
6 24 63
6 25 63
6 26 97
6 27 169
6 28 24
6 29 185
6 30 28
6 31 139
6 32 33
6 33 37
6 34 102
6 35 112
6 36 159
6 37 140
6 38 120
6 39 6
6 40 135
6 41 111
6 42 10
6 43 182
6 44 172
6 45 150
6 46 95
6 47 13
6 48 112
6 49 148
6 50 159
6 51 155
6 52 56
6 53 146
6 54 75
6 55 166
6 56 198
6 57 46
6 58 164
6 59 139
6 60 186
6 61 186
6 62 111
6 63 80
6 64 200
6 65 62
6 66 15
6 67 71
6 68 51
6 69 17
6 70 87
6 71 82
6 72 47
6 73 165
6 74 195
6 75 163
6 76 122
6 77 148
6 78 83
6 79 0
6 80 113
6 81 197
6 82 9
6 83 199
6 84 86
6 85 12
6 86 189
6 87 47
6 88 20
6 89 152
6 90 65
6 91 31
6 92 43
6 93 89
6 94 117
6 95 61
6 96 6
6 97 77
6 98 22
6 99 58
7 8 140
7 9 32
7 10 99
7 11 33
7 12 140
7 13 84
7 14 116
7 15 12
7 16 92
7 17 150
7 18 1
7 19 145
7 20 20
7 21 110
7 22 30
7 23 21
7 24 19
7 25 24
7 26 56
7 27 101
7 28 13
7 29 115
7 30 4
7 31 97
7 32 96
7 33 98
7 34 164
7 35 104
7 36 79
7 37 117
7 38 135
7 39 161
7 40 1
7 41 192
7 42 56
7 43 145
7 44 3
7 45 181
7 46 197
7 47 74
7 48 168
7 49 138
7 50 170
7 51 158
7 52 163
7 53 0
7 54 146
7 55 17
7 56 164
7 57 86
7 58 158
7 59 48
7 60 111
7 61 108
7 62 83
7 63 155
7 64 12
7 65 91
7 66 46
7 67 71
7 68 101
7 69 152
7 70 94
7 71 75
7 72 123
7 73 64
7 74 180
7 75 16
7 76 148
7 77 192
7 78 7
7 79 164
7 80 198
7 81 78
7 82 86
7 83 8
7 84 95
7 85 30
7 86 108
7 87 191
7 88 91
7 89 200
7 90 5
7 91 50
7 92 81
7 93 87
7 94 167
7 95 153
7 96 104
7 97 7
7 98 47
7 99 73
8 9 123
8 10 193
8 11 194
8 12 71
8 13 187
8 14 108
8 15 16
8 16 9
8 17 11
8 18 184
8 19 96
8 20 133
8 21 136
8 22 116
8 23 1
8 24 143
8 25 91
8 26 192
8 27 64
8 28 19
8 29 9
8 30 171
8 31 188
8 32 32
8 33 7
8 34 151
8 35 149
8 36 146
8 37 90
8 38 149
8 39 65
8 40 36
8 41 153
8 42 131
8 43 147
8 44 31
8 45 132
8 46 102
8 47 195
8 48 152
8 49 128
8 50 159
8 51 93
8 52 92
8 53 99
8 54 121
8 55 100
8 56 28
8 57 145
8 58 165
8 59 106
8 60 38
8 61 49
8 62 64
8 63 0
8 64 11
8 65 147
8 66 134
8 67 158
8 68 153
8 69 92
8 70 198
8 71 20
8 72 194
8 73 46
8 74 169
8 75 94
8 76 13
8 77 165
8 78 72
8 79 88
8 80 102
8 81 3
8 82 188
8 83 177
8 84 9
8 85 159
8 86 187
8 87 27
8 88 151
8 89 124
8 90 132
8 91 104
8 92 87
8 93 39
8 94 76
8 95 162
8 96 149
8 97 103
8 98 69
8 99 73
9 10 103
9 11 141
9 12 77
9 13 49
9 14 139
9 15 108
9 16 165
9 17 123
9 18 122
9 19 47
9 20 5
9 21 45
9 22 8
9 23 119
9 24 51
9 25 56
9 26 67
9 27 146
9 28 153
9 29 124
9 30 36
9 31 13
9 32 178
9 33 130
9 34 173
9 35 188
9 36 111
9 37 35
9 38 88
9 39 106
9 40 90
9 41 28
9 42 110
9 43 194
9 44 80
9 45 162
9 46 89
9 47 108
9 48 76
9 49 88
9 50 11
9 51 8
9 52 39
9 53 100
9 54 160
9 55 183
9 56 51
9 57 38
9 58 25
9 59 118
9 60 37
9 61 169
9 62 23
9 63 99
9 64 98
9 65 154
9 66 137
9 67 66
9 68 13
9 69 24
9 70 118
9 71 65
9 72 25
9 73 111
9 74 118
9 75 81
9 76 13
9 77 81
9 78 191
9 79 161
9 80 134
9 81 176
9 82 128
9 83 193
9 84 74
9 85 31
9 86 192
9 87 124
9 88 41
9 89 87
9 90 194
9 91 158
9 92 4
9 93 86
9 94 170
9 95 24
9 96 38
9 97 180
9 98 158
9 99 166
10 11 106
10 12 138
10 13 151
10 14 161
10 15 175
10 16 6
10 17 169
10 18 68
10 19 175
10 20 15
10 21 157
10 22 10
10 23 79
10 24 60
10 25 39
10 26 28
10 27 157
10 28 123
10 29 147
10 30 184
10 31 136
10 32 83
10 33 119
10 34 79
10 35 61
10 36 59
10 37 42
10 38 49
10 39 65
10 40 200
10 41 40
10 42 166
10 43 24
10 44 89
10 45 67
10 46 93
10 47 49
10 48 29
10 49 192
10 50 167
10 51 26
10 52 78
10 53 166
10 54 30
10 55 109
10 56 117
10 57 89
10 58 142
10 59 2
10 60 137
10 61 127
10 62 39
10 63 93
10 64 66
10 65 115
10 66 130
10 67 19
10 68 153
10 69 144
10 70 171
10 71 121
10 72 133
10 73 79
10 74 36
10 75 196
10 76 64
10 77 68
10 78 136
10 79 52
10 80 170
10 81 13
10 82 8
10 83 189
10 84 125
10 85 126
10 86 166
10 87 92
10 88 101
10 89 108
10 90 71
10 91 46
10 92 147
10 93 174
10 94 101
10 95 153
10 96 139
10 97 174
10 98 163
10 99 52
11 12 170
11 13 108
11 14 187
11 15 30
11 16 135
11 17 19
11 18 154
11 19 46
11 20 186
11 21 8
11 22 51
11 23 127
11 24 89
11 25 139
11 26 186
11 27 15
11 28 177
11 29 111
11 30 144
11 31 74
11 32 160
11 33 91
11 34 193
11 35 188
11 36 8
11 37 67
11 38 121
11 39 194
11 40 14
11 41 172
11 42 34
11 43 0
11 44 88
11 45 17
11 46 142
11 47 144
11 48 113
11 49 22
11 50 156
11 51 197
11 52 64
11 53 155
11 54 63
11 55 56
11 56 20
11 57 100
11 58 90
11 59 34
11 60 164
11 61 150
11 62 64
11 63 79
11 64 125
11 65 183
11 66 74
11 67 34
11 68 56
11 69 131
11 70 45
11 71 146
11 72 9
11 73 46
11 74 13
11 75 183
11 76 180
11 77 143
11 78 104
11 79 32
11 80 114
11 81 63
11 82 26
11 83 34
11 84 65
11 85 91
11 86 43
11 87 72
11 88 102
11 89 27
11 90 155
11 91 193
11 92 41
11 93 52
11 94 41
11 95 35
11 96 146
11 97 61
11 98 83
11 99 156
12 13 70
12 14 150
12 15 116
12 16 27
12 17 126
12 18 173
12 19 182
12 20 175
12 21 161
12 22 171
12 23 199
12 24 9
12 25 117
12 26 66
12 27 39
12 28 120
12 29 53
12 30 139
12 31 131
12 32 88
12 33 111
12 34 26
12 35 96
12 36 165
12 37 16
12 38 121
12 39 189
12 40 200
12 41 191
12 42 78
12 43 118
12 44 143
12 45 49
12 46 175
12 47 134
12 48 184
12 49 35
12 50 180
12 51 131
12 52 95
12 53 192
12 54 199
12 55 91
12 56 118
12 57 78
12 58 27
12 59 188
12 60 167
12 61 130
12 62 69
12 63 86
12 64 44
12 65 70
12 66 109
12 67 55
12 68 80
12 69 27
12 70 101
12 71 75
12 72 73
12 73 75
12 74 27
12 75 3
12 76 111
12 77 113
12 78 158
12 79 198
12 80 32
12 81 11
12 82 169
12 83 6
12 84 3
12 85 97
12 86 158
12 87 36
12 88 188
12 89 124
12 90 10
12 91 109
12 92 84
12 93 52
12 94 163
12 95 98
12 96 35
12 97 127
12 98 175
12 99 25
13 14 29
13 15 165
13 16 83
13 17 148
13 18 119
13 19 76
13 20 9
13 21 95
13 22 98
13 23 180
13 24 86
13 25 58
13 26 86
13 27 146
13 28 20
13 29 46
13 30 172
13 31 172
13 32 116
13 33 86
13 34 77
13 35 95
13 36 69
13 37 28
13 38 0
13 39 45
13 40 84
13 41 63
13 42 177
13 43 129
13 44 19
13 45 143
13 46 180
13 47 171
13 48 157
13 49 113
13 50 8
13 51 59
13 52 166
13 53 168
13 54 58
13 55 144
13 56 188
13 57 184
13 58 120
13 59 131
13 60 98
13 61 117
13 62 17
13 63 10
13 64 179
13 65 160
13 66 178
13 67 4
13 68 130
13 69 64
13 70 111
13 71 76
13 72 49
13 73 154
13 74 114
13 75 149
13 76 139
13 77 163
13 78 101
13 79 133
13 80 138
13 81 170
13 82 143
13 83 96
13 84 33
13 85 82
13 86 106
13 87 25
13 88 94
13 89 42
13 90 7
13 91 178
13 92 12
13 93 138
13 94 39
13 95 184
13 96 93
13 97 153
13 98 188
13 99 182
14 15 38
14 16 6
14 17 0
14 18 171
14 19 90
14 20 6
14 21 196
14 22 42
14 23 173
14 24 17
14 25 65
14 26 130
14 27 147
14 28 124
14 29 185
14 30 138
14 31 87
14 32 54
14 33 128
14 34 153
14 35 162
14 36 173
14 37 7
14 38 185
14 39 22
14 40 31
14 41 8
14 42 113
14 43 51
14 44 32
14 45 62
14 46 5
14 47 199
14 48 130
14 49 80
14 50 166
14 51 16
14 52 75
14 53 174
14 54 183
14 55 169
14 56 123
14 57 2
14 58 32
14 59 15
14 60 24
14 61 198
14 62 88
14 63 18
14 64 108
14 65 120
14 66 29
14 67 114
14 68 120
14 69 86
14 70 185
14 71 198
14 72 153
14 73 24
14 74 55
14 75 159
14 76 21
14 77 133
14 78 6
14 79 1
14 80 59
14 81 74
14 82 122
14 83 100
14 84 135
14 85 164
14 86 9
14 87 67
14 88 108
14 89 90
14 90 100
14 91 175
14 92 74
14 93 175
14 94 186
14 95 141
14 96 146
14 97 8
14 98 77
14 99 75
15 16 6
15 17 140
15 18 160
15 19 141
15 20 14
15 21 29
15 22 133
15 23 43
15 24 38
15 25 67
15 26 173
15 27 160
15 28 110
15 29 114
15 30 12
15 31 14
15 32 86
15 33 3
15 34 34
15 35 30
15 36 53
15 37 124
15 38 143
15 39 85
15 40 184
15 41 62
15 42 59
15 43 152
15 44 198
15 45 125
15 46 162
15 47 130
15 48 124
15 49 49
15 50 82
15 51 142
15 52 164
15 53 196
15 54 177
15 55 143
15 56 167
15 57 136
15 58 134
15 59 196
15 60 1
15 61 103
15 62 45
15 63 139
15 64 56
15 65 21
15 66 2
15 67 107
15 68 137
15 69 54
15 70 153
15 71 184
15 72 188
15 73 106
15 74 187
15 75 82
15 76 179
15 77 17
15 78 189
15 79 95
15 80 86
15 81 1
15 82 124
15 83 89
15 84 2
15 85 152
15 86 120
15 87 104
15 88 46
15 89 200
15 90 94
15 91 140
15 92 58
15 93 63
15 94 196
15 95 147
15 96 33
15 97 132
15 98 160
15 99 110
16 17 163
16 18 130
16 19 41
16 20 155
16 21 85
16 22 186
16 23 167
16 24 117
16 25 21
16 26 88
16 27 7
16 28 190
16 29 94
16 30 111
16 31 31
16 32 169
16 33 52
16 34 141
16 35 19
16 36 79
16 37 27
16 38 125
16 39 183
16 40 52
16 41 185
16 42 91
16 43 76
16 44 91
16 45 95
16 46 48
16 47 188
16 48 27
16 49 76
16 50 14
16 51 31
16 52 104
16 53 148
16 54 35
16 55 127
16 56 169
16 57 114
16 58 80
16 59 28
16 60 83
16 61 11
16 62 97
16 63 100
16 64 101
16 65 64
16 66 174
16 67 175
16 68 181
16 69 32
16 70 97
16 71 55
16 72 58
16 73 37
16 74 55
16 75 0
16 76 110
16 77 87
16 78 56
16 79 68
16 80 39
16 81 97
16 82 126
16 83 88
16 84 57
16 85 149
16 86 75
16 87 11
16 88 194
16 89 144
16 90 164
16 91 36
16 92 106
16 93 1
16 94 72
16 95 90
16 96 199
16 97 18
16 98 72
16 99 33
17 18 93
17 19 148
17 20 127
17 21 10
17 22 156
17 23 137
17 24 3
17 25 61
17 26 161
17 27 20
17 28 175
17 29 89
17 30 90
17 31 29
17 32 98
17 33 104
17 34 35
17 35 140
17 36 108
17 37 124
17 38 199
17 39 136
17 40 30
17 41 61
17 42 29
17 43 90
17 44 48
17 45 148
17 46 113
17 47 70
17 48 132
17 49 197
17 50 36
17 51 123
17 52 179
17 53 43
17 54 146
17 55 197
17 56 109
17 57 9
17 58 196
17 59 95
17 60 129
17 61 65
17 62 84
17 63 44
17 64 72
17 65 39
17 66 55
17 67 125
17 68 8
17 69 190
17 70 157
17 71 169
17 72 139
17 73 39
17 74 198
17 75 120
17 76 127
17 77 200
17 78 29
17 79 99
17 80 64
17 81 59
17 82 133
17 83 61
17 84 78
17 85 148
17 86 55
17 87 136
17 88 22
17 89 74
17 90 78
17 91 168
17 92 184
17 93 85
17 94 145
17 95 76
17 96 62
17 97 83
17 98 118
17 99 167
18 19 81
18 20 130
18 21 37
18 22 25
18 23 23
18 24 157
18 25 68
18 26 120
18 27 16
18 28 61
18 29 184
18 30 90
18 31 34
18 32 90
18 33 8
18 34 23
18 35 159
18 36 109
18 37 78
18 38 39
18 39 10
18 40 156
18 41 148
18 42 76
18 43 187
18 44 142
18 45 169
18 46 3
18 47 52
18 48 171
18 49 120
18 50 177
18 51 191
18 52 76
18 53 59
18 54 51
18 55 68
18 56 194
18 57 184
18 58 66
18 59 77
18 60 150
18 61 182
18 62 167
18 63 28
18 64 8
18 65 27
18 66 5
18 67 47
18 68 58
18 69 143
18 70 88
18 71 110
18 72 32
18 73 119
18 74 115
18 75 61
18 76 113
18 77 114
18 78 37
18 79 83
18 80 122
18 81 82
18 82 1
18 83 173
18 84 134
18 85 58
18 86 134
18 87 165
18 88 133
18 89 14
18 90 193
18 91 163
18 92 110
18 93 35
18 94 178
18 95 193
18 96 135
18 97 141
18 98 176
18 99 122
19 20 116
19 21 74
19 22 125
19 23 28
19 24 119
19 25 95
19 26 121
19 27 139
19 28 83
19 29 8
19 30 111
19 31 126
19 32 122
19 33 199
19 34 126
19 35 149
19 36 47
19 37 52
19 38 150
19 39 141
19 40 140
19 41 75
19 42 140
19 43 65
19 44 108
19 45 80
19 46 96
19 47 85
19 48 18
19 49 197
19 50 183
19 51 129
19 52 93
19 53 20
19 54 27
19 55 35
19 56 123
19 57 10
19 58 55
19 59 110
19 60 32
19 61 7
19 62 49
19 63 4
19 64 185
19 65 161
19 66 75
19 67 66
19 68 109
19 69 25
19 70 181
19 71 35
19 72 27
19 73 92
19 74 66
19 75 188
19 76 98
19 77 197
19 78 54
19 79 154
19 80 29
19 81 165
19 82 60
19 83 0
19 84 111
19 85 63
19 86 84
19 87 122
19 88 54
19 89 13
19 90 191
19 91 163
19 92 113
19 93 177
19 94 91
19 95 169
19 96 71
19 97 108
19 98 43
19 99 110
20 21 90
20 22 196
20 23 54
20 24 30
20 25 123
20 26 149
20 27 17
20 28 116
20 29 15
20 30 131
20 31 49
20 32 136
20 33 110
20 34 62
20 35 45
20 36 2
20 37 116
20 38 127
20 39 102
20 40 0
20 41 2
20 42 57
20 43 136
20 44 118
20 45 106
20 46 24
20 47 138
20 48 169
20 49 45
20 50 68
20 51 46
20 52 95
20 53 73
20 54 187
20 55 189
20 56 84
20 57 86
20 58 62
20 59 68
20 60 172
20 61 181
20 62 45
20 63 176
20 64 178
20 65 163
20 66 153
20 67 120
20 68 19
20 69 167
20 70 98
20 71 113
20 72 96
20 73 199
20 74 85
20 75 44
20 76 104
20 77 168
20 78 144
20 79 49
20 80 180
20 81 84
20 82 51
20 83 103
20 84 162
20 85 152
20 86 22
20 87 84
20 88 0
20 89 24
20 90 51
20 91 79
20 92 71
20 93 108
20 94 97
20 95 80
20 96 31
20 97 95
20 98 58
20 99 105
21 22 105
21 23 2
21 24 3
21 25 56
21 26 105
21 27 57
21 28 109
21 29 182
21 30 57
21 31 19
21 32 0
21 33 85
21 34 165
21 35 155
21 36 111
21 37 43
21 38 155
21 39 127
21 40 84
21 41 162
21 42 129
21 43 178
21 44 124
21 45 109
21 46 171
21 47 42
21 48 156
21 49 120
21 50 189
21 51 86
21 52 143
21 53 79
21 54 121
21 55 67
21 56 169
21 57 54
21 58 86
21 59 57
21 60 64
21 61 53
21 62 198
21 63 160
21 64 26
21 65 143
21 66 103
21 67 130
21 68 80
21 69 119
21 70 2
21 71 153
21 72 0
21 73 189
21 74 120
21 75 189
21 76 58
21 77 125
21 78 72
21 79 9
21 80 184
21 81 126
21 82 14
21 83 166
21 84 28
21 85 145
21 86 25
21 87 86
21 88 16
21 89 81
21 90 60
21 91 156
21 92 192
21 93 51
21 94 67
21 95 41
21 96 118
21 97 24
21 98 138
21 99 107
22 23 78
22 24 40
22 25 4
22 26 170
22 27 152
22 28 158
22 29 138
22 30 50
22 31 138
22 32 151
22 33 141
22 34 189
22 35 169
22 36 19
22 37 81
22 38 196
22 39 53
22 40 66
22 41 44
22 42 102
22 43 135
22 44 10
22 45 65
22 46 117
22 47 152
22 48 161
22 49 128
22 50 171
22 51 62
22 52 29
22 53 5
22 54 117
22 55 11
22 56 95
22 57 95
22 58 40
22 59 66
22 60 98
22 61 170
22 62 35
22 63 160
22 64 108
22 65 123
22 66 93
22 67 158
22 68 118
22 69 199
22 70 119
22 71 97
22 72 139
22 73 101
22 74 105
22 75 124
22 76 28
22 77 49
22 78 46
22 79 158
22 80 147
22 81 191
22 82 26
22 83 28
22 84 13
22 85 115
22 86 137
22 87 79
22 88 3
22 89 63
22 90 151
22 91 38
22 92 151
22 93 193
22 94 118
22 95 181
22 96 125
22 97 105
22 98 128
22 99 142
23 24 91
23 25 44
23 26 126
23 27 23
23 28 180
23 29 133
23 30 99
23 31 26
23 32 192
23 33 113
23 34 4
23 35 92
23 36 97
23 37 108
23 38 1
23 39 4
23 40 177
23 41 43
23 42 163
23 43 72
23 44 193
23 45 119
23 46 79
23 47 87
23 48 47
23 49 138
23 50 5
23 51 97
23 52 199
23 53 134
23 54 128
23 55 9
23 56 18
23 57 4
23 58 195
23 59 42
23 60 90
23 61 88
23 62 200
23 63 183
23 64 38
23 65 197
23 66 95
23 67 171
23 68 150
23 69 29
23 70 17
23 71 107
23 72 183
23 73 32
23 74 119
23 75 57
23 76 188
23 77 68
23 78 83
23 79 118
23 80 182
23 81 119
23 82 2
23 83 144
23 84 199
23 85 39
23 86 64
23 87 18
23 88 190
23 89 37
23 90 4
23 91 50
23 92 2
23 93 0
23 94 120
23 95 143
23 96 64
23 97 67
23 98 195
23 99 98
24 25 170
24 26 138
24 27 147
24 28 20
24 29 89
24 30 126
24 31 160
24 32 23
24 33 57
24 34 5
24 35 8
24 36 19
24 37 147
24 38 32
24 39 40
24 40 156
24 41 171
24 42 37
24 43 101
24 44 42
24 45 65
24 46 72
24 47 96
24 48 46
24 49 75
24 50 163
24 51 134
24 52 171
24 53 168
24 54 140
24 55 90
24 56 2
24 57 145
24 58 37
24 59 31
24 60 128
24 61 99
24 62 135
24 63 32
24 64 55
24 65 182
24 66 181
24 67 21
24 68 30
24 69 108
24 70 62
24 71 59
24 72 98
24 73 93
24 74 107
24 75 72
24 76 153
24 77 75
24 78 198
24 79 87
24 80 54
24 81 125
24 82 108
24 83 174
24 84 79
24 85 62
24 86 113
24 87 166
24 88 14
24 89 185
24 90 23
24 91 77
24 92 159
24 93 12
24 94 116
24 95 168
24 96 35
24 97 24
24 98 41
24 99 119
25 26 190
25 27 96
25 28 103
25 29 0
25 30 58
25 31 64
25 32 81
25 33 100
25 34 159
25 35 68
25 36 93
25 37 29
25 38 118
25 39 32
25 40 193
25 41 148
25 42 43
25 43 28
25 44 27
25 45 2
25 46 170
25 47 124
25 48 106
25 49 2
25 50 65
25 51 27
25 52 126
25 53 139
25 54 153
25 55 50
25 56 161
25 57 104
25 58 36
25 59 114
25 60 104
25 61 182
25 62 20
25 63 32
25 64 82
25 65 193
25 66 197
25 67 167
25 68 15
25 69 161
25 70 121
25 71 71
25 72 119
25 73 118
25 74 94
25 75 14
25 76 89
25 77 117
25 78 58
25 79 103
25 80 147
25 81 172
25 82 180
25 83 73
25 84 46
25 85 103
25 86 150
25 87 177
25 88 67
25 89 190
25 90 154
25 91 187
25 92 113
25 93 155
25 94 89
25 95 35
25 96 85
25 97 147
25 98 160
25 99 70
26 27 162
26 28 19
26 29 158
26 30 154
26 31 1
26 32 136
26 33 52
26 34 122
26 35 63
26 36 10
26 37 174
26 38 29
26 39 144
26 40 59
26 41 131
26 42 91
26 43 73
26 44 176
26 45 85
26 46 49
26 47 84
26 48 197
26 49 166
26 50 30
26 51 145
26 52 85
26 53 59
26 54 116
26 55 52
26 56 38
26 57 130
26 58 151
26 59 57
26 60 135
26 61 80
26 62 15
26 63 9
26 64 190
26 65 148
26 66 166
26 67 82
26 68 87
26 69 86
26 70 3
26 71 141
26 72 146
26 73 139
26 74 147
26 75 123
26 76 83
26 77 30
26 78 129
26 79 138
26 80 110
26 81 162
26 82 42
26 83 7
26 84 111
26 85 108
26 86 199
26 87 57
26 88 100
26 89 169
26 90 121
26 91 145
26 92 47
26 93 175
26 94 69
26 95 19
26 96 10
26 97 108
26 98 194
26 99 20
27 28 8
27 29 31
27 30 199
27 31 191
27 32 1
27 33 55
27 34 138
27 35 43
27 36 160
27 37 43
27 38 130
27 39 108
27 40 39
27 41 104
27 42 33
27 43 157
27 44 79
27 45 136
27 46 188
27 47 141
27 48 176
27 49 2
27 50 159
27 51 32
27 52 141
27 53 54
27 54 13
27 55 46
27 56 84
27 57 146
27 58 16
27 59 22
27 60 175
27 61 176
27 62 73
27 63 168
27 64 198
27 65 60
27 66 93
27 67 127
27 68 137
27 69 22
27 70 63
27 71 28
27 72 147
27 73 136
27 74 24
27 75 167
27 76 0
27 77 15
27 78 79
27 79 32
27 80 5
27 81 176
27 82 78
27 83 42
27 84 86
27 85 60
27 86 34
27 87 104
27 88 146
27 89 174
27 90 125
27 91 11
27 92 28
27 93 140
27 94 111
27 95 108
27 96 177
27 97 192
27 98 114
27 99 96
28 29 112
28 30 141
28 31 49
28 32 93
28 33 78
28 34 54
28 35 42
28 36 104
28 37 2
28 38 25
28 39 45
28 40 77
28 41 20
28 42 196
28 43 101
28 44 26
28 45 166
28 46 24
28 47 127
28 48 125
28 49 96
28 50 24
28 51 171
28 52 120
28 53 116
28 54 80
28 55 122
28 56 64
28 57 36
28 58 12
28 59 175
28 60 155
28 61 115
28 62 72
28 63 166
28 64 6
28 65 4
28 66 120
28 67 6
28 68 56
28 69 20
28 70 54
28 71 162
28 72 120
28 73 5
28 74 51
28 75 165
28 76 43
28 77 95
28 78 177
28 79 68
28 80 178
28 81 16
28 82 42
28 83 106
28 84 88
28 85 144
28 86 179
28 87 134
28 88 178
28 89 158
28 90 51
28 91 139
28 92 170
28 93 41
28 94 153
28 95 188
28 96 5
28 97 100
28 98 195
28 99 165
29 30 72
29 31 120
29 32 12
29 33 8
29 34 117
29 35 13
29 36 196
29 37 155
29 38 83
29 39 136
29 40 115
29 41 190
29 42 148
29 43 94
29 44 40
29 45 59
29 46 147
29 47 152
29 48 57
29 49 197
29 50 194
29 51 39
29 52 48
29 53 165
29 54 85
29 55 146
29 56 40
29 57 88
29 58 48
29 59 93
29 60 21
29 61 193
29 62 116
29 63 174
29 64 140
29 65 95
29 66 104
29 67 32
29 68 57
29 69 56
29 70 95
29 71 122
29 72 151
29 73 121
29 74 146
29 75 169
29 76 47
29 77 183
29 78 5
29 79 77
29 80 166
29 81 17
29 82 80
29 83 28
29 84 118
29 85 44
29 86 63
29 87 19
29 88 82
29 89 185
29 90 150
29 91 177
29 92 24
29 93 118
29 94 67
29 95 176
29 96 12
29 97 124
29 98 109
29 99 15
30 31 65
30 32 42
30 33 187
30 34 18
30 35 39
30 36 60
30 37 19
30 38 191
30 39 7
30 40 148
30 41 32
30 42 61
30 43 181
30 44 194
30 45 19
30 46 44
30 47 167
30 48 108
30 49 125
30 50 8
30 51 137
30 52 40
30 53 135
30 54 116
30 55 38
30 56 69
30 57 36
30 58 52
30 59 15
30 60 8
30 61 129
30 62 129
30 63 34
30 64 21
30 65 124
30 66 70
30 67 120
30 68 141
30 69 50
30 70 83
30 71 114
30 72 170
30 73 49
30 74 112
30 75 35
30 76 12
30 77 67
30 78 172
30 79 186
30 80 91
30 81 141
30 82 132
30 83 147
30 84 57
30 85 46
30 86 18
30 87 173
30 88 161
30 89 118
30 90 52
30 91 163
30 92 191
30 93 150
30 94 70
30 95 163
30 96 24
30 97 33
30 98 194
30 99 184
31 32 151
31 33 136
31 34 173
31 35 38
31 36 71
31 37 162
31 38 52
31 39 39
31 40 170
31 41 100
31 42 89
31 43 24
31 44 115
31 45 177
31 46 96
31 47 75
31 48 140
31 49 108
31 50 82
31 51 116
31 52 32
31 53 47
31 54 39
31 55 176
31 56 29
31 57 159
31 58 198
31 59 161
31 60 141
31 61 167
31 62 28
31 63 63
31 64 55
31 65 168
31 66 24
31 67 17
31 68 47
31 69 96
31 70 48
31 71 26
31 72 89
31 73 66
31 74 79
31 75 160
31 76 45
31 77 181
31 78 12
31 79 55
31 80 182
31 81 196
31 82 126
31 83 173
31 84 46
31 85 49
31 86 68
31 87 134
31 88 89
31 89 84
31 90 125
31 91 60
31 92 80
31 93 194
31 94 155
31 95 113
31 96 34
31 97 78
31 98 21
31 99 79
32 33 62
32 34 119
32 35 113
32 36 86
32 37 174
32 38 125
32 39 163
32 40 53
32 41 0
32 42 154
32 43 197
32 44 169
32 45 134
32 46 132
32 47 34
32 48 154
32 49 43
32 50 139
32 51 175
32 52 73
32 53 167
32 54 94
32 55 126
32 56 27
32 57 157
32 58 128
32 59 75
32 60 141
32 61 44
32 62 171
32 63 70
32 64 194
32 65 76
32 66 66
32 67 117
32 68 82
32 69 42
32 70 22
32 71 40
32 72 79
32 73 5
32 74 90
32 75 115
32 76 162
32 77 87
32 78 118
32 79 137
32 80 185
32 81 126
32 82 173
32 83 180
32 84 54
32 85 181
32 86 6
32 87 54
32 88 165
32 89 180
32 90 137
32 91 147
32 92 12
32 93 82
32 94 170
32 95 146
32 96 108
32 97 38
32 98 40
32 99 199
33 34 71
33 35 132
33 36 156
33 37 76
33 38 192
33 39 148
33 40 71
33 41 104
33 42 57
33 43 153
33 44 99
33 45 92
33 46 50
33 47 159
33 48 103
33 49 52
33 50 50
33 51 179
33 52 62
33 53 190
33 54 100
33 55 118
33 56 37
33 57 152
33 58 161
33 59 22
33 60 30
33 61 141
33 62 122
33 63 62
33 64 182
33 65 116
33 66 98
33 67 149
33 68 77
33 69 180
33 70 161
33 71 106
33 72 41
33 73 6
33 74 189
33 75 102
33 76 52
33 77 101
33 78 36
33 79 15
33 80 192
33 81 58
33 82 141
33 83 98
33 84 124
33 85 133
33 86 22
33 87 114
33 88 37
33 89 52
33 90 158
33 91 149
33 92 191
33 93 34
33 94 74
33 95 92
33 96 17
33 97 13
33 98 21
33 99 103
34 35 56
34 36 0
34 37 82
34 38 184
34 39 180
34 40 151
34 41 55
34 42 140
34 43 125
34 44 141
34 45 52
34 46 44
34 47 70
34 48 39
34 49 58
34 50 85
34 51 4
34 52 137
34 53 47
34 54 191
34 55 64
34 56 148
34 57 77
34 58 20
34 59 174
34 60 43
34 61 32
34 62 179
34 63 80
34 64 107
34 65 134
34 66 190
34 67 17
34 68 120
34 69 194
34 70 154
34 71 175
34 72 96
34 73 153
34 74 88
34 75 34
34 76 108
34 77 91
34 78 22
34 79 15
34 80 98
34 81 24
34 82 123
34 83 181
34 84 74
34 85 86
34 86 117
34 87 76
34 88 128
34 89 41
34 90 36
34 91 109
34 92 118
34 93 58
34 94 128
34 95 123
34 96 173
34 97 9
34 98 100
34 99 41
35 36 120
35 37 194
35 38 124
35 39 21
35 40 55
35 41 55
35 42 161
35 43 21
35 44 50
35 45 51
35 46 75
35 47 51
35 48 197
35 49 178
35 50 129
35 51 109
35 52 93
35 53 72
35 54 107
35 55 194
35 56 112
35 57 113
35 58 82
35 59 123
35 60 148
35 61 195
35 62 71
35 63 142
35 64 47
35 65 198
35 66 53
35 67 188
35 68 188
35 69 163
35 70 102
35 71 155
35 72 91
35 73 162
35 74 161
35 75 102
35 76 129
35 77 185
35 78 129
35 79 18
35 80 168
35 81 180
35 82 129
35 83 194
35 84 97
35 85 42
35 86 47
35 87 90
35 88 27
35 89 0
35 90 154
35 91 131
35 92 40
35 93 174
35 94 124
35 95 75
35 96 23
35 97 117
35 98 50
35 99 148
36 37 145
36 38 49
36 39 85
36 40 140
36 41 195
36 42 180
36 43 156
36 44 74
36 45 161
36 46 49
36 47 98
36 48 25
36 49 129
36 50 47
36 51 148
36 52 90
36 53 88
36 54 12
36 55 84
36 56 161
36 57 166
36 58 67
36 59 146
36 60 67
36 61 6
36 62 116
36 63 146
36 64 178
36 65 150
36 66 137
36 67 81
36 68 118
36 69 168
36 70 198
36 71 149
36 72 102
36 73 22
36 74 109
36 75 164
36 76 99
36 77 199
36 78 34
36 79 86
36 80 97
36 81 158
36 82 148
36 83 47
36 84 168
36 85 129
36 86 198
36 87 114
36 88 159
36 89 132
36 90 123
36 91 100
36 92 60
36 93 85
36 94 146
36 95 194
36 96 172
36 97 143
36 98 19
36 99 50
37 38 132
37 39 197
37 40 187
37 41 197
37 42 29
37 43 75
37 44 43
37 45 121
37 46 61
37 47 197
37 48 151
37 49 4
37 50 63
37 51 20
37 52 131
37 53 153
37 54 159
37 55 78
37 56 68
37 57 112
37 58 36
37 59 103
37 60 1
37 61 77
37 62 196
37 63 71
37 64 190
37 65 61
37 66 145
37 67 137
37 68 25
37 69 167
37 70 117
37 71 130
37 72 110
37 73 191
37 74 78
37 75 128
37 76 127
37 77 10
37 78 154
37 79 154
37 80 144
37 81 48
37 82 88
37 83 196
37 84 110
37 85 69
37 86 85
37 87 111
37 88 29
37 89 112
37 90 98
37 91 137
37 92 57
37 93 38
37 94 78
37 95 22
37 96 102
37 97 31
37 98 121
37 99 116
38 39 107
38 40 161
38 41 180
38 42 161
38 43 187
38 44 55
38 45 167
38 46 22
38 47 68
38 48 127
38 49 77
38 50 19
38 51 139
38 52 51
38 53 28
38 54 27
38 55 176
38 56 132
38 57 160
38 58 126
38 59 152
38 60 24
38 61 172
38 62 168
38 63 115
38 64 158
38 65 130
38 66 164
38 67 44
38 68 4
38 69 15
38 70 74
38 71 72
38 72 43
38 73 168
38 74 15
38 75 198
38 76 46
38 77 115
38 78 146
38 79 189
38 80 44
38 81 61
38 82 101
38 83 39
38 84 12
38 85 41
38 86 191
38 87 85
38 88 174
38 89 106
38 90 28
38 91 152
38 92 84
38 93 72
38 94 81
38 95 83
38 96 190
38 97 103
38 98 7
38 99 30
39 40 50
39 41 124
39 42 148
39 43 2
39 44 200
39 45 135
39 46 79
39 47 161
39 48 19
39 49 177
39 50 170
39 51 31
39 52 200
39 53 82
39 54 67
39 55 19
39 56 35
39 57 88
39 58 91
39 59 80
39 60 30
39 61 107
39 62 6
39 63 191
39 64 28
39 65 13
39 66 54
39 67 154
39 68 4
39 69 67
39 70 110
39 71 140
39 72 165
39 73 33
39 74 4
39 75 131
39 76 180
39 77 7
39 78 112
39 79 181
39 80 143
39 81 68
39 82 86
39 83 80
39 84 65
39 85 0
39 86 188
39 87 114
39 88 195
39 89 59
39 90 61
39 91 171
39 92 138
39 93 124
39 94 130
39 95 133
39 96 155
39 97 181
39 98 85
39 99 11
40 41 29
40 42 157
40 43 155
40 44 5
40 45 158
40 46 10
40 47 178
40 48 104
40 49 144
40 50 89
40 51 42
40 52 123
40 53 125
40 54 182
40 55 91
40 56 173
40 57 158
40 58 173
40 59 39
40 60 145
40 61 27
40 62 133
40 63 67
40 64 167
40 65 67
40 66 46
40 67 147
40 68 10
40 69 40
40 70 98
40 71 14
40 72 65
40 73 191
40 74 166
40 75 44
40 76 63
40 77 178
40 78 24
40 79 108
40 80 115
40 81 15
40 82 2
40 83 157
40 84 125
40 85 137
40 86 17
40 87 152
40 88 12
40 89 131
40 90 41
40 91 192
40 92 49
40 93 48
40 94 23
40 95 31
40 96 105
40 97 181
40 98 75
40 99 118
41 42 138
41 43 14
41 44 110
41 45 161
41 46 153
41 47 182
41 48 86
41 49 58
41 50 154
41 51 157
41 52 17
41 53 78
41 54 166
41 55 12
41 56 134
41 57 163
41 58 165
41 59 199
41 60 52
41 61 141
41 62 51
41 63 109
41 64 109
41 65 143
41 66 155
41 67 20
41 68 45
41 69 20
41 70 84
41 71 14
41 72 124
41 73 142
41 74 62
41 75 117
41 76 124
41 77 40
41 78 171
41 79 153
41 80 158
41 81 132
41 82 165
41 83 71
41 84 79
41 85 124
41 86 128
41 87 173
41 88 157
41 89 146
41 90 193
41 91 194
41 92 166
41 93 74
41 94 30
41 95 108
41 96 161
41 97 187
41 98 109
41 99 158
42 43 99
42 44 137
42 45 104
42 46 51
42 47 111
42 48 90
42 49 93
42 50 11
42 51 107
42 52 97
42 53 44
42 54 82
42 55 48
42 56 57
42 57 15
42 58 75
42 59 77
42 60 138
42 61 197
42 62 117
42 63 123
42 64 160
42 65 2
42 66 73
42 67 9
42 68 51
42 69 135
42 70 81
42 71 8
42 72 161
42 73 54
42 74 179
42 75 155
42 76 182
42 77 64
42 78 58
42 79 164
42 80 122
42 81 35
42 82 61
42 83 46
42 84 61
42 85 63
42 86 101
42 87 190
42 88 12
42 89 147
42 90 186
42 91 6
42 92 196
42 93 4
42 94 22
42 95 39
42 96 89
42 97 66
42 98 34
42 99 115
43 44 116
43 45 108
43 46 65
43 47 108
43 48 11
43 49 128
43 50 12
43 51 92
43 52 61
43 53 120
43 54 2
43 55 147
43 56 137
43 57 26
43 58 21
43 59 136
43 60 179
43 61 96
43 62 14
43 63 166
43 64 43
43 65 41
43 66 119
43 67 54
43 68 135
43 69 140
43 70 126
43 71 40
43 72 112
43 73 179
43 74 38
43 75 38
43 76 116
43 77 6
43 78 84
43 79 97
43 80 200
43 81 68
43 82 140
43 83 178
43 84 131
43 85 73
43 86 30
43 87 43
43 88 158
43 89 19
43 90 164
43 91 44
43 92 124
43 93 145
43 94 16
43 95 102
43 96 132
43 97 193
43 98 118
43 99 188
44 45 180
44 46 122
44 47 36
44 48 68
44 49 185
44 50 127
44 51 17
44 52 198
44 53 109
44 54 77
44 55 105
44 56 69
44 57 63
44 58 154
44 59 57
44 60 10
44 61 138
44 62 7
44 63 189
44 64 7
44 65 96
44 66 29
44 67 76
44 68 15
44 69 150
44 70 38
44 71 1
44 72 103
44 73 108
44 74 147
44 75 6
44 76 165
44 77 91
44 78 143
44 79 118
44 80 30
44 81 39
44 82 20
44 83 18
44 84 194
44 85 63
44 86 31
44 87 173
44 88 142
44 89 125
44 90 17
44 91 143
44 92 168
44 93 183
44 94 75
44 95 102
44 96 72
44 97 76
44 98 6
44 99 155
45 46 103
45 47 39
45 48 3
45 49 197
45 50 155
45 51 79
45 52 154
45 53 124
45 54 185
45 55 34
45 56 155
45 57 0
45 58 59
45 59 157
45 60 191
45 61 67
45 62 62
45 63 157
45 64 135
45 65 24
45 66 90
45 67 17
45 68 134
45 69 95
45 70 29
45 71 113
45 72 185
45 73 161
45 74 51
45 75 139
45 76 89
45 77 117
45 78 39
45 79 93
45 80 179
45 81 128
45 82 61
45 83 27
45 84 33
45 85 104
45 86 137
45 87 110
45 88 93
45 89 13
45 90 192
45 91 35
45 92 183
45 93 49
45 94 16
45 95 0
45 96 12
45 97 21
45 98 3
45 99 118
46 47 36
46 48 29
46 49 187
46 50 79
46 51 179
46 52 7
46 53 135
46 54 146
46 55 95
46 56 76
46 57 45
46 58 165
46 59 156
46 60 84
46 61 14
46 62 34
46 63 161
46 64 15
46 65 182
46 66 18
46 67 44
46 68 122
46 69 125
46 70 43
46 71 77
46 72 147
46 73 52
46 74 78
46 75 27
46 76 198
46 77 124
46 78 32
46 79 63
46 80 129
46 81 52
46 82 116
46 83 69
46 84 36
46 85 88
46 86 8
46 87 155
46 88 62
46 89 87
46 90 77
46 91 16
46 92 2
46 93 148
46 94 180
46 95 51
46 96 26
46 97 130
46 98 15
46 99 171
47 48 54
47 49 59
47 50 145
47 51 35
47 52 155
47 53 33
47 54 124
47 55 144
47 56 141
47 57 87
47 58 193
47 59 124
47 60 2
47 61 170
47 62 17
47 63 87
47 64 75
47 65 88
47 66 62
47 67 181
47 68 97
47 69 115
47 70 47
47 71 95
47 72 67
47 73 191
47 74 200
47 75 117
47 76 189
47 77 45
47 78 27
47 79 17
47 80 22
47 81 129
47 82 100
47 83 24
47 84 153
47 85 114
47 86 9
47 87 120
47 88 122
47 89 89
47 90 40
47 91 172
47 92 134
47 93 20
47 94 141
47 95 47
47 96 78
47 97 185
47 98 115
47 99 98
48 49 170
48 50 42
48 51 167
48 52 138
48 53 107
48 54 75
48 55 101
48 56 15
48 57 54
48 58 180
48 59 22
48 60 112
48 61 156
48 62 187
48 63 62
48 64 186
48 65 72
48 66 87
48 67 49
48 68 193
48 69 153
48 70 32
48 71 79
48 72 8
48 73 178
48 74 49
48 75 2
48 76 17
48 77 99
48 78 128
48 79 6
48 80 51
48 81 128
48 82 42
48 83 147
48 84 172
48 85 164
48 86 196
48 87 48
48 88 32
48 89 149
48 90 104
48 91 34
48 92 103
48 93 194
48 94 169
48 95 21
48 96 127
48 97 110
48 98 79
48 99 42
49 50 144
49 51 182
49 52 22
49 53 35
49 54 155
49 55 17
49 56 106
49 57 144
49 58 21
49 59 101
49 60 130
49 61 72
49 62 92
49 63 21
49 64 29
49 65 7
49 66 109
49 67 33
49 68 3
49 69 183
49 70 94
49 71 173
49 72 16
49 73 34
49 74 192
49 75 123
49 76 17
49 77 47
49 78 199
49 79 148
49 80 190
49 81 63
49 82 39
49 83 84
49 84 33
49 85 79
49 86 186
49 87 197
49 88 99
49 89 74
49 90 36
49 91 142
49 92 126
49 93 156
49 94 135
49 95 96
49 96 199
49 97 134
49 98 14
49 99 150
50 51 148
50 52 199
50 53 75
50 54 44
50 55 61
50 56 106
50 57 98
50 58 83
50 59 40
50 60 19
50 61 22
50 62 38
50 63 79
50 64 65
50 65 8
50 66 149
50 67 144
50 68 99
50 69 190
50 70 2
50 71 177
50 72 150
50 73 159
50 74 100
50 75 54
50 76 71
50 77 59
50 78 132
50 79 25
50 80 177
50 81 160
50 82 173
50 83 165
50 84 127
50 85 84
50 86 111
50 87 68
50 88 69
50 89 67
50 90 117
50 91 152
50 92 155
50 93 157
50 94 121
50 95 61
50 96 98
50 97 87
50 98 22
50 99 40
51 52 169
51 53 16
51 54 35
51 55 32
51 56 37
51 57 89
51 58 81
51 59 43
51 60 83
51 61 63
51 62 81
51 63 158
51 64 121
51 65 41
51 66 75
51 67 114
51 68 98
51 69 96
51 70 133
51 71 5
51 72 116
51 73 85
51 74 46
51 75 67
51 76 198
51 77 86
51 78 170
51 79 140
51 80 149
51 81 72
51 82 78
51 83 79
51 84 2
51 85 77
51 86 185
51 87 7
51 88 79
51 89 138
51 90 27
51 91 120
51 92 85
51 93 119
51 94 4
51 95 103
51 96 20
51 97 42
51 98 170
51 99 65
52 53 100
52 54 77
52 55 3
52 56 161
52 57 105
52 58 199
52 59 112
52 60 31
52 61 81
52 62 190
52 63 52
52 64 45
52 65 181
52 66 51
52 67 134
52 68 187
52 69 60
52 70 187
52 71 16
52 72 166
52 73 52
52 74 111
52 75 135
52 76 20
52 77 132
52 78 56
52 79 38
52 80 81
52 81 52
52 82 158
52 83 182
52 84 46
52 85 130
52 86 51
52 87 152
52 88 42
52 89 174
52 90 51
52 91 127
52 92 168
52 93 16
52 94 17
52 95 165
52 96 160
52 97 24
52 98 81
52 99 175
53 54 167
53 55 56
53 56 46
53 57 64
53 58 192
53 59 179
53 60 86
53 61 89
53 62 148
53 63 150
53 64 149
53 65 122
53 66 101
53 67 140
53 68 46
53 69 13
53 70 35
53 71 164
53 72 96
53 73 73
53 74 141
53 75 148
53 76 88
53 77 148
53 78 142
53 79 99
53 80 44
53 81 20
53 82 33
53 83 43
53 84 31
53 85 29
53 86 15
53 87 45
53 88 198
53 89 27
53 90 112
53 91 31
53 92 77
53 93 115
53 94 74
53 95 141
53 96 62
53 97 0
53 98 55
53 99 21
54 55 118
54 56 115
54 57 184
54 58 199
54 59 78
54 60 148
54 61 65
54 62 33
54 63 84
54 64 131
54 65 113
54 66 77
54 67 105
54 68 15
54 69 114
54 70 80
54 71 17
54 72 165
54 73 13
54 74 180
54 75 14
54 76 136
54 77 198
54 78 99
54 79 133
54 80 186
54 81 135
54 82 97
54 83 54
54 84 189
54 85 72
54 86 5
54 87 104
54 88 106
54 89 194
54 90 193
54 91 63
54 92 103
54 93 136
54 94 187
54 95 141
54 96 129
54 97 157
54 98 11
54 99 118
55 56 114
55 57 51
55 58 121
55 59 170
55 60 185
55 61 146
55 62 29
55 63 137
55 64 141
55 65 100
55 66 3
55 67 53
55 68 35
55 69 175
55 70 43
55 71 38
55 72 125
55 73 1
55 74 84
55 75 75
55 76 93
55 77 177
55 78 156
55 79 44
55 80 44
55 81 83
55 82 132
55 83 175
55 84 132
55 85 59
55 86 177
55 87 6
55 88 141
55 89 20
55 90 56
55 91 53
55 92 115
55 93 90
55 94 23
55 95 88
55 96 139
55 97 131
55 98 190
55 99 94
56 57 165
56 58 177
56 59 91
56 60 152
56 61 169
56 62 199
56 63 117
56 64 0
56 65 13
56 66 56
56 67 4
56 68 64
56 69 108
56 70 164
56 71 71
56 72 17
56 73 183
56 74 59
56 75 165
56 76 143
56 77 120
56 78 4
56 79 196
56 80 84
56 81 85
56 82 110
56 83 91
56 84 186
56 85 84
56 86 13
56 87 65
56 88 159
56 89 159
56 90 41
56 91 167
56 92 13
56 93 74
56 94 55
56 95 86
56 96 108
56 97 140
56 98 13
56 99 181
57 58 34
57 59 32
57 60 67
57 61 37
57 62 144
57 63 132
57 64 89
57 65 35
57 66 136
57 67 146
57 68 16
57 69 11
57 70 77
57 71 146
57 72 54
57 73 26
57 74 32
57 75 95
57 76 121
57 77 28
57 78 185
57 79 81
57 80 60
57 81 161
57 82 155
57 83 90
57 84 90
57 85 198
57 86 129
57 87 170
57 88 200
57 89 80
57 90 3
57 91 61
57 92 101
57 93 103
57 94 189
57 95 39
57 96 168
57 97 19
57 98 191
57 99 159
58 59 13
58 60 55
58 61 173
58 62 5
58 63 99
58 64 106
58 65 41
58 66 139
58 67 39
58 68 8
58 69 170
58 70 99
58 71 147
58 72 195
58 73 75
58 74 18
58 75 173
58 76 55
58 77 110
58 78 53
58 79 139
58 80 94
58 81 30
58 82 56
58 83 73
58 84 87
58 85 78
58 86 40
58 87 177
58 88 142
58 89 41
58 90 4
58 91 126
58 92 80
58 93 122
58 94 157
58 95 32
58 96 148
58 97 5
58 98 97
58 99 23
59 60 172
59 61 101
59 62 132
59 63 38
59 64 20
59 65 68
59 66 112
59 67 91
59 68 15
59 69 145
59 70 21
59 71 94
59 72 40
59 73 74
59 74 197
59 75 49
59 76 121
59 77 7
59 78 56
59 79 57
59 80 106
59 81 139
59 82 63
59 83 122
59 84 98
59 85 76
59 86 9
59 87 163
59 88 84
59 89 100
59 90 73
59 91 141
59 92 170
59 93 122
59 94 109
59 95 56
59 96 150
59 97 15
59 98 0
59 99 161
60 61 173
60 62 140
60 63 69
60 64 194
60 65 120
60 66 112
60 67 23
60 68 109
60 69 77
60 70 77
60 71 52
60 72 162
60 73 101
60 74 191
60 75 111
60 76 87
60 77 6
60 78 9
60 79 101
60 80 89
60 81 82
60 82 34
60 83 189
60 84 16
60 85 109
60 86 145
60 87 37
60 88 66
60 89 21
60 90 7
60 91 136
60 92 19
60 93 42
60 94 58
60 95 114
60 96 15
60 97 55
60 98 65
60 99 60
61 62 156
61 63 83
61 64 7
61 65 87
61 66 67
61 67 112
61 68 15
61 69 179
61 70 22
61 71 28
61 72 87
61 73 10
61 74 84
61 75 59
61 76 74
61 77 153
61 78 94
61 79 3
61 80 136
61 81 83
61 82 108
61 83 138
61 84 200
61 85 91
61 86 79
61 87 69
61 88 40
61 89 185
61 90 96
61 91 168
61 92 183
61 93 0
61 94 79
61 95 45
61 96 95
61 97 178
61 98 200
61 99 153
62 63 166
62 64 148
62 65 52
62 66 179
62 67 138
62 68 114
62 69 183
62 70 71
62 71 0
62 72 7
62 73 165
62 74 120
62 75 165
62 76 13
62 77 10
62 78 196
62 79 43
62 80 170
62 81 72
62 82 75
62 83 57
62 84 71
62 85 122
62 86 176
62 87 82
62 88 38
62 89 135
62 90 67
62 91 3
62 92 25
62 93 144
62 94 67
62 95 61
62 96 42
62 97 76
62 98 128
62 99 56
63 64 171
63 65 178
63 66 146
63 67 13
63 68 7
63 69 38
63 70 137
63 71 9
63 72 157
63 73 110
63 74 165
63 75 103
63 76 151
63 77 18
63 78 51
63 79 181
63 80 119
63 81 49
63 82 53
63 83 96
63 84 47
63 85 58
63 86 112
63 87 185
63 88 149
63 89 17
63 90 132
63 91 51
63 92 119
63 93 63
63 94 178
63 95 79
63 96 188
63 97 64
63 98 166
63 99 55
64 65 20
64 66 37
64 67 170
64 68 97
64 69 190
64 70 34
64 71 128
64 72 100
64 73 67
64 74 78
64 75 167
64 76 22
64 77 61
64 78 76
64 79 190
64 80 78
64 81 189
64 82 169
64 83 180
64 84 92
64 85 195
64 86 66
64 87 158
64 88 48
64 89 152
64 90 45
64 91 95
64 92 30
64 93 192
64 94 124
64 95 145
64 96 109
64 97 200
64 98 162
64 99 74
65 66 62
65 67 8
65 68 56
65 69 74
65 70 76
65 71 65
65 72 126
65 73 14
65 74 30
65 75 161
65 76 8
65 77 30
65 78 126
65 79 163
65 80 87
65 81 162
65 82 29
65 83 148
65 84 58
65 85 171
65 86 168
65 87 93
65 88 86
65 89 124
65 90 68
65 91 198
65 92 126
65 93 102
65 94 24
65 95 36
65 96 110
65 97 95
65 98 26
65 99 111
66 67 10
66 68 5
66 69 7
66 70 175
66 71 50
66 72 40
66 73 123
66 74 109
66 75 158
66 76 99
66 77 129
66 78 98
66 79 6
66 80 193
66 81 188
66 82 16
66 83 149
66 84 154
66 85 61
66 86 26
66 87 67
66 88 106
66 89 97
66 90 67
66 91 23
66 92 36
66 93 114
66 94 136
66 95 132
66 96 106
66 97 45
66 98 106
66 99 14
67 68 188
67 69 153
67 70 24
67 71 185
67 72 200
67 73 21
67 74 8
67 75 32
67 76 158
67 77 82
67 78 2
67 79 97
67 80 116
67 81 114
67 82 90
67 83 196
67 84 49
67 85 143
67 86 80
67 87 94
67 88 137
67 89 64
67 90 14
67 91 181
67 92 184
67 93 173
67 94 183
67 95 83
67 96 24
67 97 112
67 98 58
67 99 108
68 69 23
68 70 150
68 71 95
68 72 146
68 73 190
68 74 85
68 75 187
68 76 164
68 77 41
68 78 52
68 79 140
68 80 135
68 81 153
68 82 82
68 83 3
68 84 111
68 85 152
68 86 127
68 87 157
68 88 149
68 89 113
68 90 144
68 91 142
68 92 100
68 93 10
68 94 170
68 95 54
68 96 30
68 97 72
68 98 80
68 99 150
69 70 193
69 71 77
69 72 151
69 73 138
69 74 162
69 75 32
69 76 38
69 77 89
69 78 134
69 79 19
69 80 77
69 81 98
69 82 140
69 83 155
69 84 8
69 85 11
69 86 69
69 87 77
69 88 46
69 89 153
69 90 46
69 91 65
69 92 32
69 93 95
69 94 31
69 95 48
69 96 180
69 97 49
69 98 102
69 99 165
70 71 118
70 72 24
70 73 111
70 74 44
70 75 15
70 76 67
70 77 192
70 78 87
70 79 135
70 80 40
70 81 67
70 82 131
70 83 98
70 84 53
70 85 147
70 86 172
70 87 59
70 88 61
70 89 26
70 90 38
70 91 67
70 92 137
70 93 49
70 94 20
70 95 12
70 96 6
70 97 177
70 98 99
70 99 157
71 72 182
71 73 80
71 74 98
71 75 175
71 76 100
71 77 126
71 78 144
71 79 175
71 80 150
71 81 182
71 82 79
71 83 169
71 84 190
71 85 9
71 86 149
71 87 177
71 88 52
71 89 13
71 90 50
71 91 101
71 92 52
71 93 176
71 94 142
71 95 154
71 96 50
71 97 143
71 98 51
71 99 135
72 73 63
72 74 67
72 75 64
72 76 152
72 77 186
72 78 85
72 79 131
72 80 147
72 81 30
72 82 49
72 83 167
72 84 66
72 85 39
72 86 130
72 87 100
72 88 31
72 89 178
72 90 132
72 91 111
72 92 2
72 93 83
72 94 173
72 95 94
72 96 82
72 97 113
72 98 114
72 99 194
73 74 113
73 75 141
73 76 28
73 77 132
73 78 28
73 79 193
73 80 15
73 81 159
73 82 194
73 83 137
73 84 2
73 85 65
73 86 150
73 87 177
73 88 12
73 89 82
73 90 62
73 91 19
73 92 30
73 93 195
73 94 35
73 95 89
73 96 7
73 97 30
73 98 152
73 99 195
74 75 129
74 76 171
74 77 46
74 78 59
74 79 68
74 80 151
74 81 139
74 82 189
74 83 163
74 84 43
74 85 80
74 86 52
74 87 156
74 88 144
74 89 37
74 90 135
74 91 66
74 92 15
74 93 107
74 94 191
74 95 105
74 96 68
74 97 42
74 98 180
74 99 195
75 76 15
75 77 43
75 78 79
75 79 16
75 80 112
75 81 34
75 82 115
75 83 19
75 84 163
75 85 147
75 86 131
75 87 61
75 88 131
75 89 16
75 90 113
75 91 59
75 92 67
75 93 148
75 94 74
75 95 145
75 96 127
75 97 153
75 98 136
75 99 73
76 77 40
76 78 62
76 79 128
76 80 76
76 81 186
76 82 6
76 83 115
76 84 27
76 85 120
76 86 62
76 87 179
76 88 59
76 89 173
76 90 19
76 91 34
76 92 89
76 93 60
76 94 90
76 95 196
76 96 127
76 97 175
76 98 165
76 99 14
77 78 146
77 79 118
77 80 104
77 81 95
77 82 62
77 83 89
77 84 133
77 85 40
77 86 194
77 87 160
77 88 115
77 89 153
77 90 42
77 91 60
77 92 24
77 93 188
77 94 147
77 95 32
77 96 105
77 97 53
77 98 66
77 99 10
78 79 29
78 80 23
78 81 43
78 82 189
78 83 154
78 84 159
78 85 161
78 86 65
78 87 192
78 88 143
78 89 8
78 90 191
78 91 85
78 92 157
78 93 159
78 94 75
78 95 23
78 96 126
78 97 164
78 98 170
78 99 68
79 80 126
79 81 58
79 82 87
79 83 27
79 84 78
79 85 24
79 86 59
79 87 81
79 88 11
79 89 91
79 90 162
79 91 143
79 92 139
79 93 131
79 94 186
79 95 158
79 96 177
79 97 58
79 98 109
79 99 196
80 81 184
80 82 15
80 83 180
80 84 152
80 85 101
80 86 156
80 87 103
80 88 32
80 89 84
80 90 193
80 91 110
80 92 53
80 93 81
80 94 184
80 95 80
80 96 59
80 97 119
80 98 95
80 99 64
81 82 177
81 83 112
81 84 79
81 85 34
81 86 62
81 87 40
81 88 160
81 89 86
81 90 114
81 91 90
81 92 137
81 93 168
81 94 17
81 95 125
81 96 113
81 97 158
81 98 181
81 99 7
82 83 55
82 84 144
82 85 84
82 86 116
82 87 94
82 88 168
82 89 130
82 90 193
82 91 169
82 92 155
82 93 80
82 94 54
82 95 148
82 96 8
82 97 178
82 98 167
82 99 144
83 84 81
83 85 135
83 86 73
83 87 118
83 88 108
83 89 7
83 90 62
83 91 48
83 92 7
83 93 128
83 94 129
83 95 170
83 96 88
83 97 94
83 98 195
83 99 64
84 85 124
84 86 138
84 87 146
84 88 71
84 89 128
84 90 73
84 91 36
84 92 1
84 93 68
84 94 136
84 95 14
84 96 121
84 97 197
84 98 183
84 99 56
85 86 140
85 87 20
85 88 175
85 89 171
85 90 10
85 91 106
85 92 48
85 93 190
85 94 53
85 95 109
85 96 4
85 97 144
85 98 114
85 99 101
86 87 151
86 88 113
86 89 142
86 90 61
86 91 52
86 92 142
86 93 187
86 94 18
86 95 69
86 96 184
86 97 55
86 98 67
86 99 139
87 88 114
87 89 20
87 90 103
87 91 57
87 92 200
87 93 197
87 94 106
87 95 69
87 96 100
87 97 77
87 98 147
87 99 181
88 89 176
88 90 63
88 91 12
88 92 119
88 93 157
88 94 18
88 95 33
88 96 105
88 97 144
88 98 15
88 99 68
89 90 180
89 91 79
89 92 23
89 93 158
89 94 68
89 95 128
89 96 64
89 97 196
89 98 161
89 99 165
90 91 193
90 92 123
90 93 6
90 94 30
90 95 78
90 96 31
90 97 26
90 98 24
90 99 87
91 92 104
91 93 115
91 94 197
91 95 149
91 96 144
91 97 113
91 98 107
91 99 190
92 93 21
92 94 200
92 95 21
92 96 78
92 97 163
92 98 183
92 99 93
93 94 153
93 95 14
93 96 47
93 97 23
93 98 135
93 99 90
94 95 141
94 96 105
94 97 150
94 98 9
94 99 184
95 96 161
95 97 115
95 98 35
95 99 79
96 97 152
96 98 147
96 99 17
97 98 133
97 99 5
98 99 194
