100 4947
0 1 194
0 2 123
0 3 77
0 4 99
0 5 66
0 6 141
0 7 193
0 8 4
0 9 188
0 10 20
0 11 176
0 12 52
0 13 195
0 14 151
0 15 33
0 16 69
0 17 168
0 18 32
0 19 125
0 20 72
0 21 14
0 22 8
0 23 75
0 24 114
0 25 150
0 26 19
0 27 187
0 28 18
0 29 179
0 30 131
0 31 179
0 32 191
0 33 34
0 34 96
0 35 112
0 36 62
0 37 85
0 38 138
0 39 186
0 40 198
0 41 153
0 42 67
0 43 61
0 44 176
0 45 173
0 46 147
0 47 166
0 48 91
0 49 149
0 50 59
0 51 95
0 52 127
0 53 184
0 54 9
0 55 44
0 56 135
0 57 140
0 58 102
0 59 187
0 60 41
0 61 41
0 62 115
0 63 104
0 64 51
0 65 157
0 66 22
0 67 90
0 68 11
0 69 134
0 70 116
0 71 47
0 72 41
0 73 91
0 74 2
0 75 6
0 76 168
0 77 195
0 78 149
0 79 17
0 80 165
0 81 131
0 82 25
0 83 199
0 84 199
0 85 4
0 86 152
0 87 80
0 88 173
0 89 180
0 90 28
0 91 168
0 92 185
0 93 161
0 94 196
0 95 157
0 96 39
0 97 128
0 98 24
0 99 120
1 2 13
1 3 57
1 4 74
1 5 118
1 6 183
1 7 168
1 8 154
1 9 159
1 10 54
1 11 56
1 12 50
1 13 100
1 14 87
1 15 141
1 16 71
1 17 94
1 18 151
1 19 127
1 20 27
1 21 156
1 22 54
1 23 107
1 24 158
1 25 144
1 26 12
1 27 4
1 28 163
1 29 169
1 30 41
1 31 163
1 32 120
1 33 124
1 34 119
1 35 12
1 36 3
1 37 142
1 38 137
1 39 31
1 40 200
1 41 84
1 42 124
1 43 182
1 44 11
1 45 16
1 46 87
1 47 184
1 48 42
1 49 188
1 50 70
1 51 137
1 52 80
1 53 151
1 54 168
1 55 85
1 56 5
1 57 188
1 58 49
1 59 105
1 60 50
1 61 63
1 62 90
1 63 38
1 64 39
1 65 106
1 66 199
1 67 180
1 68 104
1 69 151
1 70 101
1 71 58
1 72 114
1 73 24
1 74 95
1 75 131
1 76 179
1 77 173
1 78 151
1 79 44
1 80 175
1 81 157
1 82 192
1 83 98
1 84 36
1 85 78
1 86 71
1 87 67
1 88 100
1 89 138
1 90 182
1 91 1
1 92 85
1 93 170
1 94 131
1 95 25
1 96 40
1 97 72
1 98 62
1 99 69
2 3 148
2 4 93
2 5 152
2 6 81
2 7 193
2 8 16
2 9 124
2 10 170
2 11 90
2 12 189
2 13 114
2 14 106
2 15 88
2 16 4
2 17 60
2 18 158
2 19 56
2 20 104
2 21 59
2 22 47
2 23 15
2 24 103
2 25 164
2 26 107
2 27 81
2 28 54
2 29 190
2 30 85
2 31 127
2 32 192
2 33 83
2 34 118
2 35 42
2 36 40
2 37 183
2 38 7
2 39 124
2 40 200
2 41 112
2 42 137
2 43 61
2 44 148
2 45 124
2 46 127
2 47 192
2 48 173
2 49 115
2 50 109
2 51 155
2 52 168
2 53 23
2 54 101
2 55 170
2 56 35
2 57 155
2 58 53
2 59 171
2 60 160
2 61 17
2 62 18
2 63 196
2 64 33
2 65 76
2 66 190
2 67 63
2 68 126
2 69 143
2 70 112
2 71 93
2 72 0
2 73 85
2 74 188
2 75 153
2 76 140
2 77 96
2 78 84
2 79 101
2 80 122
2 81 80
2 82 186
2 83 17
2 84 8
2 85 88
2 86 22
2 87 25
2 88 126
2 89 63
2 90 86
2 91 198
2 92 40
2 93 53
2 94 16
2 95 116
2 96 101
2 97 95
2 98 166
2 99 36
3 4 136
3 5 95
3 6 173
3 7 191
3 8 76
3 9 64
3 10 59
3 11 125
3 12 50
3 13 182
3 14 87
3 15 113
3 16 186
3 17 99
3 18 114
3 19 188
3 20 182
3 21 81
3 22 64
3 23 24
3 24 166
3 25 107
3 26 37
3 27 8
3 28 174
3 29 79
3 30 25
3 31 101
3 32 35
3 33 151
3 34 190
3 35 188
3 36 126
3 37 162
3 38 85
3 39 192
3 40 141
3 41 112
3 42 31
3 43 196
3 44 120
3 45 57
3 46 190
3 47 145
3 48 3
3 49 151
3 50 75
3 51 16
3 52 47
3 53 138
3 54 196
3 55 42
3 56 7
3 57 67
3 58 92
3 59 23
3 60 120
3 61 94
3 62 57
3 63 148
3 64 139
3 65 97
3 66 180
3 67 66
3 68 76
3 69 168
3 70 59
3 71 59
3 72 55
3 73 10
3 74 62
3 75 192
3 76 128
3 77 155
3 78 99
3 79 15
3 80 134
3 81 21
3 82 58
3 83 36
3 84 98
3 85 71
3 86 77
3 87 186
3 88 143
3 89 98
3 90 90
3 91 165
3 92 129
3 93 51
3 94 24
3 95 74
3 96 195
3 97 24
3 98 27
3 99 168
4 5 173
4 6 69
4 7 173
4 8 75
4 9 175
4 10 35
4 11 34
4 12 25
4 13 77
4 14 188
4 15 180
4 16 21
4 17 1
4 18 130
4 19 129
4 20 124
4 21 104
4 22 46
4 23 19
4 24 177
4 25 76
4 26 58
4 27 73
4 28 131
4 29 110
4 30 24
4 31 175
4 32 58
4 33 17
4 34 5
4 35 40
4 36 15
4 37 12
4 38 189
4 39 146
4 40 200
4 41 142
4 42 141
4 43 130
4 44 2
4 45 148
4 46 165
4 47 66
4 48 96
4 49 164
4 50 194
4 51 88
4 52 123
4 53 171
4 54 132
4 55 178
4 56 38
4 57 77
4 58 61
4 59 193
4 60 33
4 61 17
4 62 16
4 63 12
4 64 139
4 65 166
4 66 120
4 67 7
4 68 93
4 69 54
4 70 47
4 71 189
4 72 196
4 73 125
4 74 166
4 75 153
4 76 58
4 77 25
4 78 34
4 79 138
4 80 42
4 81 30
4 82 173
4 83 15
4 84 162
4 85 39
4 86 155
4 87 48
4 88 24
4 89 200
4 90 6
4 91 127
4 92 182
4 93 72
4 94 193
4 95 27
4 96 93
4 97 42
4 98 18
4 99 182
5 6 87
5 7 6
5 8 28
5 9 81
5 10 101
5 11 10
5 12 193
5 13 122
5 14 55
5 15 4
5 16 197
5 17 52
5 18 61
5 19 47
5 20 156
5 21 18
5 22 96
5 23 41
5 24 40
5 25 101
5 26 25
5 27 0
5 28 33
5 29 169
5 30 31
5 31 194
5 32 104
5 33 24
5 34 171
5 35 110
5 36 172
5 37 149
5 38 93
5 39 91
5 40 178
5 41 106
5 42 81
5 43 94
5 44 168
5 45 195
5 46 60
5 47 195
5 48 34
5 49 40
5 50 153
5 51 80
5 52 148
5 53 76
5 54 125
5 55 32
5 56 1
5 57 2
5 58 165
5 59 48
5 60 171
5 61 37
5 62 22
5 63 47
5 64 113
5 65 119
5 66 148
5 67 111
5 68 33
5 69 131
5 70 126
5 71 172
5 72 135
5 73 175
5 74 153
5 75 40
5 76 7
5 77 176
5 78 78
5 79 155
5 80 133
5 81 140
5 82 106
5 83 42
5 84 164
5 85 101
5 86 118
5 87 18
5 88 52
5 89 13
5 90 39
5 91 35
5 92 62
5 93 146
5 94 108
5 95 155
5 96 120
5 97 149
5 98 88
5 99 126
6 7 50
6 8 132
6 9 77
6 10 53
6 11 59
6 12 175
6 13 57
6 14 16
6 15 59
6 16 141
6 17 22
6 18 97
6 19 177
6 20 151
6 21 85
6 22 96
6 23 99
6 24 108
6 25 18
6 26 117
6 27 48
6 28 154
6 29 191
6 30 192
6 31 100
6 32 37
6 33 18
6 34 98
6 35 196
6 36 187
6 37 121
6 38 81
6 39 91
6 40 19
6 41 78
6 42 31
6 43 60
6 44 106
6 45 67
6 46 122
6 47 42
6 48 149
6 49 31
6 50 93
6 51 86
6 52 75
6 53 182
6 54 65
6 55 29
6 56 35
6 57 22
6 58 130
6 59 140
6 60 93
6 61 103
6 62 110
6 63 0
6 64 189
6 65 172
6 66 130
6 67 139
6 68 126
6 69 58
6 70 132
6 71 193
6 72 80
6 73 39
6 74 171
6 75 91
6 76 159
6 77 3
6 78 152
6 79 112
6 80 58
6 81 82
6 82 104
6 83 57
6 84 111
6 85 16
6 86 23
6 87 10
6 88 197
6 89 50
6 90 113
6 91 119
6 92 77
6 93 178
6 94 63
6 95 173
6 96 154
6 97 110
6 98 42
6 99 130
7 8 112
7 9 184
7 10 47
7 11 171
7 12 152
7 13 8
7 14 176
7 15 86
7 16 61
7 17 76
7 18 28
7 19 5
7 20 93
7 21 190
7 22 135
7 23 35
7 24 23
7 25 148
7 26 74
7 27 199
7 28 152
7 29 101
7 30 159
7 31 172
7 32 36
7 33 169
7 34 37
7 35 27
7 36 79
7 37 163
7 38 110
7 39 25
7 40 87
7 41 161
7 42 2
7 43 149
7 44 16
7 45 10
7 46 133
7 47 43
7 48 195
7 49 38
7 50 26
7 51 158
7 52 70
7 53 96
7 54 45
7 55 42
7 56 50
7 57 80
7 58 52
7 59 26
7 60 123
7 61 90
7 62 60
7 63 172
7 64 89
7 65 90
7 66 102
7 67 65
7 68 75
7 69 79
7 70 25
7 71 143
7 72 65
7 73 12
7 74 9
7 75 92
7 76 12
7 77 30
7 78 66
7 79 36
7 80 6
7 81 145
7 82 132
7 83 125
7 84 43
7 85 1
7 86 130
7 87 91
7 88 155
7 89 83
7 90 187
7 91 118
7 92 167
7 93 36
7 94 184
7 95 88
7 96 20
7 97 53
7 98 68
7 99 73
8 9 45
8 10 93
8 11 90
8 12 118
8 13 68
8 14 82
8 15 100
8 16 163
8 17 120
8 18 97
8 19 41
8 20 23
8 21 23
8 22 37
8 23 194
8 24 50
8 25 177
8 26 168
8 27 126
8 28 91
8 29 179
8 30 191
8 31 50
8 32 29
8 33 48
8 34 116
8 35 102
8 36 24
8 37 55
8 38 179
8 39 151
8 40 106
8 41 135
8 42 30
8 43 2
8 44 159
8 45 57
8 46 190
8 47 40
8 48 66
8 49 160
8 50 166
8 51 174
8 52 6
8 53 195
8 54 150
8 55 153
8 56 170
8 57 197
8 58 62
8 59 32
8 60 130
8 61 36
8 62 2
8 63 163
8 64 33
8 65 3
8 66 110
8 67 102
8 68 159
8 69 164
8 70 152
8 71 31
8 72 99
8 73 1
8 74 172
8 75 190
8 76 27
8 77 13
8 78 152
8 79 4
8 80 106
8 81 199
8 82 108
8 83 46
8 84 75
8 85 19
8 86 28
8 87 114
8 88 76
8 89 194
8 90 24
8 91 161
8 92 109
8 93 4
8 94 137
8 95 55
8 96 28
8 97 153
8 98 62
8 99 190
9 10 22
9 11 59
9 12 141
9 13 169
9 14 171
9 15 130
9 16 130
9 17 141
9 18 131
9 19 134
9 20 101
9 21 3
9 22 160
9 23 87
9 24 50
9 25 95
9 26 5
9 27 35
9 28 15
9 29 36
9 30 50
9 31 144
9 32 62
9 33 134
9 34 188
9 35 121
9 36 187
9 37 178
9 38 95
9 39 184
9 40 85
9 41 125
9 42 48
9 43 46
9 44 125
9 45 96
9 46 179
9 47 176
9 48 148
9 49 185
9 50 127
9 51 194
9 52 28
9 53 152
9 54 42
9 55 9
9 56 76
9 57 166
9 58 42
9 59 136
9 60 27
9 61 80
9 62 62
9 63 78
9 64 164
9 65 162
9 66 74
9 67 27
9 68 76
9 69 128
9 70 103
9 71 31
9 72 50
9 73 36
9 74 162
9 75 55
9 76 171
9 77 140
9 78 194
9 79 18
9 80 117
9 81 156
9 82 165
9 83 98
9 84 58
9 85 93
9 86 40
9 87 14
9 88 192
9 89 52
9 90 197
9 91 92
9 92 151
9 93 83
9 94 175
9 95 64
9 96 43
9 97 185
9 98 133
9 99 27
10 11 77
10 12 144
10 13 121
10 14 46
10 15 14
10 16 143
10 17 133
10 18 106
10 19 127
10 20 45
10 21 193
10 22 110
10 23 182
10 24 75
10 25 147
10 26 114
10 27 51
10 28 108
10 29 56
10 30 88
10 31 10
10 32 200
10 33 112
10 34 25
10 35 166
10 36 158
10 37 119
10 38 171
10 39 17
10 40 66
10 41 26
10 42 38
10 43 37
10 44 128
10 45 53
10 46 146
10 47 9
10 48 119
10 49 194
10 50 109
10 51 41
10 52 14
10 53 70
10 54 110
10 55 23
10 56 4
10 57 71
10 58 7
10 59 86
10 60 152
10 61 15
10 62 188
10 63 148
10 64 127
10 65 52
10 66 87
10 67 75
10 68 1
10 69 104
10 70 163
10 71 34
10 72 9
10 73 99
10 74 0
10 75 36
10 76 52
10 77 178
10 78 149
10 79 158
10 80 19
10 81 132
10 82 170
10 83 106
10 84 51
10 85 178
10 86 2
10 87 136
10 88 45
10 89 143
10 90 6
10 91 195
10 92 21
10 93 72
10 94 197
10 95 12
10 96 118
10 97 88
10 98 107
10 99 35
11 12 14
11 13 85
11 14 189
11 15 83
11 16 123
11 17 172
11 18 163
11 19 71
11 20 46
11 21 120
11 22 35
11 23 161
11 24 2
11 25 175
11 26 150
11 27 30
11 28 49
11 29 151
11 30 78
11 31 120
11 32 60
11 33 21
11 34 176
11 35 26
11 36 66
11 37 95
11 38 133
11 39 146
11 40 183
11 41 190
11 42 168
11 43 80
11 44 183
11 45 194
11 46 6
11 47 180
11 48 157
11 49 183
11 50 14
11 51 77
11 52 74
11 53 97
11 54 100
11 55 74
11 56 58
11 57 145
11 58 190
11 59 181
11 60 138
11 61 54
11 62 192
11 63 127
11 64 119
11 65 74
11 66 143
11 67 111
11 68 198
11 69 195
11 70 161
11 71 76
11 72 130
11 73 118
11 74 28
11 75 150
11 76 63
11 77 50
11 78 96
11 79 94
11 80 197
11 81 96
11 82 143
11 83 33
11 84 140
11 85 86
11 86 50
11 87 38
11 88 184
11 89 46
11 90 153
11 91 137
11 92 163
11 93 189
11 94 15
11 95 39
11 96 102
11 97 145
11 98 171
11 99 44
12 13 138
12 14 3
12 15 94
12 16 84
12 17 152
12 18 184
12 19 75
12 20 176
12 21 118
12 22 127
12 23 57
12 24 100
12 25 193
12 26 131
12 27 125
12 28 90
12 29 39
12 30 83
12 31 48
12 32 83
12 33 164
12 34 195
12 35 2
12 36 21
12 37 171
12 38 178
12 39 156
12 40 125
12 41 166
12 42 18
12 43 148
12 44 112
12 45 158
12 46 121
12 47 4
12 48 189
12 49 63
12 50 165
12 51 89
12 52 140
12 53 56
12 54 65
12 55 105
12 56 174
12 57 8
12 58 11
12 59 103
12 60 62
12 61 1
12 62 146
12 63 175
12 64 181
12 65 158
12 66 64
12 67 145
12 68 61
12 69 11
12 70 199
12 71 47
12 72 14
12 73 85
12 74 1
12 75 12
12 76 8
12 77 1
12 78 150
12 79 125
12 80 81
12 81 160
12 82 74
12 83 62
12 84 126
12 85 152
12 86 146
12 87 177
12 88 96
12 89 17
12 90 186
12 91 101
12 92 79
12 93 44
12 94 176
12 95 133
12 96 57
12 97 1
12 98 191
12 99 45
13 14 91
13 15 65
13 16 42
13 17 97
13 18 51
13 19 195
13 20 29
13 21 180
13 22 188
13 23 16
13 24 2
13 25 51
13 26 69
13 27 33
13 28 184
13 29 54
13 30 114
13 31 97
13 32 18
13 33 191
13 34 154
13 35 38
13 36 59
13 37 140
13 38 75
13 39 183
13 40 117
13 41 92
13 42 51
13 43 137
13 44 73
13 45 102
13 46 75
13 47 143
13 48 72
13 49 139
13 50 44
13 51 133
13 52 143
13 53 179
13 54 19
13 55 53
13 56 111
13 57 58
13 58 99
13 59 195
13 60 86
13 61 166
13 62 79
13 63 160
13 64 148
13 65 156
13 66 25
13 67 110
13 68 149
13 69 163
13 70 72
13 71 160
13 72 85
13 73 168
13 74 26
13 75 100
13 76 73
13 77 38
13 78 57
13 79 62
13 80 20
13 81 23
13 82 159
13 83 196
13 84 139
13 85 74
13 86 43
13 87 56
13 88 193
13 89 109
13 90 22
13 91 60
13 92 2
13 93 42
13 94 139
13 95 41
13 96 117
13 97 172
13 98 103
13 99 112
14 15 147
14 16 70
14 17 28
14 18 164
14 19 16
14 20 179
14 21 95
14 22 99
14 23 155
14 24 92
14 25 89
14 26 54
14 27 110
14 28 7
14 29 144
14 30 180
14 31 163
14 32 31
14 33 56
14 34 16
14 35 62
14 36 147
14 37 59
14 38 173
14 39 102
14 40 187
14 41 27
14 42 167
14 43 146
14 44 64
14 45 184
14 46 187
14 47 38
14 48 5
14 49 44
14 50 193
14 51 170
14 52 77
14 53 149
14 54 169
14 55 44
14 56 36
14 57 1
14 58 16
14 59 107
14 60 139
14 61 136
14 62 126
14 63 72
14 64 110
14 65 146
14 66 88
14 67 4
14 68 145
14 69 180
14 70 80
14 71 42
14 72 65
14 73 60
14 74 79
14 75 124
14 76 28
14 77 10
14 78 165
14 79 169
14 80 60
14 81 151
14 82 129
14 83 62
14 84 149
14 85 76
14 86 127
14 87 27
14 88 61
14 89 171
14 90 119
14 91 55
14 92 80
14 93 132
14 94 92
14 95 23
14 96 154
14 97 129
14 98 15
14 99 8
15 16 119
15 17 119
15 18 68
15 19 125
15 20 100
15 21 196
15 22 95
15 23 90
15 24 194
15 25 62
15 26 104
15 27 2
15 28 72
15 29 131
15 30 79
15 31 146
15 32 46
15 33 161
15 34 94
15 35 108
15 36 184
15 37 7
15 38 177
15 39 180
15 40 137
15 41 12
15 42 62
15 43 25
15 44 36
15 45 159
15 46 172
15 47 99
15 48 181
15 49 79
15 50 86
15 51 175
15 52 92
15 53 9
15 54 2
15 55 26
15 56 194
15 57 108
15 58 146
15 59 12
15 60 2
15 61 47
15 62 99
15 63 93
15 64 30
15 65 104
15 66 102
15 67 189
15 68 124
15 69 26
15 70 81
15 71 183
15 72 98
15 73 137
15 74 180
15 75 86
15 76 29
15 77 101
15 78 8
15 79 40
15 80 8
15 81 171
15 82 101
15 83 163
15 84 189
15 85 198
15 86 56
15 87 114
15 88 50
15 89 51
15 90 36
15 91 122
15 92 91
15 93 68
15 94 101
15 95 141
15 96 167
15 97 113
15 98 145
15 99 164
16 17 109
16 18 47
16 19 65
16 20 35
16 21 76
16 22 66
16 23 53
16 24 98
16 25 167
16 26 30
16 27 107
16 28 41
16 29 178
16 30 108
16 31 193
16 32 155
16 33 196
16 34 10
16 35 67
16 36 0
16 37 173
16 38 142
16 39 34
16 40 191
16 41 172
16 42 92
16 43 22
16 44 56
16 45 195
16 46 173
16 47 34
16 48 139
16 49 45
16 50 48
16 51 76
16 52 54
16 53 134
16 54 173
16 55 101
16 56 35
16 57 157
16 58 120
16 59 12
16 60 125
16 61 106
16 62 120
16 63 31
16 64 155
16 65 44
16 66 96
16 67 70
16 68 102
16 69 54
16 70 111
16 71 86
16 72 42
16 73 41
16 74 11
16 75 150
16 76 149
16 77 44
16 78 77
16 79 143
16 80 199
16 81 78
16 82 111
16 83 154
16 84 143
16 85 147
16 86 40
16 87 114
16 88 156
16 89 193
16 90 161
16 91 99
16 92 44
16 93 45
16 94 177
16 95 180
16 96 111
16 97 183
16 98 91
16 99 97
17 18 95
17 19 200
17 20 145
17 21 113
17 22 126
17 23 73
17 24 83
17 25 67
17 26 186
17 27 164
17 28 11
17 29 62
17 30 194
17 31 15
17 32 102
17 33 103
17 34 193
17 35 171
17 36 11
17 37 178
17 38 81
17 39 174
17 40 112
17 41 84
17 42 122
17 43 91
17 44 67
17 45 174
17 46 165
17 47 119
17 48 173
17 49 167
17 50 91
17 51 144
17 52 190
17 53 103
17 54 106
17 55 174
17 56 118
17 57 150
17 58 2
17 59 63
17 60 28
17 61 43
17 62 86
17 63 2
17 64 197
17 65 38
17 66 20
17 67 188
17 68 131
17 69 180
17 70 32
17 71 190
17 72 140
17 73 185
17 74 71
17 75 26
17 76 127
17 77 80
17 78 119
17 79 61
17 80 18
17 81 33
17 82 109
17 83 115
17 84 38
17 85 116
17 86 98
17 87 99
17 88 128
17 89 189
17 90 159
17 91 58
17 92 144
17 93 129
17 94 105
17 95 68
17 96 19
17 97 91
17 98 170
17 99 26
18 19 85
18 20 28
18 21 120
18 22 113
18 23 183
18 24 43
18 25 49
18 26 6
18 27 30
18 28 97
18 29 136
18 30 61
18 31 186
18 32 39
18 33 94
18 34 100
18 35 7
18 36 193
18 37 92
18 38 35
18 39 178
18 40 19
18 41 8
18 42 69
18 43 156
18 44 12
18 45 124
18 46 168
18 47 183
18 48 167
18 49 161
18 50 111
18 51 151
18 52 113
18 53 176
18 54 118
18 55 80
18 56 134
18 57 109
18 58 185
18 59 65
18 60 12
18 61 92
18 62 53
18 63 138
18 64 181
18 65 96
18 66 18
18 67 177
18 68 165
18 69 58
18 70 123
18 71 140
18 72 65
18 73 71
18 74 125
18 75 163
18 76 64
18 77 23
18 78 112
18 79 13
18 80 72
18 81 45
18 82 195
18 83 45
18 84 23
18 85 47
18 86 157
18 87 64
18 88 99
18 89 4
18 90 134
18 91 133
18 92 106
18 93 79
18 94 71
18 95 58
18 96 31
18 97 42
18 98 154
18 99 177
19 20 190
19 21 145
19 22 105
19 23 19
19 24 13
19 25 112
19 26 56
19 27 188
19 28 135
19 29 128
19 30 21
19 31 110
19 32 100
19 33 116
19 34 37
19 35 22
19 36 106
19 37 168
19 38 14
19 39 124
19 40 200
19 41 200
19 42 131
19 43 72
19 44 84
19 45 99
19 46 119
19 47 112
19 48 144
19 49 165
19 50 39
19 51 49
19 52 38
19 53 101
19 54 146
19 55 55
19 56 99
19 57 184
19 58 52
19 59 3
19 60 64
19 61 100
19 62 119
19 63 120
19 64 79
19 65 55
19 66 42
19 67 18
19 68 30
19 69 106
19 70 162
19 71 66
19 72 36
19 73 27
19 74 44
19 75 83
19 76 98
19 77 87
19 78 80
19 79 12
19 80 80
19 81 74
19 82 182
19 83 71
19 84 152
19 85 3
19 86 1
19 87 49
19 88 2
19 89 114
19 90 169
19 91 198
19 92 102
19 93 163
19 94 192
19 95 193
19 96 158
19 97 93
19 98 73
19 99 72
20 21 116
20 22 112
20 23 15
20 24 181
20 25 150
20 26 151
20 27 72
20 28 76
20 29 133
20 30 17
20 31 95
20 32 96
20 33 195
20 34 120
20 35 28
20 36 54
20 37 78
20 38 88
20 39 180
20 40 48
20 41 149
20 42 145
20 43 199
20 44 13
20 45 194
20 46 62
20 47 156
20 48 48
20 49 87
20 50 50
20 51 113
20 52 89
20 53 169
20 54 16
20 55 126
20 56 67
20 57 197
20 58 157
20 59 59
20 60 146
20 61 74
20 62 151
20 63 107
20 64 190
20 65 164
20 66 74
20 67 62
20 68 120
20 69 147
20 70 24
20 71 172
20 72 15
20 73 127
20 74 111
20 75 91
20 76 168
20 77 28
20 78 118
20 79 75
20 80 82
20 81 127
20 82 143
20 83 187
20 84 13
20 85 167
20 86 41
20 87 27
20 88 149
20 89 196
20 90 90
20 91 26
20 92 25
20 93 194
20 94 103
20 95 47
20 96 39
20 97 12
20 98 176
20 99 83
21 22 95
21 23 59
21 24 88
21 25 186
21 26 187
21 27 8
21 28 193
21 29 64
21 30 12
21 31 9
21 32 35
21 33 94
21 34 108
21 35 191
21 36 189
21 37 165
21 38 111
21 39 105
21 40 45
21 41 14
21 42 179
21 43 90
21 44 45
21 45 177
21 46 152
21 47 115
21 48 18
21 49 97
21 50 72
21 51 172
21 52 6
21 53 73
21 54 22
21 55 194
21 56 145
21 57 187
21 58 172
21 59 94
21 60 57
21 61 42
21 62 108
21 63 171
21 64 14
21 65 190
21 66 179
21 67 38
21 68 32
21 69 197
21 70 93
21 71 185
21 72 113
21 73 159
21 74 136
21 75 54
21 76 60
21 77 113
21 78 45
21 79 127
21 80 140
21 81 102
21 82 40
21 83 85
21 84 67
21 85 85
21 86 165
21 87 92
21 88 120
21 89 34
21 90 185
21 91 11
21 92 76
21 93 3
21 94 24
21 95 113
21 96 36
21 97 112
21 98 160
21 99 31
22 23 21
22 24 158
22 25 131
22 26 0
22 27 39
22 28 144
22 29 115
22 30 99
22 31 186
22 32 52
22 33 144
22 34 75
22 35 84
22 36 4
22 37 76
22 38 147
22 39 43
22 40 171
22 41 58
22 42 24
22 43 121
22 44 85
22 45 186
22 46 186
22 47 150
22 48 2
22 49 184
22 50 176
22 51 110
22 52 78
22 53 81
22 54 36
22 55 71
22 56 149
22 57 25
22 58 89
22 59 25
22 60 17
22 61 144
22 62 35
22 63 33
22 64 188
22 65 70
22 66 35
22 67 177
22 68 152
22 69 159
22 70 8
22 71 51
22 72 187
22 73 198
22 74 187
22 75 17
22 76 78
22 77 181
22 78 173
22 79 114
22 80 135
22 81 193
22 82 190
22 83 50
22 84 58
22 85 167
22 86 68
22 87 53
22 88 185
22 89 34
22 90 58
22 91 64
22 92 76
22 93 25
22 94 133
22 95 80
22 96 142
22 97 141
22 98 60
22 99 104
23 24 124
23 25 18
23 26 174
23 27 67
23 28 136
23 29 19
23 30 82
23 31 168
23 32 136
23 33 191
23 34 199
23 35 17
23 36 29
23 37 101
23 38 27
23 39 93
23 40 103
23 41 168
23 42 151
23 43 64
23 44 118
23 45 91
23 46 200
23 47 90
23 48 63
23 49 184
23 50 25
23 51 138
23 52 143
23 53 81
23 54 44
23 55 67
23 56 37
23 57 59
23 58 10
23 59 49
23 60 158
23 61 192
23 62 162
23 63 61
23 64 92
23 65 91
23 66 109
23 67 133
23 68 142
23 69 72
23 70 175
23 71 114
23 72 172
23 73 127
23 74 9
23 75 166
23 76 75
23 77 14
23 78 186
23 79 95
23 80 13
23 81 121
23 82 175
23 83 161
23 84 68
23 85 157
23 86 151
23 87 110
23 88 101
23 89 165
23 90 132
23 91 48
23 92 188
23 93 177
23 94 123
23 95 76
23 96 84
23 97 10
23 98 173
23 99 91
24 25 187
24 26 129
24 27 138
24 28 164
24 29 197
24 30 114
24 31 87
24 32 101
24 33 111
24 34 67
24 35 126
24 36 17
24 37 142
24 38 9
24 39 16
24 40 130
24 41 186
24 42 185
24 43 95
24 44 161
24 45 37
24 46 133
24 47 110
24 48 73
24 49 52
24 50 96
24 51 30
24 52 162
24 53 130
24 54 127
24 55 52
24 56 183
24 57 40
24 58 87
24 59 161
24 60 16
24 61 32
24 62 199
24 63 90
24 64 69
24 65 58
24 66 160
24 67 92
24 68 73
24 69 32
24 70 49
24 71 134
24 72 125
24 73 195
24 74 120
24 75 114
24 76 69
24 77 3
24 78 121
24 79 143
24 80 9
24 81 129
24 82 17
24 83 13
24 84 4
24 85 23
24 86 52
24 87 175
24 88 147
24 89 137
24 90 61
24 91 139
24 92 25
24 93 171
24 94 61
24 95 1
24 96 1
24 97 184
24 98 102
24 99 138
25 26 174
25 27 75
25 28 5
25 29 13
25 30 0
25 31 24
25 32 196
25 33 44
25 34 124
25 35 89
25 36 197
25 37 190
25 38 99
25 39 133
25 40 181
25 41 74
25 42 60
25 43 159
25 44 119
25 45 167
25 46 126
25 47 68
25 48 170
25 49 12
25 50 7
25 51 121
25 52 66
25 53 15
25 54 125
25 55 76
25 56 174
25 57 28
25 58 186
25 59 62
25 60 195
25 61 64
25 62 26
25 63 88
25 64 118
25 65 92
25 66 19
25 67 57
25 68 74
25 69 131
25 70 89
25 71 7
25 72 25
25 73 3
25 74 17
25 75 138
25 76 173
25 77 198
25 78 133
25 79 166
25 80 50
25 81 74
25 82 127
25 83 57
25 84 146
25 85 15
25 86 18
25 87 65
25 88 154
25 89 84
25 90 155
25 91 62
25 92 46
25 93 158
25 94 62
25 95 172
25 96 44
25 97 27
25 98 111
25 99 108
26 27 146
26 28 152
26 29 114
26 30 1
26 31 77
26 32 45
26 33 140
26 34 190
26 35 159
26 36 101
26 37 3
26 38 25
26 39 94
26 40 155
26 41 121
26 42 195
26 43 79
26 44 186
26 45 28
26 46 44
26 47 35
26 48 83
26 49 167
26 50 118
26 51 44
26 52 134
26 53 38
26 54 163
26 55 145
26 56 197
26 57 195
26 58 3
26 59 43
26 60 65
26 61 45
26 62 55
26 63 167
26 64 63
26 65 144
26 66 43
26 67 75
26 68 191
26 69 72
26 70 13
26 71 114
26 72 167
26 73 149
26 74 160
26 75 125
26 76 13
26 77 105
26 78 59
26 79 14
26 80 69
26 81 68
26 82 81
26 83 26
26 84 58
26 85 25
26 86 193
26 87 36
26 88 123
26 89 86
26 90 133
26 91 179
26 92 81
26 93 98
26 94 92
26 95 185
26 96 47
26 97 109
26 98 159
26 99 16
27 28 148
27 29 75
27 30 172
27 31 116
27 32 38
27 33 151
27 34 184
27 35 32
27 36 184
27 37 197
27 38 32
27 39 179
27 40 103
27 41 78
27 42 66
27 43 191
27 44 38
27 45 24
27 46 83
27 47 138
27 48 115
27 49 11
27 50 137
27 51 125
27 52 58
27 53 28
27 54 82
27 55 98
27 56 44
27 57 148
27 58 99
27 59 138
27 60 42
27 61 107
27 62 98
27 63 90
27 64 197
27 65 70
27 66 181
27 67 102
27 68 117
27 69 64
27 70 138
27 71 42
27 72 55
27 73 185
27 74 29
27 75 91
27 76 115
27 77 33
27 78 185
27 79 59
27 80 129
27 81 7
27 82 73
27 83 118
27 84 137
27 85 139
27 86 84
27 87 156
27 88 11
27 89 104
27 90 146
27 91 90
27 92 199
27 93 67
27 94 86
27 95 45
27 96 65
27 97 76
27 98 71
27 99 185
28 29 196
28 30 189
28 31 79
28 32 24
28 33 33
28 34 141
28 35 42
28 36 137
28 37 7
28 38 144
28 39 186
28 40 71
28 41 23
28 42 62
28 43 115
28 44 86
28 45 94
28 46 78
28 47 114
28 48 181
28 49 170
28 50 25
28 51 136
28 52 93
28 53 41
28 54 45
28 55 135
28 56 134
28 57 191
28 58 37
28 59 124
28 60 128
28 61 67
28 62 133
28 63 177
28 64 50
28 65 124
28 66 174
28 67 96
28 68 142
28 69 52
28 70 179
28 71 200
28 72 161
28 73 154
28 74 28
28 75 60
28 76 198
28 77 125
28 78 76
28 79 98
28 80 149
28 81 86
28 82 104
28 83 176
28 84 46
28 85 149
28 86 116
28 87 151
28 88 152
28 89 193
28 90 17
28 91 173
28 92 79
28 93 200
28 94 48
28 95 162
28 96 108
28 97 115
28 98 5
28 99 150
29 30 128
29 31 186
29 32 108
29 33 158
29 34 130
29 35 28
29 36 157
29 37 122
29 38 39
29 39 102
29 40 65
29 41 4
29 42 143
29 43 7
29 44 122
29 45 67
29 46 64
29 47 94
29 48 66
29 49 60
29 50 33
29 51 191
29 52 164
29 53 169
29 54 55
29 55 198
29 56 107
29 57 141
29 58 134
29 59 113
29 60 187
29 61 42
29 62 57
29 63 71
29 64 51
29 65 64
29 66 0
29 67 105
29 68 104
29 69 13
29 70 71
29 71 169
29 72 35
29 73 105
29 74 27
29 75 89
29 76 186
29 77 17
29 78 50
29 79 172
29 80 111
29 81 162
29 82 145
29 83 189
29 84 186
29 85 46
29 86 71
29 87 145
29 88 89
29 89 19
29 90 111
29 91 156
29 92 117
29 93 2
29 94 50
29 95 104
29 96 124
29 97 104
29 98 196
29 99 114
30 31 55
30 32 91
30 33 44
30 34 182
30 35 24
30 36 28
30 37 46
30 38 9
30 39 119
30 40 64
30 41 45
30 42 37
30 43 159
30 44 157
30 45 182
30 46 51
30 47 59
30 48 79
30 49 183
30 50 7
30 51 102
30 52 184
30 53 178
30 54 181
30 55 15
30 56 186
30 57 30
30 58 125
30 59 54
30 60 199
30 61 3
30 62 182
30 63 50
30 64 185
30 65 77
30 66 197
30 67 83
30 68 70
30 69 78
30 70 87
30 71 136
30 72 121
30 73 141
30 74 189
30 75 46
30 76 76
30 77 150
30 78 54
30 79 19
30 80 56
30 81 0
30 82 21
30 83 84
30 84 181
30 85 191
30 86 80
30 87 25
30 88 32
30 89 184
30 90 138
30 91 15
30 92 181
30 93 165
30 94 75
30 95 115
30 96 62
30 97 9
30 98 99
30 99 142
31 32 98
31 33 67
31 34 137
31 35 39
31 36 48
31 37 177
31 38 9
31 39 124
31 40 155
31 41 135
31 42 95
31 43 183
31 44 135
31 45 46
31 46 12
31 47 71
31 48 196
31 49 63
31 50 118
31 51 26
31 52 91
31 53 0
31 54 25
31 55 191
31 56 149
31 57 42
31 58 118
31 59 63
31 60 118
31 61 166
31 62 167
31 63 123
31 64 110
31 65 65
31 66 192
31 67 103
31 68 98
31 69 167
31 70 108
31 71 28
31 72 152
31 73 149
31 74 36
31 75 1
31 76 16
31 77 190
31 78 24
31 79 37
31 80 62
31 81 103
31 82 2
31 83 164
31 84 199
31 85 61
31 86 75
31 87 25
31 88 108
31 89 62
31 90 29
31 91 79
31 92 83
31 93 48
31 94 120
31 95 61
31 96 179
31 97 120
31 98 52
31 99 119
32 33 83
32 34 151
32 35 31
32 36 158
32 37 39
32 38 59
32 39 52
32 40 137
32 41 55
32 42 154
32 43 200
32 44 173
32 45 172
32 46 130
32 47 110
32 48 124
32 49 158
32 50 164
32 51 125
32 52 6
32 53 95
32 54 143
32 55 149
32 56 21
32 57 37
32 58 172
32 59 152
32 60 80
32 61 186
32 62 7
32 63 10
32 64 170
32 65 50
32 66 196
32 67 79
32 68 105
32 69 178
32 70 166
32 71 187
32 72 147
32 73 71
32 74 0
32 75 142
32 76 113
32 77 176
32 78 121
32 79 183
32 80 69
32 81 179
32 82 1
32 83 57
32 84 5
32 85 166
32 86 176
32 87 157
32 88 98
32 89 61
32 90 95
32 91 19
32 92 107
32 93 44
32 94 94
32 95 26
32 96 5
32 97 98
32 98 90
32 99 19
33 34 189
33 35 117
33 36 42
33 37 65
33 38 134
33 39 25
33 40 99
33 41 140
33 42 22
33 43 79
33 44 9
33 45 91
33 46 52
33 47 2
33 48 120
33 49 77
33 50 99
33 51 152
33 52 184
33 53 63
33 54 44
33 55 120
33 56 35
33 57 8
33 58 30
33 59 151
33 60 99
33 61 41
33 62 106
33 63 182
33 64 140
33 65 57
33 66 121
33 67 188
33 68 100
33 69 27
33 70 190
33 71 31
33 72 155
33 73 182
33 74 81
33 75 104
33 76 0
33 77 69
33 78 15
33 79 40
33 80 148
33 81 55
33 82 3
33 83 60
33 84 85
33 85 162
33 86 30
33 87 73
33 88 115
33 89 174
33 90 4
33 91 119
33 92 187
33 93 134
33 94 178
33 95 117
33 96 91
33 97 121
33 98 111
33 99 10
34 35 179
34 36 34
34 37 24
34 38 124
34 39 35
34 40 62
34 41 19
34 42 70
34 43 98
34 44 115
34 45 34
34 46 186
34 47 65
34 48 80
34 49 81
34 50 115
34 51 156
34 52 137
34 53 60
34 54 4
34 55 68
34 56 136
34 57 186
34 58 15
34 59 9
34 60 105
34 61 60
34 62 134
34 63 169
34 64 92
34 65 103
34 66 77
34 67 167
34 68 156
34 69 190
34 70 63
34 71 98
34 72 106
34 73 184
34 74 106
34 75 166
34 76 73
34 77 97
34 78 113
34 79 91
34 80 2
34 81 86
34 82 45
34 83 84
34 84 61
34 85 193
34 86 144
34 87 86
34 88 187
34 89 188
34 90 193
34 91 65
34 92 14
34 93 30
34 94 125
34 95 31
34 96 62
34 97 115
34 98 41
34 99 179
35 36 117
35 37 39
35 38 139
35 39 175
35 40 103
35 41 158
35 42 97
35 43 140
35 44 118
35 45 80
35 46 17
35 47 42
35 48 112
35 49 124
35 50 20
35 51 114
35 52 138
35 53 16
35 54 14
35 55 141
35 56 62
35 57 120
35 58 68
35 59 27
35 60 196
35 61 137
35 62 170
35 63 8
35 64 10
35 65 188
35 66 16
35 67 165
35 68 27
35 69 111
35 70 40
35 71 30
35 72 81
35 73 113
35 74 54
35 75 92
35 76 80
35 77 4
35 78 129
35 79 102
35 80 181
35 81 10
35 82 171
35 83 167
35 84 181
35 85 133
35 86 114
35 87 170
35 88 35
35 89 32
35 90 22
35 91 175
35 92 33
35 93 179
35 94 127
35 95 24
35 96 134
35 97 165
35 98 63
35 99 192
36 37 129
36 38 42
36 39 108
36 40 178
36 41 175
36 42 160
36 43 152
36 44 157
36 45 128
36 46 100
36 47 32
36 48 130
36 49 3
36 50 77
36 51 142
36 52 176
36 53 6
36 54 113
36 55 16
36 56 65
36 57 177
36 58 142
36 59 42
36 60 121
36 61 103
36 62 147
36 63 108
36 64 101
36 65 180
36 66 24
36 67 142
36 68 13
36 69 29
36 70 179
36 71 185
36 72 160
36 73 96
36 74 67
36 75 8
36 76 154
36 77 196
36 78 140
36 79 113
36 80 137
36 81 119
36 82 70
36 83 132
36 84 87
36 85 180
36 86 43
36 87 145
36 88 153
36 89 76
36 90 188
36 91 27
36 92 105
36 93 198
36 94 161
36 95 84
36 96 100
36 97 27
36 98 14
36 99 85
37 38 195
37 39 190
37 40 3
37 41 35
37 42 96
37 43 181
37 44 12
37 45 7
37 46 12
37 47 160
37 48 152
37 49 31
37 50 135
37 51 18
37 52 71
37 53 118
37 54 197
37 55 144
37 56 127
37 57 35
37 58 170
37 59 47
37 60 77
37 61 31
37 62 155
37 63 182
37 64 88
37 65 149
37 66 63
37 67 198
37 68 47
37 69 33
37 70 103
37 71 32
37 72 121
37 73 160
37 74 92
37 75 17
37 76 102
37 77 69
37 78 75
37 79 103
37 80 196
37 81 11
37 82 106
37 83 165
37 84 122
37 85 179
37 86 74
37 87 194
37 88 196
37 89 51
37 90 149
37 91 161
37 92 129
37 93 10
37 94 97
37 95 169
37 96 23
37 97 179
37 98 49
37 99 104
38 39 158
38 40 191
38 41 83
38 42 37
38 43 138
38 44 172
38 45 131
38 46 192
38 47 112
38 48 12
38 49 191
38 50 44
38 51 43
38 52 15
38 53 107
38 54 49
38 55 175
38 56 49
38 57 178
38 58 194
38 59 112
38 60 161
38 61 153
38 62 105
38 63 196
38 64 167
38 65 66
38 66 112
38 67 5
38 68 103
38 69 166
38 70 78
38 71 81
38 72 133
38 73 183
38 74 100
38 75 196
38 76 130
38 77 120
38 78 10
38 79 155
38 80 65
38 81 51
38 82 159
38 83 71
38 84 110
38 85 53
38 86 23
38 87 59
38 88 162
38 89 114
38 90 105
38 91 0
38 92 198
38 93 174
38 94 180
38 95 49
38 96 188
38 97 147
38 98 135
38 99 188
39 40 197
39 41 138
39 42 11
39 43 181
39 44 191
39 45 85
39 46 77
39 47 158
39 48 127
39 49 11
39 50 177
39 51 110
39 52 139
39 53 156
39 54 157
39 55 156
39 56 87
39 57 69
39 58 28
39 59 84
39 60 38
39 61 159
39 62 192
39 63 1
39 64 40
39 65 108
39 66 130
39 67 176
39 68 6
39 69 109
39 70 146
39 71 79
39 72 93
39 73 10
39 74 8
39 75 139
39 76 63
39 77 27
39 78 38
39 79 27
39 80 99
39 81 137
39 82 194
39 83 72
39 84 81
39 85 195
39 86 16
39 87 53
39 88 192
39 89 145
39 90 71
39 91 66
39 92 121
39 93 113
39 94 95
39 95 14
39 96 145
39 97 85
39 98 109
39 99 1
40 41 18
40 42 20
40 43 101
40 44 100
40 45 86
40 46 61
40 47 29
40 48 134
40 49 24
40 50 200
40 51 61
40 52 94
40 53 131
40 54 112
40 55 78
40 56 44
40 57 47
40 58 158
40 59 164
40 60 171
40 61 19
40 62 19
40 63 179
40 64 91
40 65 44
40 66 173
40 67 173
40 68 128
40 69 199
40 70 169
40 71 99
40 72 181
40 73 95
40 74 158
40 75 94
40 76 31
40 77 16
40 78 187
40 79 67
40 80 173
40 81 182
40 82 117
40 83 110
40 84 106
40 85 176
40 86 87
40 87 128
40 88 110
40 89 133
40 90 43
40 91 90
40 92 128
40 93 152
40 94 37
40 95 34
40 96 21
40 97 164
40 98 53
40 99 178
41 42 121
41 43 149
41 44 169
41 45 193
41 46 78
41 47 151
41 48 7
41 49 124
41 50 111
41 51 104
41 52 141
41 53 62
41 54 114
41 55 55
41 56 190
41 57 164
41 58 65
41 59 62
41 60 28
41 61 17
41 62 21
41 63 189
41 64 97
41 65 106
41 66 71
41 67 38
41 68 18
41 69 147
41 70 62
41 71 149
41 72 51
41 73 19
41 74 82
41 75 30
41 76 15
41 77 173
41 78 32
41 79 49
41 80 64
41 81 20
41 82 149
41 83 20
41 84 116
41 85 2
41 86 93
41 87 63
41 88 86
41 89 189
41 90 143
41 91 138
41 92 159
41 93 36
41 94 151
41 95 53
41 96 6
41 97 56
41 98 41
41 99 163
42 43 57
42 44 5
42 45 129
42 46 120
42 47 109
42 48 12
42 49 195
42 50 158
42 51 170
42 52 142
42 53 1
42 54 80
42 55 150
42 56 44
42 57 136
42 58 93
42 59 65
42 60 177
42 61 59
42 62 129
42 63 34
42 64 145
42 65 73
42 66 120
42 67 8
42 68 7
42 69 38
42 70 96
42 71 62
42 72 21
42 73 168
42 74 169
42 75 47
42 76 108
42 77 179
42 78 165
42 79 150
42 80 17
42 81 6
42 82 62
42 83 96
42 84 12
42 85 184
42 86 131
42 87 170
42 88 128
42 89 79
42 90 132
42 91 13
42 92 94
42 93 168
42 94 51
42 95 123
42 96 154
42 97 158
42 98 136
42 99 100
43 44 94
43 45 57
43 46 187
43 47 1
43 48 95
43 49 130
43 50 156
43 51 145
43 52 20
43 53 198
43 54 177
43 55 200
43 56 104
43 57 88
43 58 75
43 59 182
43 60 145
43 61 31
43 62 34
43 63 36
43 64 25
43 65 161
43 66 16
43 67 21
43 68 143
43 69 28
43 70 14
43 71 81
43 72 101
43 73 133
43 74 187
43 75 63
43 76 177
43 77 51
43 78 79
43 79 126
43 80 184
43 81 115
43 82 6
43 83 194
43 84 198
43 85 136
43 86 15
43 87 96
43 88 67
43 89 33
43 90 58
43 91 179
43 92 40
43 93 41
43 94 83
43 95 112
43 96 143
43 97 13
43 98 101
43 99 128
44 45 113
44 46 163
44 47 154
44 48 51
44 49 13
44 50 147
44 51 43
44 52 35
44 53 178
44 54 85
44 55 186
44 56 32
44 57 194
44 58 140
44 59 1
44 60 1
44 61 3
44 62 114
44 63 148
44 64 3
44 65 142
44 66 39
44 67 92
44 68 122
44 69 58
44 70 162
44 71 123
44 72 25
44 73 154
44 74 141
44 75 2
44 76 171
44 77 112
44 78 62
44 79 143
44 80 124
44 81 85
44 82 2
44 83 195
44 84 148
44 85 40
44 86 20
44 87 158
44 88 27
44 89 152
44 90 0
44 91 103
44 92 130
44 93 52
44 94 152
44 95 33
44 96 44
44 97 117
44 98 33
44 99 102
45 46 180
45 47 25
45 48 20
45 49 23
45 50 8
45 51 134
45 52 198
45 53 89
45 54 151
45 55 156
45 56 118
45 57 134
45 58 176
45 59 6
45 60 89
45 61 33
45 62 195
45 63 165
45 64 7
45 65 182
45 66 183
45 67 21
45 68 46
45 69 89
45 70 60
45 71 32
45 72 50
45 73 42
45 74 64
45 75 190
45 76 30
45 77 1
45 78 138
45 79 112
45 80 139
45 81 125
45 82 160
45 83 146
45 84 48
45 85 164
45 86 86
45 87 44
45 88 95
45 89 50
45 90 77
45 91 138
45 92 5
45 93 178
45 94 18
45 95 199
45 96 10
45 97 192
45 98 198
45 99 132
46 47 87
46 48 87
46 49 60
46 50 37
46 51 20
46 52 184
46 53 84
46 54 61
46 55 155
46 56 27
46 57 79
46 58 94
46 59 54
46 60 100
46 61 145
46 62 105
46 63 6
46 64 142
46 65 7
46 66 196
46 67 167
46 68 11
46 69 181
46 70 118
46 71 162
46 72 115
46 73 145
46 74 32
46 75 162
46 76 139
46 77 119
46 78 46
46 79 97
46 80 4
46 81 51
46 82 175
46 83 120
46 84 173
46 85 157
46 86 83
46 87 114
46 88 165
46 89 61
46 90 173
46 91 123
46 92 165
46 93 7
46 94 164
46 95 40
46 96 30
46 97 122
46 98 138
46 99 47
47 48 52
47 49 122
47 50 86
47 51 137
47 52 158
47 53 65
47 54 139
47 55 7
47 56 4
47 57 192
47 58 105
47 59 77
47 60 66
47 61 103
47 62 39
47 63 181
47 64 85
47 65 96
47 66 149
47 67 183
47 68 129
47 69 134
47 70 22
47 71 49
47 72 27
47 73 27
47 74 58
47 75 117
47 76 27
47 77 112
47 78 152
47 79 139
47 80 190
47 81 83
47 82 100
47 83 130
47 84 197
47 85 195
47 86 127
47 87 192
47 88 114
47 89 53
47 90 181
47 91 41
47 92 197
47 93 0
47 94 95
47 95 113
47 96 190
47 97 155
47 98 29
47 99 34
48 49 197
48 50 54
48 51 4
48 52 156
48 53 144
48 54 167
48 55 180
48 56 43
48 57 44
48 58 36
48 59 125
48 60 184
48 61 189
48 62 61
48 63 51
48 64 136
48 65 47
48 66 78
48 67 76
48 68 98
48 69 121
48 70 9
48 71 133
48 72 33
48 73 65
48 74 130
48 75 73
48 76 164
48 77 98
48 78 38
48 79 63
48 80 123
48 81 85
48 82 61
48 83 125
48 84 112
48 85 102
48 86 43
48 87 13
48 88 22
48 89 31
48 90 158
48 91 63
48 92 158
48 93 3
48 94 77
48 95 195
48 96 67
48 97 134
48 98 79
48 99 41
49 50 161
49 51 94
49 52 106
49 53 95
49 54 142
49 55 26
49 56 108
49 57 84
49 58 68
49 59 0
49 60 10
49 61 42
49 62 104
49 63 166
49 64 107
49 65 130
49 66 184
49 67 134
49 68 191
49 69 162
49 70 69
49 71 53
49 72 58
49 73 171
49 74 46
49 75 135
49 76 127
49 77 9
49 78 122
49 79 102
49 80 42
49 81 61
49 82 188
49 83 135
49 84 118
49 85 163
49 86 29
49 87 179
49 88 167
49 89 74
49 90 150
49 91 76
49 92 106
49 93 97
49 94 80
49 95 91
49 96 102
49 97 193
49 98 22
49 99 115
50 51 176
50 52 117
50 53 106
50 54 133
50 55 39
50 56 27
50 57 5
50 58 71
50 59 144
50 60 160
50 61 65
50 62 124
50 63 154
50 64 93
50 65 180
50 66 155
50 67 142
50 68 161
50 69 39
50 70 117
50 71 152
50 72 41
50 73 70
50 74 61
50 75 119
50 76 164
50 77 4
50 78 99
50 79 82
50 80 159
50 81 114
50 82 11
50 83 190
50 84 10
50 85 46
50 86 29
50 87 139
50 88 129
50 89 197
50 90 93
50 91 86
50 92 168
50 93 142
50 94 56
50 95 7
50 96 38
50 97 20
50 98 137
50 99 70
51 52 60
51 53 95
51 54 65
51 55 189
51 56 51
51 57 12
51 58 174
51 59 142
51 60 166
51 61 0
51 62 82
51 63 185
51 64 56
51 65 148
51 66 83
51 67 8
51 68 109
51 69 3
51 70 110
51 71 156
51 72 43
51 73 70
51 74 22
51 75 99
51 76 70
51 77 0
51 78 126
51 79 95
51 80 149
51 81 15
51 82 140
51 83 91
51 84 190
51 85 189
51 86 67
51 87 193
51 88 187
51 89 36
51 90 91
51 91 54
51 92 186
51 93 143
51 94 16
51 95 185
51 96 107
51 97 130
51 98 62
51 99 111
52 53 19
52 54 21
52 55 195
52 56 157
52 57 159
52 58 158
52 59 124
52 60 23
52 61 3
52 62 87
52 63 124
52 64 18
52 65 106
52 66 83
52 67 77
52 68 15
52 69 182
52 70 27
52 71 167
52 72 194
52 73 107
52 74 88
52 75 50
52 76 132
52 77 46
52 78 174
52 79 195
52 80 2
52 81 122
52 82 186
52 83 124
52 84 51
52 85 200
52 86 42
52 87 36
52 88 92
52 89 117
52 90 87
52 91 157
52 92 12
52 93 62
52 94 170
52 95 172
52 96 65
52 97 37
52 98 144
52 99 147
53 54 48
53 55 51
53 56 180
53 57 166
53 58 56
53 59 179
53 60 96
53 61 196
53 62 158
53 63 106
53 64 184
53 65 21
53 66 87
53 67 49
53 68 188
53 69 176
53 70 181
53 71 87
53 72 7
53 73 9
53 74 15
53 75 119
53 76 153
53 77 56
53 78 169
53 79 64
53 80 138
53 81 76
53 82 40
53 83 186
53 84 100
53 85 53
53 86 29
53 87 110
53 88 108
53 89 191
53 90 157
53 91 164
53 92 152
53 93 38
53 94 93
53 95 102
53 96 91
53 97 182
53 98 148
53 99 198
54 55 30
54 56 31
54 57 157
54 58 130
54 59 11
54 60 151
54 61 15
54 62 170
54 63 115
54 64 101
54 65 88
54 66 134
54 67 139
54 68 81
54 69 46
54 70 95
54 71 61
54 72 177
54 73 75
54 74 186
54 75 47
54 76 27
54 77 145
54 78 22
54 79 21
54 80 142
54 81 171
54 82 122
54 83 187
54 84 105
54 85 4
54 86 108
54 87 66
54 88 186
54 89 48
54 90 58
54 91 121
54 92 69
54 93 44
54 94 42
54 95 170
54 96 72
54 97 53
54 98 149
54 99 27
55 56 195
55 57 130
55 58 147
55 59 151
55 60 151
55 61 43
55 62 17
55 63 117
55 64 14
55 65 57
55 66 81
55 67 93
55 68 129
55 69 159
55 70 73
55 71 40
55 72 56
55 73 9
55 74 178
55 75 172
55 76 193
55 77 52
55 78 177
55 79 73
55 80 38
55 81 163
55 82 100
55 83 156
55 84 133
55 85 60
55 86 165
55 87 146
55 88 193
55 89 142
55 90 167
55 91 42
55 92 163
55 93 162
55 94 23
55 95 8
55 96 100
55 97 96
55 98 99
55 99 13
56 57 198
56 58 119
56 59 41
56 60 28
56 61 71
56 62 83
56 63 188
56 64 94
56 65 102
56 66 189
56 67 5
56 68 101
56 69 84
56 70 88
56 71 179
56 72 182
56 73 56
56 74 17
56 75 84
56 76 94
56 77 167
56 78 33
56 79 190
56 80 132
56 81 159
56 82 103
56 83 75
56 84 187
56 85 127
56 86 193
56 87 96
56 88 193
56 89 161
56 90 140
56 91 72
56 92 53
56 93 186
56 94 137
56 95 133
56 96 35
56 97 81
56 98 12
56 99 119
57 58 109
57 59 75
57 60 85
57 61 172
57 62 120
57 63 92
57 64 123
57 65 28
57 66 96
57 67 171
57 68 14
57 69 78
57 70 106
57 71 155
57 72 17
57 73 64
57 74 19
57 75 66
57 76 10
57 77 190
57 78 42
57 79 154
57 80 72
57 81 139
57 82 104
57 83 26
57 84 143
57 85 136
57 86 159
57 87 148
57 88 67
57 89 121
57 90 0
57 91 103
57 92 153
57 93 37
57 94 93
57 95 21
57 96 116
57 97 192
57 98 171
57 99 94
58 59 164
58 60 60
58 61 32
58 62 71
58 63 68
58 64 189
58 65 119
58 66 77
58 67 181
58 68 127
58 69 57
58 70 94
58 71 165
58 72 87
58 73 75
58 74 98
58 75 27
58 76 127
58 77 102
58 78 40
58 79 199
58 80 25
58 81 108
58 82 123
58 83 108
58 84 154
58 85 185
58 86 180
58 87 74
58 88 86
58 89 35
58 90 28
58 91 171
58 92 77
58 93 80
58 94 42
58 95 103
58 96 29
58 97 52
58 98 116
58 99 179
59 60 188
59 61 77
59 62 168
59 63 75
59 64 152
59 65 90
59 66 157
59 67 19
59 68 167
59 69 130
59 70 99
59 71 112
59 72 110
59 73 110
59 74 166
59 75 47
59 76 20
59 77 68
59 78 44
59 79 34
59 80 185
59 81 0
59 82 168
59 83 154
59 84 194
59 85 130
59 86 72
59 87 57
59 88 185
59 89 49
59 90 184
59 91 115
59 92 19
59 93 30
59 94 49
59 95 190
59 96 159
59 97 18
59 98 149
59 99 64
60 61 2
60 62 101
60 63 66
60 64 134
60 65 184
60 66 141
60 67 36
60 68 94
60 69 82
60 70 107
60 71 109
60 72 178
60 73 21
60 74 75
60 75 18
60 76 101
60 77 19
60 78 142
60 79 179
60 80 190
60 81 87
60 82 26
60 83 174
60 84 88
60 85 71
60 86 178
60 87 102
60 88 24
60 89 184
60 90 199
60 91 15
60 92 126
60 93 194
60 94 54
60 95 155
60 96 82
60 97 143
60 98 80
60 99 41
61 62 186
61 63 161
61 64 123
61 65 1
61 66 132
61 67 169
61 68 131
61 69 90
61 70 7
61 71 146
61 72 151
61 73 11
61 74 64
61 75 137
61 76 77
61 77 118
61 78 81
61 79 129
61 80 58
61 81 23
61 82 103
61 83 101
61 84 151
61 85 147
61 86 98
61 87 68
61 88 187
61 89 126
61 90 96
61 91 41
61 92 121
61 93 146
61 94 87
61 95 78
61 96 173
61 97 177
61 98 61
61 99 6
62 63 11
62 64 52
62 65 114
62 66 20
62 67 85
62 68 2
62 69 97
62 70 133
62 71 178
62 72 18
62 73 93
62 74 189
62 75 27
62 76 83
62 77 200
62 78 101
62 79 102
62 80 4
62 81 127
62 82 65
62 83 79
62 84 120
62 85 29
62 86 149
62 87 17
62 88 2
62 89 19
62 90 148
62 91 107
62 92 189
62 93 99
62 94 169
62 95 35
62 96 52
62 97 106
62 98 147
62 99 15
63 64 43
63 65 167
63 66 12
63 67 123
63 68 105
63 69 40
63 70 21
63 71 11
63 72 119
63 73 123
63 74 125
63 75 161
63 76 1
63 77 148
63 78 73
63 79 96
63 80 166
63 81 43
63 82 174
63 83 158
63 84 121
63 85 16
63 86 143
63 87 69
63 88 185
63 89 185
63 90 37
63 91 68
63 92 54
63 93 73
63 94 195
63 95 60
63 96 194
63 97 160
63 98 65
63 99 153
64 65 132
64 66 76
64 67 138
64 68 136
64 69 15
64 70 119
64 71 49
64 72 77
64 73 72
64 74 158
64 75 100
64 76 181
64 77 48
64 78 90
64 79 76
64 80 128
64 81 57
64 82 199
64 83 54
64 84 164
64 85 120
64 86 142
64 87 120
64 88 18
64 89 70
64 90 164
64 91 121
64 92 45
64 93 181
64 94 197
64 95 174
64 96 190
64 97 151
64 98 23
64 99 171
65 66 196
65 67 91
65 68 63
65 69 98
65 70 140
65 71 128
65 72 119
65 73 167
65 74 39
65 75 89
65 76 186
65 77 57
65 78 186
65 79 25
65 80 16
65 81 127
65 82 121
65 83 26
65 84 80
65 85 23
65 86 138
65 87 194
65 88 107
65 89 68
65 90 47
65 91 105
65 92 129
65 93 92
65 94 188
65 95 143
65 96 65
65 97 50
65 98 159
65 99 26
66 67 27
66 68 15
66 69 164
66 70 99
66 71 100
66 72 178
66 73 12
66 74 28
66 75 84
66 76 179
66 77 146
66 78 15
66 79 139
66 80 67
66 81 73
66 82 160
66 83 22
66 84 19
66 85 139
66 86 106
66 87 92
66 88 139
66 89 35
66 90 71
66 91 186
66 92 82
66 93 17
66 94 175
66 95 130
66 96 78
66 97 161
66 98 32
66 99 64
67 68 186
67 69 115
67 70 61
67 71 175
67 72 95
67 73 50
67 74 170
67 75 33
67 76 46
67 77 132
67 78 38
67 79 91
67 80 106
67 81 158
67 82 167
67 83 138
67 84 116
67 85 169
67 86 182
67 87 177
67 88 60
67 89 88
67 90 169
67 91 41
67 92 147
67 93 118
67 94 122
67 95 140
67 96 97
67 97 190
67 98 91
67 99 39
68 69 38
68 70 119
68 71 71
68 72 100
68 73 178
68 74 26
68 75 23
68 76 103
68 77 20
68 78 58
68 79 147
68 80 129
68 81 106
68 82 49
68 83 115
68 84 48
68 85 54
68 86 105
68 87 16
68 88 134
68 89 153
68 90 135
68 91 137
68 92 175
68 93 118
68 94 110
68 95 11
68 96 188
68 97 66
68 98 34
68 99 68
69 70 38
69 71 65
69 72 46
69 73 78
69 74 32
69 75 46
69 76 166
69 77 26
69 78 152
69 79 22
69 80 52
69 81 144
69 82 34
69 83 65
69 84 45
69 85 183
69 86 61
69 87 104
69 88 193
69 89 80
69 90 106
69 91 81
69 92 134
69 93 196
69 94 40
69 95 91
69 96 105
69 97 77
69 98 175
69 99 195
70 71 30
70 72 63
70 73 116
70 74 60
70 75 177
70 76 86
70 77 14
70 78 113
70 79 76
70 80 196
70 81 72
70 82 21
70 83 79
70 84 163
70 85 109
70 86 156
70 87 41
70 88 11
70 89 143
70 90 130
70 91 126
70 92 41
70 93 94
70 94 55
70 95 97
70 96 140
70 97 151
70 98 76
70 99 61
71 72 91
71 73 44
71 74 174
71 75 98
71 76 191
71 77 178
71 78 82
71 79 92
71 80 112
71 81 121
71 82 101
71 83 160
71 84 137
71 85 194
71 86 117
71 87 87
71 88 27
71 89 52
71 90 181
71 91 75
71 92 86
71 93 105
71 94 196
71 95 58
71 96 174
71 97 58
71 98 18
71 99 152
72 73 15
72 74 196
72 75 93
72 76 191
72 77 128
72 78 161
72 79 197
72 80 4
72 81 44
72 82 194
72 83 53
72 84 133
72 85 95
72 86 197
72 87 92
72 88 33
72 89 139
72 90 124
72 91 146
72 92 143
72 93 152
72 94 130
72 95 53
72 96 5
72 97 65
72 98 101
72 99 158
73 74 194
73 75 167
73 76 23
73 77 194
73 78 50
73 79 35
73 80 158
73 81 132
73 82 137
73 83 184
73 84 168
73 85 51
73 86 182
73 87 104
73 88 169
73 89 38
73 90 74
73 91 95
73 92 147
73 93 105
73 94 3
73 95 25
73 96 17
73 97 164
73 98 144
73 99 157
74 75 51
74 76 148
74 77 83
74 78 9
74 79 84
74 80 200
74 81 111
74 82 178
74 83 86
74 84 173
74 85 147
74 86 181
74 87 142
74 88 197
74 89 160
74 90 155
74 91 132
74 92 133
74 93 191
74 94 20
74 95 148
74 96 12
74 97 131
74 98 119
74 99 145
75 76 74
75 77 43
75 78 85
75 79 89
75 80 62
75 81 199
75 82 193
75 83 35
75 84 23
75 85 119
75 86 54
75 87 84
75 88 93
75 89 185
75 90 118
75 91 48
75 92 116
75 93 7
75 94 47
75 95 171
75 96 12
75 97 55
75 98 54
75 99 32
76 77 87
76 78 97
76 79 42
76 80 2
76 81 44
76 82 82
76 83 191
76 84 53
76 85 108
76 86 193
76 87 158
76 88 42
76 89 163
76 90 188
76 91 87
76 92 84
76 93 11
76 94 191
76 95 157
76 96 110
76 97 45
76 98 172
76 99 1
77 78 67
77 79 78
77 80 48
77 81 198
77 82 3
77 83 174
77 84 5
77 85 101
77 86 125
77 87 41
77 88 149
77 89 79
77 90 55
77 91 185
77 92 51
77 93 136
77 94 21
77 95 24
77 96 177
77 97 146
77 98 21
77 99 175
78 79 63
78 80 192
78 81 25
78 82 62
78 83 118
78 84 87
78 85 184
78 86 125
78 87 152
78 88 29
78 89 124
78 90 28
78 91 62
78 92 42
78 93 96
78 94 10
78 95 167
78 96 45
78 97 164
78 98 186
78 99 102
79 80 107
79 81 143
79 82 145
79 83 41
79 84 90
79 85 94
79 86 11
79 87 57
79 88 125
79 89 20
79 90 167
79 91 21
79 92 104
79 93 111
79 94 27
79 95 120
79 96 148
79 97 91
79 98 17
79 99 78
80 81 186
80 82 91
80 83 14
80 84 12
80 85 35
80 86 159
80 87 144
80 88 44
80 89 97
80 90 91
80 91 145
80 92 176
80 93 171
80 94 44
80 95 22
80 96 67
80 97 37
80 98 116
80 99 135
81 82 186
81 83 41
81 84 80
81 85 174
81 86 28
81 87 14
81 88 55
81 89 34
81 90 68
81 91 144
81 92 97
81 93 49
81 94 41
81 95 69
81 96 95
81 97 23
81 98 195
81 99 89
82 83 33
82 84 27
82 85 8
82 86 27
82 87 181
82 88 135
82 89 172
82 90 189
82 91 63
82 92 100
82 93 38
82 94 119
82 95 22
82 96 108
82 97 0
82 98 157
82 99 112
83 84 32
83 85 197
83 86 14
83 87 28
83 88 92
83 89 38
83 90 89
83 91 134
83 92 148
83 93 179
83 94 128
83 95 15
83 96 54
83 97 91
83 98 104
83 99 163
84 85 61
84 86 139
84 87 127
84 88 141
84 89 113
84 90 11
84 91 187
84 92 4
84 93 138
84 94 185
84 95 72
84 96 117
84 97 85
84 98 153
84 99 189
85 86 3
85 87 194
85 88 137
85 89 3
85 90 8
85 91 188
85 92 162
85 93 127
85 94 181
85 95 32
85 96 70
85 97 102
85 98 185
85 99 160
86 87 194
86 88 2
86 89 84
86 90 98
86 91 101
86 92 71
86 93 73
86 94 150
86 95 181
86 96 14
86 97 129
86 98 71
86 99 154
87 88 31
87 89 109
87 90 71
87 91 128
87 92 27
87 93 10
87 94 29
87 95 15
87 96 35
87 97 147
87 98 143
87 99 37
88 89 140
88 90 68
88 91 151
88 92 65
88 93 10
88 94 39
88 95 161
88 96 128
88 97 102
88 98 73
88 99 13
89 90 80
89 91 32
89 92 22
89 93 6
89 94 56
89 95 189
89 96 175
89 97 139
89 98 53
89 99 19
90 91 31
90 92 23
90 93 100
90 94 98
90 95 67
90 96 60
90 97 150
90 98 77
90 99 188
91 92 96
91 93 50
91 94 73
91 95 55
91 96 196
91 97 85
91 98 114
91 99 179
92 93 62
92 94 144
92 95 18
92 96 13
92 97 138
92 98 154
92 99 85
93 94 179
93 95 5
93 96 107
93 97 48
93 98 109
93 99 127
94 95 6
94 96 148
94 97 41
94 98 190
94 99 133
95 96 127
95 97 115
95 98 115
95 99 0
96 97 18
96 98 71
96 99 97
