100 4284
0 1 80
0 2 4
0 3 190
0 4 197
0 5 54
0 6 88
0 7 113
0 8 65
0 9 73
0 10 170
0 11 147
0 12 161
0 13 96
0 14 83
0 15 22
0 16 27
0 17 42
0 18 129
0 19 127
0 20 19
0 21 162
0 22 89
0 23 21
0 24 99
0 25 199
0 26 196
0 27 187
0 28 183
0 29 167
0 30 11
0 31 170
0 32 128
0 33 106
0 34 189
0 35 73
0 36 120
0 37 30
0 38 172
0 39 198
0 40 152
0 41 4
0 42 135
0 43 94
0 44 4
0 45 18
0 46 49
0 47 72
0 48 107
0 49 40
0 50 85
0 51 15
0 52 96
0 53 148
0 54 143
0 55 75
0 56 84
0 57 118
0 58 108
0 59 100
0 60 197
0 61 174
0 62 164
0 63 174
0 64 9
0 65 13
0 66 132
0 67 74
0 68 26
0 69 72
0 70 74
0 71 160
0 72 115
0 73 80
0 74 158
0 75 10
0 76 141
0 77 52
0 78 155
0 79 200
0 80 62
0 81 89
0 82 193
0 83 2
0 84 194
0 85 138
0 86 129
0 87 75
0 88 113
0 89 124
0 90 52
0 91 111
0 92 35
0 93 36
0 94 164
0 95 68
0 96 184
0 97 154
0 98 58
0 99 117
1 2 89
1 3 160
1 4 44
1 5 115
1 6 93
1 7 129
1 8 178
1 9 11
1 10 138
1 11 115
1 12 179
1 13 60
1 14 138
1 15 121
1 16 24
1 17 103
1 18 140
1 19 90
1 20 26
1 21 64
1 22 183
1 23 186
1 24 64
1 25 68
1 26 155
1 27 187
1 28 49
1 29 112
1 30 5
1 31 132
1 32 81
1 33 38
1 34 133
1 35 80
1 36 56
1 37 27
1 38 69
1 39 42
1 40 97
1 41 49
1 42 89
1 43 74
1 44 153
1 45 132
1 46 142
1 47 74
1 48 156
1 49 68
1 50 53
1 51 79
1 52 8
1 53 96
1 54 144
1 55 199
1 56 154
1 57 44
1 58 98
1 59 165
1 60 43
1 61 179
1 62 32
1 63 30
1 64 196
1 65 137
1 66 69
1 67 109
1 68 197
1 69 153
1 70 111
1 71 37
1 72 42
1 73 58
1 74 183
1 75 194
1 76 165
1 77 149
1 78 101
1 79 79
1 80 19
1 81 112
1 82 99
1 83 175
1 84 123
1 85 58
1 86 43
1 87 192
1 88 191
1 89 94
1 90 170
1 91 57
1 92 78
1 93 110
1 94 153
1 95 96
1 96 199
1 97 1
1 98 77
1 99 99
2 3 10
2 4 70
2 5 138
2 6 12
2 7 121
2 8 182
2 9 152
2 10 77
2 11 155
2 12 161
2 13 123
2 14 166
2 15 117
2 16 68
2 17 70
2 18 80
2 19 32
2 20 113
2 21 4
2 22 136
2 23 193
2 24 162
2 25 75
2 26 35
2 27 173
2 28 39
2 29 40
2 30 155
2 31 136
2 32 187
2 33 164
2 34 186
2 35 142
2 36 95
2 37 182
2 38 11
2 39 156
2 40 72
2 41 186
2 42 158
2 43 16
2 44 10
2 45 75
2 46 18
2 47 67
2 48 27
2 49 197
2 50 190
2 51 107
2 52 16
2 53 28
2 54 94
2 55 192
2 56 85
2 57 145
2 58 81
2 59 95
2 60 148
2 61 197
2 62 128
2 63 27
2 64 106
2 65 198
2 66 122
2 67 168
2 68 68
2 69 104
2 70 4
2 71 25
2 72 80
2 73 145
2 74 105
2 75 112
2 76 42
2 77 96
2 78 9
2 79 76
2 80 35
2 81 8
2 82 167
2 83 4
2 84 56
2 85 10
2 86 108
2 87 104
2 88 23
2 89 167
2 90 17
2 91 93
2 92 186
2 93 188
2 94 128
2 95 121
2 96 44
2 97 155
2 98 15
2 99 162
3 4 176
3 5 46
3 6 68
3 7 13
3 8 79
3 9 50
3 10 188
3 11 8
3 12 169
3 13 41
3 14 174
3 15 166
3 16 154
3 17 90
3 18 77
3 19 155
3 20 92
3 21 147
3 22 51
3 23 87
3 24 188
3 25 140
3 26 79
3 27 142
3 28 27
3 29 38
3 30 4
3 31 29
3 32 115
3 33 0
3 34 100
3 35 68
3 36 180
3 37 168
3 38 114
3 39 186
3 40 87
3 41 144
3 42 106
3 43 126
3 44 81
3 45 171
3 46 146
3 47 140
3 48 20
3 49 151
3 50 10
3 51 143
3 52 159
3 53 7
3 54 17
3 55 106
3 56 145
3 57 73
3 58 178
3 59 47
3 60 189
3 61 1
3 62 53
3 63 108
3 64 148
3 65 174
3 66 145
3 67 59
3 68 168
3 69 68
3 70 193
3 71 80
3 72 14
3 73 19
3 74 185
3 75 181
3 76 45
3 77 82
3 78 44
3 79 64
3 80 1
3 81 54
3 82 155
3 83 193
3 84 97
3 85 26
3 86 105
3 87 17
3 88 118
3 89 139
3 90 190
3 91 60
3 92 134
3 93 24
3 94 94
3 95 89
3 96 35
3 97 48
3 98 63
3 99 138
4 5 26
4 6 42
4 7 65
4 8 33
4 9 146
4 10 106
4 11 186
4 12 15
4 13 122
4 14 144
4 15 166
4 16 150
4 17 60
4 18 181
4 19 157
4 20 25
4 21 53
4 22 8
4 23 177
4 24 174
4 25 72
4 26 199
4 27 42
4 28 4
4 29 139
4 30 16
4 31 195
4 32 1
4 33 101
4 34 66
4 35 175
4 36 54
4 37 47
4 38 181
4 39 18
4 40 16
4 41 149
4 42 13
4 43 42
4 44 174
4 45 6
4 46 110
4 47 150
4 48 190
4 49 36
4 50 22
4 51 98
4 52 190
4 53 181
4 54 56
4 55 80
4 56 116
4 57 117
4 58 115
4 59 158
4 60 20
4 61 44
4 62 22
4 63 44
4 64 184
4 65 167
4 66 38
4 67 76
4 68 15
4 69 162
4 70 59
4 71 124
4 72 89
4 73 23
4 74 68
4 75 54
4 76 141
4 77 153
4 78 168
4 79 178
4 80 148
4 81 6
4 82 187
4 83 107
4 84 26
4 85 183
4 86 71
4 87 155
4 88 84
4 89 110
4 90 35
4 91 79
4 92 148
4 93 87
4 94 60
4 95 8
4 96 1
4 97 184
4 98 76
4 99 8
5 6 173
5 7 65
5 8 73
5 9 54
5 10 101
5 11 184
5 12 80
5 13 23
5 14 77
5 15 156
5 16 23
5 17 7
5 18 169
5 19 147
5 20 127
5 21 158
5 22 124
5 23 40
5 24 154
5 25 198
5 26 138
5 27 151
5 28 95
5 29 146
5 30 137
5 31 185
5 32 91
5 33 118
5 34 116
5 35 107
5 36 130
5 37 118
5 38 11
5 39 123
5 40 87
5 41 136
5 42 18
5 43 135
5 44 101
5 45 70
5 46 172
5 47 96
5 48 38
5 49 31
5 50 85
5 51 60
5 52 86
5 53 47
5 54 50
5 55 41
5 56 53
5 57 62
5 58 142
5 59 195
5 60 180
5 61 14
5 62 39
5 63 196
5 64 169
5 65 50
5 66 98
5 67 160
5 68 100
5 69 135
5 70 136
5 71 5
5 72 177
5 73 140
5 74 117
5 75 6
5 76 172
5 77 187
5 78 156
5 79 160
5 80 164
5 81 83
5 82 143
5 83 106
5 84 30
5 85 195
5 86 114
5 87 17
5 88 158
5 89 130
5 90 66
5 91 59
5 92 79
5 93 6
5 94 101
5 95 49
5 96 130
5 97 92
5 98 91
5 99 95
6 7 110
6 8 170
6 9 18
6 10 120
6 11 63
6 12 142
6 13 140
6 14 137
6 15 146
6 16 82
6 17 28
6 18 74
6 19 60
6 20 116
6 21 86
6 22 131
6 23 95
6 24 48
6 25 142
6 26 34
6 27 76
6 28 34
6 29 89
6 30 123
6 31 118
6 32 82
6 33 22
6 34 164
6 35 72
6 36 47
6 37 28
6 38 136
6 39 182
6 40 194
6 41 86
6 42 89
6 43 109
6 44 185
6 45 54
6 46 177
6 47 21
6 48 90
6 49 16
6 50 28
6 51 39
6 52 31
6 53 0
6 54 178
6 55 112
6 56 143
6 57 66
6 58 125
6 59 77
6 60 132
6 61 187
6 62 93
6 63 82
6 64 194
6 65 161
6 66 120
6 67 107
6 68 174
6 69 159
6 70 125
6 71 100
6 72 145
6 73 56
6 74 27
6 75 69
6 76 73
6 77 136
6 78 155
6 79 131
6 80 46
6 81 62
6 82 134
6 83 118
6 84 16
6 85 78
6 86 33
6 87 124
6 88 154
6 89 106
6 90 144
6 91 140
6 92 105
6 93 91
6 94 136
6 95 45
6 96 147
6 97 176
6 98 136
6 99 75
7 8 190
7 9 25
7 10 92
7 11 172
7 12 184
7 13 106
7 14 172
7 15 181
7 16 128
7 17 23
7 18 18
7 19 180
7 20 34
7 21 121
7 22 121
7 23 101
7 24 136
7 25 20
7 26 148
7 27 41
7 28 18
7 29 187
7 30 82
7 31 125
7 32 165
7 33 129
7 34 128
7 35 96
7 36 9
7 37 46
7 38 155
7 39 153
7 40 95
7 41 131
7 42 106
7 43 183
7 44 82
7 45 149
7 46 26
7 47 161
7 48 31
7 49 91
7 50 130
7 51 47
7 52 98
7 53 97
7 54 161
7 55 45
7 56 39
7 57 59
7 58 139
7 59 190
7 60 43
7 61 99
7 62 22
7 63 31
7 64 129
7 65 49
7 66 194
7 67 119
7 68 154
7 69 24
7 70 193
7 71 86
7 72 3
7 73 152
7 74 153
7 75 82
7 76 20
7 77 114
7 78 92
7 79 33
7 80 98
7 81 184
7 82 143
7 83 147
7 84 123
7 85 40
7 86 12
7 87 147
7 88 156
7 89 34
7 90 31
7 91 103
7 92 175
7 93 94
7 94 82
7 95 15
7 96 55
7 97 38
7 98 36
7 99 170
8 9 156
8 10 200
8 11 69
8 12 150
8 13 133
8 14 156
8 15 32
8 16 86
8 17 80
8 18 19
8 19 64
8 20 113
8 21 165
8 22 159
8 23 81
8 24 22
8 25 114
8 26 86
8 27 121
8 28 194
8 29 48
8 30 132
8 31 150
8 32 183
8 33 185
8 34 14
8 35 77
8 36 54
8 37 102
8 38 116
8 39 143
8 40 187
8 41 146
8 42 109
8 43 52
8 44 115
8 45 131
8 46 113
8 47 145
8 48 8
8 49 28
8 50 140
8 51 20
8 52 81
8 53 95
8 54 147
8 55 61
8 56 170
8 57 198
8 58 166
8 59 58
8 60 62
8 61 198
8 62 18
8 63 180
8 64 66
8 65 135
8 66 185
8 67 41
8 68 125
8 69 44
8 70 117
8 71 12
8 72 11
8 73 37
8 74 50
8 75 19
8 76 63
8 77 24
8 78 188
8 79 87
8 80 38
8 81 60
8 82 4
8 83 87
8 84 48
8 85 106
8 86 76
8 87 99
8 88 140
8 89 27
8 90 67
8 91 121
8 92 82
8 93 61
8 94 57
8 95 138
8 96 15
8 97 159
8 98 63
8 99 129
9 10 190
9 11 80
9 12 147
9 13 80
9 14 91
9 15 153
9 16 67
9 17 117
9 18 58
9 19 159
9 20 84
9 21 61
9 22 108
9 23 170
9 24 91
9 25 114
9 26 181
9 27 44
9 28 40
9 29 107
9 30 47
9 31 123
9 32 183
9 33 189
9 34 65
9 35 149
9 36 195
9 37 87
9 38 62
9 39 8
9 40 126
9 41 99
9 42 184
9 43 186
9 44 98
9 45 58
9 46 32
9 47 194
9 48 116
9 49 8
9 50 40
9 51 107
9 52 116
9 53 182
9 54 182
9 55 161
9 56 4
9 57 57
9 58 3
9 59 47
9 60 160
9 61 161
9 62 19
9 63 192
9 64 144
9 65 69
9 66 146
9 67 60
9 68 35
9 69 138
9 70 149
9 71 165
9 72 51
9 73 83
9 74 157
9 75 150
9 76 24
9 77 80
9 78 84
9 79 136
9 80 161
9 81 183
9 82 121
9 83 17
9 84 152
9 85 23
9 86 98
9 87 183
9 88 171
9 89 133
9 90 135
9 91 124
9 92 21
9 93 61
9 94 107
9 95 0
9 96 120
9 97 172
9 98 133
9 99 185
10 11 155
10 12 164
10 13 27
10 14 62
10 15 82
10 16 134
10 17 9
10 18 191
10 19 176
10 20 143
10 21 140
10 22 161
10 23 130
10 24 8
10 25 135
10 26 37
10 27 26
10 28 70
10 29 164
10 30 53
10 31 123
10 32 11
10 33 187
10 34 30
10 35 92
10 36 110
10 37 29
10 38 101
10 39 171
10 40 136
10 41 168
10 42 139
10 43 97
10 44 83
10 45 15
10 46 2
10 47 101
10 48 111
10 49 22
10 50 141
10 51 103
10 52 59
10 53 79
10 54 127
10 55 168
10 56 151
10 57 167
10 58 28
10 59 84
10 60 70
10 61 83
10 62 6
10 63 69
10 64 70
10 65 115
10 66 147
10 67 85
10 68 81
10 69 1
10 70 125
10 71 131
10 72 124
10 73 22
10 74 162
10 75 1
10 76 11
10 77 175
10 78 59
10 79 139
10 80 119
10 81 21
10 82 117
10 83 43
10 84 133
10 85 113
10 86 38
10 87 140
10 88 155
10 89 196
10 90 109
10 91 99
10 92 190
10 93 99
10 94 114
10 95 81
10 96 193
10 97 123
10 98 95
10 99 173
11 12 35
11 13 1
11 14 180
11 15 190
11 16 71
11 17 193
11 18 160
11 19 87
11 20 4
11 21 70
11 22 167
11 23 21
11 24 71
11 25 110
11 26 128
11 27 55
11 28 126
11 29 103
11 30 98
11 31 154
11 32 109
11 33 146
11 34 106
11 35 132
11 36 148
11 37 164
11 38 94
11 39 183
11 40 117
11 41 157
11 42 12
11 43 37
11 44 124
11 45 105
11 46 188
11 47 140
11 48 59
11 49 110
11 50 88
11 51 82
11 52 46
11 53 19
11 54 27
11 55 64
11 56 195
11 57 21
11 58 100
11 59 19
11 60 104
11 61 150
11 62 81
11 63 180
11 64 104
11 65 62
11 66 82
11 67 52
11 68 126
11 69 93
11 70 69
11 71 108
11 72 157
11 73 171
11 74 153
11 75 145
11 76 27
11 77 143
11 78 64
11 79 30
11 80 168
11 81 102
11 82 26
11 83 139
11 84 42
11 85 31
11 86 34
11 87 96
11 88 122
11 89 196
11 90 131
11 91 13
11 92 60
11 93 44
11 94 117
11 95 127
11 96 172
11 97 75
11 98 187
11 99 89
12 13 131
12 14 75
12 15 30
12 16 0
12 17 120
12 18 53
12 19 158
12 20 86
12 21 133
12 22 9
12 23 67
12 24 41
12 25 25
12 26 182
12 27 59
12 28 167
12 29 79
12 30 96
12 31 59
12 32 106
12 33 167
12 34 142
12 35 128
12 36 81
12 37 198
12 38 104
12 39 196
12 40 158
12 41 29
12 42 79
12 43 61
12 44 80
12 45 144
12 46 122
12 47 103
12 48 104
12 49 98
12 50 66
12 51 93
12 52 79
12 53 39
12 54 62
12 55 125
12 56 53
12 57 87
12 58 6
12 59 105
12 60 62
12 61 120
12 62 136
12 63 41
12 64 88
12 65 93
12 66 104
12 67 160
12 68 105
12 69 192
12 70 178
12 71 31
12 72 103
12 73 19
12 74 185
12 75 138
12 76 115
12 77 13
12 78 193
12 79 56
12 80 198
12 81 96
12 82 190
12 83 151
12 84 15
12 85 167
12 86 37
12 87 198
12 88 42
12 89 77
12 90 38
12 91 190
12 92 129
12 93 115
12 94 96
12 95 1
12 96 32
12 97 175
12 98 155
12 99 183
13 14 117
13 15 194
13 16 84
13 17 36
13 18 64
13 19 73
13 20 140
13 21 26
13 22 156
13 23 131
13 24 170
13 25 176
13 26 199
13 27 89
13 28 200
13 29 73
13 30 120
13 31 23
13 32 179
13 33 139
13 34 7
13 35 1
13 36 41
13 37 12
13 38 155
13 39 89
13 40 54
13 41 29
13 42 86
13 43 13
13 44 157
13 45 114
13 46 191
13 47 153
13 48 142
13 49 129
13 50 185
13 51 73
13 52 131
13 53 13
13 54 8
13 55 16
13 56 176
13 57 199
13 58 161
13 59 55
13 60 125
13 61 111
13 62 88
13 63 161
13 64 44
13 65 25
13 66 97
13 67 85
13 68 112
13 69 11
13 70 199
13 71 60
13 72 18
13 73 135
13 74 31
13 75 81
13 76 14
13 77 7
13 78 154
13 79 99
13 80 168
13 81 148
13 82 76
13 83 66
13 84 138
13 85 38
13 86 75
13 87 161
13 88 87
13 89 33
13 90 105
13 91 153
13 92 129
13 93 181
13 94 75
13 95 81
13 96 174
13 97 95
13 98 29
13 99 49
14 15 136
14 16 191
14 17 19
14 18 167
14 19 56
14 20 6
14 21 39
14 22 103
14 23 81
14 24 4
14 25 173
14 26 114
14 27 42
14 28 57
14 29 3
14 30 89
14 31 44
14 32 171
14 33 65
14 34 27
14 35 94
14 36 26
14 37 20
14 38 166
14 39 4
14 40 23
14 41 161
14 42 113
14 43 194
14 44 93
14 45 2
14 46 24
14 47 184
14 48 116
14 49 23
14 50 110
14 51 24
14 52 79
14 53 3
14 54 149
14 55 77
14 56 42
14 57 190
14 58 187
14 59 44
14 60 40
14 61 34
14 62 127
14 63 106
14 64 67
14 65 153
14 66 39
14 67 159
14 68 34
14 69 95
14 70 12
14 71 154
14 72 108
14 73 81
14 74 185
14 75 198
14 76 109
14 77 48
14 78 104
14 79 177
14 80 78
14 81 162
14 82 200
14 83 22
14 84 147
14 85 130
14 86 96
14 87 178
14 88 187
14 89 105
14 90 185
14 91 71
14 92 85
14 93 82
14 94 104
14 95 87
14 96 32
14 97 113
14 98 18
14 99 172
15 16 52
15 17 178
15 18 165
15 19 60
15 20 24
15 21 101
15 22 16
15 23 161
15 24 79
15 25 75
15 26 37
15 27 158
15 28 41
15 29 179
15 30 62
15 31 98
15 32 185
15 33 174
15 34 65
15 35 128
15 36 40
15 37 197
15 38 71
15 39 123
15 40 4
15 41 190
15 42 139
15 43 28
15 44 172
15 45 177
15 46 49
15 47 195
15 48 66
15 49 27
15 50 14
15 51 61
15 52 127
15 53 118
15 54 116
15 55 72
15 56 71
15 57 104
15 58 177
15 59 133
15 60 92
15 61 141
15 62 148
15 63 189
15 64 109
15 65 84
15 66 28
15 67 18
15 68 132
15 69 105
15 70 80
15 71 124
15 72 151
15 73 48
15 74 114
15 75 50
15 76 120
15 77 135
15 78 21
15 79 45
15 80 64
15 81 22
15 82 147
15 83 113
15 84 103
15 85 79
15 86 89
15 87 17
15 88 145
15 89 67
15 90 182
15 91 47
15 92 44
15 93 97
15 94 3
15 95 28
15 96 19
15 97 109
15 98 171
15 99 6
16 17 14
16 18 18
16 19 167
16 20 17
16 21 136
16 22 121
16 23 198
16 24 96
16 25 125
16 26 87
16 27 11
16 28 156
16 29 129
16 30 29
16 31 9
16 32 124
16 33 159
16 34 16
16 35 9
16 36 63
16 37 17
16 38 92
16 39 74
16 40 8
16 41 199
16 42 41
16 43 97
16 44 22
16 45 41
16 46 126
16 47 58
16 48 45
16 49 141
16 50 143
16 51 167
16 52 185
16 53 198
16 54 13
16 55 120
16 56 142
16 57 60
16 58 160
16 59 9
16 60 147
16 61 13
16 62 174
16 63 29
16 64 36
16 65 173
16 66 130
16 67 102
16 68 40
16 69 67
16 70 162
16 71 89
16 72 40
16 73 181
16 74 94
16 75 61
16 76 125
16 77 134
16 78 80
16 79 30
16 80 44
16 81 88
16 82 199
16 83 75
16 84 88
16 85 8
16 86 58
16 87 86
16 88 44
16 89 184
16 90 40
16 91 157
16 92 39
16 93 47
16 94 0
16 95 172
16 96 82
16 97 96
16 98 53
16 99 60
17 18 62
17 19 97
17 20 18
17 21 110
17 22 154
17 23 34
17 24 44
17 25 139
17 26 140
17 27 76
17 28 10
17 29 181
17 30 21
17 31 128
17 32 157
17 33 88
17 34 45
17 35 127
17 36 189
17 37 67
17 38 146
17 39 33
17 40 149
17 41 8
17 42 50
17 43 196
17 44 193
17 45 200
17 46 92
17 47 120
17 48 150
17 49 103
17 50 117
17 51 170
17 52 26
17 53 155
17 54 1
17 55 31
17 56 141
17 57 198
17 58 142
17 59 22
17 60 32
17 61 175
17 62 6
17 63 170
17 64 80
17 65 62
17 66 192
17 67 110
17 68 138
17 69 82
17 70 112
17 71 135
17 72 109
17 73 172
17 74 151
17 75 178
17 76 25
17 77 7
17 78 16
17 79 46
17 80 45
17 81 94
17 82 90
17 83 172
17 84 182
17 85 183
17 86 175
17 87 70
17 88 9
17 89 155
17 90 70
17 91 88
17 92 129
17 93 22
17 94 69
17 95 149
17 96 63
17 97 8
17 98 57
17 99 62
18 19 30
18 20 130
18 21 72
18 22 46
18 23 125
18 24 136
18 25 19
18 26 154
18 27 39
18 28 71
18 29 151
18 30 177
18 31 198
18 32 125
18 33 66
18 34 88
18 35 172
18 36 102
18 37 178
18 38 62
18 39 83
18 40 109
18 41 36
18 42 86
18 43 160
18 44 79
18 45 84
18 46 176
18 47 21
18 48 82
18 49 99
18 50 116
18 51 40
18 52 85
18 53 20
18 54 102
18 55 193
18 56 97
18 57 41
18 58 108
18 59 117
18 60 86
18 61 97
18 62 107
18 63 44
18 64 163
18 65 139
18 66 28
18 67 116
18 68 164
18 69 52
18 70 20
18 71 66
18 72 81
18 73 8
18 74 183
18 75 85
18 76 28
18 77 33
18 78 128
18 79 182
18 80 75
18 81 29
18 82 78
18 83 61
18 84 34
18 85 142
18 86 183
18 87 129
18 88 179
18 89 90
18 90 26
18 91 171
18 92 59
18 93 74
18 94 81
18 95 183
18 96 8
18 97 118
18 98 70
18 99 69
19 20 106
19 21 115
19 22 27
19 23 132
19 24 167
19 25 172
19 26 102
19 27 149
19 28 188
19 29 34
19 30 112
19 31 111
19 32 100
19 33 121
19 34 2
19 35 132
19 36 100
19 37 23
19 38 47
19 39 186
19 40 188
19 41 134
19 42 15
19 43 154
19 44 111
19 45 81
19 46 168
19 47 69
19 48 117
19 49 127
19 50 140
19 51 122
19 52 3
19 53 144
19 54 113
19 55 162
19 56 97
19 57 19
19 58 104
19 59 158
19 60 175
19 61 44
19 62 69
19 63 19
19 64 4
19 65 37
19 66 154
19 67 13
19 68 195
19 69 113
19 70 34
19 71 44
19 72 103
19 73 194
19 74 138
19 75 193
19 76 200
19 77 126
19 78 145
19 79 111
19 80 174
19 81 63
19 82 186
19 83 147
19 84 14
19 85 144
19 86 43
19 87 164
19 88 117
19 89 52
19 90 61
19 91 86
19 92 45
19 93 198
19 94 49
19 95 152
19 96 108
19 97 52
19 98 165
19 99 108
20 21 113
20 22 84
20 23 47
20 24 149
20 25 121
20 26 55
20 27 145
20 28 101
20 29 74
20 30 36
20 31 65
20 32 68
20 33 77
20 34 92
20 35 153
20 36 31
20 37 192
20 38 24
20 39 173
20 40 88
20 41 102
20 42 169
20 43 2
20 44 115
20 45 104
20 46 147
20 47 129
20 48 181
20 49 0
20 50 3
20 51 23
20 52 155
20 53 85
20 54 194
20 55 78
20 56 104
20 57 62
20 58 44
20 59 173
20 60 68
20 61 123
20 62 82
20 63 54
20 64 124
20 65 1
20 66 11
20 67 70
20 68 29
20 69 175
20 70 29
20 71 103
20 72 145
20 73 79
20 74 186
20 75 137
20 76 67
20 77 123
20 78 73
20 79 125
20 80 178
20 81 102
20 82 122
20 83 99
20 84 185
20 85 26
20 86 162
20 87 74
20 88 94
20 89 64
20 90 44
20 91 35
20 92 123
20 93 0
20 94 52
20 95 155
20 96 2
20 97 182
20 98 46
20 99 119
21 22 83
21 23 139
21 24 21
21 25 68
21 26 170
21 27 101
21 28 138
21 29 81
21 30 191
21 31 59
21 32 117
21 33 62
21 34 0
21 35 65
21 36 57
21 37 83
21 38 31
21 39 86
21 40 157
21 41 89
21 42 97
21 43 3
21 44 169
21 45 59
21 46 188
21 47 115
21 48 175
21 49 159
21 50 152
21 51 175
21 52 165
21 53 56
21 54 90
21 55 52
21 56 124
21 57 54
21 58 22
21 59 165
21 60 41
21 61 147
21 62 39
21 63 53
21 64 127
21 65 179
21 66 107
21 67 187
21 68 78
21 69 112
21 70 142
21 71 140
21 72 20
21 73 70
21 74 196
21 75 10
21 76 123
21 77 4
21 78 82
21 79 66
21 80 95
21 81 148
21 82 31
21 83 27
21 84 29
21 85 197
21 86 30
21 87 80
21 88 31
21 89 93
21 90 47
21 91 67
21 92 27
21 93 72
21 94 34
21 95 118
21 96 174
21 97 174
21 98 48
21 99 167
22 23 68
22 24 15
22 25 79
22 26 163
22 27 93
22 28 172
22 29 52
22 30 130
22 31 192
22 32 104
22 33 158
22 34 33
22 35 102
22 36 179
22 37 1
22 38 96
22 39 116
22 40 173
22 41 4
22 42 105
22 43 7
22 44 142
22 45 68
22 46 36
22 47 23
22 48 41
22 49 87
22 50 123
22 51 22
22 52 22
22 53 40
22 54 65
22 55 75
22 56 187
22 57 119
22 58 140
22 59 170
22 60 195
22 61 114
22 62 53
22 63 61
22 64 59
22 65 2
22 66 0
22 67 176
22 68 122
22 69 76
22 70 177
22 71 61
22 72 175
22 73 93
22 74 130
22 75 147
22 76 95
22 77 128
22 78 14
22 79 185
22 80 141
22 81 3
22 82 191
22 83 158
22 84 178
22 85 134
22 86 136
22 87 43
22 88 27
22 89 63
22 90 64
22 91 29
22 92 65
22 93 14
22 94 6
22 95 169
22 96 126
22 97 162
22 98 191
22 99 153
23 24 18
23 25 198
23 26 55
23 27 158
23 28 110
23 29 147
23 30 140
23 31 194
23 32 132
23 33 78
23 34 138
23 35 28
23 36 44
23 37 140
23 38 9
23 39 76
23 40 89
23 41 20
23 42 138
23 43 144
23 44 85
23 45 162
23 46 67
23 47 41
23 48 139
23 49 182
23 50 53
23 51 184
23 52 149
23 53 38
23 54 116
23 55 103
23 56 78
23 57 110
23 58 24
23 59 123
23 60 190
23 61 48
23 62 39
23 63 46
23 64 30
23 65 104
23 66 98
23 67 43
23 68 30
23 69 180
23 70 100
23 71 68
23 72 162
23 73 60
23 74 70
23 75 166
23 76 52
23 77 35
23 78 8
23 79 160
23 80 128
23 81 195
23 82 112
23 83 56
23 84 141
23 85 44
23 86 9
23 87 182
23 88 147
23 89 37
23 90 196
23 91 173
23 92 109
23 93 177
23 94 38
23 95 32
23 96 25
23 97 56
23 98 155
23 99 64
24 25 155
24 26 93
24 27 192
24 28 115
24 29 71
24 30 104
24 31 139
24 32 45
24 33 132
24 34 115
24 35 198
24 36 84
24 37 49
24 38 71
24 39 113
24 40 42
24 41 16
24 42 38
24 43 144
24 44 61
24 45 74
24 46 46
24 47 112
24 48 144
24 49 142
24 50 191
24 51 148
24 52 18
24 53 108
24 54 185
24 55 12
24 56 125
24 57 40
24 58 50
24 59 55
24 60 84
24 61 33
24 62 119
24 63 145
24 64 80
24 65 135
24 66 23
24 67 47
24 68 70
24 69 51
24 70 23
24 71 26
24 72 122
24 73 37
24 74 103
24 75 64
24 76 46
24 77 51
24 78 130
24 79 30
24 80 129
24 81 85
24 82 149
24 83 125
24 84 182
24 85 50
24 86 78
24 87 116
24 88 71
24 89 96
24 90 71
24 91 177
24 92 143
24 93 99
24 94 25
24 95 173
24 96 52
24 97 37
24 98 176
24 99 28
25 26 45
25 27 9
25 28 72
25 29 114
25 30 135
25 31 11
25 32 58
25 33 87
25 34 90
25 35 49
25 36 114
25 37 128
25 38 143
25 39 139
25 40 16
25 41 69
25 42 112
25 43 191
25 44 22
25 45 34
25 46 66
25 47 84
25 48 152
25 49 102
25 50 28
25 51 14
25 52 86
25 53 14
25 54 31
25 55 68
25 56 152
25 57 66
25 58 33
25 59 72
25 60 187
25 61 170
25 62 60
25 63 25
25 64 47
25 65 97
25 66 108
25 67 98
25 68 62
25 69 196
25 70 46
25 71 78
25 72 166
25 73 182
25 74 168
25 75 174
25 76 57
25 77 52
25 78 185
25 79 109
25 80 66
25 81 156
25 82 79
25 83 146
25 84 172
25 85 81
25 86 149
25 87 176
25 88 143
25 89 182
25 90 159
25 91 181
25 92 7
25 93 182
25 94 183
25 95 197
25 96 50
25 97 88
25 98 172
25 99 123
26 27 27
26 28 106
26 29 105
26 30 96
26 31 6
26 32 38
26 33 75
26 34 13
26 35 1
26 36 71
26 37 90
26 38 172
26 39 150
26 40 131
26 41 132
26 42 71
26 43 176
26 44 72
26 45 109
26 46 54
26 47 74
26 48 197
26 49 27
26 50 73
26 51 31
26 52 71
26 53 62
26 54 175
26 55 132
26 56 93
26 57 130
26 58 108
26 59 56
26 60 78
26 61 128
26 62 79
26 63 198
26 64 187
26 65 178
26 66 81
26 67 125
26 68 105
26 69 163
26 70 168
26 71 50
26 72 193
26 73 56
26 74 113
26 75 28
26 76 69
26 77 114
26 78 64
26 79 32
26 80 194
26 81 158
26 82 105
26 83 116
26 84 162
26 85 54
26 86 44
26 87 177
26 88 126
26 89 200
26 90 1
26 91 21
26 92 145
26 93 44
26 94 18
26 95 118
26 96 125
26 97 191
26 98 45
26 99 40
27 28 188
27 29 34
27 30 113
27 31 77
27 32 1
27 33 152
27 34 82
27 35 30
27 36 186
27 37 73
27 38 84
27 39 196
27 40 31
27 41 182
27 42 101
27 43 109
27 44 107
27 45 131
27 46 142
27 47 31
27 48 57
27 49 87
27 50 160
27 51 110
27 52 89
27 53 142
27 54 75
27 55 89
27 56 152
27 57 98
27 58 136
27 59 70
27 60 95
27 61 119
27 62 85
27 63 69
27 64 41
27 65 157
27 66 123
27 67 35
27 68 114
27 69 3
27 70 191
27 71 123
27 72 26
27 73 40
27 74 133
27 75 109
27 76 27
27 77 173
27 78 94
27 79 43
27 80 100
27 81 184
27 82 137
27 83 34
27 84 167
27 85 160
27 86 93
27 87 133
27 88 0
27 89 117
27 90 6
27 91 19
27 92 19
27 93 36
27 94 121
27 95 101
27 96 94
27 97 81
27 98 136
27 99 51
28 29 27
28 30 148
28 31 176
28 32 119
28 33 200
28 34 99
28 35 119
28 36 167
28 37 106
28 38 101
28 39 63
28 40 83
28 41 29
28 42 29
28 43 78
28 44 132
28 45 83
28 46 88
28 47 96
28 48 126
28 49 11
28 50 68
28 51 138
28 52 101
28 53 116
28 54 164
28 55 112
28 56 9
28 57 96
28 58 65
28 59 123
28 60 181
28 61 69
28 62 91
28 63 14
28 64 71
28 65 79
28 66 109
28 67 81
28 68 151
28 69 147
28 70 51
28 71 35
28 72 185
28 73 174
28 74 107
28 75 118
28 76 94
28 77 47
28 78 65
28 79 89
28 80 161
28 81 35
28 82 0
28 83 131
28 84 104
28 85 112
28 86 97
28 87 130
28 88 31
28 89 175
28 90 22
28 91 133
28 92 162
28 93 68
28 94 51
28 95 33
28 96 10
28 97 72
28 98 108
28 99 199
29 30 180
29 31 70
29 32 97
29 33 182
29 34 95
29 35 77
29 36 7
29 37 60
29 38 10
29 39 199
29 40 54
29 41 47
29 42 91
29 43 44
29 44 81
29 45 171
29 46 95
29 47 144
29 48 61
29 49 1
29 50 8
29 51 51
29 52 180
29 53 158
29 54 68
29 55 181
29 56 69
29 57 143
29 58 89
29 59 160
29 60 36
29 61 21
29 62 57
29 63 117
29 64 79
29 65 36
29 66 152
29 67 89
29 68 186
29 69 1
29 70 133
29 71 18
29 72 17
29 73 100
29 74 22
29 75 51
29 76 185
29 77 194
29 78 16
29 79 83
29 80 148
29 81 78
29 82 130
29 83 162
29 84 21
29 85 197
29 86 157
29 87 90
29 88 117
29 89 170
29 90 157
29 91 74
29 92 38
29 93 178
29 94 104
29 95 198
29 96 191
29 97 152
29 98 51
29 99 19
30 31 155
30 32 200
30 33 176
30 34 154
30 35 104
30 36 25
30 37 50
30 38 111
30 39 166
30 40 31
30 41 59
30 42 175
30 43 132
30 44 38
30 45 75
30 46 179
30 47 180
30 48 34
30 49 84
30 50 71
30 51 182
30 52 191
30 53 107
30 54 73
30 55 1
30 56 40
30 57 39
30 58 41
30 59 7
30 60 118
30 61 60
30 62 129
30 63 123
30 64 68
30 65 112
30 66 106
30 67 44
30 68 149
30 69 91
30 70 95
30 71 68
30 72 83
30 73 131
30 74 186
30 75 133
30 76 133
30 77 24
30 78 200
30 79 130
30 80 127
30 81 166
30 82 85
30 83 106
30 84 107
30 85 141
30 86 132
30 87 20
30 88 192
30 89 22
30 90 85
30 91 14
30 92 30
30 93 96
30 94 18
30 95 131
30 96 140
30 97 189
30 98 57
30 99 185
31 32 149
31 33 56
31 34 37
31 35 17
31 36 170
31 37 10
31 38 120
31 39 36
31 40 157
31 41 104
31 42 56
31 43 145
31 44 110
31 45 80
31 46 189
31 47 187
31 48 195
31 49 62
31 50 17
31 51 124
31 52 124
31 53 113
31 54 21
31 55 98
31 56 115
31 57 16
31 58 60
31 59 43
31 60 107
31 61 128
31 62 60
31 63 63
31 64 146
31 65 36
31 66 43
31 67 154
31 68 50
31 69 83
31 70 116
31 71 12
31 72 163
31 73 85
31 74 6
31 75 142
31 76 146
31 77 143
31 78 7
31 79 57
31 80 121
31 81 58
31 82 148
31 83 138
31 84 44
31 85 121
31 86 4
31 87 32
31 88 27
31 89 163
31 90 12
31 91 190
31 92 61
31 93 151
31 94 89
31 95 11
31 96 167
31 97 9
31 98 32
31 99 177
32 33 117
32 34 60
32 35 178
32 36 79
32 37 168
32 38 0
32 39 63
32 40 60
32 41 113
32 42 25
32 43 115
32 44 28
32 45 97
32 46 130
32 47 38
32 48 96
32 49 187
32 50 154
32 51 78
32 52 167
32 53 146
32 54 196
32 55 145
32 56 47
32 57 155
32 58 148
32 59 23
32 60 157
32 61 152
32 62 15
32 63 12
32 64 63
32 65 124
32 66 199
32 67 159
32 68 67
32 69 184
32 70 125
32 71 105
32 72 169
32 73 32
32 74 158
32 75 142
32 76 11
32 77 35
32 78 66
32 79 45
32 80 62
32 81 79
32 82 174
32 83 162
32 84 34
32 85 175
32 86 128
32 87 81
32 88 88
32 89 161
32 90 164
32 91 15
32 92 189
32 93 140
32 94 185
32 95 130
32 96 162
32 97 76
32 98 80
32 99 188
33 34 148
33 35 112
33 36 87
33 37 19
33 38 112
33 39 50
33 40 171
33 41 126
33 42 142
33 43 184
33 44 44
33 45 89
33 46 69
33 47 132
33 48 71
33 49 82
33 50 122
33 51 173
33 52 40
33 53 0
33 54 16
33 55 85
33 56 166
33 57 14
33 58 138
33 59 136
33 60 25
33 61 53
33 62 145
33 63 28
33 64 193
33 65 166
33 66 125
33 67 164
33 68 143
33 69 120
33 70 67
33 71 77
33 72 117
33 73 179
33 74 156
33 75 127
33 76 55
33 77 199
33 78 200
33 79 47
33 80 186
33 81 0
33 82 153
33 83 35
33 84 199
33 85 50
33 86 171
33 87 7
33 88 194
33 89 115
33 90 60
33 91 198
33 92 192
33 93 94
33 94 192
33 95 40
33 96 52
33 97 14
33 98 183
33 99 16
34 35 143
34 36 17
34 37 167
34 38 88
34 39 30
34 40 68
34 41 187
34 42 22
34 43 88
34 44 183
34 45 64
34 46 62
34 47 163
34 48 93
34 49 158
34 50 49
34 51 96
34 52 182
34 53 163
34 54 188
34 55 91
34 56 43
34 57 149
34 58 91
34 59 88
34 60 161
34 61 5
34 62 40
34 63 20
34 64 4
34 65 197
34 66 98
34 67 108
34 68 118
34 69 119
34 70 3
34 71 20
34 72 23
34 73 51
34 74 16
34 75 40
34 76 80
34 77 6
34 78 39
34 79 21
34 80 77
34 81 174
34 82 144
34 83 106
34 84 41
34 85 11
34 86 46
34 87 149
34 88 62
34 89 56
34 90 113
34 91 152
34 92 102
34 93 116
34 94 78
34 95 15
34 96 162
34 97 156
34 98 125
34 99 169
35 36 49
35 37 157
35 38 25
35 39 97
35 40 152
35 41 167
35 42 39
35 43 108
35 44 112
35 45 184
35 46 49
35 47 49
35 48 37
35 49 133
35 50 128
35 51 48
35 52 186
35 53 21
35 54 56
35 55 66
35 56 28
35 57 194
35 58 196
35 59 147
35 60 190
35 61 126
35 62 15
35 63 79
35 64 198
35 65 181
35 66 86
35 67 94
35 68 30
35 69 112
35 70 66
35 71 59
35 72 136
35 73 115
35 74 104
35 75 92
35 76 93
35 77 44
35 78 94
35 79 40
35 80 64
35 81 52
35 82 27
35 83 117
35 84 55
35 85 120
35 86 5
35 87 81
35 88 30
35 89 43
35 90 192
35 91 114
35 92 115
35 93 152
35 94 163
35 95 119
35 96 111
35 97 41
35 98 56
35 99 73
36 37 130
36 38 176
36 39 114
36 40 143
36 41 188
36 42 54
36 43 112
36 44 111
36 45 180
36 46 33
36 47 62
36 48 43
36 49 69
36 50 147
36 51 137
36 52 60
36 53 126
36 54 102
36 55 165
36 56 30
36 57 22
36 58 131
36 59 50
36 60 77
36 61 91
36 62 86
36 63 100
36 64 87
36 65 157
36 66 178
36 67 84
36 68 47
36 69 86
36 70 144
36 71 135
36 72 148
36 73 63
36 74 187
36 75 70
36 76 118
36 77 145
36 78 48
36 79 14
36 80 118
36 81 19
36 82 24
36 83 150
36 84 179
36 85 90
36 86 60
36 87 133
36 88 127
36 89 20
36 90 121
36 91 18
36 92 107
36 93 22
36 94 3
36 95 44
36 96 156
36 97 187
36 98 191
36 99 67
37 38 15
37 39 8
37 40 131
37 41 84
37 42 159
37 43 56
37 44 166
37 45 15
37 46 165
37 47 57
37 48 50
37 49 131
37 50 44
37 51 179
37 52 121
37 53 136
37 54 57
37 55 3
37 56 179
37 57 18
37 58 71
37 59 165
37 60 68
37 61 38
37 62 5
37 63 184
37 64 100
37 65 138
37 66 38
37 67 152
37 68 101
37 69 153
37 70 69
37 71 127
37 72 16
37 73 141
37 74 184
37 75 199
37 76 45
37 77 166
37 78 44
37 79 171
37 80 59
37 81 18
37 82 98
37 83 170
37 84 30
37 85 196
37 86 170
37 87 148
37 88 48
37 89 133
37 90 24
37 91 20
37 92 81
37 93 153
37 94 79
37 95 191
37 96 49
37 97 76
37 98 118
37 99 51
38 39 180
38 40 104
38 41 41
38 42 47
38 43 138
38 44 143
38 45 200
38 46 68
38 47 191
38 48 140
38 49 18
38 50 180
38 51 131
38 52 177
38 53 76
38 54 58
38 55 138
38 56 176
38 57 36
38 58 48
38 59 123
38 60 24
38 61 186
38 62 151
38 63 102
38 64 80
38 65 172
38 66 179
38 67 190
38 68 41
38 69 87
38 70 172
38 71 134
38 72 64
38 73 59
38 74 20
38 75 120
38 76 185
38 77 11
38 78 84
38 79 98
38 80 197
38 81 109
38 82 114
38 83 106
38 84 61
38 85 184
38 86 192
38 87 186
38 88 198
38 89 178
38 90 147
38 91 152
38 92 130
38 93 49
38 94 26
38 95 86
38 96 145
38 97 121
38 98 168
38 99 134
39 40 27
39 41 105
39 42 61
39 43 14
39 44 146
39 45 111
39 46 20
39 47 81
39 48 87
39 49 15
39 50 172
39 51 122
39 52 148
39 53 34
39 54 151
39 55 109
39 56 122
39 57 154
39 58 36
39 59 60
39 60 54
39 61 163
39 62 60
39 63 7
39 64 49
39 65 198
39 66 151
39 67 11
39 68 68
39 69 54
39 70 157
39 71 103
39 72 23
39 73 161
39 74 41
39 75 83
39 76 178
39 77 60
39 78 143
39 79 28
39 80 109
39 81 11
39 82 96
39 83 128
39 84 167
39 85 31
39 86 126
39 87 2
39 88 13
39 89 138
39 90 189
39 91 197
39 92 38
39 93 123
39 94 169
39 95 37
39 96 171
39 97 179
39 98 143
39 99 65
40 41 98
40 42 3
40 43 63
40 44 113
40 45 98
40 46 112
40 47 48
40 48 94
40 49 81
40 50 110
40 51 145
40 52 83
40 53 92
40 54 141
40 55 4
40 56 87
40 57 19
40 58 114
40 59 145
40 60 124
40 61 108
40 62 51
40 63 167
40 64 1
40 65 93
40 66 151
40 67 41
40 68 44
40 69 141
40 70 95
40 71 182
40 72 10
40 73 87
40 74 192
40 75 113
40 76 165
40 77 197
40 78 28
40 79 86
40 80 22
40 81 40
40 82 7
40 83 195
40 84 142
40 85 83
40 86 32
40 87 147
40 88 71
40 89 173
40 90 22
40 91 142
40 92 153
40 93 36
40 94 167
40 95 189
40 96 91
40 97 146
40 98 77
40 99 100
41 42 183
41 43 69
41 44 52
41 45 126
41 46 101
41 47 183
41 48 193
41 49 7
41 50 199
41 51 134
41 52 80
41 53 42
41 54 145
41 55 106
41 56 10
41 57 125
41 58 29
41 59 108
41 60 31
41 61 124
41 62 113
41 63 65
41 64 88
41 65 87
41 66 111
41 67 154
41 68 16
41 69 29
41 70 144
41 71 98
41 72 189
41 73 20
41 74 74
41 75 2
41 76 194
41 77 185
41 78 77
41 79 114
41 80 51
41 81 10
41 82 97
41 83 60
41 84 172
41 85 72
41 86 145
41 87 42
41 88 189
41 89 52
41 90 37
41 91 156
41 92 152
41 93 46
41 94 159
41 95 179
41 96 109
41 97 54
41 98 113
41 99 90
42 43 121
42 44 123
42 45 137
42 46 118
42 47 150
42 48 21
42 49 16
42 50 83
42 51 48
42 52 141
42 53 155
42 54 181
42 55 146
42 56 92
42 57 116
42 58 92
42 59 200
42 60 134
42 61 98
42 62 151
42 63 6
42 64 98
42 65 46
42 66 177
42 67 186
42 68 152
42 69 88
42 70 180
42 71 89
42 72 132
42 73 104
42 74 190
42 75 141
42 76 98
42 77 179
42 78 46
42 79 100
42 80 101
42 81 27
42 82 99
42 83 89
42 84 182
42 85 5
42 86 140
42 87 190
42 88 29
42 89 69
42 90 57
42 91 54
42 92 13
42 93 62
42 94 93
42 95 150
42 96 146
42 97 200
42 98 91
42 99 89
43 44 62
43 45 113
43 46 19
43 47 127
43 48 153
43 49 125
43 50 189
43 51 84
43 52 188
43 53 150
43 54 127
43 55 188
43 56 147
43 57 39
43 58 196
43 59 42
43 60 160
43 61 126
43 62 199
43 63 58
43 64 23
43 65 157
43 66 31
43 67 107
43 68 186
43 69 65
43 70 38
43 71 174
43 72 8
43 73 180
43 74 80
43 75 109
43 76 102
43 77 83
43 78 7
43 79 183
43 80 90
43 81 56
43 82 120
43 83 88
43 84 125
43 85 172
43 86 89
43 87 122
43 88 137
43 89 176
43 90 1
43 91 91
43 92 156
43 93 43
43 94 118
43 95 92
43 96 13
43 97 56
43 98 123
43 99 69
44 45 196
44 46 84
44 47 170
44 48 168
44 49 26
44 50 11
44 51 84
44 52 89
44 53 132
44 54 140
44 55 30
44 56 134
44 57 199
44 58 70
44 59 160
44 60 153
44 61 33
44 62 180
44 63 177
44 64 126
44 65 64
44 66 117
44 67 198
44 68 95
44 69 51
44 70 72
44 71 74
44 72 3
44 73 74
44 74 58
44 75 151
44 76 132
44 77 140
44 78 137
44 79 3
44 80 25
44 81 27
44 82 46
44 83 182
44 84 136
44 85 123
44 86 156
44 87 172
44 88 50
44 89 126
44 90 61
44 91 147
44 92 97
44 93 169
44 94 188
44 95 17
44 96 103
44 97 182
44 98 3
44 99 34
45 46 77
45 47 114
45 48 91
45 49 104
45 50 88
45 51 87
45 52 195
45 53 115
45 54 104
45 55 152
45 56 68
45 57 22
45 58 15
45 59 18
45 60 182
45 61 139
45 62 76
45 63 127
45 64 157
45 65 23
45 66 119
45 67 137
45 68 23
45 69 111
45 70 118
45 71 135
45 72 57
45 73 151
45 74 41
45 75 184
45 76 43
45 77 58
45 78 104
45 79 127
45 80 68
45 81 103
45 82 186
45 83 140
45 84 74
45 85 2
45 86 105
45 87 186
45 88 55
45 89 154
45 90 30
45 91 126
45 92 80
45 93 50
45 94 103
45 95 4
45 96 112
45 97 69
45 98 86
45 99 173
46 47 154
46 48 181
46 49 185
46 50 95
46 51 57
46 52 181
46 53 3
46 54 43
46 55 162
46 56 134
46 57 181
46 58 5
46 59 79
46 60 59
46 61 173
46 62 140
46 63 60
46 64 119
46 65 15
46 66 66
46 67 27
46 68 161
46 69 79
46 70 51
46 71 197
46 72 75
46 73 144
46 74 18
46 75 103
46 76 153
46 77 161
46 78 142
46 79 187
46 80 178
46 81 180
46 82 57
46 83 148
46 84 52
46 85 27
46 86 110
46 87 109
46 88 67
46 89 105
46 90 140
46 91 21
46 92 133
46 93 177
46 94 134
46 95 36
46 96 16
46 97 104
46 98 134
46 99 58
47 48 37
47 49 46
47 50 34
47 51 58
47 52 31
47 53 131
47 54 147
47 55 148
47 56 189
47 57 32
47 58 147
47 59 181
47 60 144
47 61 192
47 62 117
47 63 163
47 64 87
47 65 134
47 66 95
47 67 54
47 68 152
47 69 45
47 70 69
47 71 84
47 72 111
47 73 37
47 74 137
47 75 25
47 76 55
47 77 118
47 78 157
47 79 84
47 80 120
47 81 18
47 82 181
47 83 5
47 84 3
47 85 37
47 86 150
47 87 145
47 88 179
47 89 191
47 90 113
47 91 18
47 92 143
47 93 71
47 94 120
47 95 80
47 96 163
47 97 196
47 98 90
47 99 119
48 49 157
48 50 128
48 51 88
48 52 139
48 53 26
48 54 100
48 55 143
48 56 61
48 57 132
48 58 94
48 59 180
48 60 59
48 61 129
48 62 54
48 63 103
48 64 20
48 65 2
48 66 94
48 67 85
48 68 8
48 69 104
48 70 163
48 71 146
48 72 137
48 73 40
48 74 88
48 75 41
48 76 137
48 77 118
48 78 125
48 79 196
48 80 132
48 81 130
48 82 44
48 83 81
48 84 59
48 85 38
48 86 72
48 87 192
48 88 92
48 89 46
48 90 93
48 91 154
48 92 70
48 93 153
48 94 13
48 95 116
48 96 64
48 97 195
48 98 166
48 99 168
49 50 100
49 51 85
49 52 89
49 53 122
49 54 33
49 55 113
49 56 128
49 57 6
49 58 80
49 59 116
49 60 191
49 61 173
49 62 194
49 63 145
49 64 88
49 65 25
49 66 171
49 67 67
49 68 187
49 69 11
49 70 36
49 71 44
49 72 113
49 73 43
49 74 55
49 75 66
49 76 68
49 77 38
49 78 90
49 79 43
49 80 91
49 81 132
49 82 67
49 83 171
49 84 59
49 85 81
49 86 82
49 87 90
49 88 55
49 89 180
49 90 99
49 91 4
49 92 178
49 93 53
49 94 179
49 95 123
49 96 49
49 97 120
49 98 170
49 99 62
50 51 26
50 52 49
50 53 195
50 54 115
50 55 87
50 56 177
50 57 129
50 58 116
50 59 5
50 60 133
50 61 60
50 62 86
50 63 68
50 64 122
50 65 174
50 66 180
50 67 89
50 68 62
50 69 154
50 70 137
50 71 39
50 72 62
50 73 65
50 74 7
50 75 142
50 76 98
50 77 116
50 78 100
50 79 44
50 80 177
50 81 172
50 82 155
50 83 44
50 84 29
50 85 197
50 86 27
50 87 49
50 88 156
50 89 151
50 90 27
50 91 82
50 92 57
50 93 181
50 94 147
50 95 102
50 96 37
50 97 135
50 98 172
50 99 119
51 52 157
51 53 6
51 54 58
51 55 200
51 56 174
51 57 33
51 58 129
51 59 170
51 60 47
51 61 36
51 62 43
51 63 119
51 64 54
51 65 82
51 66 165
51 67 104
51 68 138
51 69 7
51 70 120
51 71 175
51 72 195
51 73 55
51 74 130
51 75 65
51 76 5
51 77 42
51 78 36
51 79 125
51 80 140
51 81 132
51 82 24
51 83 122
51 84 158
51 85 140
51 86 19
51 87 97
51 88 192
51 89 58
51 90 52
51 91 9
51 92 163
51 93 103
51 94 121
51 95 49
51 96 61
51 97 31
51 98 16
51 99 152
52 53 117
52 54 143
52 55 174
52 56 42
52 57 16
52 58 137
52 59 28
52 60 83
52 61 88
52 62 130
52 63 60
52 64 0
52 65 30
52 66 166
52 67 32
52 68 40
52 69 16
52 70 134
52 71 62
52 72 189
52 73 30
52 74 53
52 75 110
52 76 140
52 77 197
52 78 100
52 79 78
52 80 170
52 81 159
52 82 2
52 83 9
52 84 32
52 85 71
52 86 187
52 87 69
52 88 88
52 89 82
52 90 163
52 91 111
52 92 118
52 93 107
52 94 184
52 95 149
52 96 171
52 97 9
52 98 63
52 99 79
53 54 61
53 55 64
53 56 76
53 57 15
53 58 62
53 59 191
53 60 85
53 61 125
53 62 176
53 63 35
53 64 152
53 65 122
53 66 200
53 67 39
53 68 139
53 69 37
53 70 80
53 71 26
53 72 74
53 73 143
53 74 125
53 75 77
53 76 122
53 77 120
53 78 184
53 79 38
53 80 23
53 81 173
53 82 94
53 83 129
53 84 134
53 85 25
53 86 39
53 87 109
53 88 10
53 89 167
53 90 163
53 91 92
53 92 65
53 93 194
53 94 129
53 95 103
53 96 100
53 97 49
53 98 91
53 99 192
54 55 82
54 56 25
54 57 162
54 58 128
54 59 76
54 60 36
54 61 30
54 62 99
54 63 97
54 64 132
54 65 174
54 66 35
54 67 191
54 68 51
54 69 151
54 70 19
54 71 3
54 72 158
54 73 93
54 74 22
54 75 114
54 76 56
54 77 188
54 78 168
54 79 128
54 80 24
54 81 13
54 82 188
54 83 33
54 84 152
54 85 140
54 86 7
54 87 58
54 88 112
54 89 113
54 90 49
54 91 175
54 92 117
54 93 63
54 94 127
54 95 116
54 96 177
54 97 107
54 98 30
54 99 124
55 56 5
55 57 7
55 58 185
55 59 127
55 60 137
55 61 46
55 62 4
55 63 95
55 64 0
55 65 1
55 66 101
55 67 164
55 68 111
55 69 90
55 70 37
55 71 163
55 72 0
55 73 103
55 74 91
55 75 146
55 76 197
55 77 196
55 78 83
55 79 50
55 80 16
55 81 116
55 82 42
55 83 56
55 84 137
55 85 126
55 86 59
55 87 45
55 88 88
55 89 124
55 90 54
55 91 45
55 92 35
55 93 46
55 94 70
55 95 198
55 96 56
55 97 6
55 98 108
55 99 180
56 57 53
56 58 85
56 59 92
56 60 106
56 61 96
56 62 18
56 63 164
56 64 103
56 65 131
56 66 29
56 67 178
56 68 60
56 69 6
56 70 105
56 71 32
56 72 181
56 73 144
56 74 21
56 75 33
56 76 20
56 77 127
56 78 164
56 79 2
56 80 101
56 81 109
56 82 151
56 83 152
56 84 92
56 85 28
56 86 133
56 87 172
56 88 60
56 89 121
56 90 189
56 91 58
56 92 84
56 93 45
56 94 139
56 95 36
56 96 124
56 97 60
56 98 130
56 99 59
57 58 7
57 59 102
57 60 75
57 61 147
57 62 4
57 63 76
57 64 15
57 65 155
57 66 42
57 67 71
57 68 135
57 69 55
57 70 177
57 71 80
57 72 188
57 73 151
57 74 99
57 75 120
57 76 71
57 77 63
57 78 9
57 79 138
57 80 39
57 81 126
57 82 154
57 83 124
57 84 61
57 85 51
57 86 112
57 87 54
57 88 10
57 89 167
57 90 71
57 91 65
57 92 75
57 93 196
57 94 153
57 95 112
57 96 161
57 97 153
57 98 76
57 99 172
58 59 186
58 60 142
58 61 55
58 62 95
58 63 113
58 64 35
58 65 43
58 66 66
58 67 154
58 68 121
58 69 36
58 70 56
58 71 92
58 72 190
58 73 147
58 74 49
58 75 89
58 76 195
58 77 155
58 78 169
58 79 42
58 80 56
58 81 38
58 82 136
58 83 81
58 84 199
58 85 57
58 86 131
58 87 33
58 88 124
58 89 197
58 90 85
58 91 127
58 92 141
58 93 125
58 94 76
58 95 48
58 96 22
58 97 52
58 98 56
58 99 97
59 60 199
59 61 48
59 62 4
59 63 174
59 64 11
59 65 82
59 66 131
59 67 69
59 68 81
59 69 179
59 70 133
59 71 8
59 72 173
59 73 19
59 74 181
59 75 10
59 76 104
59 77 181
59 78 79
59 79 186
59 80 69
59 81 28
59 82 78
59 83 63
59 84 30
59 85 178
59 86 68
59 87 193
59 88 28
59 89 47
59 90 100
59 91 79
59 92 98
59 93 181
59 94 18
59 95 198
59 96 169
59 97 3
59 98 67
59 99 109
60 61 50
60 62 138
60 63 54
60 64 114
60 65 125
60 66 91
60 67 27
60 68 20
60 69 68
60 70 74
60 71 64
60 72 161
60 73 131
60 74 134
60 75 187
60 76 127
60 77 105
60 78 179
60 79 88
60 80 76
60 81 90
60 82 15
60 83 26
60 84 37
60 85 42
60 86 129
60 87 60
60 88 197
60 89 105
60 90 25
60 91 58
60 92 50
60 93 33
60 94 98
60 95 47
60 96 72
60 97 178
60 98 37
60 99 107
61 62 117
61 63 84
61 64 158
61 65 60
61 66 15
61 67 7
61 68 0
61 69 174
61 70 121
61 71 110
61 72 195
61 73 50
61 74 36
61 75 100
61 76 198
61 77 76
61 78 99
61 79 140
61 80 176
61 81 94
61 82 121
61 83 73
61 84 50
61 85 119
61 86 155
61 87 190
61 88 128
61 89 142
61 90 15
61 91 28
61 92 33
61 93 36
61 94 181
61 95 69
61 96 69
61 97 131
61 98 43
61 99 30
62 63 118
62 64 17
62 65 166
62 66 112
62 67 95
62 68 194
62 69 81
62 70 12
62 71 76
62 72 191
62 73 104
62 74 35
62 75 131
62 76 199
62 77 121
62 78 71
62 79 100
62 80 68
62 81 113
62 82 89
62 83 34
62 84 129
62 85 37
62 86 151
62 87 185
62 88 14
62 89 1
62 90 22
62 91 180
62 92 42
62 93 45
62 94 130
62 95 143
62 96 175
62 97 5
62 98 190
62 99 54
