100 4922
0 1 114
0 2 188
0 3 173
0 4 14
0 5 80
0 6 40
0 7 104
0 8 135
0 9 55
0 10 88
0 11 124
0 12 95
0 13 70
0 14 141
0 15 121
0 16 21
0 17 89
0 18 191
0 19 46
0 20 74
0 21 109
0 22 21
0 23 139
0 24 5
0 25 59
0 26 72
0 27 28
0 28 193
0 29 98
0 30 53
0 31 44
0 32 114
0 33 107
0 34 72
0 35 131
0 36 40
0 37 125
0 38 10
0 39 191
0 40 108
0 41 20
0 42 160
0 43 99
0 44 185
0 45 162
0 46 1
0 47 90
0 48 21
0 49 198
0 50 119
0 51 147
0 52 166
0 53 173
0 54 119
0 55 187
0 56 140
0 57 56
0 58 1
0 59 195
0 60 143
0 61 181
0 62 55
0 63 178
0 64 75
0 65 181
0 66 0
0 67 13
0 68 123
0 69 71
0 70 187
0 71 101
0 72 56
0 73 67
0 74 149
0 75 115
0 76 175
0 77 28
0 78 192
0 79 132
0 80 29
0 81 196
0 82 189
0 83 191
0 84 107
0 85 199
0 86 190
0 87 192
0 88 67
0 89 17
0 90 106
0 91 73
0 92 159
0 93 22
0 94 113
0 95 25
0 96 137
0 97 16
0 98 73
0 99 153
1 2 193
1 3 0
1 4 153
1 5 46
1 6 161
1 7 83
1 8 184
1 9 92
1 10 96
1 11 190
1 12 68
1 13 176
1 14 26
1 15 43
1 16 152
1 17 8
1 18 174
1 19 46
1 20 96
1 21 9
1 22 82
1 23 180
1 24 198
1 25 52
1 26 143
1 27 83
1 28 100
1 29 67
1 30 144
1 31 143
1 32 110
1 33 185
1 34 0
1 35 39
1 36 74
1 37 99
1 38 68
1 39 79
1 40 47
1 41 105
1 42 164
1 43 71
1 44 199
1 45 48
1 46 195
1 47 144
1 48 35
1 49 145
1 50 188
1 51 26
1 52 162
1 53 48
1 54 148
1 55 64
1 56 81
1 57 146
1 58 170
1 59 155
1 60 187
1 61 140
1 62 162
1 63 105
1 64 78
1 65 129
1 66 0
1 67 65
1 68 62
1 69 29
1 70 76
1 71 172
1 72 77
1 73 73
1 74 27
1 75 30
1 76 114
1 77 8
1 78 34
1 79 50
1 80 154
1 81 96
1 82 61
1 83 80
1 84 73
1 85 156
1 86 33
1 87 44
1 88 20
1 89 173
1 90 136
1 91 142
1 92 110
1 93 128
1 94 9
1 95 1
1 96 21
1 97 140
1 98 134
1 99 104
2 3 196
2 4 111
2 5 188
2 6 8
2 7 41
2 8 174
2 9 114
2 10 3
2 11 75
2 12 169
2 13 177
2 14 172
2 15 29
2 16 95
2 17 54
2 18 109
2 19 168
2 20 74
2 21 194
2 22 85
2 23 161
2 24 132
2 25 20
2 26 37
2 27 152
2 28 133
2 29 175
2 30 5
2 31 175
2 32 58
2 33 30
2 34 3
2 35 71
2 36 13
2 37 85
2 38 158
2 39 117
2 40 134
2 41 124
2 42 149
2 43 165
2 44 63
2 45 132
2 46 159
2 47 199
2 48 57
2 49 47
2 50 157
2 51 152
2 52 100
2 53 188
2 54 45
2 55 16
2 56 63
2 57 39
2 58 30
2 59 143
2 60 38
2 61 177
2 62 3
2 63 56
2 64 56
2 65 33
2 66 200
2 67 150
2 68 42
2 69 126
2 70 18
2 71 148
2 72 28
2 73 145
2 74 141
2 75 144
2 76 163
2 77 195
2 78 102
2 79 149
2 80 60
2 81 173
2 82 178
2 83 63
2 84 152
2 85 67
2 86 86
2 87 92
2 88 36
2 89 188
2 90 172
2 91 52
2 92 193
2 93 120
2 94 123
2 95 161
2 96 103
2 97 37
2 98 21
2 99 186
3 4 181
3 5 78
3 6 89
3 7 52
3 8 81
3 9 183
3 10 74
3 11 0
3 12 152
3 13 103
3 14 139
3 15 134
3 16 50
3 17 179
3 18 121
3 19 166
3 20 173
3 21 59
3 22 104
3 23 114
3 24 126
3 25 167
3 26 114
3 27 88
3 28 68
3 29 183
3 30 46
3 31 7
3 32 163
3 33 39
3 34 166
3 35 163
3 36 153
3 37 45
3 38 44
3 39 156
3 40 146
3 41 45
3 42 141
3 43 90
3 44 47
3 45 73
3 46 0
3 47 81
3 48 82
3 49 170
3 50 51
3 51 86
3 52 181
3 53 25
3 54 80
3 55 173
3 56 35
3 57 165
3 58 183
3 59 65
3 60 74
3 61 10
3 62 33
3 63 177
3 64 120
3 65 68
3 66 133
3 67 69
3 68 86
3 69 175
3 70 4
3 71 37
3 72 125
3 73 187
3 74 191
3 75 17
3 76 63
3 77 95
3 78 72
3 79 177
3 80 7
3 81 65
3 82 118
3 83 70
3 84 113
3 85 72
3 86 92
3 87 26
3 88 78
3 89 20
3 90 80
3 91 53
3 92 18
3 93 70
3 94 189
3 95 39
3 96 167
3 97 173
3 98 21
3 99 156
4 5 17
4 6 69
4 7 112
4 8 140
4 9 122
4 10 22
4 11 97
4 12 156
4 13 20
4 14 64
4 15 19
4 16 126
4 17 179
4 18 51
4 19 147
4 20 4
4 21 83
4 22 163
4 23 64
4 24 199
4 25 95
4 26 40
4 27 132
4 28 182
4 29 12
4 30 40
4 31 146
4 32 133
4 33 12
4 34 174
4 35 167
4 36 13
4 37 111
4 38 35
4 39 103
4 40 75
4 41 169
4 42 171
4 43 120
4 44 8
4 45 111
4 46 23
4 47 38
4 48 142
4 49 104
4 50 40
4 51 148
4 52 68
4 53 55
4 54 151
4 55 62
4 56 42
4 57 154
4 58 173
4 59 28
4 60 152
4 61 23
4 62 104
4 63 11
4 64 38
4 65 44
4 66 149
4 67 176
4 68 64
4 69 181
4 70 64
4 71 124
4 72 191
4 73 100
4 74 135
4 75 44
4 76 18
4 77 161
4 78 2
4 79 172
4 80 117
4 81 16
4 82 142
4 83 106
4 84 187
4 85 152
4 86 161
4 87 142
4 88 162
4 89 134
4 90 173
4 91 47
4 92 199
4 93 97
4 94 164
4 95 50
4 96 49
4 97 173
4 98 95
4 99 178
5 6 119
5 7 51
5 8 156
5 9 97
5 10 58
5 11 69
5 12 20
5 13 24
5 14 176
5 15 67
5 16 163
5 17 150
5 18 97
5 19 126
5 20 191
5 21 94
5 22 91
5 23 134
5 24 187
5 25 150
5 26 129
5 27 160
5 28 167
5 29 29
5 30 53
5 31 9
5 32 113
5 33 151
5 34 33
5 35 66
5 36 78
5 37 56
5 38 154
5 39 18
5 40 26
5 41 187
5 42 125
5 43 91
5 44 151
5 45 77
5 46 160
5 47 30
5 48 181
5 49 48
5 50 47
5 51 183
5 52 31
5 53 140
5 54 0
5 55 74
5 56 174
5 57 30
5 58 44
5 59 84
5 60 0
5 61 166
5 62 165
5 63 37
5 64 119
5 65 138
5 66 68
5 67 40
5 68 3
5 69 147
5 70 18
5 71 73
5 72 51
5 73 182
5 74 186
5 75 166
5 76 49
5 77 185
5 78 121
5 79 147
5 80 93
5 81 50
5 82 153
5 83 36
5 84 124
5 85 22
5 86 87
5 87 173
5 88 77
5 89 68
5 90 2
5 91 163
5 92 104
5 93 12
5 94 33
5 95 72
5 96 113
5 97 93
5 98 136
5 99 100
6 7 82
6 8 154
6 9 166
6 10 110
6 11 84
6 12 152
6 13 6
6 14 37
6 15 17
6 16 196
6 17 146
6 18 142
6 19 105
6 20 0
6 21 98
6 22 80
6 23 62
6 24 53
6 25 127
6 26 146
6 27 49
6 28 70
6 29 11
6 30 191
6 31 123
6 32 167
6 33 141
6 34 62
6 35 183
6 36 55
6 37 197
6 38 40
6 39 133
6 40 131
6 41 49
6 42 90
6 43 137
6 44 132
6 45 99
6 46 76
6 47 19
6 48 13
6 49 85
6 50 88
6 51 126
6 52 69
6 53 166
6 54 61
6 55 16
6 56 138
6 57 85
6 58 159
6 59 77
6 60 171
6 61 101
6 62 115
6 63 5
6 64 124
6 65 57
6 66 50
6 67 32
6 68 111
6 69 197
6 70 38
6 71 51
6 72 100
6 73 166
6 74 49
6 75 144
6 76 194
6 77 173
6 78 67
6 79 24
6 80 22
6 81 131
6 82 157
6 83 20
6 84 42
6 85 178
6 86 180
6 87 139
6 88 190
6 89 198
6 90 187
6 91 36
6 92 91
6 93 196
6 94 119
6 95 120
6 96 168
6 97 12
6 98 116
6 99 22
7 8 197
7 9 178
7 10 166
7 11 137
7 12 111
7 13 88
7 14 188
7 15 149
7 16 13
7 17 61
7 18 7
7 19 34
7 20 31
7 21 50
7 22 151
7 23 45
7 24 80
7 25 8
7 26 75
7 27 139
7 28 15
7 29 129
7 30 31
7 31 92
7 32 71
7 33 38
7 34 74
7 35 77
7 36 192
7 37 159
7 38 156
7 39 24
7 40 192
7 41 90
7 42 78
7 43 91
7 44 84
7 45 196
7 46 48
7 47 107
7 48 137
7 49 56
7 50 152
7 51 137
7 52 47
7 53 180
7 54 123
7 55 121
7 56 42
7 57 134
7 58 89
7 59 179
7 60 108
7 61 23
7 62 170
7 63 32
7 64 184
7 65 23
7 66 93
7 67 156
7 68 6
7 69 50
7 70 99
7 71 83
7 72 50
7 73 193
7 74 75
7 75 81
7 76 23
7 77 20
7 78 167
7 79 177
7 80 87
7 81 153
7 82 48
7 83 148
7 84 8
7 85 44
7 86 136
7 87 199
7 88 131
7 89 126
7 90 17
7 91 66
7 92 168
7 93 33
7 94 138
7 95 118
7 96 89
7 97 102
7 98 86
7 99 71
8 9 75
8 10 57
8 11 15
8 12 145
8 13 33
8 14 171
8 15 2
8 16 153
8 17 24
8 18 90
8 19 192
8 20 40
8 21 181
8 22 1
8 23 19
8 24 165
8 25 177
8 26 137
8 27 182
8 28 93
8 29 109
8 30 183
8 31 40
8 32 66
8 33 145
8 34 32
8 35 22
8 36 162
8 37 115
8 38 34
8 39 191
8 40 86
8 41 23
8 42 133
8 43 89
8 44 16
8 45 115
8 46 47
8 47 116
8 48 51
8 49 122
8 50 130
8 51 123
8 52 85
8 53 25
8 54 81
8 55 155
8 56 7
8 57 55
8 58 90
8 59 27
8 60 154
8 61 111
8 62 66
8 63 39
8 64 165
8 65 36
8 66 5
8 67 32
8 68 59
8 69 148
8 70 193
8 71 177
8 72 138
8 73 60
8 74 122
8 75 57
8 76 177
8 77 169
8 78 58
8 79 49
8 80 106
8 81 81
8 82 132
8 83 186
8 84 97
8 85 151
8 86 176
8 87 41
8 88 33
8 89 92
8 90 0
8 91 24
8 92 156
8 93 15
8 94 63
8 95 189
8 96 85
8 97 118
8 98 133
8 99 144
9 10 179
9 11 7
9 12 68
9 13 154
9 14 6
9 15 145
9 16 20
9 17 98
9 18 191
9 19 186
9 20 21
9 21 186
9 22 11
9 23 113
9 24 94
9 25 74
9 26 106
9 27 28
9 28 36
9 29 141
9 30 99
9 31 161
9 32 64
9 33 140
9 34 16
9 35 6
9 36 163
9 37 190
9 38 177
9 39 20
9 40 130
9 41 138
9 42 5
9 43 178
9 44 138
9 45 186
9 46 105
9 47 73
9 48 105
9 49 114
9 50 58
9 51 183
9 52 159
9 53 54
9 54 19
9 55 89
9 56 145
9 57 143
9 58 98
9 59 20
9 60 132
9 61 81
9 62 52
9 63 171
9 64 102
9 65 161
9 66 89
9 67 56
9 68 110
9 69 162
9 70 96
9 71 109
9 72 134
9 73 143
9 74 138
9 75 59
9 76 184
9 77 87
9 78 105
9 79 62
9 80 128
9 81 79
9 82 165
9 83 71
9 84 175
9 85 125
9 86 35
9 87 31
9 88 9
9 89 49
9 90 197
9 91 147
9 92 32
9 93 149
9 94 91
9 95 157
9 96 24
9 97 59
9 98 7
9 99 151
10 11 126
10 12 90
10 13 169
10 14 36
10 15 170
10 16 130
10 17 101
10 18 167
10 19 20
10 20 20
10 21 97
10 22 86
10 23 103
10 24 148
10 25 55
10 26 73
10 27 42
10 28 48
10 29 148
10 30 96
10 31 105
10 32 180
10 33 28
10 34 48
10 35 65
10 36 69
10 37 120
10 38 34
10 39 170
10 40 60
10 41 82
10 42 112
10 43 21
10 44 138
10 45 154
10 46 91
10 47 16
10 48 0
10 49 145
10 50 62
10 51 197
10 52 194
10 53 142
10 54 149
10 55 156
10 56 82
10 57 77
10 58 85
10 59 80
10 60 44
10 61 57
10 62 67
10 63 91
10 64 117
10 65 112
10 66 129
10 67 135
10 68 135
10 69 180
10 70 196
10 71 26
10 72 64
10 73 160
10 74 84
10 75 3
10 76 90
10 77 86
10 78 92
10 79 55
10 80 175
10 81 117
10 82 160
10 83 21
10 84 100
10 85 112
10 86 85
10 87 52
10 88 154
10 89 34
10 90 143
10 91 53
10 92 98
10 93 8
10 94 79
10 95 31
10 96 6
10 97 184
10 98 153
10 99 43
11 12 174
11 13 5
11 14 72
11 15 98
11 16 65
11 17 11
11 18 171
11 19 157
11 20 167
11 21 17
11 22 67
11 23 137
11 24 44
11 25 93
11 26 118
11 27 86
11 28 105
11 29 54
11 30 115
11 31 71
11 32 199
11 33 65
11 34 154
11 35 162
11 36 52
11 37 102
11 38 159
11 39 95
11 40 113
11 41 165
11 42 199
11 43 138
11 44 134
11 45 184
11 46 69
11 47 4
11 48 132
11 49 174
11 50 145
11 51 115
11 52 123
11 53 78
11 54 105
11 55 101
11 56 23
11 57 156
11 58 183
11 59 121
11 60 81
11 61 86
11 62 155
11 63 142
11 64 153
11 65 10
11 66 77
11 67 111
11 68 54
11 69 169
11 70 82
11 71 70
11 72 152
11 73 49
11 74 110
11 75 35
11 76 182
11 77 85
11 78 125
11 79 159
11 80 11
11 81 73
11 82 105
11 83 62
11 84 48
11 85 129
11 86 112
11 87 121
11 88 134
11 89 169
11 90 41
11 91 22
11 92 166
11 93 197
11 94 82
11 95 72
11 96 197
11 97 152
11 98 143
11 99 91
12 13 74
12 14 54
12 15 13
12 16 80
12 17 37
12 18 129
12 19 143
12 20 200
12 21 31
12 22 65
12 23 177
12 24 43
12 25 22
12 26 117
12 27 88
12 28 141
12 29 21
12 30 98
12 31 31
12 32 137
12 33 1
12 34 76
12 35 134
12 36 184
12 37 146
12 38 179
12 39 76
12 40 89
12 41 137
12 42 145
12 43 127
12 44 199
12 45 73
12 46 101
12 47 18
12 48 107
12 49 179
12 50 40
12 51 42
12 52 110
12 53 25
12 54 17
12 55 115
12 56 105
12 57 92
12 58 129
12 59 128
12 60 154
12 61 136
12 62 93
12 63 109
12 64 42
12 65 62
12 66 174
12 67 197
12 68 171
12 69 89
12 70 184
12 71 6
12 72 164
12 73 105
12 74 102
12 75 193
12 76 152
12 77 154
12 78 45
12 79 39
12 80 108
12 81 15
12 82 99
12 83 10
12 84 168
12 85 90
12 86 101
12 87 58
12 88 197
12 89 40
12 90 14
12 91 150
12 92 139
12 93 154
12 94 5
12 95 164
12 96 92
12 97 180
12 98 168
12 99 31
13 14 146
13 15 62
13 16 23
13 17 174
13 18 100
13 19 152
13 20 30
13 21 196
13 22 187
13 23 7
13 24 100
13 25 137
13 26 6
13 27 191
13 28 187
13 29 142
13 30 152
13 31 156
13 32 101
13 33 163
13 34 110
13 35 93
13 36 185
13 37 94
13 38 26
13 39 89
13 40 176
13 41 107
13 42 106
13 43 62
13 44 31
13 45 41
13 46 74
13 47 166
13 48 197
13 49 84
13 50 115
13 51 94
13 52 109
13 53 196
13 54 47
13 55 169
13 56 166
13 57 12
13 58 120
13 59 106
13 60 183
13 61 143
13 62 140
13 63 169
13 64 104
13 65 52
13 66 29
13 67 7
13 68 46
13 69 132
13 70 88
13 71 58
13 72 106
13 73 143
13 74 97
13 75 192
13 76 15
13 77 30
13 78 50
13 79 171
13 80 94
13 81 187
13 82 106
13 83 123
13 84 156
13 85 73
13 86 150
13 87 32
13 88 128
13 89 105
13 90 39
13 91 127
13 92 200
13 93 69
13 94 14
13 95 85
13 96 12
13 97 111
13 98 38
13 99 104
14 15 63
14 16 85
14 17 178
14 18 128
14 19 102
14 20 86
14 21 29
14 22 34
14 23 139
14 24 14
14 25 71
14 26 0
14 27 168
14 28 53
14 29 91
14 30 89
14 31 74
14 32 191
14 33 162
14 34 31
14 35 150
14 36 31
14 37 199
14 38 88
14 39 172
14 40 38
14 41 8
14 42 16
14 43 188
14 44 105
14 45 101
14 46 100
14 47 31
14 48 53
14 49 118
14 50 2
14 51 5
14 52 88
14 53 178
14 54 187
14 55 68
14 56 15
14 57 155
14 58 90
14 59 107
14 60 100
14 61 46
14 62 86
14 63 144
14 64 150
14 65 162
14 66 106
14 67 87
14 68 135
14 69 5
14 70 175
14 71 172
14 72 138
14 73 13
14 74 113
14 75 107
14 76 61
14 77 156
14 78 172
14 79 14
14 80 38
14 81 82
14 82 169
14 83 153
14 84 174
14 85 7
14 86 39
14 87 9
14 88 9
14 89 169
14 90 141
14 91 37
14 92 126
14 93 127
14 94 91
14 95 129
14 96 3
14 97 179
14 98 67
14 99 5
15 16 85
15 17 4
15 18 164
15 19 58
15 20 126
15 21 123
15 22 177
15 23 61
15 24 127
15 25 38
15 26 81
15 27 36
15 28 5
15 29 4
15 30 90
15 31 113
15 32 0
15 33 139
15 34 92
15 35 73
15 36 46
15 37 52
15 38 74
15 39 138
15 40 28
15 41 200
15 42 5
15 43 150
15 44 11
15 45 182
15 46 106
15 47 107
15 48 176
15 49 128
15 50 8
15 51 120
15 52 197
15 53 42
15 54 29
15 55 169
15 56 182
15 57 172
15 58 62
15 59 90
15 60 177
15 61 104
15 62 15
15 63 52
15 64 130
15 65 44
15 66 19
15 67 9
15 68 1
15 69 147
15 70 7
15 71 101
15 72 121
15 73 197
15 74 38
15 75 125
15 76 142
15 77 59
15 78 109
15 79 131
15 80 49
15 81 11
15 82 5
15 83 182
15 84 43
15 85 37
15 86 89
15 87 115
15 88 184
15 89 113
15 90 140
15 91 146
15 92 130
15 93 59
15 94 175
15 95 57
15 96 7
15 97 94
15 98 166
15 99 116
16 17 0
16 18 25
16 19 192
16 20 80
16 21 198
16 22 108
16 23 33
16 24 157
16 25 119
16 26 71
16 27 115
16 28 81
16 29 178
16 30 57
16 31 184
16 32 61
16 33 181
16 34 102
16 35 32
16 36 65
16 37 189
16 38 146
16 39 10
16 40 163
16 41 31
16 42 23
16 43 187
16 44 23
16 45 33
16 46 196
16 47 92
16 48 57
16 49 63
16 50 126
16 51 139
16 52 164
16 53 64
16 54 155
16 55 155
16 56 120
16 57 198
16 58 45
16 59 31
16 60 190
16 61 189
16 62 170
16 63 37
16 64 168
16 65 34
16 66 114
16 67 96
16 68 69
16 69 104
16 70 20
16 71 182
16 72 123
16 73 83
16 74 127
16 75 113
16 76 28
16 77 55
16 78 163
16 79 24
16 80 102
16 81 97
16 82 192
16 83 180
16 84 80
16 85 22
16 86 191
16 87 87
16 88 60
16 89 96
16 90 56
16 91 182
16 92 29
16 93 141
16 94 46
16 95 126
16 96 145
16 97 188
16 98 136
16 99 78
17 18 83
17 19 129
17 20 87
17 21 41
17 22 51
17 23 93
17 24 76
17 25 171
17 26 10
17 27 174
17 28 136
17 29 36
17 30 0
17 31 135
17 32 118
17 33 129
17 34 160
17 35 177
17 36 166
17 37 76
17 38 115
17 39 22
17 40 187
17 41 87
17 42 16
17 43 148
17 44 1
17 45 172
17 46 199
17 47 183
17 48 64
17 49 181
17 50 52
17 51 78
17 52 75
17 53 117
17 54 146
17 55 25
17 56 90
17 57 57
17 58 123
17 59 3
17 60 98
17 61 6
17 62 91
17 63 194
17 64 5
17 65 90
17 66 34
17 67 34
17 68 190
17 69 74
17 70 65
17 71 8
17 72 149
17 73 26
17 74 38
17 75 124
17 76 148
17 77 141
17 78 18
17 79 74
17 80 170
17 81 68
17 82 198
17 83 175
17 84 71
17 85 173
17 86 4
17 87 24
17 88 20
17 89 30
17 90 177
17 91 102
17 92 125
17 93 117
17 94 65
17 95 113
17 96 79
17 97 13
17 98 75
17 99 78
18 19 164
18 20 75
18 21 142
18 22 53
18 23 115
18 24 2
18 25 33
18 26 167
18 27 4
18 28 79
18 29 30
18 30 76
18 31 110
18 32 56
18 33 24
18 34 6
18 35 168
18 36 15
18 37 42
18 38 49
18 39 17
18 40 55
18 41 32
18 42 186
18 43 56
18 44 106
18 45 24
18 46 171
18 47 50
18 48 139
18 49 154
18 50 41
18 51 31
18 52 149
18 53 42
18 54 3
18 55 98
18 56 157
18 57 155
18 58 145
18 59 111
18 60 45
18 61 169
18 62 48
18 63 16
18 64 106
18 65 12
18 66 15
18 67 122
18 68 12
18 69 128
18 70 94
18 71 116
18 72 197
18 73 144
18 74 192
18 75 55
18 76 139
18 77 192
18 78 88
18 79 153
18 80 10
18 81 130
18 82 6
18 83 129
18 84 88
18 85 105
18 86 116
18 87 20
18 88 138
18 89 138
18 90 192
18 91 196
18 92 12
18 93 48
18 94 181
18 95 92
18 96 118
18 97 60
18 98 31
18 99 40
19 20 195
19 21 186
19 22 130
19 23 129
19 24 163
19 25 88
19 26 80
19 27 53
19 28 188
19 29 107
19 30 99
19 31 92
19 32 61
19 33 123
19 34 8
19 35 24
19 36 119
19 37 2
19 38 43
19 39 187
19 40 17
19 41 78
19 42 127
19 43 121
19 44 21
19 45 119
19 46 26
19 47 166
19 48 1
19 49 68
19 50 138
19 51 19
19 52 97
19 53 141
19 54 83
19 55 38
19 56 109
19 57 91
19 58 24
19 59 165
19 60 12
19 61 102
19 62 193
19 63 51
19 64 183
19 65 197
19 66 137
19 67 25
19 68 102
19 69 19
19 70 81
19 71 119
19 72 166
19 73 96
19 74 9
19 75 35
19 76 103
19 77 110
19 78 120
19 79 42
19 80 59
19 81 149
19 82 131
19 83 136
19 84 9
19 85 120
19 86 170
19 87 46
19 88 182
19 89 80
19 90 158
19 91 0
19 92 64
19 93 116
19 94 161
19 95 33
19 96 41
19 97 45
19 98 100
19 99 53
20 21 133
20 22 177
20 23 117
20 24 73
20 25 123
20 26 98
20 27 67
20 28 164
20 29 160
20 30 133
20 31 123
20 32 153
20 33 185
20 34 129
20 35 117
20 36 190
20 37 167
20 38 182
20 39 46
20 40 184
20 41 31
20 42 189
20 43 25
20 44 185
20 45 139
20 46 183
20 47 147
20 48 159
20 49 182
20 50 99
20 51 2
20 52 189
20 53 78
20 54 183
20 55 156
20 56 56
20 57 12
20 58 111
20 59 66
20 60 68
20 61 35
20 62 118
20 63 126
20 64 193
20 65 164
20 66 100
20 67 120
20 68 105
20 69 125
20 70 65
20 71 191
20 72 192
20 73 18
20 74 194
20 75 39
20 76 173
20 77 182
20 78 36
20 79 108
20 80 134
20 81 118
20 82 6
20 83 119
20 84 30
20 85 78
20 86 46
20 87 111
20 88 65
20 89 162
20 90 74
20 91 68
20 92 19
20 93 126
20 94 195
20 95 126
20 96 144
20 97 10
20 98 178
20 99 130
21 22 95
21 23 70
21 24 39
21 25 144
21 26 110
21 27 106
21 28 2
21 29 176
21 30 45
21 31 135
21 32 62
21 33 125
21 34 9
21 35 197
21 36 83
21 37 86
21 38 51
21 39 76
21 40 17
21 41 140
21 42 163
21 43 30
21 44 69
21 45 26
21 46 155
21 47 74
21 48 149
21 49 112
21 50 20
21 51 87
21 52 52
21 53 102
21 54 113
21 55 199
21 56 91
21 57 93
21 58 177
21 59 70
21 60 78
21 61 191
21 62 112
21 63 55
21 64 55
21 65 196
21 66 38
21 67 190
21 68 133
21 69 113
21 70 39
21 71 143
21 72 92
21 73 47
21 74 138
21 75 8
21 76 67
21 77 27
21 78 97
21 79 54
21 80 93
21 81 106
21 82 145
21 83 76
21 84 137
21 85 0
21 86 60
21 87 172
21 88 78
21 89 140
21 90 32
21 91 158
21 92 56
21 93 101
21 94 160
21 95 197
21 96 179
21 97 166
21 98 70
21 99 59
22 23 184
22 24 5
22 25 31
22 26 172
22 27 179
22 28 17
22 29 9
22 30 192
22 31 29
22 32 24
22 33 6
22 34 189
22 35 33
22 36 169
22 37 86
22 38 34
22 39 100
22 40 121
22 41 40
22 42 179
22 43 71
22 44 116
22 45 176
22 46 13
22 47 99
22 48 103
22 49 134
22 50 21
22 51 146
22 52 20
22 53 131
22 54 126
22 55 190
22 56 123
22 57 121
22 58 4
22 59 167
22 60 50
22 61 20
22 62 45
22 63 48
22 64 138
22 65 80
22 66 61
22 67 36
22 68 52
22 69 187
22 70 60
22 71 51
22 72 127
22 73 128
22 74 159
22 75 134
22 76 153
22 77 116
22 78 14
22 79 40
22 80 141
22 81 101
22 82 89
22 83 168
22 84 42
22 85 29
22 86 55
22 87 100
22 88 15
22 89 87
22 90 137
22 91 199
22 92 158
22 93 85
22 94 64
22 95 41
22 96 116
22 97 181
22 98 42
22 99 171
23 24 159
23 25 52
23 26 86
23 27 14
23 28 45
23 29 183
23 30 119
23 31 73
23 32 83
23 33 30
23 34 156
23 35 79
23 36 5
23 37 143
23 38 79
23 39 86
23 40 60
23 41 177
23 42 170
23 43 162
23 44 3
23 45 83
23 46 39
23 47 146
23 48 119
23 49 33
23 50 179
23 51 79
23 52 63
23 53 83
23 54 77
23 55 27
23 56 73
23 57 98
23 58 94
23 59 200
23 60 168
23 61 11
23 62 167
23 63 155
23 64 92
23 65 195
23 66 90
23 67 16
23 68 198
23 69 181
23 70 15
23 71 136
23 72 116
23 73 64
23 74 19
23 75 32
23 76 149
23 77 153
23 78 26
23 79 52
23 80 60
23 81 21
23 82 7
23 83 79
23 84 106
23 85 142
23 86 107
23 87 78
23 88 59
23 89 25
23 90 107
23 91 163
23 92 162
23 93 43
23 94 29
23 95 163
23 96 68
23 97 10
23 98 2
23 99 113
24 25 191
24 26 135
24 27 174
24 28 162
24 29 143
24 30 100
24 31 103
24 32 102
24 33 159
24 34 144
24 35 121
24 36 177
24 37 97
24 38 116
24 39 165
24 40 77
24 41 199
24 42 173
24 43 197
24 44 92
24 45 198
24 46 179
24 47 71
24 48 2
24 49 195
24 50 151
24 51 2
24 52 131
24 53 154
24 54 148
24 55 99
24 56 167
24 57 40
24 58 62
24 59 54
24 60 99
24 61 137
24 62 158
24 63 41
24 64 124
24 65 48
24 66 185
24 67 140
24 68 40
24 69 80
24 70 87
24 71 199
24 72 29
24 73 136
24 74 87
24 75 5
24 76 94
24 77 79
24 78 179
24 79 143
24 80 72
24 81 166
24 82 48
24 83 46
24 84 78
24 85 197
24 86 138
24 87 40
24 88 181
24 89 168
24 90 150
24 91 171
24 92 70
24 93 137
24 94 152
24 95 185
24 96 182
24 97 96
24 98 69
24 99 47
25 26 96
25 27 15
25 28 139
25 29 77
25 30 10
25 31 79
25 32 52
25 33 28
25 34 125
25 35 165
25 36 156
25 37 126
25 38 121
25 39 118
25 40 22
25 41 28
25 42 85
25 43 84
25 44 119
25 45 198
25 46 54
25 47 110
25 48 170
25 49 111
25 50 110
25 51 128
25 52 13
25 53 186
25 54 29
25 55 197
25 56 147
25 57 161
25 58 180
25 59 31
25 60 186
25 61 48
25 62 191
25 63 28
25 64 60
25 65 179
25 66 93
25 67 16
25 68 6
25 69 69
25 70 117
25 71 173
25 72 154
25 73 9
25 74 96
25 75 180
25 76 159
25 77 72
25 78 59
25 79 133
25 80 153
25 81 29
25 82 187
25 83 72
25 84 104
25 85 45
25 86 181
25 87 38
25 88 137
25 89 31
25 90 42
25 91 160
25 92 152
25 93 104
25 94 166
25 95 13
25 96 117
25 97 5
25 98 63
25 99 106
26 27 197
26 28 191
26 29 157
26 30 21
26 31 41
26 32 125
26 33 21
26 34 188
26 35 83
26 36 146
26 37 149
26 38 86
26 39 27
26 40 172
26 41 98
26 42 64
26 43 174
26 44 88
26 45 11
26 46 162
26 47 141
26 48 29
26 49 132
26 50 164
26 51 58
26 52 152
26 53 48
26 54 120
26 55 124
26 56 129
26 57 117
26 58 126
26 59 65
26 60 175
26 61 183
26 62 5
26 63 146
26 64 74
26 65 101
26 66 17
26 67 49
26 68 51
26 69 67
26 70 165
26 71 56
26 72 127
26 73 121
26 74 99
26 75 178
26 76 70
26 77 142
26 78 149
26 79 168
26 80 199
26 81 151
26 82 4
26 83 99
26 84 158
26 85 134
26 86 162
26 87 170
26 88 48
26 89 191
26 90 2
26 91 151
26 92 29
26 93 29
26 94 66
26 95 107
26 96 115
26 97 132
26 98 124
26 99 83
27 28 134
27 29 71
27 30 133
27 31 189
27 32 102
27 33 156
27 34 188
27 35 102
27 36 47
27 37 111
27 38 134
27 39 145
27 40 78
27 41 7
27 42 25
27 43 141
27 44 186
27 45 75
27 46 42
27 47 17
27 48 93
27 49 178
27 50 200
27 51 172
27 52 5
27 53 174
27 54 177
27 55 53
27 56 185
27 57 94
27 58 132
27 59 47
27 60 127
27 61 174
27 62 0
27 63 8
27 64 186
27 65 173
27 66 72
27 67 151
27 68 113
27 69 91
27 70 57
27 71 91
27 72 43
27 73 151
27 74 8
27 75 99
27 76 150
27 77 110
27 78 66
27 79 4
27 80 104
27 81 72
27 82 94
27 83 34
27 84 14
27 85 22
27 86 189
27 87 155
27 88 173
27 89 54
27 90 0
27 91 79
27 92 32
27 93 122
27 94 11
27 95 184
27 96 93
27 97 128
27 98 43
27 99 80
28 29 29
28 30 148
28 31 190
28 32 105
28 33 157
28 34 98
28 35 38
28 36 68
28 37 79
28 38 117
28 39 138
28 40 132
28 41 117
28 42 143
28 43 96
28 44 29
28 45 1
28 46 177
28 47 78
28 48 151
28 49 185
28 50 85
28 51 8
28 52 55
28 53 198
28 54 163
28 55 82
28 56 78
28 57 8
28 58 19
28 59 119
28 60 49
28 61 21
28 62 161
28 63 191
28 64 39
28 65 42
28 66 146
28 67 193
28 68 2
28 69 158
28 70 155
28 71 105
28 72 84
28 73 166
28 74 22
28 75 111
28 76 24
28 77 147
28 78 134
28 79 64
28 80 166
28 81 60
28 82 149
28 83 80
28 84 163
28 85 29
28 86 72
28 87 145
28 88 155
28 89 101
28 90 15
28 91 139
28 92 94
28 93 24
28 94 157
28 95 121
28 96 75
28 97 14
28 98 86
28 99 2
29 30 174
29 31 150
29 32 93
29 33 83
29 34 35
29 35 62
29 36 126
29 37 57
29 38 117
29 39 131
29 40 184
29 41 63
29 42 92
29 43 145
29 44 14
29 45 148
29 46 191
29 47 66
29 48 85
29 49 50
29 50 43
29 51 130
29 52 153
29 53 4
29 54 16
29 55 190
29 56 18
29 57 52
29 58 77
29 59 182
29 60 115
29 61 188
29 62 132
29 63 108
29 64 134
29 65 183
29 66 165
29 67 62
29 68 61
29 69 107
29 70 122
29 71 142
29 72 184
29 73 123
29 74 150
29 75 80
29 76 97
29 77 125
29 78 88
29 79 143
29 80 131
29 81 63
29 82 97
29 83 71
29 84 88
29 85 195
29 86 104
29 87 25
29 88 141
29 89 8
29 90 173
29 91 17
29 92 65
29 93 37
29 94 25
29 95 82
29 96 164
29 97 67
29 98 137
29 99 176
30 31 31
30 32 5
30 33 50
30 34 48
30 35 56
30 36 143
30 37 166
30 38 166
30 39 146
30 40 193
30 41 27
30 42 114
30 43 177
30 44 18
30 45 20
30 46 199
30 47 112
30 48 14
30 49 70
30 50 28
30 51 88
30 52 145
30 53 67
30 54 145
30 55 41
30 56 162
30 57 82
30 58 198
30 59 115
30 60 31
30 61 87
30 62 66
30 63 29
30 64 157
30 65 28
30 66 109
30 67 116
30 68 36
30 69 119
30 70 92
30 71 173
30 72 175
30 73 123
30 74 96
30 75 97
30 76 169
30 77 87
30 78 40
30 79 101
30 80 66
30 81 123
30 82 11
30 83 68
30 84 101
30 85 42
30 86 19
30 87 104
30 88 86
30 89 69
30 90 88
30 91 7
30 92 17
30 93 1
30 94 58
30 95 40
30 96 192
30 97 199
30 98 58
30 99 68
31 32 111
31 33 77
31 34 7
31 35 48
31 36 124
31 37 62
31 38 74
31 39 149
31 40 192
31 41 120
31 42 165
31 43 58
31 44 176
31 45 77
31 46 112
31 47 156
31 48 75
31 49 10
31 50 42
31 51 131
31 52 17
31 53 110
31 54 21
31 55 167
31 56 178
31 57 25
31 58 129
31 59 117
31 60 108
31 61 32
31 62 148
31 63 14
31 64 193
31 65 25
31 66 48
31 67 186
31 68 86
31 69 75
31 70 144
31 71 165
31 72 11
31 73 124
31 74 157
31 75 43
31 76 12
31 77 40
31 78 181
31 79 172
31 80 95
31 81 106
31 82 150
31 83 58
31 84 65
31 85 29
31 86 47
31 87 196
31 88 39
31 89 45
31 90 89
31 91 20
31 92 30
31 93 14
31 94 53
31 95 179
31 96 119
31 97 166
31 98 12
31 99 168
32 33 74
32 34 16
32 35 15
32 36 33
32 37 161
32 38 168
32 39 69
32 40 79
32 41 190
32 42 166
32 43 17
32 44 175
32 45 148
32 46 147
32 47 102
32 48 126
32 49 144
32 50 141
32 51 185
32 52 138
32 53 196
32 54 67
32 55 5
32 56 39
32 57 31
32 58 147
32 59 110
32 60 116
32 61 152
32 62 100
32 63 1
32 64 144
32 65 153
32 66 130
32 67 93
32 68 41
32 69 179
32 70 179
32 71 92
32 72 96
32 73 102
32 74 62
32 75 151
32 76 76
32 77 5
32 78 69
32 79 105
32 80 102
32 81 171
32 82 175
32 83 73
32 84 9
32 85 140
32 86 156
32 87 11
32 88 64
32 89 55
32 90 139
32 91 125
32 92 91
32 93 96
32 94 14
32 95 172
32 96 52
32 97 100
32 98 131
32 99 92
33 34 95
33 35 59
33 36 11
33 37 67
33 38 111
33 39 42
33 40 146
33 41 139
33 42 66
33 43 62
33 44 127
33 45 5
33 46 175
33 47 28
33 48 78
33 49 123
33 50 59
33 51 16
33 52 107
33 53 102
33 54 95
33 55 43
33 56 107
33 57 37
33 58 41
33 59 199
33 60 118
33 61 182
33 62 91
33 63 129
33 64 143
33 65 195
33 66 189
33 67 171
33 68 96
33 69 199
33 70 112
33 71 137
33 72 83
33 73 65
33 74 86
33 75 24
33 76 74
33 77 6
33 78 7
33 79 87
33 80 14
33 81 179
33 82 186
33 83 87
33 84 101
33 85 98
33 86 45
33 87 77
33 88 30
33 89 138
33 90 12
33 91 21
33 92 175
33 93 1
33 94 12
33 95 110
33 96 190
33 97 126
33 98 24
33 99 13
34 35 168
34 36 1
34 37 53
34 38 179
34 39 140
34 40 35
34 41 167
34 42 168
34 43 36
34 44 75
34 45 2
34 46 31
34 47 195
34 48 200
34 49 47
34 50 198
34 51 144
34 52 69
34 53 97
34 54 82
34 55 125
34 56 90
34 57 8
34 58 33
34 59 25
34 60 167
34 61 174
34 62 165
34 63 62
34 64 89
34 65 35
34 66 8
34 67 154
34 68 146
34 69 12
34 70 173
34 71 168
34 72 181
34 73 108
34 74 100
34 75 21
34 76 23
34 77 8
34 78 175
34 79 77
34 80 130
34 81 34
34 82 147
34 83 28
34 84 153
34 85 17
34 86 12
34 87 125
34 88 139
34 89 103
34 90 58
34 91 144
34 92 57
34 93 130
34 94 18
34 95 137
34 96 89
34 97 51
34 98 133
34 99 30
35 36 16
35 37 180
35 38 26
35 39 127
35 40 184
35 41 161
35 42 57
35 43 98
35 44 105
35 45 113
35 46 54
35 47 101
35 48 117
35 49 7
35 50 113
35 51 55
35 52 48
35 53 170
35 54 176
35 55 163
35 56 98
35 57 92
35 58 182
35 59 144
35 60 7
35 61 191
35 62 58
35 63 137
35 64 138
35 65 76
35 66 130
35 67 121
35 68 143
35 69 191
35 70 113
35 71 107
35 72 185
35 73 9
35 74 162
35 75 131
35 76 109
35 77 178
35 78 196
35 79 140
35 80 39
35 81 158
35 82 6
35 83 64
35 84 174
35 85 192
35 86 81
35 87 142
35 88 32
35 89 131
35 90 8
35 91 74
35 92 125
35 93 147
35 94 98
35 95 28
35 96 143
35 97 135
35 98 106
35 99 22
36 37 32
36 38 186
36 39 72
36 40 36
36 41 142
36 42 176
36 43 2
36 44 61
36 45 41
36 46 157
36 47 22
36 48 33
36 49 111
36 50 182
36 51 41
36 52 18
36 53 92
36 54 58
36 55 141
36 56 52
36 57 133
36 58 137
36 59 97
36 60 174
36 61 114
36 62 40
36 63 114
36 64 81
36 65 167
36 66 147
36 67 200
36 68 10
36 69 27
36 70 46
36 71 164
36 72 79
36 73 103
36 74 18
36 75 70
36 76 63
36 77 101
36 78 163
36 79 131
36 80 115
36 81 19
36 82 85
36 83 108
36 84 52
36 85 8
36 86 136
36 87 145
36 88 156
36 89 122
36 90 37
36 91 108
36 92 50
36 93 142
36 94 146
36 95 195
36 96 158
36 97 84
36 98 52
36 99 103
37 38 188
37 39 188
37 40 127
37 41 95
37 42 93
37 43 38
37 44 106
37 45 62
37 46 59
37 47 179
37 48 42
37 49 131
37 50 98
37 51 115
37 52 107
37 53 57
37 54 65
37 55 6
37 56 165
37 57 62
37 58 42
37 59 80
37 60 65
37 61 127
37 62 22
37 63 36
37 64 53
37 65 34
37 66 108
37 67 26
37 68 16
37 69 69
37 70 18
37 71 8
37 72 54
37 73 29
37 74 28
37 75 149
37 76 151
37 77 91
37 78 45
37 79 37
37 80 128
37 81 157
37 82 123
37 83 117
37 84 71
37 85 148
37 86 164
37 87 103
37 88 90
37 89 82
37 90 25
37 91 31
37 92 23
37 93 143
37 94 88
37 95 184
37 96 30
37 97 145
37 98 46
37 99 184
38 39 38
38 40 148
38 41 87
38 42 128
38 43 94
38 44 21
38 45 64
38 46 24
38 47 23
38 48 99
38 49 129
38 50 68
38 51 98
38 52 130
38 53 141
38 54 86
38 55 11
38 56 171
38 57 80
38 58 147
38 59 21
38 60 76
38 61 0
38 62 69
38 63 54
38 64 60
38 65 91
38 66 131
38 67 184
38 68 128
38 69 118
38 70 32
38 71 44
38 72 101
38 73 150
38 74 68
38 75 97
38 76 143
38 77 74
38 78 90
38 79 127
38 80 179
38 81 84
38 82 17
38 83 195
38 84 6
38 85 169
38 86 189
38 87 66
38 88 199
38 89 188
38 90 52
38 91 145
38 92 82
38 93 76
38 94 39
38 95 4
38 96 10
38 97 0
38 98 36
38 99 12
39 40 96
39 41 139
39 42 74
39 43 132
39 44 183
39 45 171
39 46 105
39 47 42
39 48 21
39 49 124
39 50 32
39 51 49
39 52 34
39 53 98
39 54 168
39 55 146
39 56 19
39 57 50
39 58 68
39 59 64
39 60 47
39 61 41
39 62 1
39 63 74
39 64 161
39 65 39
39 66 126
39 67 198
39 68 2
39 69 144
39 70 196
39 71 187
39 72 191
39 73 13
39 74 91
39 75 83
39 76 146
39 77 62
39 78 70
39 79 57
39 80 169
39 81 146
39 82 110
39 83 117
39 84 53
39 85 189
39 86 22
39 87 16
39 88 101
39 89 121
39 90 38
39 91 180
39 92 105
39 93 63
39 94 58
39 95 14
39 96 115
39 97 78
39 98 108
39 99 29
40 41 18
40 42 43
40 43 146
40 44 71
40 45 42
40 46 32
40 47 71
40 48 133
40 49 72
40 50 107
40 51 14
40 52 27
40 53 115
40 54 147
40 55 85
40 56 180
40 57 186
40 58 79
40 59 62
40 60 200
40 61 159
40 62 120
40 63 169
40 64 200
40 65 4
40 66 163
40 67 121
40 68 9
40 69 181
40 70 18
40 71 98
40 72 16
40 73 36
40 74 46
40 75 58
40 76 181
40 77 111
40 78 118
40 79 36
40 80 103
40 81 27
40 82 52
40 83 167
40 84 164
40 85 187
40 86 124
40 87 35
40 88 196
40 89 177
40 90 155
40 91 136
40 92 114
40 93 157
40 94 173
40 95 134
40 96 65
40 97 189
40 98 141
40 99 101
41 42 71
41 43 126
41 44 167
41 45 126
41 46 48
41 47 72
41 48 10
41 49 51
41 50 69
41 51 21
41 52 88
41 53 50
41 54 114
41 55 63
41 56 105
41 57 81
41 58 140
41 59 69
41 60 61
41 61 100
41 62 71
41 63 170
41 64 155
41 65 166
41 66 159
41 67 95
41 68 188
41 69 33
41 70 55
41 71 49
41 72 105
41 73 159
41 74 149
41 75 57
41 76 113
41 77 5
41 78 52
41 79 178
41 80 39
41 81 73
41 82 97
41 83 185
41 84 92
41 85 48
41 86 126
41 87 131
41 88 10
41 89 182
41 90 144
41 91 188
41 92 186
41 93 54
41 94 42
41 95 24
41 96 18
41 97 109
41 98 171
41 99 76
42 43 5
42 44 112
42 45 10
42 46 99
42 47 90
42 48 150
42 49 105
42 50 125
42 51 87
42 52 16
42 53 73
42 54 49
42 55 179
42 56 61
42 57 77
42 58 21
42 59 165
42 60 146
42 61 43
42 62 148
42 63 75
42 64 125
42 65 190
42 66 108
42 67 116
42 68 199
42 69 102
42 70 140
42 71 87
42 72 75
42 73 68
42 74 70
42 75 8
42 76 24
42 77 155
42 78 34
42 79 119
42 80 39
42 81 168
42 82 42
42 83 162
42 84 188
42 85 50
42 86 129
42 87 18
42 88 71
42 89 95
42 90 191
42 91 56
42 92 55
42 93 136
42 94 1
42 95 33
42 96 67
42 97 81
42 98 177
42 99 135
43 44 0
43 45 140
43 46 17
43 47 107
43 48 39
43 49 134
43 50 156
43 51 88
43 52 199
43 53 108
43 54 25
43 55 163
43 56 96
43 57 175
43 58 118
43 59 53
43 60 111
43 61 66
43 62 187
43 63 59
43 64 18
43 65 138
43 66 64
43 67 7
43 68 14
43 69 177
43 70 109
43 71 90
43 72 9
43 73 99
43 74 4
43 75 72
43 76 66
43 77 143
43 78 144
43 79 102
43 80 72
43 81 82
43 82 107
43 83 44
43 84 198
43 85 158
43 86 90
43 87 30
43 88 77
43 89 128
43 90 88
43 91 164
43 92 160
43 93 165
43 94 173
43 95 132
43 96 63
43 97 87
43 98 76
43 99 103
44 45 133
44 46 57
44 47 106
44 48 147
44 49 107
44 50 42
44 51 33
44 52 183
44 53 42
44 54 163
44 55 115
44 56 191
44 57 79
44 58 170
44 59 180
44 60 183
44 61 125
44 62 81
44 63 137
44 64 84
44 65 1
44 66 92
44 67 168
44 68 146
44 69 106
44 70 115
44 71 26
44 72 98
44 73 0
44 74 113
44 75 81
44 76 47
44 77 10
44 78 77
44 79 113
44 80 68
44 81 124
44 82 52
44 83 11
44 84 73
44 85 100
44 86 104
44 87 194
44 88 121
44 89 122
44 90 15
44 91 125
44 92 51
44 93 197
44 94 178
44 95 34
44 96 169
44 97 175
44 98 63
44 99 161
45 46 58
45 47 57
45 48 116
45 49 33
45 50 166
45 51 144
45 52 126
45 53 120
45 54 31
45 55 138
45 56 177
45 57 84
45 58 158
45 59 151
45 60 125
45 61 167
45 62 17
45 63 132
45 64 71
45 65 43
45 66 76
45 67 69
45 68 167
45 69 72
45 70 58
45 71 123
45 72 17
45 73 40
45 74 118
45 75 43
45 76 10
45 77 137
45 78 58
45 79 5
45 80 75
45 81 75
45 82 72
45 83 46
45 84 110
45 85 192
45 86 49
45 87 179
45 88 14
45 89 120
45 90 4
45 91 28
45 92 181
45 93 116
45 94 51
45 95 0
45 96 174
45 97 188
45 98 27
45 99 133
46 47 12
46 48 40
46 49 95
46 50 199
46 51 120
46 52 24
46 53 60
46 54 89
46 55 142
46 56 62
46 57 136
46 58 172
46 59 138
46 60 119
46 61 39
46 62 79
46 63 141
46 64 191
46 65 74
46 66 71
46 67 159
46 68 28
46 69 27
46 70 16
46 71 127
46 72 155
46 73 66
46 74 167
46 75 183
46 76 99
46 77 172
46 78 101
46 79 100
46 80 99
46 81 120
46 82 124
46 83 90
46 84 16
46 85 34
46 86 129
46 87 165
46 88 146
46 89 178
46 90 21
46 91 60
46 92 34
46 93 155
46 94 52
46 95 56
46 96 109
46 97 110
46 98 131
46 99 66
47 48 44
47 49 171
47 50 6
47 51 25
47 52 133
47 53 65
47 54 64
47 55 176
47 56 113
47 57 32
47 58 98
47 59 39
47 60 120
47 61 110
47 62 45
47 63 50
47 64 116
47 65 54
47 66 149
47 67 98
47 68 177
47 69 16
47 70 35
47 71 76
47 72 139
47 73 193
47 74 14
47 75 197
47 76 63
47 77 41
47 78 48
47 79 89
47 80 26
47 81 57
47 82 56
47 83 163
47 84 75
47 85 73
47 86 145
47 87 12
47 88 116
47 89 112
47 90 109
47 91 38
47 92 166
47 93 94
47 94 134
47 95 134
47 96 70
47 97 107
47 98 152
47 99 10
48 49 20
48 50 46
48 51 32
48 52 45
48 53 177
48 54 38
48 55 51
48 56 7
48 57 30
48 58 0
48 59 193
48 60 107
48 61 169
48 62 137
48 63 163
48 64 49
48 65 13
48 66 13
48 67 97
48 68 126
48 69 186
48 70 12
48 71 134
48 72 21
48 73 102
48 74 28
48 75 28
48 76 137
48 77 157
48 78 59
48 79 81
48 80 144
48 81 56
48 82 138
48 83 197
48 84 36
48 85 96
48 86 59
48 87 115
48 88 25
48 89 90
48 90 163
48 91 124
48 92 6
48 93 197
48 94 23
48 95 37
48 96 16
48 97 136
48 98 50
48 99 196
49 50 5
49 51 4
49 52 144
49 53 133
49 54 103
49 55 167
49 56 23
49 57 26
49 58 149
49 59 179
49 60 92
49 61 106
49 62 134
49 63 77
49 64 113
49 65 69
49 66 134
49 67 132
49 68 115
49 69 84
49 70 142
49 71 84
49 72 1
49 73 131
49 74 191
49 75 8
49 76 30
49 77 58
49 78 143
49 79 86
49 80 118
49 81 161
49 82 123
49 83 103
49 84 189
49 85 176
49 86 78
49 87 104
49 88 190
49 89 163
49 90 51
49 91 127
49 92 41
49 93 113
49 94 121
49 95 71
49 96 33
49 97 117
49 98 112
49 99 84
50 51 86
50 52 17
50 53 82
50 54 5
50 55 51
50 56 182
50 57 127
50 58 95
50 59 95
50 60 191
50 61 173
50 62 146
50 63 75
50 64 120
50 65 64
50 66 2
50 67 64
50 68 29
50 69 183
50 70 35
50 71 89
50 72 164
50 73 176
50 74 124
50 75 114
50 76 22
50 77 135
50 78 131
50 79 17
50 80 173
50 81 3
50 82 192
50 83 145
50 84 33
50 85 199
50 86 3
50 87 156
50 88 184
50 89 25
50 90 74
50 91 77
50 92 60
50 93 16
50 94 151
50 95 93
50 96 97
50 97 29
50 98 26
50 99 54
51 52 27
51 53 128
51 54 22
51 55 40
51 56 192
51 57 174
51 58 139
51 59 89
51 60 196
51 61 37
51 62 56
51 63 125
51 64 147
51 65 116
51 66 50
51 67 190
51 68 101
51 69 98
51 70 18
51 71 89
51 72 192
51 73 158
51 74 198
51 75 121
51 76 175
51 77 106
51 78 0
51 79 88
51 80 184
51 81 175
51 82 198
51 83 123
51 84 148
51 85 134
51 86 110
51 87 159
51 88 133
51 89 117
51 90 63
51 91 119
51 92 2
51 93 114
51 94 45
51 95 12
51 96 39
51 97 92
51 98 92
51 99 87
52 53 170
52 54 14
52 55 125
52 56 52
52 57 154
52 58 66
52 59 73
52 60 104
52 61 12
52 62 140
52 63 26
52 64 118
52 65 194
52 66 47
52 67 174
52 68 185
52 69 173
52 70 151
52 71 31
52 72 119
52 73 128
52 74 192
52 75 101
52 76 115
52 77 197
52 78 47
52 79 47
52 80 175
52 81 184
52 82 75
52 83 113
52 84 43
52 85 123
52 86 168
52 87 114
52 88 191
52 89 15
52 90 44
52 91 71
52 92 61
52 93 76
52 94 8
52 95 110
52 96 139
52 97 106
52 98 9
52 99 55
53 54 170
53 55 163
53 56 134
53 57 85
53 58 141
53 59 65
53 60 196
53 61 145
53 62 44
53 63 116
53 64 171
53 65 137
53 66 29
53 67 106
53 68 156
53 69 87
53 70 82
53 71 30
53 72 114
53 73 120
53 74 144
53 75 97
53 76 132
53 77 0
53 78 149
53 79 26
53 80 52
53 81 48
53 82 28
53 83 193
53 84 147
53 85 154
53 86 3
53 87 179
53 88 41
53 89 44
53 90 111
53 91 74
53 92 51
53 93 20
53 94 21
53 95 173
53 96 174
53 97 187
53 98 155
53 99 90
54 55 127
54 56 21
54 57 51
54 58 71
54 59 94
54 60 147
54 61 120
54 62 151
54 63 168
54 64 20
54 65 156
54 66 166
54 67 71
54 68 129
54 69 41
54 70 132
54 71 167
54 72 110
54 73 138
54 74 71
54 75 192
54 76 133
54 77 11
54 78 127
54 79 110
54 80 118
54 81 52
54 82 177
54 83 75
54 84 56
54 85 9
54 86 184
54 87 86
54 88 94
54 89 121
54 90 70
54 91 52
54 92 126
54 93 3
54 94 59
54 95 81
54 96 193
54 97 200
54 98 16
54 99 61
55 56 2
55 57 61
55 58 180
55 59 117
55 60 193
55 61 112
55 62 186
55 63 147
55 64 130
55 65 84
55 66 150
55 67 78
55 68 38
55 69 163
55 70 172
55 71 95
55 72 191
55 73 172
55 74 123
55 75 133
55 76 39
55 77 180
55 78 199
55 79 176
55 80 137
55 81 171
55 82 179
55 83 14
55 84 55
55 85 58
55 86 56
55 87 185
55 88 151
55 89 187
55 90 120
55 91 122
55 92 126
55 93 186
55 94 8
55 95 15
55 96 74
55 97 60
55 98 128
55 99 58
56 57 41
56 58 17
56 59 31
56 60 57
56 61 194
56 62 122
56 63 118
56 64 20
56 65 59
56 66 96
56 67 37
56 68 80
56 69 194
56 70 107
56 71 120
56 72 163
56 73 192
56 74 30
56 75 153
56 76 170
56 77 112
56 78 17
56 79 78
56 80 96
56 81 110
56 82 163
56 83 50
56 84 68
56 85 73
56 86 4
56 87 5
56 88 122
56 89 33
56 90 2
56 91 45
56 92 141
56 93 164
56 94 79
56 95 178
56 96 61
56 97 136
56 98 132
56 99 84
57 58 146
57 59 192
57 60 45
57 61 34
57 62 5
57 63 71
57 64 120
57 65 56
57 66 8
57 67 105
57 68 182
57 69 119
57 70 59
57 71 166
57 72 174
57 73 39
57 74 131
57 75 44
57 76 5
57 77 27
57 78 124
57 79 23
57 80 51
57 81 190
57 82 113
57 83 86
57 84 146
57 85 199
57 86 150
57 87 138
57 88 161
57 89 163
57 90 159
57 91 135
57 92 51
57 93 78
57 94 170
57 95 144
57 96 44
57 97 124
57 98 112
57 99 75
58 59 109
58 60 151
58 61 113
58 62 179
58 63 135
58 64 60
58 65 145
58 66 186
58 67 167
58 68 5
58 69 192
58 70 9
58 71 51
58 72 184
58 73 60
58 74 34
58 75 146
58 76 200
58 77 152
58 78 32
58 79 198
58 80 156
58 81 162
58 82 81
58 83 104
58 84 85
58 85 175
58 86 92
58 87 115
58 88 48
58 89 136
58 90 84
58 91 190
58 92 175
58 93 7
58 94 185
58 95 118
58 96 141
58 97 14
58 98 29
58 99 186
59 60 136
59 61 55
59 62 102
59 63 126
59 64 14
59 65 130
59 66 136
59 67 158
59 68 198
59 69 188
59 70 42
59 71 147
59 72 190
59 73 38
59 74 49
59 75 33
59 76 31
59 77 120
59 78 141
59 79 173
59 80 127
59 81 103
59 82 29
59 83 132
59 84 63
59 85 84
59 86 113
59 87 50
59 88 124
59 89 144
59 90 123
59 91 125
59 92 65
59 93 137
59 94 197
59 95 44
59 96 15
59 97 39
59 98 184
59 99 20
60 61 24
60 62 156
60 63 63
60 64 3
60 65 192
60 66 69
60 67 78
60 68 107
60 69 82
60 70 134
60 71 31
60 72 4
60 73 103
60 74 139
60 75 152
60 76 2
60 77 196
60 78 132
60 79 126
60 80 113
60 81 116
60 82 144
60 83 87
60 84 51
60 85 136
60 86 184
60 87 71
60 88 0
60 89 55
60 90 64
60 91 77
60 92 94
60 93 156
60 94 95
60 95 194
60 96 41
60 97 63
60 98 100
60 99 149
61 62 173
61 63 84
61 64 152
61 65 145
61 66 24
61 67 41
61 68 172
61 69 138
61 70 56
61 71 61
61 72 16
61 73 14
61 74 57
61 75 40
61 76 131
61 77 169
61 78 86
61 79 14
61 80 115
61 81 54
61 82 127
61 83 185
61 84 142
61 85 133
61 86 197
61 87 184
61 88 85
61 89 82
61 90 27
61 91 116
61 92 88
61 93 62
61 94 61
61 95 108
61 96 123
61 97 42
61 98 191
61 99 163
62 63 50
62 64 132
62 65 83
62 66 74
62 67 138
62 68 100
62 69 136
62 70 36
62 71 72
62 72 116
62 73 40
62 74 73
62 75 172
62 76 23
62 77 198
62 78 36
62 79 5
62 80 85
62 81 17
62 82 149
62 83 76
62 84 167
62 85 75
62 86 4
62 87 129
62 88 81
62 89 149
62 90 142
62 91 56
62 92 42
62 93 22
62 94 4
62 95 5
62 96 164
62 97 188
62 98 10
62 99 100
63 64 115
63 65 74
63 66 138
63 67 113
63 68 31
63 69 165
63 70 123
63 71 57
63 72 85
63 73 25
63 74 102
63 75 40
63 76 108
63 77 106
63 78 135
63 79 155
63 80 134
63 81 73
63 82 164
63 83 107
63 84 135
63 85 163
63 86 63
63 87 25
63 88 66
63 89 153
63 90 102
63 91 109
63 92 54
63 93 39
63 94 73
63 95 93
63 96 180
63 97 80
63 98 158
63 99 173
64 65 49
64 66 106
64 67 105
64 68 103
64 69 195
64 70 54
64 71 132
64 72 140
64 73 96
64 74 12
64 75 196
64 76 34
64 77 184
64 78 182
64 79 53
64 80 86
64 81 5
64 82 22
64 83 179
64 84 165
64 85 140
64 86 81
64 87 54
64 88 46
64 89 191
64 90 5
64 91 196
64 92 135
64 93 10
64 94 188
64 95 47
64 96 69
64 97 140
64 98 81
64 99 27
65 66 101
65 67 83
65 68 115
65 69 59
65 70 194
65 71 31
65 72 132
65 73 0
65 74 130
65 75 19
65 76 110
65 77 19
65 78 64
65 79 132
65 80 14
65 81 120
65 82 63
65 83 187
65 84 6
65 85 55
65 86 149
65 87 68
65 88 83
65 89 119
65 90 133
65 91 35
65 92 150
65 93 165
65 94 26
65 95 63
65 96 126
65 97 157
65 98 88
65 99 75
66 67 179
66 68 81
66 69 66
66 70 54
66 71 118
66 72 194
66 73 40
66 74 191
66 75 10
66 76 52
66 77 120
66 78 98
66 79 29
66 80 181
66 81 32
66 82 90
66 83 35
66 84 16
66 85 102
66 86 121
66 87 103
66 88 17
66 89 125
66 90 123
66 91 21
66 92 40
66 93 60
66 94 151
66 95 160
66 96 200
66 97 119
66 98 121
66 99 147
67 68 183
67 69 153
67 70 74
67 71 28
67 72 29
67 73 94
67 74 190
67 75 70
67 76 46
67 77 187
67 78 170
67 79 151
67 80 31
67 81 128
67 82 76
67 83 11
67 84 151
67 85 60
67 86 166
67 87 102
67 88 116
67 89 79
67 90 18
67 91 21
67 92 11
67 93 122
67 94 134
67 95 49
67 96 187
67 97 127
67 98 136
67 99 36
68 69 24
68 70 165
68 71 105
68 72 76
68 73 4
68 74 176
68 75 163
68 76 144
68 77 128
68 78 65
68 79 51
68 80 13
68 81 125
68 82 177
68 83 59
68 84 42
68 85 112
68 86 69
68 87 67
68 88 62
68 89 14
68 90 197
68 91 97
68 92 27
68 93 181
68 94 193
68 95 200
68 96 100
68 97 165
68 98 142
68 99 67
69 70 100
69 71 17
69 72 110
69 73 8
69 74 74
69 75 56
69 76 164
69 77 152
69 78 10
69 79 40
69 80 20
69 81 30
69 82 24
69 83 186
69 84 100
69 85 49
69 86 16
69 87 50
69 88 56
69 89 89
69 90 157
69 91 77
69 92 82
69 93 41
69 94 132
69 95 50
69 96 80
69 97 19
69 98 124
69 99 35
70 71 135
70 72 185
70 73 142
70 74 129
70 75 157
70 76 174
70 77 76
70 78 151
70 79 28
70 80 92
70 81 176
70 82 68
70 83 9
70 84 93
70 85 11
70 86 136
70 87 121
70 88 72
70 89 7
70 90 134
70 91 144
70 92 27
70 93 144
70 94 130
70 95 172
70 96 117
70 97 121
70 98 60
70 99 109
71 72 158
71 73 153
71 74 50
71 75 179
71 76 79
71 77 89
71 78 120
71 79 21
71 80 131
71 81 109
71 82 185
71 83 15
71 84 3
71 85 112
71 86 99
71 87 36
71 88 190
71 89 185
71 90 32
71 91 41
71 92 170
71 93 121
71 94 35
71 95 82
71 96 136
71 97 190
71 98 128
71 99 171
72 73 80
72 74 165
72 75 171
72 76 42
72 77 21
72 78 161
72 79 150
72 80 34
72 81 140
72 82 136
72 83 104
72 84 84
72 85 47
72 86 48
72 87 126
72 88 115
72 89 77
72 90 15
72 91 75
72 92 44
72 93 71
72 94 70
72 95 128
72 96 161
72 97 52
72 98 171
72 99 182
73 74 59
73 75 152
73 76 82
73 77 30
73 78 59
73 79 68
73 80 200
73 81 168
73 82 154
73 83 10
73 84 108
73 85 51
73 86 25
73 87 25
73 88 12
73 89 97
73 90 154
73 91 63
73 92 115
73 93 183
73 94 70
73 95 192
73 96 163
73 97 48
73 98 166
73 99 98
74 75 43
74 76 149
74 77 36
74 78 78
74 79 189
74 80 89
74 81 3
74 82 102
74 83 109
74 84 133
74 85 96
74 86 136
74 87 44
74 88 117
74 89 85
74 90 59
74 91 121
74 92 39
74 93 36
74 94 1
74 95 140
74 96 72
74 97 179
74 98 1
74 99 100
75 76 13
75 77 5
75 78 136
75 79 100
75 80 181
75 81 0
75 82 119
75 83 190
75 84 71
75 85 195
75 86 113
75 87 111
75 88 103
75 89 7
75 90 197
75 91 39
75 92 82
75 93 117
75 94 109
75 95 49
75 96 53
75 97 112
75 98 43
75 99 50
76 77 129
76 78 42
76 79 0
76 80 30
76 81 177
76 82 2
76 83 5
76 84 46
76 85 42
76 86 183
76 87 70
76 88 132
76 89 163
76 90 18
76 91 115
76 92 144
76 93 83
76 94 157
76 95 37
76 96 49
76 97 144
76 98 10
76 99 95
77 78 108
77 79 95
77 80 68
77 81 8
77 82 157
77 83 119
77 84 134
77 85 71
77 86 166
77 87 47
77 88 107
77 89 88
77 90 114
77 91 124
77 92 51
77 93 198
77 94 92
77 95 141
77 96 46
77 97 159
77 98 189
77 99 167
78 79 81
78 80 152
78 81 143
78 82 132
78 83 33
78 84 124
78 85 156
78 86 37
78 87 104
78 88 9
78 89 23
78 90 95
78 91 132
78 92 43
78 93 31
78 94 174
78 95 125
78 96 106
78 97 129
78 98 60
78 99 134
79 80 113
79 81 20
79 82 73
79 83 119
79 84 187
79 85 13
79 86 137
79 87 101
79 88 177
79 89 153
79 90 82
79 91 121
79 92 147
79 93 101
79 94 92
79 95 55
79 96 68
79 97 41
79 98 190
79 99 48
80 81 199
80 82 40
80 83 96
80 84 117
80 85 70
80 86 169
80 87 198
80 88 88
80 89 144
80 90 47
80 91 195
80 92 63
80 93 65
80 94 170
80 95 173
80 96 150
80 97 160
80 98 48
80 99 105
81 82 25
81 83 81
81 84 141
81 85 79
81 86 96
81 87 27
81 88 32
81 89 28
81 90 131
81 91 123
81 92 125
81 93 119
81 94 137
81 95 63
81 96 41
81 97 68
81 98 184
81 99 178
82 83 198
82 84 86
82 85 6
82 86 134
82 87 96
82 88 172
82 89 104
82 90 157
82 91 89
82 92 36
82 93 20
82 94 21
82 95 193
82 96 25
82 97 9
82 98 192
82 99 160
83 84 90
83 85 139
83 86 155
83 87 23
83 88 142
83 89 199
83 90 156
83 91 63
83 92 8
83 93 102
83 94 83
83 95 130
83 96 172
83 97 188
83 98 183
83 99 83
84 85 191
84 86 50
84 87 118
84 88 156
84 89 178
84 90 57
84 91 44
84 92 61
84 93 7
84 94 116
84 95 36
84 96 63
84 97 171
84 98 185
84 99 135
85 86 169
85 87 196
85 88 35
85 89 97
85 90 157
85 91 195
85 92 161
85 93 66
85 94 186
85 95 2
85 96 99
85 97 70
85 98 23
85 99 199
86 87 1
86 88 122
86 89 113
86 90 120
86 91 75
86 92 172
86 93 43
86 94 37
86 95 6
86 96 137
86 97 172
86 98 169
86 99 115
87 88 56
87 89 108
87 90 105
87 91 126
87 92 56
87 93 139
87 94 180
87 95 74
87 96 108
87 97 88
87 98 187
87 99 191
88 89 69
88 90 11
88 91 142
88 92 9
88 93 80
88 94 126
88 95 140
88 96 169
88 97 87
88 98 2
88 99 104
89 90 111
89 91 143
89 92 171
89 93 151
89 94 38
89 95 133
89 96 54
89 97 197
89 98 113
89 99 46
90 91 133
90 92 48
90 93 96
90 94 28
90 95 0
90 96 43
90 97 60
90 98 8
90 99 10
91 92 118
91 93 199
91 94 5
91 95 172
91 96 137
91 97 171
91 98 77
91 99 125
