100 4515
0 1 194
0 2 14
0 3 195
0 4 59
0 5 174
0 6 108
0 7 149
0 8 60
0 9 75
0 10 116
0 11 80
0 12 31
0 13 50
0 14 143
0 15 164
0 16 158
0 17 198
0 18 184
0 19 26
0 20 19
0 21 145
0 22 119
0 23 79
0 24 77
0 25 60
0 26 173
0 27 74
0 28 27
0 29 44
0 30 31
0 31 58
0 32 192
0 33 141
0 34 112
0 35 1
0 36 133
0 37 151
0 38 105
0 39 173
0 40 170
0 41 71
0 42 11
0 43 95
0 44 142
0 45 172
0 46 181
0 47 128
0 48 96
0 49 25
0 50 197
0 51 73
0 52 87
0 53 174
0 54 153
0 55 55
0 56 157
0 57 43
0 58 24
0 59 101
0 60 168
0 61 165
0 62 19
0 63 25
0 64 47
0 65 195
0 66 103
0 67 26
0 68 59
0 69 55
0 70 28
0 71 120
0 72 104
0 73 128
0 74 42
0 75 170
0 76 200
0 77 137
0 78 175
0 79 108
0 80 100
0 81 169
0 82 109
0 83 149
0 84 152
0 85 176
0 86 10
0 87 124
0 88 84
0 89 61
0 90 92
0 91 10
0 92 25
0 93 136
0 94 95
0 95 169
0 96 106
0 97 52
0 98 196
0 99 168
1 2 174
1 3 51
1 4 116
1 5 141
1 6 99
1 7 156
1 8 85
1 9 168
1 10 141
1 11 79
1 12 51
1 13 87
1 14 107
1 15 103
1 16 108
1 17 38
1 18 111
1 19 164
1 20 62
1 21 172
1 22 181
1 23 149
1 24 103
1 25 105
1 26 88
1 27 111
1 28 123
1 29 31
1 30 177
1 31 171
1 32 104
1 33 9
1 34 128
1 35 9
1 36 183
1 37 66
1 38 77
1 39 4
1 40 124
1 41 176
1 42 158
1 43 16
1 44 132
1 45 39
1 46 101
1 47 55
1 48 41
1 49 77
1 50 64
1 51 19
1 52 36
1 53 24
1 54 194
1 55 192
1 56 157
1 57 96
1 58 43
1 59 141
1 60 46
1 61 53
1 62 172
1 63 151
1 64 73
1 65 78
1 66 25
1 67 144
1 68 14
1 69 177
1 70 36
1 71 139
1 72 145
1 73 22
1 74 67
1 75 156
1 76 100
1 77 22
1 78 181
1 79 146
1 80 42
1 81 99
1 82 166
1 83 85
1 84 52
1 85 39
1 86 52
1 87 27
1 88 156
1 89 102
1 90 121
1 91 53
1 92 147
1 93 147
1 94 187
1 95 144
1 96 189
1 97 157
1 98 195
1 99 29
2 3 71
2 4 162
2 5 182
2 6 59
2 7 149
2 8 93
2 9 134
2 10 76
2 11 107
2 12 167
2 13 175
2 14 107
2 15 157
2 16 143
2 17 105
2 18 181
2 19 120
2 20 30
2 21 85
2 22 1
2 23 185
2 24 142
2 25 185
2 26 53
2 27 191
2 28 36
2 29 16
2 30 170
2 31 15
2 32 145
2 33 179
2 34 105
2 35 9
2 36 133
2 37 63
2 38 42
2 39 162
2 40 177
2 41 181
2 42 108
2 43 161
2 44 64
2 45 16
2 46 41
2 47 179
2 48 98
2 49 164
2 50 94
2 51 81
2 52 70
2 53 66
2 54 58
2 55 61
2 56 144
2 57 109
2 58 107
2 59 4
2 60 72
2 61 170
2 62 106
2 63 107
2 64 14
2 65 124
2 66 146
2 67 36
2 68 184
2 69 112
2 70 11
2 71 8
2 72 91
2 73 90
2 74 39
2 75 187
2 76 59
2 77 152
2 78 45
2 79 135
2 80 64
2 81 100
2 82 152
2 83 0
2 84 103
2 85 135
2 86 69
2 87 198
2 88 103
2 89 115
2 90 4
2 91 100
2 92 192
2 93 32
2 94 33
2 95 89
2 96 108
2 97 166
2 98 102
2 99 138
3 4 23
3 5 28
3 6 79
3 7 164
3 8 22
3 9 151
3 10 142
3 11 82
3 12 189
3 13 10
3 14 124
3 15 126
3 16 110
3 17 128
3 18 92
3 19 168
3 20 159
3 21 32
3 22 129
3 23 75
3 24 199
3 25 176
3 26 83
3 27 69
3 28 180
3 29 31
3 30 167
3 31 197
3 32 174
3 33 36
3 34 130
3 35 128
3 36 68
3 37 86
3 38 194
3 39 72
3 40 55
3 41 141
3 42 40
3 43 91
3 44 146
3 45 4
3 46 48
3 47 154
3 48 108
3 49 197
3 50 26
3 51 52
3 52 166
3 53 151
3 54 113
3 55 96
3 56 124
3 57 194
3 58 104
3 59 8
3 60 159
3 61 123
3 62 62
3 63 104
3 64 18
3 65 71
3 66 83
3 67 92
3 68 90
3 69 198
3 70 129
3 71 172
3 72 181
3 73 76
3 74 26
3 75 194
3 76 62
3 77 117
3 78 91
3 79 131
3 80 115
3 81 37
3 82 165
3 83 129
3 84 61
3 85 63
3 86 172
3 87 89
3 88 197
3 89 109
3 90 22
3 91 149
3 92 108
3 93 159
3 94 11
3 95 186
3 96 178
3 97 15
3 98 48
3 99 200
4 5 113
4 6 197
4 7 170
4 8 140
4 9 170
4 10 138
4 11 58
4 12 147
4 13 37
4 14 135
4 15 29
4 16 109
4 17 191
4 18 122
4 19 166
4 20 87
4 21 83
4 22 115
4 23 192
4 24 191
4 25 99
4 26 188
4 27 167
4 28 51
4 29 47
4 30 91
4 31 145
4 32 39
4 33 170
4 34 7
4 35 123
4 36 81
4 37 24
4 38 98
4 39 162
4 40 83
4 41 8
4 42 168
4 43 23
4 44 78
4 45 125
4 46 45
4 47 49
4 48 136
4 49 91
4 50 114
4 51 53
4 52 70
4 53 38
4 54 76
4 55 116
4 56 171
4 57 25
4 58 69
4 59 19
4 60 24
4 61 149
4 62 124
4 63 38
4 64 25
4 65 82
4 66 24
4 67 3
4 68 148
4 69 18
4 70 33
4 71 30
4 72 179
4 73 59
4 74 33
4 75 195
4 76 139
4 77 175
4 78 49
4 79 182
4 80 29
4 81 15
4 82 134
4 83 49
4 84 147
4 85 178
4 86 86
4 87 192
4 88 155
4 89 135
4 90 117
4 91 18
4 92 21
4 93 36
4 94 85
4 95 159
4 96 105
4 97 22
4 98 187
4 99 182
5 6 14
5 7 47
5 8 128
5 9 103
5 10 65
5 11 54
5 12 35
5 13 37
5 14 106
5 15 101
5 16 120
5 17 141
5 18 91
5 19 61
5 20 168
5 21 100
5 22 25
5 23 36
5 24 192
5 25 199
5 26 140
5 27 95
5 28 151
5 29 3
5 30 80
5 31 10
5 32 99
5 33 35
5 34 90
5 35 199
5 36 43
5 37 51
5 38 71
5 39 14
5 40 200
5 41 190
5 42 48
5 43 5
5 44 146
5 45 1
5 46 34
5 47 132
5 48 178
5 49 128
5 50 67
5 51 20
5 52 40
5 53 20
5 54 154
5 55 163
5 56 36
5 57 161
5 58 113
5 59 20
5 60 20
5 61 99
5 62 88
5 63 112
5 64 11
5 65 106
5 66 26
5 67 102
5 68 52
5 69 87
5 70 178
5 71 65
5 72 146
5 73 189
5 74 192
5 75 105
5 76 30
5 77 58
5 78 97
5 79 27
5 80 177
5 81 10
5 82 116
5 83 48
5 84 196
5 85 26
5 86 94
5 87 96
5 88 173
5 89 97
5 90 135
5 91 117
5 92 93
5 93 7
5 94 97
5 95 82
5 96 165
5 97 70
5 98 145
5 99 187
6 7 136
6 8 111
6 9 130
6 10 21
6 11 193
6 12 32
6 13 173
6 14 138
6 15 47
6 16 193
6 17 126
6 18 16
6 19 100
6 20 140
6 21 171
6 22 121
6 23 5
6 24 158
6 25 106
6 26 113
6 27 49
6 28 73
6 29 27
6 30 180
6 31 188
6 32 71
6 33 92
6 34 13
6 35 21
6 36 113
6 37 157
6 38 156
6 39 144
6 40 26
6 41 108
6 42 99
6 43 184
6 44 59
6 45 85
6 46 33
6 47 50
6 48 164
6 49 166
6 50 149
6 51 133
6 52 50
6 53 88
6 54 74
6 55 41
6 56 91
6 57 133
6 58 87
6 59 179
6 60 153
6 61 166
6 62 32
6 63 41
6 64 81
6 65 24
6 66 162
6 67 39
6 68 172
6 69 136
6 70 143
6 71 120
6 72 113
6 73 167
6 74 156
6 75 184
6 76 155
6 77 114
6 78 41
6 79 24
6 80 53
6 81 2
6 82 182
6 83 160
6 84 169
6 85 104
6 86 85
6 87 11
6 88 54
6 89 37
6 90 177
6 91 189
6 92 51
6 93 194
6 94 168
6 95 83
6 96 199
6 97 178
6 98 155
6 99 140
7 8 108
7 9 152
7 10 97
7 11 200
7 12 40
7 13 42
7 14 78
7 15 16
7 16 17
7 17 103
7 18 43
7 19 175
7 20 32
7 21 173
7 22 137
7 23 90
7 24 158
7 25 82
7 26 66
7 27 15
7 28 30
7 29 200
7 30 35
7 31 88
7 32 18
7 33 143
7 34 71
7 35 188
7 36 23
7 37 177
7 38 167
7 39 67
7 40 124
7 41 87
7 42 119
7 43 198
7 44 20
7 45 68
7 46 28
7 47 1
7 48 78
7 49 49
7 50 148
7 51 141
7 52 177
7 53 68
7 54 74
7 55 27
7 56 94
7 57 26
7 58 0
7 59 80
7 60 86
7 61 42
7 62 30
7 63 84
7 64 181
7 65 102
7 66 55
7 67 42
7 68 167
7 69 81
7 70 18
7 71 45
7 72 43
7 73 39
7 74 136
7 75 60
7 76 193
7 77 32
7 78 146
7 79 163
7 80 87
7 81 168
7 82 152
7 83 148
7 84 16
7 85 27
7 86 127
7 87 124
7 88 41
7 89 27
7 90 15
7 91 39
7 92 187
7 93 115
7 94 71
7 95 66
7 96 113
7 97 176
7 98 152
7 99 187
8 9 104
8 10 65
8 11 95
8 12 91
8 13 48
8 14 112
8 15 117
8 16 30
8 17 36
8 18 193
8 19 105
8 20 113
8 21 70
8 22 20
8 23 183
8 24 77
8 25 130
8 26 169
8 27 16
8 28 157
8 29 35
8 30 100
8 31 111
8 32 67
8 33 167
8 34 104
8 35 23
8 36 120
8 37 162
8 38 90
8 39 6
8 40 43
8 41 184
8 42 13
8 43 55
8 44 132
8 45 200
8 46 62
8 47 177
8 48 145
8 49 94
8 50 98
8 51 100
8 52 129
8 53 128
8 54 35
8 55 84
8 56 64
8 57 174
8 58 102
8 59 60
8 60 61
8 61 179
8 62 9
8 63 163
8 64 25
8 65 45
8 66 151
8 67 104
8 68 115
8 69 128
8 70 138
8 71 152
8 72 10
8 73 150
8 74 125
8 75 50
8 76 45
8 77 154
8 78 89
8 79 147
8 80 10
8 81 187
8 82 5
8 83 156
8 84 188
8 85 187
8 86 66
8 87 67
8 88 124
8 89 157
8 90 196
8 91 36
8 92 144
8 93 103
8 94 80
8 95 15
8 96 179
8 97 179
8 98 57
8 99 111
9 10 130
9 11 120
9 12 167
9 13 147
9 14 96
9 15 18
9 16 5
9 17 105
9 18 121
9 19 87
9 20 130
9 21 161
9 22 39
9 23 200
9 24 10
9 25 49
9 26 174
9 27 193
9 28 76
9 29 168
9 30 57
9 31 100
9 32 3
9 33 56
9 34 54
9 35 189
9 36 51
9 37 5
9 38 6
9 39 36
9 40 137
9 41 144
9 42 158
9 43 98
9 44 165
9 45 132
9 46 108
9 47 154
9 48 148
9 49 54
9 50 199
9 51 44
9 52 192
9 53 191
9 54 129
9 55 120
9 56 19
9 57 146
9 58 13
9 59 40
9 60 129
9 61 100
9 62 87
9 63 65
9 64 151
9 65 25
9 66 128
9 67 20
9 68 22
9 69 111
9 70 57
9 71 74
9 72 27
9 73 0
9 74 20
9 75 109
9 76 141
9 77 194
9 78 22
9 79 87
9 80 81
9 81 129
9 82 132
9 83 32
9 84 135
9 85 129
9 86 109
9 87 120
9 88 9
9 89 2
9 90 37
9 91 109
9 92 79
9 93 41
9 94 60
9 95 126
9 96 64
9 97 97
9 98 86
9 99 141
10 11 125
10 12 88
10 13 187
10 14 21
10 15 7
10 16 157
10 17 29
10 18 76
10 19 124
10 20 154
10 21 6
10 22 44
10 23 7
10 24 59
10 25 184
10 26 109
10 27 78
10 28 14
10 29 31
10 30 140
10 31 49
10 32 20
10 33 200
10 34 75
10 35 98
10 36 120
10 37 57
10 38 98
10 39 1
10 40 20
10 41 93
10 42 198
10 43 153
10 44 78
10 45 160
10 46 42
10 47 78
10 48 52
10 49 157
10 50 67
10 51 64
10 52 32
10 53 172
10 54 88
10 55 5
10 56 75
10 57 91
10 58 9
10 59 179
10 60 187
10 61 40
10 62 44
10 63 92
10 64 124
10 65 35
10 66 54
10 67 177
10 68 41
10 69 53
10 70 7
10 71 31
10 72 128
10 73 42
10 74 54
10 75 164
10 76 162
10 77 30
10 78 61
10 79 198
10 80 118
10 81 1
10 82 143
10 83 118
10 84 102
10 85 5
10 86 15
10 87 4
10 88 65
10 89 56
10 90 178
10 91 129
10 92 82
10 93 151
10 94 198
10 95 42
10 96 77
10 97 200
10 98 81
10 99 38
11 12 132
11 13 191
11 14 55
11 15 1
11 16 184
11 17 32
11 18 176
11 19 88
11 20 24
11 21 138
11 22 171
11 23 115
11 24 109
11 25 52
11 26 139
11 27 178
11 28 93
11 29 116
11 30 91
11 31 143
11 32 172
11 33 47
11 34 51
11 35 116
11 36 48
11 37 119
11 38 199
11 39 167
11 40 5
11 41 166
11 42 58
11 43 162
11 44 17
11 45 71
11 46 165
11 47 179
11 48 29
11 49 197
11 50 3
11 51 81
11 52 43
11 53 43
11 54 150
11 55 24
11 56 196
11 57 189
11 58 26
11 59 170
11 60 85
11 61 57
11 62 61
11 63 128
11 64 58
11 65 13
11 66 151
11 67 158
11 68 151
11 69 170
11 70 9
11 71 120
11 72 121
11 73 35
11 74 176
11 75 145
11 76 7
11 77 10
11 78 153
11 79 133
11 80 90
11 81 43
11 82 134
11 83 161
11 84 150
11 85 3
11 86 178
11 87 97
11 88 139
11 89 127
11 90 129
11 91 7
11 92 191
11 93 27
11 94 88
11 95 133
11 96 195
11 97 179
11 98 178
11 99 200
12 13 144
12 14 168
12 15 79
12 16 132
12 17 151
12 18 7
12 19 105
12 20 25
12 21 58
12 22 192
12 23 29
12 24 62
12 25 44
12 26 161
12 27 192
12 28 80
12 29 116
12 30 43
12 31 158
12 32 195
12 33 138
12 34 158
12 35 139
12 36 79
12 37 150
12 38 44
12 39 157
12 40 181
12 41 138
12 42 41
12 43 143
12 44 101
12 45 172
12 46 107
12 47 129
12 48 30
12 49 31
12 50 31
12 51 36
12 52 67
12 53 172
12 54 50
12 55 50
12 56 136
12 57 129
12 58 107
12 59 45
12 60 157
12 61 160
12 62 96
12 63 79
12 64 45
12 65 150
12 66 73
12 67 18
12 68 22
12 69 116
12 70 181
12 71 17
12 72 51
12 73 101
12 74 131
12 75 14
12 76 75
12 77 74
12 78 95
12 79 138
12 80 87
12 81 83
12 82 81
12 83 138
12 84 42
12 85 35
12 86 93
12 87 157
12 88 94
12 89 100
12 90 38
12 91 21
12 92 173
12 93 39
12 94 106
12 95 111
12 96 193
12 97 25
12 98 72
12 99 86
13 14 8
13 15 155
13 16 74
13 17 29
13 18 115
13 19 188
13 20 131
13 21 32
13 22 12
13 23 7
13 24 105
13 25 138
13 26 79
13 27 106
13 28 105
13 29 152
13 30 69
13 31 72
13 32 57
13 33 72
13 34 27
13 35 109
13 36 124
13 37 160
13 38 167
13 39 83
13 40 197
13 41 149
13 42 94
13 43 131
13 44 42
13 45 146
13 46 169
13 47 84
13 48 83
13 49 102
13 50 198
13 51 37
13 52 172
13 53 29
13 54 33
13 55 33
13 56 178
13 57 102
13 58 86
13 59 186
13 60 102
13 61 53
13 62 138
13 63 139
13 64 93
13 65 31
13 66 24
13 67 36
13 68 103
13 69 158
13 70 148
13 71 88
13 72 57
13 73 71
13 74 83
13 75 0
13 76 29
13 77 9
13 78 88
13 79 38
13 80 44
13 81 59
13 82 107
13 83 158
13 84 40
13 85 57
13 86 116
13 87 140
13 88 80
13 89 52
13 90 15
13 91 69
13 92 152
13 93 17
13 94 111
13 95 22
13 96 65
13 97 23
13 98 187
13 99 27
14 15 99
14 16 91
14 17 183
14 18 0
14 19 94
14 20 137
14 21 139
14 22 33
14 23 102
14 24 62
14 25 190
14 26 3
14 27 195
14 28 81
14 29 151
14 30 0
14 31 67
14 32 160
14 33 117
14 34 194
14 35 171
14 36 1
14 37 14
14 38 197
14 39 1
14 40 110
14 41 44
14 42 3
14 43 41
14 44 33
14 45 31
14 46 8
14 47 196
14 48 76
14 49 19
14 50 153
14 51 27
14 52 13
14 53 119
14 54 135
14 55 131
14 56 81
14 57 10
14 58 130
14 59 103
14 60 145
14 61 133
14 62 176
14 63 28
14 64 14
14 65 133
14 66 155
14 67 184
14 68 184
14 69 153
14 70 160
14 71 14
14 72 86
14 73 55
14 74 155
14 75 19
14 76 175
14 77 59
14 78 74
14 79 31
14 80 197
14 81 160
14 82 33
14 83 27
14 84 121
14 85 129
14 86 59
14 87 79
14 88 151
14 89 192
14 90 192
14 91 130
14 92 94
14 93 62
14 94 72
14 95 6
14 96 92
14 97 130
14 98 60
14 99 8
15 16 91
15 17 178
15 18 97
15 19 101
15 20 170
15 21 22
15 22 187
15 23 93
15 24 92
15 25 189
15 26 10
15 27 181
15 28 164
15 29 144
15 30 46
15 31 11
15 32 161
15 33 90
15 34 100
15 35 142
15 36 74
15 37 151
15 38 138
15 39 73
15 40 89
15 41 86
15 42 24
15 43 190
15 44 198
15 45 196
15 46 155
15 47 86
15 48 127
15 49 54
15 50 8
15 51 81
15 52 125
15 53 83
15 54 59
15 55 21
15 56 102
15 57 24
15 58 198
15 59 111
15 60 102
15 61 20
15 62 135
15 63 116
15 64 161
15 65 103
15 66 110
15 67 110
15 68 30
15 69 35
15 70 199
15 71 2
15 72 63
15 73 10
15 74 6
15 75 185
15 76 65
15 77 114
15 78 24
15 79 61
15 80 82
15 81 83
15 82 116
15 83 141
15 84 182
15 85 6
15 86 175
15 87 82
15 88 127
15 89 93
15 90 139
15 91 101
15 92 137
15 93 118
15 94 18
15 95 114
15 96 69
15 97 102
15 98 143
15 99 92
16 17 92
16 18 116
16 19 15
16 20 164
16 21 183
16 22 145
16 23 9
16 24 69
16 25 173
16 26 128
16 27 80
16 28 124
16 29 151
16 30 56
16 31 66
16 32 163
16 33 121
16 34 174
16 35 104
16 36 89
16 37 160
16 38 142
16 39 188
16 40 136
16 41 130
16 42 17
16 43 10
16 44 107
16 45 118
16 46 65
16 47 141
16 48 15
16 49 6
16 50 133
16 51 18
16 52 13
16 53 186
16 54 169
16 55 155
16 56 82
16 57 53
16 58 147
16 59 101
16 60 109
16 61 71
16 62 141
16 63 161
16 64 62
16 65 6
16 66 159
16 67 56
16 68 121
16 69 44
16 70 16
16 71 19
16 72 81
16 73 173
16 74 117
16 75 53
16 76 76
16 77 60
16 78 142
16 79 89
16 80 176
16 81 76
16 82 99
16 83 89
16 84 146
16 85 93
16 86 115
16 87 171
16 88 88
16 89 150
16 90 127
16 91 132
16 92 8
16 93 108
16 94 52
16 95 94
16 96 196
16 97 116
16 98 195
16 99 179
17 18 168
17 19 76
17 20 20
17 21 109
17 22 167
17 23 134
17 24 103
17 25 173
17 26 22
17 27 171
17 28 165
17 29 175
17 30 122
17 31 121
17 32 145
17 33 101
17 34 90
17 35 164
17 36 184
17 37 172
17 38 108
17 39 143
17 40 14
17 41 82
17 42 118
17 43 146
17 44 90
17 45 150
17 46 84
17 47 174
17 48 196
17 49 73
17 50 65
17 51 122
17 52 130
17 53 91
17 54 152
17 55 107
17 56 131
17 57 41
17 58 149
17 59 37
17 60 96
17 61 29
17 62 135
17 63 100
17 64 37
17 65 16
17 66 88
17 67 158
17 68 119
17 69 161
17 70 92
17 71 91
17 72 154
17 73 139
17 74 10
17 75 99
17 76 85
17 77 31
17 78 48
17 79 23
17 80 78
17 81 181
17 82 62
17 83 199
17 84 20
17 85 194
17 86 61
17 87 136
17 88 52
17 89 105
17 90 193
17 91 48
17 92 61
17 93 137
17 94 160
17 95 116
17 96 33
17 97 197
17 98 164
17 99 16
18 19 196
18 20 110
18 21 35
18 22 130
18 23 164
18 24 184
18 25 194
18 26 5
18 27 153
18 28 162
18 29 168
18 30 185
18 31 113
18 32 182
18 33 47
18 34 88
18 35 173
18 36 140
18 37 43
18 38 60
18 39 42
18 40 160
18 41 143
18 42 57
18 43 9
18 44 181
18 45 177
18 46 174
18 47 127
18 48 171
18 49 163
18 50 115
18 51 81
18 52 177
18 53 197
18 54 46
18 55 196
18 56 149
18 57 103
18 58 94
18 59 85
18 60 68
18 61 120
18 62 9
18 63 181
18 64 176
18 65 52
18 66 9
18 67 67
18 68 118
18 69 9
18 70 58
18 71 119
18 72 130
18 73 194
18 74 42
18 75 2
18 76 11
18 77 193
18 78 1
18 79 44
18 80 3
18 81 83
18 82 139
18 83 154
18 84 20
18 85 53
18 86 58
18 87 95
18 88 200
18 89 94
18 90 129
18 91 96
18 92 107
18 93 79
18 94 76
18 95 161
18 96 61
18 97 57
18 98 108
18 99 54
19 20 169
19 21 88
19 22 31
19 23 146
19 24 1
19 25 40
19 26 111
19 27 118
19 28 16
19 29 163
19 30 99
19 31 176
19 32 171
19 33 52
19 34 187
19 35 14
19 36 187
19 37 118
19 38 10
19 39 121
19 40 77
19 41 168
19 42 59
19 43 76
19 44 55
19 45 32
19 46 166
19 47 151
19 48 163
19 49 138
19 50 200
19 51 199
19 52 168
19 53 66
19 54 146
19 55 60
19 56 28
19 57 121
19 58 81
19 59 7
19 60 173
19 61 38
19 62 97
19 63 38
19 64 191
19 65 128
19 66 29
19 67 159
19 68 57
19 69 171
19 70 77
19 71 115
19 72 118
19 73 26
19 74 46
19 75 4
19 76 22
19 77 36
19 78 197
19 79 14
19 80 129
19 81 94
19 82 102
19 83 100
19 84 31
19 85 69
19 86 113
19 87 157
19 88 11
19 89 67
19 90 21
19 91 159
19 92 65
19 93 191
19 94 175
19 95 10
19 96 9
19 97 164
19 98 77
19 99 87
20 21 111
20 22 81
20 23 117
20 24 51
20 25 13
20 26 31
20 27 164
20 28 1
20 29 108
20 30 103
20 31 7
20 32 144
20 33 39
20 34 171
20 35 95
20 36 58
20 37 117
20 38 193
20 39 148
20 40 14
20 41 40
20 42 44
20 43 25
20 44 117
20 45 109
20 46 16
20 47 106
20 48 64
20 49 2
20 50 114
20 51 168
20 52 164
20 53 36
20 54 198
20 55 24
20 56 14
20 57 77
20 58 95
20 59 59
20 60 117
20 61 192
20 62 66
20 63 82
20 64 13
20 65 94
20 66 129
20 67 104
20 68 194
20 69 8
20 70 55
20 71 189
20 72 12
20 73 97
20 74 175
20 75 68
20 76 134
20 77 97
20 78 26
20 79 130
20 80 28
20 81 93
20 82 58
20 83 188
20 84 26
20 85 131
20 86 161
20 87 196
20 88 179
20 89 57
20 90 159
20 91 31
20 92 94
20 93 170
20 94 110
20 95 158
20 96 170
20 97 117
20 98 0
20 99 195
21 22 123
21 23 167
21 24 146
21 25 91
21 26 26
21 27 34
21 28 50
21 29 171
21 30 22
21 31 2
21 32 185
21 33 197
21 34 149
21 35 5
21 36 192
21 37 89
21 38 79
21 39 106
21 40 136
21 41 133
21 42 64
21 43 171
21 44 33
21 45 98
21 46 71
21 47 121
21 48 127
21 49 100
21 50 37
21 51 134
21 52 55
21 53 111
21 54 41
21 55 192
21 56 99
21 57 105
21 58 135
21 59 84
21 60 18
21 61 148
21 62 108
21 63 62
21 64 108
21 65 84
21 66 31
21 67 33
21 68 39
21 69 92
21 70 21
21 71 180
21 72 151
21 73 103
21 74 59
21 75 174
21 76 171
21 77 15
21 78 32
21 79 27
21 80 97
21 81 4
21 82 71
21 83 41
21 84 102
21 85 155
21 86 56
21 87 100
21 88 138
21 89 175
21 90 31
21 91 52
21 92 9
21 93 10
21 94 16
21 95 93
21 96 139
21 97 115
21 98 37
21 99 28
22 23 159
22 24 55
22 25 69
22 26 30
22 27 35
22 28 115
22 29 183
22 30 85
22 31 127
22 32 139
22 33 96
22 34 44
22 35 65
22 36 130
22 37 0
22 38 158
22 39 126
22 40 138
22 41 63
22 42 153
22 43 76
22 44 44
22 45 173
22 46 176
22 47 3
22 48 83
22 49 65
22 50 127
22 51 45
22 52 116
22 53 46
22 54 168
22 55 14
22 56 91
22 57 103
22 58 65
22 59 18
22 60 167
22 61 185
22 62 68
22 63 159
22 64 172
22 65 173
22 66 95
22 67 37
22 68 15
22 69 99
22 70 48
22 71 160
22 72 165
22 73 56
22 74 135
22 75 62
22 76 52
22 77 151
22 78 168
22 79 154
22 80 3
22 81 160
22 82 25
22 83 49
22 84 159
22 85 88
22 86 15
22 87 23
22 88 169
22 89 58
22 90 77
22 91 116
22 92 177
22 93 112
22 94 59
22 95 173
22 96 144
22 97 109
22 98 95
22 99 177
23 24 173
23 25 129
23 26 175
23 27 74
23 28 110
23 29 155
23 30 145
23 31 96
23 32 114
23 33 56
23 34 140
23 35 167
23 36 93
23 37 89
23 38 159
23 39 12
23 40 41
23 41 30
23 42 192
23 43 188
23 44 50
23 45 137
23 46 23
23 47 184
23 48 30
23 49 145
23 50 73
23 51 185
23 52 152
23 53 135
23 54 126
23 55 60
23 56 150
23 57 26
23 58 34
23 59 32
23 60 137
23 61 48
23 62 74
23 63 172
23 64 109
23 65 50
23 66 168
23 67 51
23 68 110
23 69 187
23 70 21
23 71 2
23 72 187
23 73 94
23 74 47
23 75 30
23 76 95
23 77 52
23 78 0
23 79 141
23 80 10
23 81 171
23 82 138
23 83 184
23 84 144
23 85 167
23 86 164
23 87 34
23 88 86
23 89 31
23 90 163
23 91 182
23 92 194
23 93 112
23 94 114
23 95 150
23 96 67
23 97 110
23 98 150
23 99 130
24 25 112
24 26 67
24 27 116
24 28 131
24 29 16
24 30 157
24 31 178
24 32 158
24 33 8
24 34 80
24 35 161
24 36 156
24 37 135
24 38 148
24 39 136
24 40 37
24 41 124
24 42 131
24 43 192
24 44 66
24 45 104
24 46 72
24 47 158
24 48 120
24 49 177
24 50 200
24 51 27
24 52 21
24 53 148
24 54 183
24 55 40
24 56 22
24 57 150
24 58 107
24 59 37
24 60 63
24 61 33
24 62 62
24 63 44
24 64 5
24 65 131
24 66 37
24 67 23
24 68 84
24 69 55
24 70 112
24 71 174
24 72 168
24 73 79
24 74 58
24 75 177
24 76 120
24 77 101
24 78 68
24 79 41
24 80 182
24 81 150
24 82 193
24 83 147
24 84 125
24 85 175
24 86 115
24 87 37
24 88 77
24 89 26
24 90 32
24 91 149
24 92 67
24 93 13
24 94 137
24 95 183
24 96 36
24 97 10
24 98 90
24 99 49
25 26 172
25 27 139
25 28 119
25 29 153
25 30 29
25 31 142
25 32 169
25 33 168
25 34 37
25 35 94
25 36 21
25 37 188
25 38 3
25 39 10
25 40 186
25 41 50
25 42 34
25 43 144
25 44 158
25 45 89
25 46 67
25 47 90
25 48 132
25 49 78
25 50 176
25 51 0
25 52 3
25 53 77
25 54 178
25 55 23
25 56 106
25 57 193
25 58 4
25 59 152
25 60 72
25 61 148
25 62 151
25 63 154
25 64 3
25 65 17
25 66 62
25 67 138
25 68 66
25 69 185
25 70 98
25 71 18
25 72 176
25 73 42
25 74 55
25 75 191
25 76 79
25 77 71
25 78 58
25 79 186
25 80 149
25 81 155
25 82 91
25 83 68
25 84 3
25 85 195
25 86 184
25 87 120
25 88 24
25 89 167
25 90 133
25 91 200
25 92 62
25 93 110
25 94 198
25 95 186
25 96 161
25 97 120
25 98 10
25 99 170
26 27 54
26 28 190
26 29 50
26 30 161
26 31 73
26 32 78
26 33 167
26 34 147
26 35 58
26 36 66
26 37 49
26 38 143
26 39 87
26 40 106
26 41 67
26 42 194
26 43 88
26 44 60
26 45 62
26 46 33
26 47 179
26 48 177
26 49 68
26 50 153
26 51 131
26 52 29
26 53 27
26 54 149
26 55 50
26 56 50
26 57 195
26 58 64
26 59 162
26 60 182
26 61 33
26 62 100
26 63 73
26 64 167
26 65 130
26 66 94
26 67 18
26 68 172
26 69 77
26 70 198
26 71 130
26 72 194
26 73 35
26 74 82
26 75 118
26 76 73
26 77 89
26 78 71
26 79 89
26 80 74
26 81 78
26 82 166
26 83 47
26 84 146
26 85 112
26 86 156
26 87 50
26 88 2
26 89 62
26 90 42
26 91 89
26 92 63
26 93 133
26 94 168
26 95 122
26 96 181
26 97 126
26 98 73
26 99 59
27 28 6
27 29 192
27 30 13
27 31 15
27 32 146
27 33 84
27 34 178
27 35 117
27 36 109
27 37 48
27 38 107
27 39 146
27 40 123
27 41 156
27 42 128
27 43 148
27 44 55
27 45 199
27 46 65
27 47 49
27 48 63
27 49 153
27 50 9
27 51 2
27 52 175
27 53 77
27 54 22
27 55 197
27 56 79
27 57 144
27 58 68
27 59 22
27 60 6
27 61 1
27 62 43
27 63 198
27 64 109
27 65 127
27 66 196
27 67 195
27 68 96
27 69 5
27 70 111
27 71 79
27 72 8
27 73 110
27 74 3
27 75 65
27 76 134
27 77 170
27 78 50
27 79 183
27 80 44
27 81 145
27 82 106
27 83 72
27 84 155
27 85 74
27 86 79
27 87 61
27 88 176
27 89 184
27 90 67
27 91 190
27 92 19
27 93 152
27 94 24
27 95 125
27 96 140
27 97 144
27 98 150
27 99 101
28 29 69
28 30 96
28 31 137
28 32 95
28 33 66
28 34 126
28 35 110
28 36 184
28 37 183
28 38 111
28 39 90
28 40 88
28 41 51
28 42 18
28 43 175
28 44 128
28 45 85
28 46 78
28 47 41
28 48 147
28 49 73
28 50 38
28 51 181
28 52 110
28 53 132
28 54 156
28 55 124
28 56 82
28 57 22
28 58 164
28 59 111
28 60 8
28 61 92
28 62 21
28 63 113
28 64 150
28 65 66
28 66 69
28 67 186
28 68 88
28 69 70
28 70 87
28 71 27
28 72 144
28 73 188
28 74 7
28 75 141
28 76 189
28 77 65
28 78 159
28 79 61
28 80 113
28 81 6
28 82 143
28 83 63
28 84 134
28 85 90
28 86 21
28 87 5
28 88 140
28 89 77
28 90 134
28 91 149
28 92 89
28 93 159
28 94 25
28 95 152
28 96 179
28 97 2
28 98 100
28 99 170
29 30 180
29 31 160
29 32 21
29 33 38
29 34 57
29 35 46
29 36 137
29 37 64
29 38 58
29 39 54
29 40 123
29 41 9
29 42 198
29 43 70
29 44 60
29 45 29
29 46 19
29 47 102
29 48 65
29 49 161
29 50 9
29 51 170
29 52 125
29 53 61
29 54 113
29 55 176
29 56 20
29 57 197
29 58 175
29 59 40
29 60 154
29 61 63
29 62 76
29 63 189
29 64 38
29 65 169
29 66 30
29 67 45
29 68 187
29 69 186
29 70 157
29 71 118
29 72 83
29 73 51
29 74 103
29 75 31
29 76 192
29 77 61
29 78 184
29 79 190
29 80 44
29 81 39
29 82 3
29 83 127
29 84 104
29 85 28
29 86 153
29 87 119
29 88 124
29 89 73
29 90 156
29 91 133
29 92 177
29 93 160
29 94 91
29 95 177
29 96 19
29 97 158
29 98 168
29 99 53
30 31 12
30 32 73
30 33 199
30 34 145
30 35 17
30 36 148
30 37 94
30 38 89
30 39 45
30 40 197
30 41 141
30 42 143
30 43 147
30 44 106
30 45 101
30 46 186
30 47 123
30 48 69
30 49 54
30 50 198
30 51 58
30 52 47
30 53 165
30 54 80
30 55 66
30 56 186
30 57 173
30 58 89
30 59 6
30 60 185
30 61 132
30 62 158
30 63 147
30 64 161
30 65 123
30 66 106
30 67 191
30 68 13
30 69 137
30 70 141
30 71 19
30 72 97
30 73 50
30 74 46
30 75 127
30 76 158
30 77 88
30 78 102
30 79 134
30 80 159
30 81 50
30 82 59
30 83 167
30 84 10
30 85 69
30 86 6
30 87 96
30 88 28
30 89 48
30 90 178
30 91 180
30 92 179
30 93 56
30 94 143
30 95 119
30 96 122
30 97 93
30 98 83
30 99 17
31 32 123
31 33 28
31 34 104
31 35 168
31 36 35
31 37 131
31 38 32
31 39 61
31 40 127
31 41 39
31 42 145
31 43 91
31 44 95
31 45 189
31 46 126
31 47 154
31 48 174
31 49 114
31 50 44
31 51 45
31 52 125
31 53 100
31 54 130
31 55 173
31 56 170
31 57 144
31 58 108
31 59 59
31 60 56
31 61 20
31 62 115
31 63 180
31 64 197
31 65 54
31 66 78
31 67 64
31 68 89
31 69 183
31 70 74
31 71 180
31 72 105
31 73 192
31 74 153
31 75 170
31 76 38
31 77 71
31 78 90
31 79 161
31 80 168
31 81 105
31 82 28
31 83 1
31 84 104
31 85 144
31 86 135
31 87 95
31 88 194
31 89 197
31 90 0
31 91 55
31 92 29
31 93 161
31 94 111
31 95 94
31 96 36
31 97 139
31 98 126
31 99 53
32 33 20
32 34 60
32 35 18
32 36 38
32 37 169
32 38 91
32 39 98
32 40 150
32 41 107
32 42 169
32 43 90
32 44 95
32 45 147
32 46 64
32 47 128
32 48 6
32 49 72
32 50 15
32 51 44
32 52 88
32 53 164
32 54 36
32 55 174
32 56 73
32 57 172
32 58 5
32 59 160
32 60 23
32 61 0
32 62 198
32 63 188
32 64 176
32 65 44
32 66 23
32 67 83
32 68 98
32 69 84
32 70 129
32 71 168
32 72 54
32 73 184
32 74 37
32 75 162
32 76 94
32 77 17
32 78 118
32 79 103
32 80 132
32 81 21
32 82 138
32 83 34
32 84 182
32 85 139
32 86 174
32 87 155
32 88 127
32 89 145
32 90 88
32 91 164
32 92 16
32 93 74
32 94 186
32 95 199
32 96 135
32 97 177
32 98 144
32 99 161
33 34 141
33 35 164
33 36 60
33 37 177
33 38 127
33 39 64
33 40 10
33 41 64
33 42 94
33 43 11
33 44 170
33 45 144
33 46 38
33 47 78
33 48 160
33 49 71
33 50 27
33 51 26
33 52 149
33 53 109
33 54 68
33 55 127
33 56 117
33 57 16
33 58 162
33 59 17
33 60 52
33 61 148
33 62 89
33 63 189
33 64 86
33 65 47
33 66 116
33 67 82
33 68 200
33 69 200
33 70 101
33 71 54
33 72 41
33 73 25
33 74 154
33 75 32
33 76 15
33 77 23
33 78 108
33 79 108
33 80 12
33 81 38
33 82 175
33 83 167
33 84 150
33 85 114
33 86 30
33 87 117
33 88 119
33 89 44
33 90 7
33 91 54
33 92 37
33 93 67
33 94 167
33 95 187
33 96 177
33 97 82
33 98 70
33 99 4
34 35 19
34 36 10
34 37 169
34 38 142
34 39 5
34 40 152
34 41 82
34 42 139
34 43 190
34 44 169
34 45 25
34 46 177
34 47 46
34 48 95
34 49 44
34 50 109
34 51 36
34 52 26
34 53 12
34 54 164
34 55 69
34 56 1
34 57 153
34 58 39
34 59 2
34 60 2
34 61 175
34 62 39
34 63 57
34 64 14
34 65 163
34 66 25
34 67 100
34 68 86
34 69 22
34 70 192
34 71 161
34 72 199
34 73 180
34 74 90
34 75 43
34 76 183
34 77 142
34 78 135
34 79 54
34 80 102
34 81 72
34 82 44
34 83 38
34 84 63
34 85 110
34 86 34
34 87 21
34 88 3
34 89 107
34 90 176
34 91 130
34 92 28
34 93 154
34 94 120
34 95 68
34 96 28
34 97 170
34 98 88
34 99 190
35 36 16
35 37 75
35 38 97
35 39 134
35 40 86
35 41 196
35 42 192
35 43 6
35 44 61
35 45 165
35 46 165
35 47 32
35 48 175
35 49 93
35 50 186
35 51 93
35 52 140
35 53 128
35 54 47
35 55 20
35 56 62
35 57 185
35 58 171
35 59 20
35 60 31
35 61 62
35 62 189
35 63 81
35 64 184
35 65 165
35 66 142
35 67 149
35 68 167
35 69 177
35 70 2
35 71 152
35 72 176
35 73 157
35 74 11
35 75 168
35 76 137
35 77 167
35 78 151
35 79 129
35 80 190
35 81 141
35 82 49
35 83 84
35 84 107
35 85 74
35 86 147
35 87 30
35 88 188
35 89 15
35 90 132
35 91 134
35 92 148
35 93 195
35 94 95
35 95 183
35 96 92
35 97 159
35 98 67
35 99 70
36 37 37
36 38 133
36 39 2
36 40 183
36 41 144
36 42 93
36 43 115
36 44 120
36 45 33
36 46 99
36 47 103
36 48 94
36 49 156
36 50 39
36 51 30
36 52 113
36 53 1
36 54 139
36 55 74
36 56 9
36 57 122
36 58 131
36 59 127
36 60 100
36 61 193
36 62 44
36 63 40
36 64 110
36 65 10
36 66 12
36 67 120
36 68 4
36 69 153
36 70 113
36 71 143
36 72 70
36 73 58
36 74 170
36 75 106
36 76 200
36 77 94
36 78 10
36 79 81
36 80 107
36 81 89
36 82 109
36 83 30
36 84 7
36 85 27
36 86 132
36 87 8
36 88 143
36 89 195
36 90 25
36 91 43
36 92 34
36 93 139
36 94 49
36 95 12
36 96 33
36 97 39
36 98 21
36 99 74
37 38 17
37 39 162
37 40 34
37 41 108
37 42 128
37 43 155
37 44 60
37 45 184
37 46 41
37 47 164
37 48 37
37 49 200
37 50 176
37 51 128
37 52 96
37 53 94
37 54 45
37 55 123
37 56 96
37 57 196
37 58 120
37 59 184
37 60 45
37 61 153
37 62 41
37 63 131
37 64 109
37 65 185
37 66 6
37 67 57
37 68 5
37 69 111
37 70 189
37 71 44
37 72 0
37 73 193
37 74 144
37 75 92
37 76 114
37 77 20
37 78 11
37 79 40
37 80 57
37 81 101
37 82 146
37 83 179
37 84 153
37 85 167
37 86 94
37 87 114
37 88 2
37 89 112
37 90 174
37 91 103
37 92 71
37 93 168
37 94 173
37 95 192
37 96 90
37 97 55
37 98 63
37 99 95
38 39 161
38 40 19
38 41 144
38 42 192
38 43 14
38 44 116
38 45 141
38 46 118
38 47 91
38 48 72
38 49 78
38 50 142
38 51 32
38 52 119
38 53 102
38 54 117
38 55 12
38 56 78
38 57 87
38 58 58
38 59 190
38 60 95
38 61 66
38 62 37
38 63 75
38 64 88
38 65 6
38 66 95
38 67 180
38 68 163
38 69 180
38 70 2
38 71 149
38 72 108
38 73 64
38 74 51
38 75 31
38 76 56
38 77 110
38 78 121
38 79 4
38 80 177
38 81 35
38 82 195
38 83 14
38 84 99
38 85 83
38 86 40
38 87 116
38 88 98
38 89 46
38 90 167
38 91 59
38 92 130
38 93 199
38 94 14
38 95 157
38 96 18
38 97 86
38 98 106
38 99 87
39 40 39
39 41 187
39 42 167
39 43 97
39 44 198
39 45 94
39 46 153
39 47 62
39 48 123
39 49 112
39 50 88
39 51 70
39 52 183
39 53 59
39 54 140
39 55 64
39 56 13
39 57 48
39 58 51
39 59 136
39 60 112
39 61 58
39 62 49
39 63 143
39 64 167
39 65 149
39 66 124
39 67 27
39 68 140
39 69 172
39 70 122
39 71 34
39 72 27
39 73 8
39 74 110
39 75 135
39 76 81
39 77 105
39 78 143
39 79 133
39 80 159
39 81 140
39 82 149
39 83 181
39 84 30
39 85 50
39 86 7
39 87 6
39 88 35
39 89 189
39 90 105
39 91 73
39 92 85
39 93 164
39 94 135
39 95 165
39 96 23
39 97 59
39 98 56
39 99 58
40 41 115
40 42 130
40 43 161
40 44 178
40 45 35
40 46 105
40 47 16
40 48 76
40 49 169
40 50 62
40 51 45
40 52 132
40 53 4
40 54 158
40 55 18
40 56 122
40 57 63
40 58 124
40 59 155
40 60 182
40 61 172
40 62 134
40 63 7
40 64 36
40 65 142
40 66 84
40 67 146
40 68 151
40 69 126
40 70 172
40 71 124
40 72 51
40 73 14
40 74 49
40 75 137
40 76 99
40 77 127
40 78 150
40 79 166
40 80 86
40 81 59
40 82 0
40 83 191
40 84 27
40 85 191
40 86 194
40 87 4
40 88 54
40 89 18
40 90 149
40 91 75
40 92 34
40 93 63
40 94 12
40 95 14
40 96 145
40 97 15
40 98 105
40 99 189
41 42 196
41 43 22
41 44 89
41 45 49
41 46 171
41 47 2
41 48 102
41 49 85
41 50 171
41 51 75
41 52 0
41 53 133
41 54 132
41 55 80
41 56 172
41 57 35
41 58 157
41 59 189
41 60 115
41 61 5
41 62 177
41 63 188
41 64 11
41 65 89
41 66 128
41 67 116
41 68 82
41 69 200
41 70 103
41 71 30
41 72 115
41 73 144
41 74 20
41 75 85
41 76 118
41 77 153
41 78 92
41 79 18
41 80 119
41 81 114
41 82 43
41 83 150
41 84 8
41 85 200
41 86 33
41 87 177
41 88 127
41 89 141
41 90 125
41 91 10
41 92 125
41 93 154
41 94 152
41 95 33
41 96 183
41 97 196
41 98 26
41 99 133
42 43 177
42 44 111
42 45 31
42 46 4
42 47 158
42 48 104
42 49 102
42 50 19
42 51 118
42 52 187
42 53 174
42 54 187
42 55 65
42 56 30
42 57 39
42 58 167
42 59 180
42 60 13
42 61 48
42 62 174
42 63 50
42 64 167
42 65 42
42 66 96
42 67 121
42 68 5
42 69 153
42 70 145
42 71 175
42 72 92
42 73 180
42 74 157
42 75 98
42 76 1
42 77 32
42 78 166
42 79 57
42 80 173
42 81 110
42 82 107
42 83 3
42 84 47
42 85 152
42 86 47
42 87 165
42 88 40
42 89 196
42 90 92
42 91 142
42 92 127
42 93 94
42 94 86
42 95 17
42 96 37
42 97 121
42 98 2
42 99 116
43 44 110
43 45 191
43 46 51
43 47 31
43 48 12
43 49 39
43 50 71
43 51 122
43 52 56
43 53 29
43 54 43
43 55 31
43 56 17
43 57 78
43 58 51
43 59 11
43 60 82
43 61 168
43 62 190
43 63 178
43 64 30
43 65 12
43 66 17
43 67 181
43 68 85
43 69 157
43 70 152
43 71 91
43 72 70
43 73 16
43 74 59
43 75 128
43 76 76
43 77 47
43 78 28
43 79 74
43 80 11
43 81 131
43 82 19
43 83 178
43 84 32
43 85 165
43 86 159
43 87 160
43 88 84
43 89 158
43 90 42
43 91 33
43 92 123
43 93 51
43 94 176
43 95 23
43 96 35
43 97 129
43 98 16
43 99 186
44 45 82
44 46 104
44 47 74
44 48 73
44 49 92
44 50 4
44 51 16
44 52 71
44 53 135
44 54 120
44 55 61
44 56 104
44 57 117
44 58 176
44 59 73
44 60 135
44 61 137
44 62 29
44 63 15
44 64 166
44 65 104
44 66 187
44 67 137
44 68 190
44 69 6
44 70 85
44 71 90
44 72 150
44 73 14
44 74 176
44 75 137
44 76 1
44 77 74
44 78 134
44 79 111
44 80 20
44 81 64
44 82 10
44 83 66
44 84 119
44 85 172
44 86 143
44 87 73
44 88 48
44 89 110
44 90 1
44 91 30
44 92 173
44 93 18
44 94 33
44 95 176
44 96 33
44 97 143
44 98 170
44 99 5
45 46 102
45 47 94
45 48 109
45 49 107
45 50 86
45 51 159
45 52 60
45 53 132
45 54 113
45 55 114
45 56 44
45 57 12
45 58 2
45 59 169
45 60 124
45 61 96
45 62 63
45 63 91
45 64 172
45 65 179
45 66 191
45 67 115
45 68 118
45 69 198
45 70 143
45 71 27
45 72 16
45 73 38
45 74 174
45 75 63
45 76 136
45 77 83
45 78 71
45 79 106
45 80 157
45 81 32
45 82 34
45 83 0
45 84 30
45 85 156
45 86 82
45 87 122
45 88 141
45 89 37
45 90 113
45 91 178
45 92 134
45 93 70
45 94 131
45 95 75
45 96 46
45 97 104
45 98 115
45 99 146
46 47 140
46 48 87
46 49 60
46 50 166
46 51 148
46 52 171
46 53 79
46 54 70
46 55 96
46 56 16
46 57 54
46 58 96
46 59 31
46 60 6
46 61 75
46 62 15
46 63 72
46 64 97
46 65 85
46 66 107
46 67 164
46 68 140
46 69 174
46 70 98
46 71 128
46 72 44
46 73 87
46 74 18
46 75 56
46 76 65
46 77 129
46 78 2
46 79 145
46 80 79
46 81 101
46 82 114
46 83 102
46 84 188
46 85 2
46 86 38
46 87 4
46 88 178
46 89 139
46 90 200
46 91 125
46 92 161
46 93 92
46 94 180
46 95 151
46 96 189
46 97 75
46 98 26
46 99 196
47 48 139
47 49 129
47 50 61
47 51 89
47 52 54
47 53 73
47 54 117
47 55 104
47 56 190
47 57 179
47 58 84
47 59 145
47 60 162
47 61 153
47 62 192
47 63 63
47 64 109
47 65 143
47 66 120
47 67 113
47 68 179
47 69 151
47 70 161
47 71 179
47 72 31
47 73 112
47 74 52
47 75 176
47 76 156
47 77 14
47 78 121
47 79 171
47 80 36
47 81 145
47 82 25
47 83 73
47 84 51
47 85 189
47 86 112
47 87 160
47 88 66
47 89 69
47 90 149
47 91 91
47 92 80
47 93 168
47 94 71
47 95 91
47 96 156
47 97 80
47 98 15
47 99 6
48 49 76
48 50 16
48 51 84
48 52 127
48 53 90
48 54 57
48 55 154
48 56 196
48 57 47
48 58 152
48 59 67
48 60 82
48 61 88
48 62 198
48 63 77
48 64 30
48 65 147
48 66 101
48 67 100
48 68 185
48 69 166
48 70 134
48 71 153
48 72 48
48 73 80
48 74 180
48 75 79
48 76 148
48 77 154
48 78 130
48 79 170
48 80 67
48 81 95
48 82 22
48 83 170
48 84 40
48 85 112
48 86 8
48 87 37
48 88 71
48 89 70
48 90 15
48 91 28
48 92 68
48 93 3
48 94 193
48 95 139
48 96 18
48 97 118
48 98 137
48 99 127
49 50 105
49 51 81
49 52 108
49 53 40
49 54 137
49 55 90
49 56 44
49 57 158
49 58 190
49 59 118
49 60 47
49 61 68
49 62 85
49 63 153
49 64 107
49 65 59
49 66 124
49 67 7
49 68 80
49 69 139
49 70 121
49 71 79
49 72 4
49 73 186
49 74 55
49 75 107
49 76 115
49 77 114
49 78 99
49 79 98
49 80 149
49 81 59
49 82 31
49 83 93
49 84 16
49 85 16
49 86 163
49 87 40
49 88 150
49 89 55
49 90 81
49 91 154
49 92 131
49 93 73
49 94 69
49 95 175
49 96 173
49 97 1
49 98 84
49 99 16
50 51 167
50 52 0
50 53 31
50 54 178
50 55 1
50 56 37
50 57 61
50 58 82
50 59 94
50 60 106
50 61 0
50 62 100
50 63 132
50 64 23
50 65 47
50 66 77
50 67 197
50 68 52
50 69 134
50 70 53
50 71 131
50 72 47
50 73 54
50 74 153
50 75 121
50 76 195
50 77 5
50 78 59
50 79 76
50 80 5
50 81 50
50 82 105
50 83 30
50 84 7
50 85 16
50 86 122
50 87 23
50 88 97
50 89 166
50 90 24
50 91 175
50 92 89
50 93 127
50 94 34
50 95 43
50 96 38
50 97 55
50 98 146
50 99 187
51 52 157
51 53 73
51 54 33
51 55 59
51 56 141
51 57 75
51 58 52
51 59 185
51 60 84
51 61 1
51 62 177
51 63 180
51 64 109
51 65 134
51 66 99
51 67 117
51 68 103
51 69 161
51 70 80
51 71 152
51 72 166
51 73 158
51 74 7
51 75 197
51 76 95
51 77 78
51 78 193
51 79 186
51 80 153
51 81 96
51 82 134
51 83 92
51 84 49
51 85 31
51 86 103
51 87 80
51 88 128
51 89 156
51 90 134
51 91 136
51 92 181
51 93 104
51 94 54
51 95 43
51 96 120
51 97 186
51 98 140
51 99 51
52 53 151
52 54 123
52 55 77
52 56 30
52 57 117
52 58 35
52 59 122
52 60 51
52 61 66
52 62 134
52 63 183
52 64 79
52 65 110
52 66 65
52 67 169
52 68 82
52 69 109
52 70 11
52 71 105
52 72 125
52 73 54
52 74 119
52 75 104
52 76 98
52 77 20
52 78 147
52 79 64
52 80 55
52 81 137
52 82 43
52 83 99
52 84 191
52 85 97
52 86 35
52 87 135
52 88 31
52 89 46
52 90 38
52 91 72
52 92 148
52 93 178
52 94 193
52 95 32
52 96 51
52 97 74
52 98 100
52 99 111
53 54 105
53 55 54
53 56 87
53 57 25
53 58 108
53 59 150
53 60 102
53 61 39
53 62 199
53 63 34
53 64 111
53 65 72
53 66 103
53 67 153
53 68 177
53 69 50
53 70 131
53 71 177
53 72 182
53 73 154
53 74 169
53 75 45
53 76 41
53 77 179
53 78 176
53 79 166
53 80 12
53 81 191
53 82 188
53 83 170
53 84 167
53 85 63
53 86 172
53 87 194
53 88 122
53 89 162
53 90 158
53 91 71
53 92 57
53 93 67
53 94 127
53 95 135
53 96 158
53 97 172
53 98 145
53 99 174
54 55 34
54 56 156
54 57 91
54 58 197
54 59 182
54 60 34
54 61 28
54 62 109
54 63 13
54 64 190
54 65 37
54 66 29
54 67 42
54 68 128
54 69 95
54 70 192
54 71 79
54 72 64
54 73 119
54 74 162
54 75 147
54 76 82
54 77 8
54 78 32
54 79 14
54 80 57
54 81 48
54 82 59
54 83 120
54 84 50
54 85 134
54 86 92
54 87 155
54 88 63
54 89 54
54 90 7
54 91 51
54 92 168
54 93 36
54 94 87
54 95 101
54 96 1
54 97 38
54 98 109
54 99 41
55 56 148
55 57 112
55 58 115
55 59 8
55 60 32
55 61 16
55 62 192
55 63 16
55 64 192
55 65 56
55 66 17
55 67 191
55 68 37
55 69 28
55 70 188
55 71 36
55 72 5
55 73 4
55 74 57
55 75 159
55 76 117
55 77 89
55 78 141
55 79 90
55 80 119
55 81 78
55 82 195
55 83 103
55 84 67
55 85 185
55 86 157
55 87 50
55 88 4
55 89 70
55 90 119
55 91 131
55 92 111
55 93 141
55 94 129
55 95 63
55 96 16
55 97 0
55 98 22
55 99 21
56 57 43
56 58 113
56 59 119
56 60 162
56 61 21
56 62 14
56 63 171
56 64 27
56 65 107
56 66 98
56 67 22
56 68 52
56 69 8
56 70 173
56 71 155
56 72 1
56 73 16
56 74 40
56 75 24
56 76 60
56 77 182
56 78 48
56 79 12
56 80 45
56 81 152
56 82 48
56 83 118
56 84 88
56 85 99
56 86 50
56 87 1
56 88 54
56 89 7
56 90 139
56 91 182
56 92 79
56 93 79
56 94 193
56 95 88
56 96 54
56 97 171
56 98 152
56 99 114
57 58 146
57 59 186
57 60 185
57 61 29
57 62 42
57 63 9
57 64 109
57 65 154
57 66 23
57 67 13
57 68 86
57 69 184
57 70 5
57 71 183
57 72 26
57 73 154
57 74 70
57 75 131
57 76 60
57 77 176
57 78 57
57 79 116
57 80 120
57 81 199
57 82 86
57 83 140
57 84 60
57 85 44
57 86 142
57 87 25
57 88 115
57 89 49
57 90 112
57 91 147
57 92 97
57 93 98
57 94 75
57 95 96
57 96 192
57 97 185
57 98 124
57 99 57
58 59 107
58 60 12
58 61 188
58 62 67
58 63 81
58 64 97
58 65 107
58 66 77
58 67 52
58 68 101
58 69 177
58 70 81
58 71 41
58 72 45
58 73 21
58 74 32
58 75 59
58 76 105
58 77 69
58 78 38
58 79 103
58 80 133
58 81 60
58 82 23
58 83 174
58 84 171
58 85 51
58 86 140
58 87 168
58 88 156
58 89 162
58 90 41
58 91 27
58 92 41
58 93 157
58 94 75
58 95 90
58 96 24
58 97 162
58 98 85
58 99 57
59 60 166
59 61 140
59 62 43
59 63 27
59 64 5
59 65 123
59 66 168
59 67 15
59 68 177
59 69 48
59 70 196
59 71 67
59 72 116
59 73 132
59 74 176
59 75 156
59 76 183
59 77 181
59 78 124
59 79 87
59 80 82
59 81 24
59 82 134
59 83 169
59 84 46
59 85 184
59 86 87
59 87 195
59 88 112
59 89 131
59 90 40
59 91 178
59 92 114
59 93 120
59 94 30
59 95 146
59 96 199
59 97 103
59 98 95
59 99 72
60 61 41
60 62 117
60 63 172
60 64 104
60 65 49
60 66 185
60 67 56
60 68 48
60 69 128
60 70 14
60 71 54
60 72 8
60 73 162
60 74 148
60 75 58
60 76 134
60 77 84
60 78 21
60 79 172
60 80 157
60 81 99
60 82 6
60 83 2
60 84 86
60 85 154
60 86 67
60 87 39
60 88 108
60 89 46
60 90 79
60 91 149
60 92 126
60 93 80
60 94 67
60 95 14
60 96 165
60 97 57
60 98 68
60 99 76
61 62 41
61 63 186
61 64 132
61 65 185
61 66 111
61 67 35
61 68 159
61 69 195
61 70 113
61 71 93
61 72 67
61 73 81
61 74 146
61 75 107
61 76 158
61 77 59
61 78 79
61 79 177
61 80 67
61 81 98
61 82 111
61 83 52
61 84 172
61 85 138
61 86 176
61 87 185
61 88 85
61 89 195
61 90 167
61 91 143
61 92 169
61 93 83
61 94 71
61 95 120
61 96 187
61 97 72
61 98 16
61 99 25
62 63 183
62 64 40
62 65 82
62 66 75
62 67 186
62 68 51
62 69 167
62 70 19
62 71 48
62 72 140
62 73 200
62 74 25
62 75 149
62 76 120
62 77 194
62 78 90
62 79 117
62 80 167
62 81 114
62 82 191
62 83 47
62 84 101
62 85 96
62 86 184
62 87 18
62 88 167
62 89 31
62 90 85
62 91 181
62 92 75
62 93 33
62 94 11
62 95 157
62 96 41
62 97 127
62 98 163
62 99 101
63 64 129
63 65 73
63 66 192
63 67 5
63 68 199
63 69 160
63 70 199
63 71 93
63 72 126
63 73 41
63 74 190
63 75 43
63 76 64
63 77 195
63 78 105
63 79 11
63 80 148
63 81 111
63 82 104
63 83 24
63 84 9
63 85 57
63 86 95
63 87 72
63 88 110
63 89 19
63 90 69
63 91 110
63 92 93
63 93 3
63 94 3
63 95 8
63 96 116
63 97 91
63 98 125
63 99 153
64 65 196
64 66 53
64 67 78
64 68 53
64 69 55
64 70 35
64 71 18
64 72 159
64 73 182
64 74 65
64 75 70
64 76 21
64 77 175
64 78 141
64 79 36
64 80 145
64 81 124
64 82 115
64 83 30
64 84 199
64 85 22
64 86 177
64 87 182
64 88 134
64 89 81
64 90 99
64 91 160
64 92 67
64 93 128
64 94 7
64 95 188
64 96 145
64 97 132
64 98 71
64 99 107
65 66 112
65 67 93
65 68 99
65 69 99
65 70 142
65 71 37
65 72 67
65 73 177
65 74 24
65 75 100
65 76 100
65 77 97
65 78 40
65 79 155
65 80 72
65 81 161
65 82 30
65 83 186
65 84 2
65 85 127
65 86 188
65 87 14
65 88 36
65 89 104
65 90 151
65 91 186
65 92 190
65 93 96
65 94 88
65 95 184
65 96 45
65 97 175
65 98 94
65 99 71
66 67 117
66 68 16
66 69 48
66 70 145
66 71 177
66 72 46
66 73 33
66 74 200
66 75 171
66 76 3
66 77 56
66 78 112
66 79 119
66 80 192
66 81 118
66 82 100
66 83 13
66 84 144
66 85 46
66 86 95
66 87 133
66 88 126
66 89 137
66 90 25
66 91 29
66 92 187
66 93 7
66 94 99
66 95 100
66 96 182
66 97 189
66 98 13
66 99 53
67 68 22
67 69 81
67 70 156
67 71 174
67 72 188
67 73 38
67 74 171
67 75 117
67 76 123
67 77 121
67 78 129
67 79 23
67 80 79
67 81 138
67 82 188
67 83 151
67 84 156
67 85 74
67 86 31
67 87 12
67 88 124
67 89 85
67 90 93
67 91 5
67 92 166
67 93 92
67 94 79
67 95 11
67 96 17
67 97 127
67 98 10
67 99 72
68 69 171
68 70 14
68 71 81
68 72 71
68 73 100
68 74 44
68 75 16
68 76 152
68 77 199
68 78 48
68 79 4
68 80 53
68 81 195
68 82 164
68 83 128
68 84 66
68 85 136
68 86 89
68 87 18
68 88 191
68 89 77
68 90 1
68 91 178
68 92 34
68 93 33
68 94 93
68 95 82
68 96 129
68 97 73
68 98 182
68 99 48
69 70 58
69 71 21
69 72 90
69 73 5
69 74 53
69 75 153
69 76 44
69 77 106
69 78 120
69 79 148
69 80 28
69 81 87
69 82 69
69 83 139
69 84 28
69 85 166
69 86 98
69 87 30
69 88 101
69 89 27
69 90 171
69 91 59
69 92 141
69 93 25
69 94 118
69 95 199
69 96 118
69 97 24
69 98 145
69 99 110
