100 4935
0 1 158
0 2 24
0 3 15
0 4 10
0 5 169
0 6 124
0 7 57
0 8 148
0 9 106
0 10 153
0 11 194
0 12 61
0 13 85
0 14 154
0 15 65
0 16 66
0 17 14
0 18 98
0 19 2
0 20 64
0 21 98
0 22 62
0 23 9
0 24 185
0 25 171
0 26 139
0 27 185
0 28 55
0 29 51
0 30 109
0 31 37
0 32 157
0 33 23
0 34 188
0 35 128
0 36 129
0 37 27
0 38 15
0 39 141
0 40 0
0 41 23
0 42 110
0 43 117
0 44 185
0 45 88
0 46 87
0 47 7
0 48 63
0 49 58
0 50 15
0 51 199
0 52 29
0 53 192
0 54 173
0 55 65
0 56 31
0 57 39
0 58 118
0 59 54
0 60 136
0 61 71
0 62 98
0 63 4
0 64 145
0 65 91
0 66 181
0 67 87
0 68 156
0 69 3
0 70 198
0 71 41
0 72 101
0 73 165
0 74 116
0 75 123
0 76 18
0 77 46
0 78 181
0 79 78
0 80 93
0 81 175
0 82 144
0 83 61
0 84 84
0 85 94
0 86 62
0 87 171
0 88 44
0 89 54
0 90 194
0 91 53
0 92 36
0 93 138
0 94 150
0 95 17
0 96 145
0 97 116
0 98 0
0 99 55
1 2 40
1 3 105
1 4 55
1 5 50
1 6 185
1 7 120
1 8 135
1 9 109
1 10 151
1 11 200
1 12 26
1 13 102
1 14 88
1 15 8
1 16 73
1 17 173
1 18 194
1 19 93
1 20 72
1 21 34
1 22 48
1 23 28
1 24 96
1 25 109
1 26 97
1 27 15
1 28 6
1 29 101
1 30 185
1 31 179
1 32 3
1 33 134
1 34 95
1 35 41
1 36 45
1 37 199
1 38 19
1 39 193
1 40 193
1 41 132
1 42 64
1 43 190
1 44 56
1 45 146
1 46 113
1 47 68
1 48 25
1 49 160
1 50 88
1 51 122
1 52 66
1 53 80
1 54 10
1 55 148
1 56 61
1 57 51
1 58 184
1 59 118
1 60 10
1 61 169
1 62 122
1 63 100
1 64 190
1 65 144
1 66 172
1 67 28
1 68 183
1 69 114
1 70 40
1 71 169
1 72 179
1 73 194
1 74 196
1 75 141
1 76 120
1 77 173
1 78 154
1 79 110
1 80 162
1 81 31
1 82 12
1 83 161
1 84 60
1 85 179
1 86 58
1 87 149
1 88 175
1 89 53
1 90 143
1 91 3
1 92 5
1 93 37
1 94 77
1 95 46
1 96 167
1 97 69
1 98 179
1 99 102
2 3 0
2 4 146
2 5 3
2 6 101
2 7 79
2 8 79
2 9 96
2 10 169
2 11 19
2 12 71
2 13 135
2 14 45
2 15 3
2 16 16
2 17 16
2 18 62
2 19 83
2 20 157
2 21 2
2 22 102
2 23 148
2 24 95
2 25 103
2 26 162
2 27 22
2 28 187
2 29 159
2 30 53
2 31 101
2 32 134
2 33 50
2 34 0
2 35 108
2 36 149
2 37 40
2 38 153
2 39 63
2 40 182
2 41 50
2 42 136
2 43 93
2 44 76
2 45 198
2 46 89
2 47 133
2 48 31
2 49 117
2 50 180
2 51 189
2 52 39
2 53 87
2 54 135
2 55 191
2 56 150
2 57 56
2 58 136
2 59 72
2 60 3
2 61 125
2 62 141
2 63 86
2 64 166
2 65 64
2 66 67
2 67 158
2 68 97
2 69 19
2 70 133
2 71 101
2 72 117
2 73 152
2 74 148
2 75 179
2 76 14
2 77 5
2 78 47
2 79 169
2 80 109
2 81 135
2 82 154
2 83 168
2 84 33
2 85 102
2 86 86
2 87 57
2 88 44
2 89 175
2 90 156
2 91 18
2 92 83
2 93 45
2 94 113
2 95 41
2 96 133
2 97 194
2 98 103
2 99 96
3 4 32
3 5 99
3 6 110
3 7 125
3 8 179
3 9 85
3 10 105
3 11 113
3 12 85
3 13 64
3 14 49
3 15 74
3 16 150
3 17 121
3 18 153
3 19 15
3 20 46
3 21 28
3 22 193
3 23 166
3 24 102
3 25 126
3 26 4
3 27 79
3 28 18
3 29 154
3 30 133
3 31 81
3 32 84
3 33 169
3 34 174
3 35 142
3 36 70
3 37 127
3 38 147
3 39 175
3 40 157
3 41 161
3 42 78
3 43 101
3 44 11
3 45 105
3 46 153
3 47 122
3 48 193
3 49 110
3 50 14
3 51 171
3 52 25
3 53 91
3 54 181
3 55 84
3 56 186
3 57 31
3 58 145
3 59 108
3 60 103
3 61 120
3 62 9
3 63 99
3 64 185
3 65 5
3 66 174
3 67 71
3 68 7
3 69 49
3 70 78
3 71 12
3 72 169
3 73 93
3 74 138
3 75 167
3 76 151
3 77 107
3 78 61
3 79 190
3 80 146
3 81 132
3 82 190
3 83 192
3 84 93
3 85 48
3 86 167
3 87 107
3 88 71
3 89 40
3 90 149
3 91 180
3 92 49
3 93 120
3 94 42
3 95 193
3 96 43
3 97 32
3 98 94
3 99 113
4 5 144
4 6 121
4 7 80
4 8 183
4 9 106
4 10 179
4 11 145
4 12 179
4 13 88
4 14 48
4 15 54
4 16 136
4 17 92
4 18 66
4 19 92
4 20 24
4 21 125
4 22 93
4 23 31
4 24 94
4 25 165
4 26 46
4 27 25
4 28 131
4 29 175
4 30 131
4 31 6
4 32 105
4 33 136
4 34 136
4 35 166
4 36 131
4 37 92
4 38 97
4 39 121
4 40 17
4 41 193
4 42 174
4 43 29
4 44 68
4 45 41
4 46 196
4 47 166
4 48 148
4 49 40
4 50 22
4 51 74
4 52 99
4 53 46
4 54 137
4 55 138
4 56 156
4 57 145
4 58 168
4 59 71
4 60 176
4 61 20
4 62 99
4 63 138
4 64 172
4 65 63
4 66 115
4 67 142
4 68 40
4 69 82
4 70 64
4 71 142
4 72 78
4 73 128
4 74 73
4 75 71
4 76 139
4 77 118
4 78 29
4 79 91
4 80 169
4 81 148
4 82 86
4 83 196
4 84 11
4 85 115
4 86 187
4 87 181
4 88 38
4 89 173
4 90 2
4 91 26
4 92 24
4 93 96
4 94 196
4 95 82
4 96 67
4 97 71
4 98 48
4 99 46
5 6 97
5 7 129
5 8 132
5 9 108
5 10 23
5 11 92
5 12 63
5 13 100
5 14 0
5 15 62
5 16 168
5 17 104
5 18 51
5 19 179
5 20 171
5 21 188
5 22 49
5 23 109
5 24 14
5 25 181
5 26 37
5 27 25
5 28 131
5 29 196
5 30 75
5 31 12
5 32 142
5 33 85
5 34 57
5 35 197
5 36 129
5 37 188
5 38 56
5 39 76
5 40 126
5 41 178
5 42 199
5 43 200
5 44 131
5 45 89
5 46 193
5 47 185
5 48 46
5 49 21
5 50 147
5 51 85
5 52 97
5 53 12
5 54 84
5 55 3
5 56 109
5 57 195
5 58 172
5 59 141
5 60 191
5 61 78
5 62 94
5 63 85
5 64 54
5 65 106
5 66 36
5 67 113
5 68 79
5 69 195
5 70 182
5 71 13
5 72 43
5 73 13
5 74 154
5 75 122
5 76 122
5 77 172
5 78 117
5 79 141
5 80 19
5 81 184
5 82 162
5 83 92
5 84 34
5 85 12
5 86 125
5 87 200
5 88 75
5 89 99
5 90 101
5 91 0
5 92 188
5 93 24
5 94 13
5 95 40
5 96 192
5 97 3
5 98 189
5 99 154
6 7 69
6 8 161
6 9 64
6 10 19
6 11 1
6 12 43
6 13 149
6 14 17
6 15 126
6 16 80
6 17 40
6 18 63
6 19 148
6 20 90
6 21 179
6 22 111
6 23 29
6 24 29
6 25 138
6 26 157
6 27 125
6 28 128
6 29 179
6 30 40
6 31 74
6 32 37
6 33 28
6 34 67
6 35 65
6 36 173
6 37 186
6 38 118
6 39 20
6 40 39
6 41 66
6 42 160
6 43 98
6 44 199
6 45 91
6 46 152
6 47 42
6 48 161
6 49 116
6 50 130
6 51 122
6 52 8
6 53 192
6 54 173
6 55 52
6 56 126
6 57 83
6 58 141
6 59 53
6 60 9
6 61 163
6 62 110
6 63 136
6 64 102
6 65 48
6 66 187
6 67 55
6 68 87
6 69 15
6 70 37
6 71 29
6 72 117
6 73 123
6 74 181
6 75 138
6 76 77
6 77 131
6 78 142
6 79 165
6 80 139
6 81 187
6 82 100
6 83 157
6 84 77
6 85 163
6 86 112
6 87 183
6 88 131
6 89 174
6 90 21
6 91 101
6 92 198
6 93 133
6 94 20
6 95 90
6 96 150
6 97 40
6 98 125
6 99 77
7 8 167
7 9 46
7 10 181
7 11 200
7 12 66
7 13 11
7 14 98
7 15 14
7 16 68
7 17 86
7 18 0
7 19 15
7 20 0
7 21 18
7 22 198
7 23 134
7 24 111
7 25 105
7 26 59
7 27 163
7 28 179
7 29 78
7 30 66
7 31 154
7 32 168
7 33 129
7 34 114
7 35 67
7 36 129
7 37 94
7 38 112
7 39 35
7 40 20
7 41 153
7 42 143
7 43 92
7 44 41
7 45 19
7 46 185
7 47 5
7 48 46
7 49 144
7 50 86
7 51 52
7 52 4
7 53 138
7 54 158
7 55 113
7 56 33
7 57 167
7 58 155
7 59 31
7 60 111
7 61 98
7 62 32
7 63 30
7 64 140
7 65 22
7 66 158
7 67 104
7 68 140
7 69 9
7 70 88
7 71 27
7 72 55
7 73 155
7 74 123
7 75 40
7 76 161
7 77 31
7 78 192
7 79 175
7 80 24
7 81 126
7 82 71
7 83 161
7 84 37
7 85 106
7 86 139
7 87 132
7 88 26
7 89 185
7 90 121
7 91 24
7 92 19
7 93 38
7 94 120
7 95 174
7 96 174
7 97 138
7 98 148
7 99 57
8 9 51
8 10 55
8 11 46
8 12 35
8 13 183
8 14 169
8 15 179
8 16 70
8 17 158
8 18 142
8 19 169
8 20 33
8 21 71
8 22 200
8 23 102
8 24 189
8 25 5
8 26 100
8 27 8
8 28 133
8 29 87
8 30 148
8 31 168
8 32 27
8 33 73
8 34 20
8 35 9
8 36 20
8 37 87
8 38 19
8 39 81
8 40 158
8 41 112
8 42 54
8 43 46
8 44 169
8 45 128
8 46 57
8 47 133
8 48 190
8 49 193
8 50 193
8 51 56
8 52 8
8 53 28
8 54 196
8 55 127
8 56 53
8 57 112
8 58 173
8 59 131
8 60 18
8 61 93
8 62 200
8 63 51
8 64 100
8 65 166
8 66 152
8 67 56
8 68 120
8 69 27
8 70 176
8 71 180
8 72 60
8 73 159
8 74 36
8 75 175
8 76 70
8 77 169
8 78 179
8 79 159
8 80 172
8 81 91
8 82 104
8 83 199
8 84 67
8 85 173
8 86 90
8 87 70
8 88 68
8 89 149
8 90 6
8 91 138
8 92 116
8 93 52
8 94 88
8 95 139
8 96 128
8 97 114
8 98 34
8 99 27
9 10 12
9 11 137
9 12 185
9 13 88
9 14 151
9 15 168
9 16 174
9 17 114
9 18 191
9 19 124
9 20 22
9 21 194
9 22 171
9 23 190
9 24 107
9 25 81
9 26 173
9 27 51
9 28 112
9 29 107
9 30 98
9 31 100
9 32 62
9 33 55
9 34 174
9 35 32
9 36 0
9 37 22
9 38 142
9 39 3
9 40 154
9 41 185
9 42 13
9 43 56
9 44 147
9 45 198
9 46 22
9 47 169
9 48 136
9 49 142
9 50 60
9 51 145
9 52 160
9 53 146
9 54 119
9 55 18
9 56 91
9 57 15
9 58 135
9 59 114
9 60 79
9 61 150
9 62 18
9 63 109
9 64 186
9 65 108
9 66 68
9 67 151
9 68 159
9 69 26
9 70 39
9 71 175
9 72 55
9 73 103
9 74 180
9 75 93
9 76 86
9 77 0
9 78 12
9 79 12
9 80 151
9 81 155
9 82 11
9 83 200
9 84 36
9 85 118
9 86 19
9 87 28
9 88 100
9 89 18
9 90 25
9 91 179
9 92 94
9 93 2
9 94 16
9 95 21
9 96 174
9 97 53
9 98 94
9 99 147
10 11 40
10 12 128
10 13 44
10 14 124
10 15 38
10 16 188
10 17 192
10 18 111
10 19 12
10 20 123
10 21 53
10 22 177
10 23 37
10 24 179
10 25 196
10 26 28
10 27 116
10 28 17
10 29 3
10 30 176
10 31 172
10 32 36
10 33 60
10 34 61
10 35 72
10 36 62
10 37 86
10 38 8
10 39 123
10 40 66
10 41 96
10 42 144
10 43 191
10 44 172
10 45 35
10 46 33
10 47 145
10 48 48
10 49 196
10 50 170
10 51 96
10 52 162
10 53 198
10 54 22
10 55 56
10 56 149
10 57 41
10 58 127
10 59 14
10 60 156
10 61 146
10 62 19
10 63 59
10 64 23
10 65 2
10 66 68
10 67 160
10 68 67
10 69 113
10 70 148
10 71 97
10 72 117
10 73 6
10 74 40
10 75 153
10 76 179
10 77 130
10 78 190
10 79 11
10 80 40
10 81 200
10 82 5
10 83 58
10 84 147
10 85 182
10 86 75
10 87 78
10 88 45
10 89 47
10 90 81
10 91 121
10 92 119
10 93 163
10 94 73
10 95 159
10 96 57
10 97 171
10 98 26
10 99 30
11 12 162
11 13 179
11 14 98
11 15 167
11 16 93
11 17 86
11 18 113
11 19 25
11 20 159
11 21 89
11 22 60
11 23 30
11 24 62
11 25 129
11 26 55
11 27 2
11 28 131
11 29 39
11 30 57
11 31 30
11 32 13
11 33 137
11 34 57
11 35 37
11 36 141
11 37 134
11 38 77
11 39 58
11 40 45
11 41 49
11 42 118
11 43 159
11 44 128
11 45 184
11 46 189
11 47 92
11 48 10
11 49 31
11 50 173
11 51 76
11 52 195
11 53 163
11 54 168
11 55 100
11 56 126
11 57 13
11 58 56
11 59 0
11 60 183
11 61 64
11 62 182
11 63 79
11 64 199
11 65 175
11 66 86
11 67 120
11 68 122
11 69 93
11 70 97
11 71 100
11 72 127
11 73 33
11 74 197
11 75 120
11 76 170
11 77 10
11 78 38
11 79 115
11 80 104
11 81 63
11 82 61
11 83 86
11 84 61
11 85 123
11 86 107
11 87 190
11 88 51
11 89 51
11 90 22
11 91 5
11 92 70
11 93 55
11 94 29
11 95 199
11 96 38
11 97 16
11 98 126
11 99 95
12 13 123
12 14 17
12 15 192
12 16 169
12 17 24
12 18 120
12 19 106
12 20 65
12 21 47
12 22 128
12 23 118
12 24 192
12 25 50
12 26 200
12 27 49
12 28 11
12 29 114
12 30 43
12 31 157
12 32 125
12 33 163
12 34 180
12 35 138
12 36 67
12 37 72
12 38 42
12 39 179
12 40 97
12 41 196
12 42 95
12 43 99
12 44 26
12 45 91
12 46 38
12 47 15
12 48 199
12 49 118
12 50 40
12 51 87
12 52 76
12 53 52
12 54 45
12 55 36
12 56 148
12 57 76
12 58 96
12 59 35
12 60 92
12 61 165
12 62 127
12 63 133
12 64 50
12 65 160
12 66 110
12 67 1
12 68 60
12 69 5
12 70 10
12 71 158
12 72 125
12 73 167
12 74 88
12 75 69
12 76 149
12 77 19
12 78 14
12 79 60
12 80 6
12 81 176
12 82 55
12 83 185
12 84 75
12 85 117
12 86 118
12 87 14
12 88 77
12 89 175
12 90 176
12 91 90
12 92 47
12 93 160
12 94 58
12 95 161
12 96 145
12 97 99
12 98 104
12 99 33
13 14 59
13 15 177
13 16 130
13 17 123
13 18 164
13 19 164
13 20 83
13 21 165
13 22 161
13 23 0
13 24 87
13 25 183
13 26 12
13 27 83
13 28 192
13 29 2
13 30 23
13 31 192
13 32 18
13 33 38
13 34 35
13 35 147
13 36 32
13 37 158
13 38 43
13 39 197
13 40 175
13 41 157
13 42 13
13 43 7
13 44 127
13 45 143
13 46 46
13 47 164
13 48 155
13 49 131
13 50 1
13 51 122
13 52 138
13 53 90
13 54 48
13 55 91
13 56 69
13 57 6
13 58 101
13 59 130
13 60 163
13 61 150
13 62 77
13 63 61
13 64 170
13 65 1
13 66 74
13 67 161
13 68 177
13 69 52
13 70 113
13 71 93
13 72 50
13 73 18
13 74 18
13 75 170
13 76 128
13 77 157
13 78 117
13 79 46
13 80 116
13 81 37
13 82 162
13 83 49
13 84 83
13 85 196
13 86 5
13 87 26
13 88 55
13 89 4
13 90 178
13 91 15
13 92 3
13 93 188
13 94 175
13 95 9
13 96 162
13 97 29
13 98 86
13 99 87
14 15 49
14 16 175
14 17 197
14 18 18
14 19 173
14 20 70
14 21 122
14 22 159
14 23 185
14 24 6
14 25 130
14 26 100
14 27 130
14 28 105
14 29 153
14 30 162
14 31 45
14 32 94
14 33 82
14 34 177
14 35 15
14 36 111
14 37 187
14 38 91
14 39 187
14 40 119
14 41 197
14 42 98
14 43 46
14 44 114
14 45 180
14 46 36
14 47 138
14 48 115
14 49 15
14 50 134
14 51 15
14 52 197
14 53 140
14 54 165
14 55 33
14 56 129
14 57 12
14 58 77
14 59 122
14 60 132
14 61 94
14 62 44
14 63 83
14 64 27
14 65 26
14 66 63
14 67 70
14 68 14
14 69 5
14 70 88
14 71 117
14 72 132
14 73 42
14 74 45
14 75 137
14 76 131
14 77 85
14 78 20
14 79 153
14 80 188
14 81 97
14 82 89
14 83 154
14 84 43
14 85 145
14 86 162
14 87 112
14 88 198
14 89 188
14 90 66
14 91 48
14 92 94
14 93 8
14 94 2
14 95 85
14 96 135
14 97 8
14 98 16
14 99 77
15 16 116
15 17 81
15 18 153
15 19 108
15 20 93
15 21 152
15 22 5
15 23 89
15 24 160
15 25 40
15 26 54
15 27 56
15 28 103
15 29 25
15 30 128
15 31 69
15 32 157
15 33 53
15 34 188
15 35 9
15 36 140
15 37 115
15 38 20
15 39 33
15 40 115
15 41 49
15 42 171
15 43 188
15 44 102
15 45 162
15 46 141
15 47 47
15 48 94
15 49 158
15 50 99
15 51 57
15 52 10
15 53 26
15 54 92
15 55 156
15 56 131
15 57 134
15 58 106
15 59 93
15 60 39
15 61 44
15 62 124
15 63 68
15 64 151
15 65 39
15 66 6
15 67 198
15 68 184
15 69 113
15 70 126
15 71 157
15 72 109
15 73 26
15 74 143
15 75 101
15 76 173
15 77 121
15 78 135
15 79 73
15 80 73
15 81 113
15 82 35
15 83 32
15 84 105
15 85 46
15 86 111
15 87 18
15 88 65
15 89 114
15 90 13
15 91 36
15 92 43
15 93 53
15 94 35
15 95 72
15 96 141
15 97 14
15 98 162
15 99 36
16 17 31
16 18 155
16 19 162
16 20 148
16 21 192
16 22 51
16 23 21
16 24 23
16 25 92
16 26 6
16 27 148
16 28 158
16 29 36
16 30 154
16 31 102
16 32 131
16 33 59
16 34 38
16 35 11
16 36 36
16 37 31
16 38 63
16 39 83
16 40 17
16 41 161
16 42 17
16 43 199
16 44 176
16 45 61
16 46 178
16 47 16
16 48 142
16 49 17
16 50 162
16 51 20
16 52 85
16 53 81
16 54 74
16 55 183
16 56 104
16 57 49
16 58 127
16 59 81
16 60 171
16 61 177
16 62 153
16 63 34
16 64 140
16 65 139
16 66 106
16 67 18
16 68 3
16 69 141
16 70 35
16 71 194
16 72 6
16 73 106
16 74 52
16 75 161
16 76 102
16 77 15
16 78 30
16 79 177
16 80 184
16 81 185
16 82 112
16 83 27
16 84 134
16 85 33
16 86 3
16 87 60
16 88 80
16 89 163
16 90 110
16 91 186
16 92 83
16 93 56
16 94 24
16 95 160
16 96 165
16 97 21
16 98 62
16 99 32
17 18 158
17 19 45
17 20 61
17 21 185
17 22 119
17 23 10
17 24 147
17 25 199
17 26 112
17 27 33
17 28 118
17 29 165
17 30 25
17 31 53
17 32 62
17 33 190
17 34 33
17 35 143
17 36 193
17 37 45
17 38 11
17 39 56
17 40 143
17 41 70
17 42 15
17 43 24
17 44 82
17 45 0
17 46 170
17 47 175
17 48 56
17 49 143
17 50 111
17 51 175
17 52 102
17 53 98
17 54 5
17 55 77
17 56 68
17 57 12
17 58 114
17 59 114
17 60 79
17 61 137
17 62 89
17 63 48
17 64 112
17 65 114
17 66 68
17 67 105
17 68 30
17 69 67
17 70 160
17 71 77
17 72 37
17 73 71
17 74 141
17 75 167
17 76 57
17 77 7
17 78 51
17 79 60
17 80 41
17 81 141
17 82 106
17 83 10
17 84 146
17 85 71
17 86 63
17 87 174
17 88 21
17 89 20
17 90 174
17 91 51
17 92 61
17 93 97
17 94 189
17 95 1
17 96 39
17 97 11
17 98 112
17 99 92
18 19 24
18 20 87
18 21 15
18 22 26
18 23 145
18 24 139
18 25 43
18 26 180
18 27 144
18 28 46
18 29 22
18 30 88
18 31 125
18 32 13
18 33 61
18 34 100
18 35 102
18 36 68
18 37 83
18 38 164
18 39 102
18 40 135
18 41 120
18 42 94
18 43 0
18 44 150
18 45 189
18 46 160
18 47 184
18 48 170
18 49 97
18 50 191
18 51 98
18 52 46
18 53 11
18 54 27
18 55 71
18 56 152
18 57 173
18 58 103
18 59 132
18 60 128
18 61 32
18 62 70
18 63 48
18 64 174
18 65 147
18 66 171
18 67 38
18 68 32
18 69 164
18 70 72
18 71 170
18 72 57
18 73 52
18 74 175
18 75 115
18 76 47
18 77 143
18 78 55
18 79 155
18 80 17
18 81 111
18 82 129
18 83 192
18 84 76
18 85 134
18 86 15
18 87 114
18 88 185
18 89 119
18 90 106
18 91 186
18 92 164
18 93 146
18 94 89
18 95 131
18 96 185
18 97 45
18 98 199
18 99 62
19 20 73
19 21 129
19 22 39
19 23 76
19 24 96
19 25 60
19 26 99
19 27 42
19 28 123
19 29 85
19 30 16
19 31 163
19 32 112
19 33 26
19 34 158
19 35 4
19 36 76
19 37 181
19 38 87
19 39 71
19 40 16
19 41 33
19 42 78
19 43 173
19 44 174
19 45 87
19 46 26
19 47 3
19 48 52
19 49 182
19 50 193
19 51 182
19 52 167
19 53 184
19 54 134
19 55 139
19 56 121
19 57 150
19 58 4
19 59 91
19 60 57
19 61 119
19 62 30
19 63 128
19 64 32
19 65 101
19 66 82
19 67 176
19 68 129
19 69 156
19 70 104
19 71 42
19 72 126
19 73 129
19 74 8
19 75 145
19 76 143
19 77 162
19 78 18
19 79 93
19 80 161
19 81 38
19 82 78
19 83 49
19 84 193
19 85 159
19 86 117
19 87 109
19 88 144
19 89 97
19 90 147
19 91 97
19 92 59
19 93 149
19 94 123
19 95 121
19 96 180
19 97 118
19 98 103
19 99 110
20 21 133
20 22 86
20 23 160
20 24 191
20 25 189
20 26 121
20 27 51
20 28 157
20 29 21
20 30 11
20 31 151
20 32 9
20 33 100
20 34 95
20 35 148
20 36 140
20 37 154
20 38 169
20 39 34
20 40 4
20 41 63
20 42 84
20 43 77
20 44 38
20 45 65
20 46 107
20 47 22
20 48 17
20 49 52
20 50 134
20 51 195
20 52 183
20 53 63
20 54 53
20 55 176
20 56 119
20 57 178
20 58 78
20 59 148
20 60 191
20 61 54
20 62 67
20 63 125
20 64 16
20 65 38
20 66 56
20 67 172
20 68 58
20 69 101
20 70 161
20 71 53
20 72 52
20 73 63
20 74 91
20 75 100
20 76 35
20 77 172
20 78 50
20 79 165
20 80 144
20 81 67
20 82 127
20 83 146
20 84 145
20 85 151
20 86 158
20 87 84
20 88 19
20 89 112
20 90 86
20 91 119
20 92 21
20 93 7
20 94 148
20 95 15
20 96 181
20 97 146
20 98 8
20 99 195
21 22 40
21 23 146
21 24 94
21 25 93
21 26 193
21 27 172
21 28 134
21 29 96
21 30 19
21 31 98
21 32 198
21 33 92
21 34 126
21 35 2
21 36 144
21 37 135
21 38 71
21 39 2
21 40 192
21 41 139
21 42 155
21 43 159
21 44 8
21 45 122
21 46 114
21 47 168
21 48 9
21 49 66
21 50 149
21 51 138
21 52 187
21 53 69
21 54 171
21 55 179
21 56 83
21 57 98
21 58 130
21 59 179
21 60 57
21 61 26
21 62 16
21 63 124
21 64 94
21 65 66
21 66 148
21 67 16
21 68 33
21 69 81
21 70 46
21 71 85
21 72 63
21 73 124
21 74 23
21 75 66
21 76 75
21 77 94
21 78 14
21 79 180
21 80 62
21 81 32
21 82 3
21 83 137
21 84 32
21 85 164
21 86 19
21 87 39
21 88 161
21 89 103
21 90 194
21 91 154
21 92 64
21 93 71
21 94 25
21 95 181
21 96 28
21 97 83
21 98 67
21 99 106
22 23 137
22 24 135
22 25 31
22 26 157
22 27 78
22 28 178
22 29 112
22 30 89
22 31 149
22 32 38
22 33 135
22 34 178
22 35 194
22 36 100
22 37 1
22 38 173
22 39 189
22 40 37
22 41 149
22 42 65
22 43 31
22 44 69
22 45 32
22 46 34
22 47 160
22 48 162
22 49 128
22 50 60
22 51 189
22 52 127
22 53 103
22 54 166
22 55 148
22 56 158
22 57 36
22 58 8
22 59 101
22 60 147
22 61 165
22 62 80
22 63 131
22 64 117
22 65 149
22 66 109
22 67 50
22 68 131
22 69 200
22 70 48
22 71 69
22 72 112
22 73 73
22 74 86
22 75 12
22 76 100
22 77 6
22 78 52
22 79 4
22 80 167
22 81 56
22 82 163
22 83 22
22 84 173
22 85 155
22 86 79
22 87 158
22 88 23
22 89 9
22 90 167
22 91 131
22 92 67
22 93 110
22 94 32
22 95 122
22 96 41
22 97 41
22 98 50
22 99 172
23 24 51
23 25 49
23 26 82
23 27 162
23 28 39
23 29 47
23 30 91
23 31 84
23 32 56
23 33 114
23 34 72
23 35 112
23 36 45
23 37 112
23 38 28
23 39 124
23 40 200
23 41 2
23 42 145
23 43 144
23 44 150
23 45 6
23 46 155
23 47 89
23 48 183
23 49 117
23 50 82
23 51 73
23 52 167
23 53 190
23 54 200
23 55 134
23 56 18
23 57 32
23 58 39
23 59 42
23 60 97
23 61 77
23 62 70
23 63 13
23 64 173
23 65 91
23 66 64
23 67 113
23 68 47
23 69 81
23 70 184
23 71 39
23 72 42
23 73 7
23 74 90
23 75 14
23 76 102
23 77 198
23 78 126
23 79 102
23 80 128
23 81 125
23 82 90
23 83 31
23 84 50
23 85 161
23 86 70
23 87 169
23 88 7
23 89 137
23 90 174
23 91 44
23 92 190
23 93 148
23 94 70
23 95 5
23 96 114
23 97 121
23 98 58
23 99 187
24 25 197
24 26 99
24 27 109
24 28 156
24 29 185
24 30 37
24 31 3
24 32 156
24 33 196
24 34 26
24 35 36
24 36 98
24 37 197
24 38 94
24 39 165
24 40 180
24 41 108
24 42 167
24 43 138
24 44 192
24 45 103
24 46 145
24 47 174
24 48 63
24 49 18
24 50 155
24 51 181
24 52 0
24 53 129
24 54 200
24 55 40
24 56 48
24 57 114
24 58 149
24 59 175
24 60 105
24 61 78
24 62 51
24 63 76
24 64 149
24 65 188
24 66 185
24 67 104
24 68 200
24 69 29
24 70 129
24 71 117
24 72 70
24 73 109
24 74 20
24 75 16
24 76 136
24 77 161
24 78 79
24 79 151
24 80 112
24 81 54
24 82 149
24 83 165
24 84 146
24 85 151
24 86 39
24 87 100
24 88 141
24 89 181
24 90 170
24 91 175
24 92 28
24 93 98
24 94 128
24 95 154
24 96 58
24 97 11
24 98 103
24 99 79
25 26 83
25 27 162
25 28 84
25 29 156
25 30 136
25 31 187
25 32 126
25 33 133
25 34 122
25 35 129
25 36 187
25 37 27
25 38 150
25 39 8
25 40 139
25 41 105
25 42 113
25 43 61
25 44 30
25 45 143
25 46 147
25 47 155
25 48 83
25 49 104
25 50 88
25 51 161
25 52 53
25 53 8
25 54 187
25 55 103
25 56 181
25 57 40
25 58 49
25 59 45
25 60 171
25 61 83
25 62 47
25 63 194
25 64 177
25 65 116
25 66 93
25 67 66
25 68 117
25 69 19
25 70 54
25 71 188
25 72 159
25 73 178
25 74 81
25 75 157
25 76 190
25 77 19
25 78 196
25 79 97
25 80 175
25 81 163
25 82 54
25 83 104
25 84 96
25 85 141
25 86 115
25 87 196
25 88 189
25 89 66
25 90 83
25 91 111
25 92 111
25 93 38
25 94 61
25 95 187
25 96 120
25 97 28
25 98 197
25 99 127
26 27 124
26 28 98
26 29 18
26 30 92
26 31 174
26 32 55
26 33 81
26 34 199
26 35 80
26 36 84
26 37 44
26 38 123
26 39 25
26 40 8
26 41 19
26 42 12
26 43 26
26 44 30
26 45 54
26 46 175
26 47 126
26 48 40
26 49 27
26 50 171
26 51 119
26 52 105
26 53 199
26 54 128
26 55 18
26 56 53
26 57 157
26 58 167
26 59 24
26 60 41
26 61 66
26 62 80
26 63 8
26 64 132
26 65 172
26 66 112
26 67 138
26 68 51
26 69 181
26 70 21
26 71 141
26 72 28
26 73 94
26 74 14
26 75 136
26 76 52
26 77 63
26 78 156
26 79 130
26 80 168
26 81 41
26 82 69
26 83 108
26 84 145
26 85 87
26 86 138
26 87 19
26 88 178
26 89 40
26 90 163
26 91 54
26 92 95
26 93 149
26 94 18
26 95 184
26 96 19
26 97 132
26 98 161
26 99 73
27 28 94
27 29 40
27 30 126
27 31 168
27 32 167
27 33 18
27 34 32
27 35 152
27 36 93
27 37 142
27 38 190
27 39 59
27 40 67
27 41 78
27 42 189
27 43 28
27 44 118
27 45 67
27 46 199
27 47 131
27 48 35
27 49 149
27 50 26
27 51 171
27 52 6
27 53 148
27 54 122
27 55 122
27 56 199
27 57 103
27 58 166
27 59 139
27 60 22
27 61 139
27 62 102
27 63 76
27 64 40
27 65 3
27 66 199
27 67 72
27 68 113
27 69 121
27 70 79
27 71 62
27 72 44
27 73 151
27 74 104
27 75 174
27 76 181
27 77 114
27 78 86
27 79 27
27 80 30
27 81 129
27 82 67
27 83 123
27 84 116
27 85 154
27 86 111
27 87 97
27 88 72
27 89 23
27 90 93
27 91 98
27 92 179
27 93 91
27 94 131
27 95 90
27 96 18
27 97 163
27 98 10
27 99 37
28 29 198
28 30 119
28 31 113
28 32 80
28 33 154
28 34 69
28 35 46
28 36 2
28 37 168
28 38 57
28 39 193
28 40 35
28 41 164
28 42 11
28 43 81
28 44 63
28 45 191
28 46 143
28 47 197
28 48 19
28 49 47
28 50 174
28 51 54
28 52 135
28 53 121
28 54 40
28 55 184
28 56 48
28 57 82
28 58 158
28 59 153
28 60 179
28 61 23
28 62 94
28 63 40
28 64 180
28 65 197
28 66 101
28 67 192
28 68 30
28 69 147
28 70 190
28 71 113
28 72 18
28 73 178
28 74 190
28 75 17
28 76 137
28 77 22
28 78 64
28 79 185
28 80 37
28 81 10
28 82 91
28 83 62
28 84 176
28 85 175
28 86 25
28 87 162
28 88 109
28 89 137
28 90 180
28 91 30
28 92 42
28 93 181
28 94 177
28 95 37
28 96 166
28 97 174
28 98 176
28 99 132
29 30 111
29 31 3
29 32 132
29 33 70
29 34 6
29 35 99
29 36 80
29 37 0
29 38 17
29 39 194
29 40 52
29 41 183
29 42 137
29 43 28
29 44 88
29 45 63
29 46 71
29 47 157
29 48 116
29 49 79
29 50 103
29 51 60
29 52 114
29 53 77
29 54 133
29 55 160
29 56 74
29 57 80
29 58 31
29 59 2
29 60 105
29 61 159
29 62 137
29 63 143
29 64 170
29 65 109
29 66 165
29 67 49
29 68 151
29 69 46
29 70 127
29 71 56
29 72 65
29 73 104
29 74 96
29 75 2
29 76 152
29 77 99
29 78 173
29 79 34
29 80 190
29 81 199
29 82 5
29 83 21
29 84 134
29 85 2
29 86 55
29 87 157
29 88 47
29 89 11
29 90 173
29 91 193
29 92 117
29 93 191
29 94 200
29 95 37
29 96 92
29 97 173
29 98 162
29 99 156
30 31 106
30 32 63
30 33 2
30 34 183
30 35 190
30 36 126
30 37 197
30 38 80
30 39 116
30 40 72
30 41 17
30 42 5
30 43 20
30 44 107
30 45 17
30 46 59
30 47 129
30 48 139
30 49 82
30 50 176
30 51 92
30 52 61
30 53 150
30 54 154
30 55 192
30 56 19
30 57 138
30 58 123
30 59 20
30 60 88
30 61 11
30 62 196
30 63 150
30 64 30
30 65 176
30 66 57
30 67 200
30 68 54
30 69 41
30 70 135
30 71 177
30 72 163
30 73 53
30 74 168
30 75 97
30 76 191
30 77 5
30 78 73
30 79 109
30 80 104
30 81 19
30 82 92
30 83 157
30 84 118
30 85 150
30 86 169
30 87 94
30 88 17
30 89 7
30 90 73
30 91 99
30 92 12
30 93 174
30 94 132
30 95 120
30 96 3
30 97 61
30 98 7
30 99 22
31 32 122
31 33 79
31 34 30
31 35 79
31 36 199
31 37 99
31 38 133
31 39 138
31 40 130
31 41 200
31 42 19
31 43 12
31 44 37
31 45 114
31 46 20
31 47 48
31 48 77
31 49 134
31 50 59
31 51 170
31 52 186
31 53 175
31 54 158
31 55 77
31 56 60
31 57 38
31 58 95
31 59 54
31 60 103
31 61 141
31 62 193
31 63 163
31 64 73
31 65 72
31 66 177
31 67 153
31 68 35
31 69 117
31 70 83
31 71 38
31 72 178
31 73 116
31 74 184
31 75 2
31 76 80
31 77 10
31 78 5
31 79 104
31 80 181
31 81 77
31 82 123
31 83 34
31 84 60
31 85 37
31 86 69
31 87 110
31 88 121
31 89 35
31 90 50
31 91 116
31 92 151
31 93 48
31 94 8
31 95 17
31 96 79
31 97 85
31 98 190
31 99 90
32 33 138
32 34 143
32 35 122
32 36 91
32 37 142
32 38 44
32 39 55
32 40 114
32 41 29
32 42 167
32 43 86
32 44 72
32 45 65
32 46 97
32 47 90
32 48 10
32 49 100
32 50 22
32 51 89
32 52 65
32 53 125
32 54 185
32 55 145
32 56 56
32 57 50
32 58 95
32 59 33
32 60 28
32 61 62
32 62 67
32 63 7
32 64 18
32 65 28
32 66 95
32 67 135
32 68 176
32 69 172
32 70 198
32 71 8
32 72 41
32 73 27
32 74 122
32 75 188
32 76 55
32 77 136
32 78 81
32 79 104
32 80 100
32 81 61
32 82 143
32 83 179
32 84 166
32 85 117
32 86 158
32 87 184
32 88 0
32 89 134
32 90 49
32 91 156
32 92 37
32 93 146
32 94 80
32 95 70
32 96 25
32 97 117
32 98 98
32 99 12
33 34 4
33 35 113
33 36 197
33 37 87
33 38 8
33 39 105
33 40 85
33 41 49
33 42 111
33 43 81
33 44 83
33 45 115
33 46 14
33 47 179
33 48 181
33 49 155
33 50 97
33 51 74
33 52 5
33 53 37
33 54 11
33 55 16
33 56 185
33 57 14
33 58 175
33 59 18
33 60 166
33 61 191
33 62 166
33 63 1
33 64 49
33 65 19
33 66 26
33 67 94
33 68 17
33 69 147
33 70 134
33 71 143
33 72 119
33 73 151
33 74 179
33 75 104
33 76 121
33 77 161
33 78 123
33 79 134
33 80 35
33 81 30
33 82 145
33 83 175
33 84 96
33 85 188
33 86 9
33 87 76
33 88 28
33 89 154
33 90 118
33 91 148
33 92 182
33 93 61
33 94 16
33 95 106
33 96 72
33 97 183
33 98 63
33 99 131
34 35 119
34 36 27
34 37 132
34 38 186
34 39 12
34 40 67
34 41 75
34 42 42
34 43 62
34 44 55
34 45 106
34 46 113
34 47 69
34 48 149
34 49 49
34 50 138
34 51 125
34 52 87
34 53 60
34 54 174
34 55 80
34 56 158
34 57 148
34 58 167
34 59 81
34 60 30
34 61 46
34 62 46
34 63 198
34 64 180
34 65 149
34 66 79
34 67 52
34 68 114
34 69 25
34 70 80
34 71 200
34 72 186
34 73 83
34 74 161
34 75 38
34 76 126
34 77 192
34 78 169
34 79 180
34 80 144
34 81 177
34 82 81
34 83 178
34 84 69
34 85 53
34 86 6
34 87 0
34 88 143
34 89 187
34 90 57
34 91 81
34 92 55
34 93 199
34 94 78
34 95 52
34 96 19
34 97 140
34 98 111
34 99 197
35 36 46
35 37 66
35 38 50
35 39 17
35 40 183
35 41 177
35 42 1
35 43 65
35 44 33
35 45 180
35 46 85
35 47 185
35 48 198
35 49 157
35 50 72
35 51 172
35 52 62
35 53 69
35 54 2
35 55 37
35 56 148
35 57 132
35 58 141
35 59 103
35 60 200
35 61 122
35 62 199
35 63 125
35 64 28
35 65 76
35 66 194
35 67 46
35 68 161
35 69 26
35 70 22
35 71 8
35 72 109
35 73 115
35 74 180
35 75 32
35 76 44
35 77 55
35 78 98
35 79 168
35 80 106
35 81 101
35 82 122
35 83 138
35 84 91
35 85 121
35 86 37
35 87 68
35 88 84
35 89 177
35 90 176
35 91 56
35 92 62
35 93 157
35 94 70
35 95 197
35 96 195
35 97 114
35 98 13
35 99 92
36 37 30
36 38 165
36 39 104
36 40 112
36 41 47
36 42 133
36 43 127
36 44 99
36 45 170
36 46 112
36 47 169
36 48 83
36 49 121
36 50 117
36 51 122
36 52 176
36 53 42
36 54 101
36 55 114
36 56 186
36 57 42
36 58 169
36 59 18
36 60 46
36 61 26
36 62 41
36 63 85
36 64 17
36 65 2
36 66 113
36 67 93
36 68 41
36 69 18
36 70 107
36 71 83
36 72 200
36 73 197
36 74 138
36 75 163
36 76 75
36 77 142
36 78 83
36 79 155
36 80 113
36 81 131
36 82 59
36 83 153
36 84 126
36 85 25
36 86 192
36 87 25
36 88 40
36 89 12
36 90 39
36 91 177
36 92 162
36 93 25
36 94 190
36 95 0
36 96 100
36 97 28
36 98 23
36 99 69
37 38 92
37 39 103
37 40 131
37 41 60
37 42 45
37 43 153
37 44 15
37 45 115
37 46 88
37 47 21
37 48 92
37 49 70
37 50 158
37 51 20
37 52 188
37 53 122
37 54 111
37 55 30
37 56 6
37 57 20
37 58 184
37 59 49
37 60 82
37 61 165
37 62 28
37 63 62
37 64 109
37 65 26
37 66 182
37 67 111
37 68 121
37 69 178
37 70 185
37 71 17
37 72 25
37 73 94
37 74 6
37 75 199
37 76 2
37 77 1
37 78 7
37 79 75
37 80 55
37 81 77
37 82 123
37 83 75
37 84 95
37 85 163
37 86 61
37 87 25
37 88 41
37 89 182
37 90 38
37 91 176
37 92 130
37 93 88
37 94 32
37 95 182
37 96 195
37 97 112
37 98 131
37 99 192
38 39 41
38 40 198
38 41 38
38 42 189
38 43 49
38 44 14
38 45 159
38 46 71
38 47 74
38 48 191
38 49 156
38 50 190
38 51 63
38 52 109
38 53 24
38 54 43
38 55 174
38 56 24
38 57 124
38 58 97
38 59 78
38 60 121
38 61 106
38 62 112
38 63 140
38 64 13
38 65 35
38 66 133
38 67 103
38 68 9
38 69 82
38 70 132
38 71 68
38 72 108
38 73 104
38 74 151
38 75 82
38 76 140
38 77 114
38 78 93
38 79 97
38 80 34
38 81 94
38 82 163
38 83 164
38 84 91
38 85 52
38 86 177
38 87 32
38 88 50
38 89 117
38 90 119
38 91 180
38 92 154
38 93 138
38 94 103
38 95 31
38 96 107
38 97 91
38 98 43
38 99 36
39 40 141
39 41 191
39 42 45
39 43 24
39 44 194
39 45 98
39 46 175
39 47 138
39 48 51
39 49 189
39 50 142
39 51 116
39 52 88
39 53 58
39 54 36
39 55 151
39 56 14
39 57 138
39 58 115
39 59 154
39 60 184
39 61 36
39 62 184
39 63 151
39 64 166
39 65 123
39 66 34
39 67 49
39 68 34
39 69 114
39 70 168
39 71 119
39 72 185
39 73 71
39 74 138
39 75 114
39 76 2
39 77 196
39 78 136
39 79 58
39 80 67
39 81 65
39 82 103
39 83 118
39 84 147
39 85 60
39 86 81
39 87 196
39 88 142
39 89 159
39 90 193
39 91 20
39 92 134
39 93 22
39 94 13
39 95 193
39 96 45
39 97 47
39 98 56
39 99 123
40 41 108
40 42 21
40 43 86
40 44 56
40 45 153
40 46 23
40 47 138
40 48 39
40 49 55
40 50 155
40 51 197
40 52 25
40 53 10
40 54 130
40 55 16
40 56 62
40 57 176
40 58 29
40 59 149
40 60 162
40 61 47
40 62 26
40 63 47
40 64 171
40 65 57
40 66 40
40 67 45
40 68 155
40 69 158
40 70 26
40 71 162
40 72 199
40 73 38
40 74 106
40 75 35
40 76 59
40 77 1
40 78 191
40 79 24
40 80 193
40 81 110
40 82 147
40 83 82
40 84 73
40 85 39
40 86 8
40 87 181
40 88 123
40 89 179
40 90 37
40 91 172
40 92 185
40 93 162
40 94 102
40 95 17
40 96 188
40 97 85
40 98 147
40 99 125
41 42 107
41 43 51
41 44 131
41 45 45
41 46 101
41 47 152
41 48 145
41 49 190
41 50 118
41 51 114
41 52 170
41 53 49
41 54 145
41 55 185
41 56 38
41 57 156
41 58 134
41 59 93
41 60 17
41 61 125
41 62 66
41 63 123
41 64 92
41 65 29
41 66 11
41 67 135
41 68 86
41 69 197
41 70 106
41 71 0
41 72 145
41 73 24
41 74 167
41 75 145
41 76 192
41 77 118
41 78 87
41 79 81
41 80 181
41 81 180
41 82 11
41 83 131
41 84 114
41 85 161
41 86 181
41 87 29
41 88 26
41 89 176
41 90 86
41 91 49
41 92 157
41 93 148
41 94 110
41 95 71
41 96 106
41 97 104
41 98 107
41 99 188
42 43 150
42 44 23
42 45 194
42 46 193
42 47 174
42 48 14
42 49 101
42 50 174
42 51 158
42 52 4
42 53 183
42 54 168
42 55 89
42 56 107
42 57 161
42 58 40
42 59 197
42 60 148
42 61 97
42 62 31
42 63 48
42 64 133
42 65 53
42 66 177
42 67 176
42 68 181
42 69 35
42 70 176
42 71 54
42 72 93
42 73 47
42 74 38
42 75 188
42 76 133
42 77 108
42 78 185
42 79 85
42 80 7
42 81 9
42 82 76
42 83 197
42 84 85
42 85 185
42 86 22
42 87 69
42 88 131
42 89 13
42 90 99
42 91 75
42 92 7
42 93 81
42 94 49
42 95 113
42 96 12
42 97 56
42 98 145
42 99 45
43 44 96
43 45 169
43 46 21
43 47 81
43 48 65
43 49 109
43 50 76
43 51 51
43 52 52
43 53 169
43 54 130
43 55 79
43 56 17
43 57 110
43 58 151
43 59 67
43 60 180
43 61 48
43 62 88
43 63 21
43 64 56
43 65 172
43 66 139
43 67 58
43 68 45
43 69 146
43 70 126
43 71 175
43 72 164
43 73 79
43 74 10
43 75 95
43 76 19
43 77 158
43 78 92
43 79 101
43 80 131
43 81 179
43 82 140
43 83 14
43 84 151
43 85 50
43 86 110
43 87 186
43 88 167
43 89 151
43 90 183
43 91 4
43 92 148
43 93 157
43 94 56
43 95 59
43 96 94
43 97 175
43 98 13
43 99 30
44 45 200
44 46 140
44 47 140
44 48 114
44 49 107
44 50 153
44 51 27
44 52 106
44 53 59
44 54 110
44 55 117
44 56 76
44 57 178
44 58 5
44 59 59
44 60 144
44 61 187
44 62 136
44 63 195
44 64 64
44 65 18
44 66 97
44 67 4
44 68 77
44 69 49
44 70 115
44 71 73
44 72 152
44 73 194
44 74 165
44 75 147
44 76 64
44 77 64
44 78 177
44 79 45
44 80 98
44 81 96
44 82 128
44 83 79
44 84 157
44 85 97
44 86 56
44 87 96
44 88 54
44 89 105
44 90 11
44 91 83
44 92 154
44 93 69
44 94 150
44 95 74
44 96 82
44 97 156
44 98 153
44 99 188
45 46 91
45 47 165
45 48 183
45 49 163
45 50 11
45 51 4
45 52 40
45 53 1
45 54 9
45 55 116
45 56 40
45 57 36
45 58 40
45 59 47
45 60 138
45 61 75
45 62 111
45 63 9
45 64 169
45 65 63
45 66 43
45 67 70
45 68 172
45 69 9
45 70 6
45 71 48
45 72 25
45 73 26
45 74 112
45 75 26
45 76 195
45 77 130
45 78 86
45 79 60
45 80 181
45 81 179
45 82 141
45 83 11
45 84 168
45 85 61
45 86 116
45 87 148
45 88 148
45 89 43
45 90 14
45 91 180
45 92 116
45 93 111
45 94 64
45 95 2
45 96 91
45 97 53
45 98 95
45 99 109
46 47 137
46 48 105
46 49 127
46 50 152
46 51 42
46 52 170
46 53 193
46 54 94
46 55 94
46 56 49
46 57 8
46 58 45
46 59 3
46 60 146
46 61 89
46 62 165
46 63 199
46 64 105
46 65 147
46 66 98
46 67 19
46 68 166
46 69 156
46 70 188
46 71 127
46 72 127
46 73 159
46 74 53
46 75 46
46 76 117
46 77 119
46 78 41
46 79 49
46 80 102
46 81 30
46 82 10
46 83 72
46 84 103
46 85 173
46 86 129
46 87 62
46 88 48
46 89 155
46 90 125
46 91 24
46 92 102
46 93 53
46 94 184
46 95 26
46 96 85
46 97 87
46 98 170
46 99 134
47 48 193
47 49 27
47 50 123
47 51 171
47 52 181
47 53 192
47 54 79
47 55 145
47 56 69
47 57 53
47 58 130
47 59 189
47 60 132
47 61 151
47 62 20
47 63 158
47 64 187
47 65 155
47 66 65
47 67 104
47 68 175
47 69 135
47 70 173
47 71 100
47 72 49
47 73 92
47 74 172
47 75 141
47 76 184
47 77 174
47 78 182
47 79 132
47 80 93
47 81 169
47 82 26
47 83 90
47 84 118
47 85 56
47 86 59
47 87 3
47 88 102
47 89 105
47 90 51
47 91 154
47 92 106
47 93 153
47 94 33
47 95 37
47 96 20
47 97 50
47 98 107
47 99 104
48 49 21
48 50 89
48 51 195
48 52 86
48 53 139
48 54 147
48 55 3
48 56 152
48 57 194
48 58 103
48 59 59
48 60 43
48 61 198
48 62 170
48 63 107
48 64 76
48 65 18
48 66 184
48 67 135
48 68 159
48 69 100
48 70 0
48 71 163
48 72 43
48 73 197
48 74 59
48 75 174
48 76 99
48 77 126
48 78 50
48 79 182
48 80 125
48 81 95
48 82 133
48 83 182
48 84 95
48 85 6
48 86 177
48 87 34
48 88 13
48 89 97
48 90 134
48 91 87
48 92 76
48 93 199
48 94 26
48 95 5
48 96 140
48 97 147
48 98 151
48 99 18
49 50 41
49 51 187
49 52 183
49 53 53
49 54 123
49 55 161
49 56 60
49 57 1
49 58 194
49 59 30
49 60 187
49 61 132
49 62 32
49 63 149
49 64 167
49 65 160
49 66 109
49 67 191
49 68 189
49 69 183
49 70 70
49 71 37
49 72 118
49 73 160
49 74 105
49 75 44
49 76 54
49 77 7
49 78 102
49 79 139
49 80 4
49 81 170
49 82 66
49 83 14
49 84 130
49 85 167
49 86 5
49 87 162
49 88 132
49 89 191
49 90 186
49 91 7
49 92 102
49 93 29
49 94 8
49 95 113
49 96 193
49 97 43
49 98 190
49 99 162
50 51 49
50 52 192
50 53 183
50 54 139
50 55 25
50 56 48
50 57 25
50 58 39
50 59 175
50 60 124
50 61 132
50 62 27
50 63 19
50 64 198
50 65 111
50 66 15
50 67 51
50 68 118
50 69 39
50 70 146
50 71 63
50 72 169
50 73 161
50 74 129
50 75 113
50 76 148
50 77 4
50 78 3
50 79 187
50 80 87
50 81 102
50 82 147
50 83 48
50 84 155
50 85 96
50 86 155
50 87 118
50 88 150
50 89 69
50 90 15
50 91 68
50 92 136
50 93 42
50 94 16
50 95 45
50 96 62
50 97 103
50 98 152
50 99 32
51 52 200
51 53 85
51 54 125
51 55 192
51 56 91
51 57 182
51 58 98
51 59 56
51 60 193
51 61 75
51 62 76
51 63 185
51 64 104
51 65 122
51 66 146
51 67 142
51 68 118
51 69 147
51 70 183
51 71 141
51 72 36
51 73 165
51 74 70
51 75 150
51 76 78
51 77 26
51 78 1
51 79 88
51 80 18
51 81 138
51 82 50
51 83 193
51 84 142
51 85 31
51 86 40
51 87 118
51 88 23
51 89 49
51 90 161
51 91 16
51 92 132
51 93 32
51 94 1
51 95 103
51 96 109
51 97 186
51 98 72
51 99 27
52 53 94
52 54 200
52 55 33
52 56 42
52 57 37
52 58 84
52 59 140
52 60 99
52 61 159
52 62 140
52 63 66
52 64 49
52 65 45
52 66 107
52 67 40
52 68 80
52 69 24
52 70 195
52 71 4
52 72 194
52 73 14
52 74 29
52 75 16
52 76 79
52 77 116
52 78 132
52 79 82
52 80 112
52 81 169
52 82 101
52 83 156
52 84 19
52 85 50
52 86 2
52 87 1
52 88 78
52 89 174
52 90 122
52 91 166
52 92 123
52 93 172
52 94 124
52 95 105
52 96 131
52 97 62
52 98 4
52 99 5
53 54 53
53 55 13
53 56 68
53 57 100
53 58 183
53 59 183
53 60 13
53 61 130
53 62 119
53 63 25
53 64 152
53 65 43
53 66 72
53 67 159
53 68 58
53 69 34
53 70 114
53 71 117
53 72 57
53 73 181
53 74 198
53 75 65
53 76 48
53 77 4
53 78 2
53 79 158
53 80 183
53 81 91
53 82 175
53 83 44
53 84 100
53 85 21
53 86 112
53 87 147
53 88 26
53 89 57
53 90 2
53 91 52
53 92 123
53 93 65
53 94 7
53 95 143
53 96 190
53 97 82
53 98 37
53 99 48
54 55 114
54 56 125
54 57 16
54 58 111
54 59 61
54 60 16
54 61 70
54 62 5
54 63 68
54 64 35
54 65 157
54 66 33
54 67 156
54 68 28
54 69 92
54 70 29
54 71 28
54 72 140
54 73 121
54 74 194
54 75 74
54 76 40
54 77 35
54 78 183
54 79 96
54 80 47
54 81 195
54 82 5
54 83 95
54 84 2
54 85 69
54 86 103
54 87 103
54 88 99
54 89 4
54 90 174
54 91 92
54 92 122
54 93 194
54 94 104
54 95 188
54 96 128
54 97 186
54 98 131
54 99 14
55 56 58
55 57 117
55 58 30
55 59 127
55 60 68
55 61 161
55 62 116
55 63 111
55 64 42
55 65 98
55 66 132
55 67 80
55 68 6
55 69 185
55 70 79
55 71 47
55 72 110
55 73 24
55 74 87
55 75 130
55 76 9
55 77 91
55 78 106
55 79 123
55 80 124
55 81 45
55 82 184
55 83 2
55 84 114
55 85 198
55 86 23
55 87 131
55 88 192
55 89 74
55 90 197
55 91 92
55 92 98
55 93 60
55 94 196
55 95 110
55 96 90
55 97 94
55 98 140
55 99 200
56 57 157
56 58 168
56 59 103
56 60 153
56 61 41
56 62 118
56 63 100
56 64 90
56 65 18
56 66 2
56 67 42
56 68 108
56 69 22
56 70 71
56 71 131
56 72 147
56 73 128
56 74 181
56 75 47
56 76 33
56 77 181
56 78 66
56 79 39
56 80 117
56 81 192
56 82 4
56 83 22
56 84 33
56 85 146
56 86 77
56 87 114
56 88 98
56 89 113
56 90 9
56 91 190
56 92 16
56 93 177
56 94 139
56 95 136
56 96 158
56 97 55
56 98 11
56 99 167
57 58 152
57 59 58
57 60 115
57 61 153
57 62 104
57 63 155
57 64 92
57 65 48
57 66 152
57 67 27
57 68 38
57 69 39
57 70 9
57 71 59
57 72 120
57 73 142
57 74 33
57 75 22
57 76 5
57 77 95
57 78 145
57 79 130
57 80 195
57 81 190
57 82 197
57 83 164
57 84 113
57 85 29
57 86 65
57 87 52
57 88 110
57 89 192
57 90 3
57 91 15
57 92 98
57 93 191
57 94 60
57 95 141
57 96 51
57 97 162
57 98 142
57 99 66
58 59 119
58 60 156
58 61 103
58 62 97
58 63 190
58 64 174
58 65 139
58 66 168
58 67 75
58 68 169
58 69 187
58 70 44
58 71 122
58 72 69
58 73 2
58 74 156
58 75 87
58 76 192
58 77 54
58 78 20
58 79 58
58 80 189
58 81 22
58 82 171
58 83 54
58 84 85
58 85 97
58 86 151
58 87 93
58 88 198
58 89 69
58 90 130
58 91 13
58 92 168
58 93 83
58 94 144
58 95 88
58 96 196
58 97 158
58 98 35
58 99 26
59 60 161
59 61 79
59 62 178
59 63 15
59 64 33
59 65 94
59 66 189
59 67 54
59 68 2
59 69 109
59 70 134
59 71 144
59 72 41
59 73 52
59 74 74
59 75 165
59 76 174
59 77 12
59 78 103
59 79 136
59 80 102
59 81 156
59 82 168
59 83 135
59 84 142
59 85 168
59 86 55
59 87 188
59 88 66
59 89 37
59 90 26
59 91 175
59 92 152
59 93 131
59 94 50
59 95 106
59 96 99
59 97 128
59 98 50
59 99 13
60 61 133
60 62 12
60 63 175
60 64 159
60 65 162
60 66 108
60 67 115
60 68 135
60 69 14
60 70 112
60 71 162
60 72 45
60 73 91
60 74 64
60 75 105
60 76 103
60 77 61
60 78 186
60 79 148
60 80 186
60 81 1
60 82 180
60 83 42
60 84 7
60 85 42
60 86 134
60 87 111
60 88 164
60 89 155
60 90 84
60 91 28
60 92 104
60 93 93
60 94 124
60 95 105
60 96 123
60 97 93
60 98 27
60 99 31
61 62 46
61 63 187
61 64 13
61 65 9
61 66 125
61 67 31
61 68 170
61 69 185
61 70 24
61 71 54
61 72 20
61 73 138
61 74 147
61 75 119
61 76 165
61 77 123
61 78 140
61 79 34
61 80 63
61 81 81
61 82 94
61 83 186
61 84 161
61 85 199
61 86 152
61 87 105
61 88 128
61 89 65
61 90 24
61 91 178
61 92 81
61 93 190
61 94 168
61 95 173
61 96 191
61 97 197
61 98 197
61 99 96
62 63 60
62 64 49
62 65 114
62 66 65
62 67 168
62 68 148
62 69 166
62 70 103
62 71 18
62 72 144
62 73 117
62 74 159
62 75 146
62 76 119
62 77 95
62 78 34
62 79 191
62 80 25
62 81 31
62 82 78
62 83 171
62 84 150
62 85 32
62 86 19
62 87 63
62 88 4
62 89 78
62 90 28
62 91 133
62 92 151
62 93 141
62 94 141
62 95 46
62 96 1
62 97 71
62 98 194
62 99 150
63 64 50
63 65 184
63 66 58
63 67 13
63 68 58
63 69 82
63 70 185
63 71 64
63 72 110
63 73 87
63 74 50
63 75 142
63 76 159
63 77 128
63 78 57
63 79 76
63 80 63
63 81 31
63 82 8
63 83 140
63 84 42
63 85 81
63 86 16
63 87 157
63 88 199
63 89 114
63 90 42
63 91 23
63 92 84
63 93 0
63 94 81
63 95 66
63 96 10
63 97 80
63 98 73
63 99 91
64 65 135
64 66 0
64 67 2
64 68 93
64 69 101
64 70 188
64 71 41
64 72 35
64 73 109
64 74 19
64 75 73
64 76 79
64 77 177
64 78 84
64 79 194
64 80 40
64 81 81
64 82 150
64 83 112
64 84 81
64 85 54
64 86 153
64 87 63
64 88 151
64 89 190
64 90 177
64 91 74
64 92 171
64 93 153
64 94 177
64 95 110
64 96 149
64 97 17
64 98 184
64 99 55
65 66 74
65 67 144
65 68 192
65 69 149
65 70 38
65 71 111
65 72 10
65 73 128
65 74 76
65 75 186
65 76 99
65 77 30
65 78 72
65 79 106
65 80 144
65 81 94
65 82 18
65 83 156
65 84 13
65 85 162
65 86 45
65 87 89
65 88 14
65 89 189
65 90 84
65 91 82
65 92 157
65 93 78
65 94 6
65 95 172
65 96 114
65 97 155
65 98 97
65 99 177
66 67 103
66 68 59
66 69 200
66 70 39
66 71 64
66 72 128
66 73 91
66 74 42
66 75 182
66 76 144
66 77 172
66 78 180
66 79 166
66 80 157
66 81 143
66 82 4
66 83 176
66 84 133
66 85 76
66 86 179
66 87 64
66 88 125
66 89 23
66 90 7
66 91 161
66 92 165
66 93 180
66 94 57
66 95 21
66 96 196
66 97 134
66 98 88
66 99 9
67 68 127
67 69 183
67 70 51
67 71 171
67 72 10
67 73 100
67 74 112
67 75 36
67 76 168
67 77 30
67 78 122
67 79 108
67 80 68
67 81 70
67 82 19
67 83 168
67 84 196
67 85 95
67 86 60
67 87 1
67 88 136
67 89 91
67 90 166
67 91 123
67 92 199
67 93 75
67 94 102
67 95 98
67 96 134
67 97 48
67 98 172
67 99 192
68 69 45
68 70 30
68 71 93
68 72 190
68 73 154
68 74 38
68 75 123
68 76 174
68 77 102
68 78 183
68 79 139
68 80 44
68 81 73
68 82 29
68 83 102
68 84 76
68 85 44
68 86 121
68 87 173
68 88 200
68 89 105
68 90 189
68 91 28
68 92 55
68 93 8
68 94 173
68 95 144
68 96 18
68 97 95
68 98 93
68 99 132
69 70 145
69 71 152
69 72 123
69 73 161
69 74 123
69 75 151
69 76 186
69 77 166
69 78 160
69 79 150
69 80 161
69 81 168
69 82 95
69 83 191
69 84 199
69 85 140
69 86 199
69 87 195
69 88 195
69 89 136
69 90 20
69 91 53
69 92 191
69 93 184
69 94 52
69 95 179
69 96 187
69 97 9
69 98 121
69 99 108
70 71 20
70 72 109
70 73 130
70 74 125
70 75 68
70 76 119
70 77 165
70 78 172
70 79 160
70 80 136
70 81 163
70 82 121
70 83 14
70 84 60
70 85 191
70 86 192
70 87 12
70 88 6
70 89 41
70 90 185
70 91 168
70 92 194
70 93 20
70 94 39
70 95 54
70 96 162
70 97 46
70 98 43
70 99 55
71 72 37
71 73 6
71 74 170
71 75 109
71 76 49
71 77 63
71 78 150
71 79 200
71 80 2
71 81 2
71 82 72
71 83 47
71 84 190
71 85 113
71 86 32
71 87 164
71 88 13
71 89 186
71 90 151
71 91 76
71 92 186
71 93 158
71 94 125
71 95 78
71 96 146
71 97 88
71 98 149
71 99 99
72 73 86
72 74 195
72 75 91
72 76 30
72 77 194
72 78 160
72 79 149
72 80 19
72 81 15
72 82 142
72 83 135
72 84 187
72 85 178
72 86 139
72 87 150
72 88 100
72 89 6
72 90 161
72 91 54
72 92 54
72 93 197
72 94 171
72 95 3
72 96 134
72 97 0
72 98 139
72 99 74
73 74 173
73 75 29
73 76 82
73 77 52
73 78 48
73 79 74
73 80 151
73 81 110
73 82 74
73 83 160
73 84 0
73 85 60
73 86 179
73 87 103
73 88 192
73 89 175
73 90 110
73 91 42
73 92 155
73 93 166
73 94 129
73 95 91
73 96 101
73 97 124
73 98 72
73 99 3
74 75 129
74 76 193
74 77 178
74 78 58
74 79 148
74 80 73
74 81 94
74 82 33
74 83 9
74 84 151
74 85 53
74 86 146
74 87 70
74 88 130
74 89 129
74 90 14
74 91 113
74 92 137
74 93 156
74 94 6
74 95 109
74 96 170
74 97 154
74 98 126
74 99 148
75 76 195
75 77 4
75 78 79
75 79 47
75 80 73
75 81 79
75 82 43
75 83 68
75 84 110
75 85 124
75 86 25
75 87 7
75 88 24
75 89 71
75 90 0
75 91 46
75 92 29
75 93 190
75 94 122
75 95 127
75 96 105
75 97 196
75 98 85
75 99 12
76 77 180
76 78 158
76 79 153
76 80 100
76 81 175
76 82 110
76 83 5
76 84 126
76 85 68
76 86 188
76 87 172
76 88 161
76 89 106
76 90 122
76 91 184
76 92 193
76 93 9
76 94 95
76 95 187
76 96 169
76 97 61
76 98 104
76 99 63
77 78 114
77 79 17
77 80 172
77 81 165
77 82 138
77 83 96
77 84 92
77 85 21
77 86 140
77 87 86
77 88 60
77 89 42
77 90 157
77 91 155
77 92 67
77 93 198
77 94 10
77 95 63
77 96 92
77 97 110
77 98 50
77 99 199
78 79 3
78 80 192
78 81 184
78 82 87
78 83 33
78 84 198
78 85 29
78 86 58
78 87 59
78 88 145
78 89 26
78 90 113
78 91 193
78 92 128
78 93 32
78 94 102
78 95 174
78 96 8
78 97 148
78 98 48
78 99 56
79 80 104
79 81 153
79 82 169
79 83 31
79 84 114
79 85 109
79 86 33
79 87 61
79 88 101
79 89 24
79 90 43
79 91 161
79 92 26
79 93 9
79 94 46
79 95 107
79 96 133
79 97 18
79 98 153
79 99 115
80 81 153
80 82 76
80 83 67
80 84 162
80 85 70
80 86 126
80 87 197
80 88 109
80 89 72
80 90 44
80 91 1
80 92 189
80 93 64
80 94 126
80 95 36
80 96 20
80 97 63
80 98 136
80 99 198
81 82 115
81 83 102
81 84 114
81 85 45
81 86 155
81 87 74
81 88 88
81 89 193
81 90 41
81 91 193
81 92 106
81 93 33
81 94 7
81 95 91
81 96 12
81 97 85
81 98 130
81 99 190
82 83 84
82 84 5
82 85 35
82 86 22
82 87 187
82 88 176
82 89 182
82 90 120
82 91 29
82 92 192
82 93 0
82 94 41
82 95 79
82 96 9
82 97 107
82 98 21
82 99 172
83 84 36
83 85 8
83 86 14
83 87 106
83 88 3
83 89 46
83 90 124
83 91 62
83 92 179
83 93 192
83 94 2
83 95 115
83 96 38
83 97 88
83 98 122
83 99 12
84 85 137
84 86 13
84 87 126
84 88 7
84 89 0
84 90 106
84 91 87
84 92 151
84 93 127
84 94 29
84 95 142
84 96 180
84 97 132
84 98 116
84 99 195
85 86 25
85 87 107
85 88 176
85 89 32
85 90 17
85 91 197
85 92 4
85 93 81
85 94 55
85 95 114
85 96 189
85 97 112
85 98 168
85 99 57
86 87 34
86 88 56
86 89 92
86 90 197
86 91 50
86 92 4
86 93 73
86 94 16
86 95 192
86 96 127
86 97 43
86 98 116
86 99 25
87 88 90
87 89 19
87 90 165
87 91 110
87 92 194
87 93 80
87 94 50
87 95 95
87 96 21
87 97 164
87 98 61
87 99 3
88 89 120
88 90 27
88 91 138
88 92 144
88 93 90
88 94 143
88 95 83
88 96 95
88 97 170
88 98 9
88 99 161
89 90 16
89 91 60
89 92 95
89 93 57
89 94 129
89 95 79
89 96 145
89 97 8
89 98 147
89 99 106
90 91 17
90 92 81
90 93 58
90 94 144
90 95 44
90 96 101
90 97 100
90 98 117
90 99 135
91 92 146
91 93 97
91 94 57
91 95 90
91 96 91
91 97 133
91 98 43
91 99 110
92 93 33
92 94 97
92 95 117
92 96 189
92 97 39
92 98 103
92 99 74
93 94 110
93 95 14
93 96 21
93 97 155
93 98 146
93 99 20
