100 4389
0 1 84
0 2 26
0 3 68
0 4 153
0 5 33
0 6 160
0 7 15
0 8 137
0 9 104
0 10 77
0 11 61
0 12 41
0 13 42
0 14 71
0 15 67
0 16 173
0 17 54
0 18 125
0 19 2
0 20 79
0 21 22
0 22 81
0 23 151
0 24 48
0 25 137
0 26 68
0 27 84
0 28 77
0 29 146
0 30 160
0 31 198
0 32 132
0 33 154
0 34 84
0 35 170
0 36 91
0 37 173
0 38 139
0 39 130
0 40 150
0 41 126
0 42 81
0 43 57
0 44 135
0 45 160
0 46 115
0 47 171
0 48 46
0 49 2
0 50 58
0 51 147
0 52 181
0 53 130
0 54 94
0 55 10
0 56 150
0 57 164
0 58 31
0 59 44
0 60 45
0 61 69
0 62 136
0 63 158
0 64 137
0 65 114
0 66 106
0 67 171
0 68 59
0 69 12
0 70 80
0 71 92
0 72 186
0 73 112
0 74 193
0 75 20
0 76 195
0 77 105
0 78 122
0 79 39
0 80 74
0 81 185
0 82 61
0 83 27
0 84 143
0 85 133
0 86 125
0 87 166
0 88 1
0 89 152
0 90 63
0 91 139
0 92 90
0 93 121
0 94 146
0 95 73
0 96 135
0 97 101
0 98 196
0 99 188
1 2 131
1 3 191
1 4 157
1 5 32
1 6 123
1 7 130
1 8 119
1 9 75
1 10 154
1 11 86
1 12 187
1 13 126
1 14 38
1 15 141
1 16 192
1 17 19
1 18 134
1 19 30
1 20 41
1 21 172
1 22 196
1 23 137
1 24 119
1 25 43
1 26 103
1 27 129
1 28 112
1 29 101
1 30 158
1 31 174
1 32 86
1 33 73
1 34 95
1 35 136
1 36 157
1 37 6
1 38 120
1 39 5
1 40 78
1 41 97
1 42 149
1 43 26
1 44 113
1 45 24
1 46 153
1 47 93
1 48 134
1 49 36
1 50 188
1 51 86
1 52 95
1 53 20
1 54 52
1 55 152
1 56 127
1 57 42
1 58 132
1 59 175
1 60 155
1 61 188
1 62 104
1 63 84
1 64 195
1 65 141
1 66 74
1 67 136
1 68 121
1 69 8
1 70 25
1 71 193
1 72 13
1 73 34
1 74 46
1 75 14
1 76 9
1 77 132
1 78 169
1 79 20
1 80 63
1 81 158
1 82 171
1 83 142
1 84 90
1 85 84
1 86 106
1 87 78
1 88 87
1 89 44
1 90 51
1 91 1
1 92 113
1 93 104
1 94 93
1 95 177
1 96 56
1 97 125
1 98 17
1 99 83
2 3 197
2 4 143
2 5 12
2 6 148
2 7 133
2 8 45
2 9 186
2 10 134
2 11 193
2 12 37
2 13 172
2 14 32
2 15 103
2 16 155
2 17 5
2 18 77
2 19 84
2 20 0
2 21 115
2 22 134
2 23 46
2 24 79
2 25 16
2 26 72
2 27 199
2 28 89
2 29 136
2 30 163
2 31 18
2 32 158
2 33 193
2 34 139
2 35 27
2 36 22
2 37 147
2 38 119
2 39 187
2 40 24
2 41 35
2 42 171
2 43 4
2 44 44
2 45 16
2 46 32
2 47 22
2 48 141
2 49 118
2 50 105
2 51 3
2 52 1
2 53 113
2 54 152
2 55 62
2 56 19
2 57 40
2 58 22
2 59 65
2 60 135
2 61 147
2 62 50
2 63 55
2 64 160
2 65 19
2 66 129
2 67 68
2 68 12
2 69 18
2 70 79
2 71 93
2 72 91
2 73 111
2 74 64
2 75 136
2 76 47
2 77 93
2 78 196
2 79 134
2 80 65
2 81 176
2 82 33
2 83 41
2 84 49
2 85 200
2 86 25
2 87 178
2 88 140
2 89 139
2 90 105
2 91 64
2 92 153
2 93 45
2 94 158
2 95 96
2 96 112
2 97 130
2 98 196
2 99 36
3 4 133
3 5 77
3 6 74
3 7 172
3 8 75
3 9 147
3 10 132
3 11 43
3 12 105
3 13 135
3 14 102
3 15 25
3 16 58
3 17 50
3 18 159
3 19 84
3 20 5
3 21 49
3 22 124
3 23 35
3 24 41
3 25 199
3 26 105
3 27 169
3 28 199
3 29 122
3 30 56
3 31 113
3 32 4
3 33 150
3 34 154
3 35 127
3 36 164
3 37 35
3 38 13
3 39 184
3 40 11
3 41 93
3 42 162
3 43 95
3 44 66
3 45 52
3 46 123
3 47 98
3 48 60
3 49 94
3 50 143
3 51 171
3 52 46
3 53 62
3 54 129
3 55 30
3 56 120
3 57 79
3 58 191
3 59 33
3 60 77
3 61 163
3 62 128
3 63 177
3 64 104
3 65 75
3 66 68
3 67 24
3 68 60
3 69 81
3 70 160
3 71 2
3 72 112
3 73 179
3 74 120
3 75 36
3 76 163
3 77 169
3 78 174
3 79 62
3 80 57
3 81 53
3 82 143
3 83 26
3 84 59
3 85 116
3 86 109
3 87 193
3 88 185
3 89 3
3 90 108
3 91 41
3 92 154
3 93 77
3 94 125
3 95 87
3 96 161
3 97 133
3 98 153
3 99 62
4 5 146
4 6 4
4 7 49
4 8 69
4 9 19
4 10 103
4 11 152
4 12 9
4 13 7
4 14 51
4 15 62
4 16 100
4 17 74
4 18 166
4 19 146
4 20 3
4 21 167
4 22 43
4 23 79
4 24 141
4 25 47
4 26 171
4 27 193
4 28 56
4 29 107
4 30 163
4 31 63
4 32 56
4 33 98
4 34 97
4 35 96
4 36 11
4 37 57
4 38 200
4 39 165
4 40 121
4 41 167
4 42 12
4 43 104
4 44 72
4 45 66
4 46 197
4 47 26
4 48 104
4 49 185
4 50 182
4 51 165
4 52 140
4 53 111
4 54 189
4 55 73
4 56 114
4 57 106
4 58 156
4 59 104
4 60 142
4 61 127
4 62 56
4 63 55
4 64 16
4 65 20
4 66 33
4 67 5
4 68 149
4 69 45
4 70 185
4 71 80
4 72 176
4 73 17
4 74 114
4 75 8
4 76 2
4 77 123
4 78 0
4 79 58
4 80 120
4 81 87
4 82 70
4 83 194
4 84 5
4 85 109
4 86 143
4 87 74
4 88 2
4 89 106
4 90 14
4 91 200
4 92 63
4 93 13
4 94 2
4 95 154
4 96 125
4 97 195
4 98 65
4 99 96
5 6 145
5 7 89
5 8 178
5 9 184
5 10 39
5 11 63
5 12 87
5 13 141
5 14 176
5 15 6
5 16 21
5 17 25
5 18 1
5 19 75
5 20 52
5 21 44
5 22 194
5 23 30
5 24 61
5 25 123
5 26 149
5 27 166
5 28 59
5 29 190
5 30 31
5 31 56
5 32 187
5 33 86
5 34 116
5 35 159
5 36 157
5 37 81
5 38 121
5 39 53
5 40 124
5 41 129
5 42 109
5 43 195
5 44 30
5 45 42
5 46 85
5 47 194
5 48 48
5 49 85
5 50 67
5 51 116
5 52 125
5 53 192
5 54 39
5 55 45
5 56 190
5 57 163
5 58 86
5 59 46
5 60 115
5 61 189
5 62 182
5 63 58
5 64 124
5 65 30
5 66 151
5 67 134
5 68 41
5 69 153
5 70 110
5 71 30
5 72 25
5 73 67
5 74 162
5 75 38
5 76 154
5 77 113
5 78 106
5 79 56
5 80 114
5 81 108
5 82 137
5 83 148
5 84 71
5 85 192
5 86 98
5 87 45
5 88 74
5 89 71
5 90 34
5 91 31
5 92 46
5 93 42
5 94 8
5 95 127
5 96 86
5 97 83
5 98 136
5 99 48
6 7 114
6 8 176
6 9 143
6 10 52
6 11 126
6 12 132
6 13 179
6 14 27
6 15 89
6 16 91
6 17 116
6 18 6
6 19 23
6 20 138
6 21 116
6 22 186
6 23 120
6 24 187
6 25 22
6 26 0
6 27 112
6 28 71
6 29 146
6 30 55
6 31 34
6 32 22
6 33 115
6 34 87
6 35 162
6 36 155
6 37 151
6 38 63
6 39 142
6 40 170
6 41 106
6 42 0
6 43 46
6 44 93
6 45 19
6 46 190
6 47 82
6 48 188
6 49 80
6 50 134
6 51 116
6 52 189
6 53 169
6 54 1
6 55 151
6 56 119
6 57 120
6 58 90
6 59 6
6 60 175
6 61 50
6 62 140
6 63 125
6 64 161
6 65 52
6 66 191
6 67 5
6 68 1
6 69 10
6 70 99
6 71 63
6 72 135
6 73 62
6 74 15
6 75 78
6 76 73
6 77 120
6 78 58
6 79 57
6 80 90
6 81 175
6 82 22
6 83 6
6 84 180
6 85 48
6 86 157
6 87 170
6 88 97
6 89 80
6 90 175
6 91 128
6 92 153
6 93 63
6 94 21
6 95 14
6 96 53
6 97 33
6 98 30
6 99 25
7 8 48
7 9 37
7 10 95
7 11 23
7 12 95
7 13 28
7 14 57
7 15 141
7 16 51
7 17 111
7 18 88
7 19 154
7 20 110
7 21 51
7 22 180
7 23 196
7 24 194
7 25 92
7 26 62
7 27 186
7 28 65
7 29 16
7 30 164
7 31 135
7 32 81
7 33 103
7 34 136
7 35 163
7 36 17
7 37 176
7 38 45
7 39 96
7 40 157
7 41 88
7 42 60
7 43 149
7 44 44
7 45 115
7 46 7
7 47 121
7 48 182
7 49 161
7 50 15
7 51 127
7 52 48
7 53 43
7 54 143
7 55 189
7 56 43
7 57 82
7 58 89
7 59 82
7 60 171
7 61 40
7 62 54
7 63 134
7 64 23
7 65 179
7 66 86
7 67 193
7 68 143
7 69 197
7 70 169
7 71 18
7 72 129
7 73 49
7 74 103
7 75 145
7 76 193
7 77 177
7 78 21
7 79 88
7 80 91
7 81 117
7 82 46
7 83 1
7 84 197
7 85 67
7 86 59
7 87 144
7 88 199
7 89 15
7 90 79
7 91 164
7 92 199
7 93 61
7 94 173
7 95 51
7 96 145
7 97 138
7 98 149
7 99 160
8 9 113
8 10 24
8 11 11
8 12 158
8 13 175
8 14 9
8 15 148
8 16 109
8 17 28
8 18 198
8 19 48
8 20 69
8 21 183
8 22 8
8 23 184
8 24 117
8 25 142
8 26 61
8 27 93
8 28 3
8 29 60
8 30 200
8 31 23
8 32 85
8 33 194
8 34 79
8 35 119
8 36 48
8 37 180
8 38 53
8 39 19
8 40 155
8 41 144
8 42 167
8 43 19
8 44 148
8 45 22
8 46 43
8 47 181
8 48 99
8 49 70
8 50 125
8 51 17
8 52 179
8 53 177
8 54 85
8 55 194
8 56 171
8 57 90
8 58 58
8 59 89
8 60 139
8 61 74
8 62 104
8 63 195
8 64 82
8 65 170
8 66 45
8 67 3
8 68 11
8 69 128
8 70 79
8 71 194
8 72 82
8 73 173
8 74 56
8 75 111
8 76 149
8 77 35
8 78 18
8 79 0
8 80 188
8 81 68
8 82 181
8 83 123
8 84 82
8 85 30
8 86 149
8 87 46
8 88 57
8 89 151
8 90 63
8 91 69
8 92 182
8 93 174
8 94 106
8 95 152
8 96 199
8 97 136
8 98 89
8 99 17
9 10 122
9 11 47
9 12 155
9 13 53
9 14 155
9 15 133
9 16 56
9 17 131
9 18 39
9 19 165
9 20 145
9 21 161
9 22 59
9 23 171
9 24 184
9 25 39
9 26 178
9 27 38
9 28 9
9 29 152
9 30 35
9 31 163
9 32 125
9 33 79
9 34 15
9 35 32
9 36 55
9 37 139
9 38 104
9 39 159
9 40 200
9 41 105
9 42 153
9 43 147
9 44 68
9 45 30
9 46 11
9 47 57
9 48 87
9 49 162
9 50 33
9 51 102
9 52 132
9 53 76
9 54 7
9 55 71
9 56 125
9 57 169
9 58 148
9 59 168
9 60 182
9 61 14
9 62 168
9 63 45
9 64 180
9 65 42
9 66 33
9 67 85
9 68 94
9 69 140
9 70 105
9 71 163
9 72 137
9 73 91
9 74 11
9 75 79
9 76 45
9 77 26
9 78 61
9 79 36
9 80 66
9 81 175
9 82 54
9 83 7
9 84 138
9 85 45
9 86 149
9 87 160
9 88 193
9 89 171
9 90 163
9 91 101
9 92 81
9 93 7
9 94 104
9 95 108
9 96 100
9 97 98
9 98 190
9 99 148
10 11 187
10 12 43
10 13 126
10 14 23
10 15 197
10 16 29
10 17 109
10 18 6
10 19 2
10 20 27
10 21 130
10 22 73
10 23 167
10 24 15
10 25 12
10 26 135
10 27 42
10 28 66
10 29 180
10 30 7
10 31 129
10 32 42
10 33 189
10 34 176
10 35 134
10 36 131
10 37 180
10 38 34
10 39 27
10 40 174
10 41 153
10 42 158
10 43 176
10 44 80
10 45 82
10 46 95
10 47 73
10 48 177
10 49 38
10 50 24
10 51 46
10 52 183
10 53 92
10 54 0
10 55 143
10 56 53
10 57 129
10 58 27
10 59 39
10 60 43
10 61 96
10 62 109
10 63 175
10 64 35
10 65 123
10 66 145
10 67 149
10 68 56
10 69 87
10 70 4
10 71 61
10 72 126
10 73 106
10 74 110
10 75 189
10 76 11
10 77 48
10 78 163
10 79 22
10 80 67
10 81 103
10 82 56
10 83 118
10 84 69
10 85 64
10 86 88
10 87 140
10 88 3
10 89 91
10 90 151
10 91 15
10 92 59
10 93 113
10 94 140
10 95 176
10 96 58
10 97 75
10 98 64
10 99 43
11 12 98
11 13 164
11 14 161
11 15 189
11 16 90
11 17 72
11 18 92
11 19 17
11 20 114
11 21 156
11 22 14
11 23 142
11 24 14
11 25 54
11 26 117
11 27 180
11 28 34
11 29 58
11 30 2
11 31 44
11 32 190
11 33 128
11 34 190
11 35 141
11 36 65
11 37 11
11 38 53
11 39 60
11 40 102
11 41 179
11 42 193
11 43 30
11 44 136
11 45 11
11 46 40
11 47 25
11 48 51
11 49 43
11 50 4
11 51 45
11 52 88
11 53 45
11 54 93
11 55 191
11 56 13
11 57 26
11 58 163
11 59 35
11 60 123
11 61 165
11 62 17
11 63 2
11 64 113
11 65 35
11 66 122
11 67 35
11 68 129
11 69 149
11 70 85
11 71 192
11 72 10
11 73 26
11 74 120
11 75 38
11 76 99
11 77 85
11 78 112
11 79 51
11 80 122
11 81 173
11 82 193
11 83 67
11 84 133
11 85 187
11 86 143
11 87 58
11 88 153
11 89 14
11 90 161
11 91 10
11 92 196
11 93 183
11 94 59
11 95 189
11 96 18
11 97 98
11 98 39
11 99 128
12 13 110
12 14 170
12 15 176
12 16 181
12 17 123
12 18 98
12 19 51
12 20 178
12 21 48
12 22 48
12 23 123
12 24 91
12 25 13
12 26 14
12 27 112
12 28 152
12 29 199
12 30 185
12 31 18
12 32 98
12 33 141
12 34 69
12 35 158
12 36 125
12 37 77
12 38 189
12 39 133
12 40 154
12 41 22
12 42 135
12 43 152
12 44 80
12 45 183
12 46 169
12 47 154
12 48 62
12 49 0
12 50 30
12 51 132
12 52 23
12 53 61
12 54 49
12 55 22
12 56 34
12 57 52
12 58 100
12 59 85
12 60 73
12 61 180
12 62 110
12 63 24
12 64 18
12 65 132
12 66 67
12 67 186
12 68 132
12 69 106
12 70 189
12 71 61
12 72 69
12 73 16
12 74 180
12 75 108
12 76 6
12 77 63
12 78 161
12 79 129
12 80 59
12 81 63
12 82 146
12 83 71
12 84 86
12 85 157
12 86 124
12 87 83
12 88 150
12 89 192
12 90 166
12 91 21
12 92 111
12 93 176
12 94 62
12 95 139
12 96 83
12 97 65
12 98 162
12 99 24
13 14 78
13 15 28
13 16 114
13 17 164
13 18 167
13 19 121
13 20 122
13 21 185
13 22 197
13 23 64
13 24 156
13 25 6
13 26 142
13 27 2
13 28 172
13 29 96
13 30 195
13 31 6
13 32 197
13 33 132
13 34 150
13 35 10
13 36 121
13 37 182
13 38 44
13 39 42
13 40 108
13 41 19
13 42 0
13 43 126
13 44 99
13 45 47
13 46 17
13 47 88
13 48 94
13 49 192
13 50 80
13 51 136
13 52 55
13 53 32
13 54 114
13 55 103
13 56 192
13 57 33
13 58 102
13 59 131
13 60 95
13 61 14
13 62 45
13 63 132
13 64 76
13 65 26
13 66 60
13 67 9
13 68 131
13 69 64
13 70 36
13 71 33
13 72 115
13 73 29
13 74 117
13 75 108
13 76 24
13 77 96
13 78 110
13 79 82
13 80 28
13 81 115
13 82 28
13 83 171
13 84 108
13 85 5
13 86 100
13 87 103
13 88 160
13 89 85
13 90 163
13 91 92
13 92 131
13 93 185
13 94 189
13 95 157
13 96 123
13 97 175
13 98 132
13 99 25
14 15 80
14 16 133
14 17 71
14 18 126
14 19 199
14 20 79
14 21 50
14 22 26
14 23 178
14 24 119
14 25 76
14 26 63
14 27 30
14 28 35
14 29 162
14 30 6
14 31 199
14 32 174
14 33 19
14 34 50
14 35 200
14 36 115
14 37 61
14 38 50
14 39 169
14 40 127
14 41 172
14 42 53
14 43 109
14 44 52
14 45 148
14 46 52
14 47 84
14 48 190
14 49 110
14 50 21
14 51 157
14 52 168
14 53 164
14 54 179
14 55 57
14 56 28
14 57 144
14 58 150
14 59 130
14 60 170
14 61 26
14 62 21
14 63 187
14 64 60
14 65 111
14 66 17
14 67 83
14 68 53
14 69 55
14 70 193
14 71 116
14 72 108
14 73 138
14 74 172
14 75 127
14 76 148
14 77 140
14 78 198
14 79 20
14 80 120
14 81 140
14 82 128
14 83 174
14 84 128
14 85 167
14 86 34
14 87 137
14 88 24
14 89 110
14 90 65
14 91 156
14 92 147
14 93 139
14 94 126
14 95 29
14 96 24
14 97 97
14 98 188
14 99 29
15 16 92
15 17 28
15 18 50
15 19 2
15 20 191
15 21 129
15 22 30
15 23 67
15 24 171
15 25 54
15 26 68
15 27 33
15 28 192
15 29 77
15 30 165
15 31 189
15 32 170
15 33 114
15 34 110
15 35 135
15 36 176
15 37 30
15 38 180
15 39 9
15 40 83
15 41 151
15 42 73
15 43 99
15 44 191
15 45 200
15 46 196
15 47 52
15 48 136
15 49 69
15 50 63
15 51 141
15 52 150
15 53 190
15 54 103
15 55 197
15 56 114
15 57 38
15 58 107
15 59 76
15 60 81
15 61 192
15 62 71
15 63 114
15 64 107
15 65 192
15 66 145
15 67 152
15 68 55
15 69 197
15 70 142
15 71 92
15 72 155
15 73 135
15 74 95
15 75 36
15 76 10
15 77 37
15 78 70
15 79 73
15 80 128
15 81 183
15 82 9
15 83 64
15 84 140
15 85 105
15 86 174
15 87 140
15 88 39
15 89 182
15 90 123
15 91 165
15 92 166
15 93 37
15 94 24
15 95 31
15 96 16
15 97 170
15 98 58
15 99 174
16 17 89
16 18 164
16 19 29
16 20 65
16 21 118
16 22 150
16 23 194
16 24 85
16 25 149
16 26 45
16 27 116
16 28 78
16 29 154
16 30 91
16 31 48
16 32 159
16 33 180
16 34 189
16 35 81
16 36 134
16 37 27
16 38 126
16 39 129
16 40 8
16 41 142
16 42 6
16 43 132
16 44 83
16 45 49
16 46 169
16 47 131
16 48 123
16 49 59
16 50 90
16 51 98
16 52 98
16 53 98
16 54 117
16 55 197
16 56 164
16 57 159
16 58 0
16 59 128
16 60 112
16 61 22
16 62 100
16 63 172
16 64 52
16 65 188
16 66 148
16 67 161
16 68 110
16 69 173
16 70 57
16 71 6
16 72 146
16 73 55
16 74 2
16 75 139
16 76 168
16 77 131
16 78 132
16 79 167
16 80 154
16 81 49
16 82 149
16 83 162
16 84 124
16 85 28
16 86 9
16 87 133
16 88 49
16 89 155
16 90 122
16 91 67
16 92 130
16 93 124
16 94 110
16 95 67
16 96 2
16 97 178
16 98 58
16 99 15
17 18 166
17 19 71
17 20 136
17 21 122
17 22 154
17 23 7
17 24 71
17 25 3
17 26 145
17 27 37
17 28 96
17 29 24
17 30 120
17 31 142
17 32 120
17 33 55
17 34 131
17 35 122
17 36 150
17 37 28
17 38 158
17 39 193
17 40 82
17 41 156
17 42 191
17 43 135
17 44 75
17 45 194
17 46 115
17 47 153
17 48 185
17 49 90
17 50 106
17 51 47
17 52 197
17 53 89
17 54 140
17 55 181
17 56 185
17 57 126
17 58 80
17 59 142
17 60 4
17 61 67
17 62 174
17 63 163
17 64 28
17 65 119
17 66 189
17 67 157
17 68 97
17 69 132
17 70 143
17 71 169
17 72 28
17 73 43
17 74 51
17 75 68
17 76 124
17 77 55
17 78 184
17 79 160
17 80 14
17 81 141
17 82 170
17 83 69
17 84 22
17 85 16
17 86 1
17 87 139
17 88 156
17 89 131
17 90 128
17 91 105
17 92 55
17 93 104
17 94 13
17 95 8
17 96 108
17 97 129
17 98 191
17 99 17
18 19 139
18 20 98
18 21 81
18 22 88
18 23 86
18 24 134
18 25 130
18 26 48
18 27 34
18 28 151
18 29 50
18 30 167
18 31 102
18 32 134
18 33 48
18 34 153
18 35 92
18 36 115
18 37 149
18 38 80
18 39 11
18 40 176
18 41 88
18 42 133
18 43 197
18 44 28
18 45 173
18 46 94
18 47 135
18 48 60
18 49 92
18 50 175
18 51 102
18 52 100
18 53 54
18 54 128
18 55 124
18 56 126
18 57 139
18 58 69
18 59 164
18 60 89
18 61 24
18 62 107
18 63 41
18 64 56
18 65 14
18 66 53
18 67 197
18 68 17
18 69 91
18 70 161
18 71 126
18 72 185
18 73 28
18 74 72
18 75 178
18 76 190
18 77 164
18 78 103
18 79 56
18 80 71
18 81 12
18 82 66
18 83 86
18 84 70
18 85 130
18 86 131
18 87 173
18 88 106
18 89 2
18 90 146
18 91 140
18 92 156
18 93 55
18 94 88
18 95 159
18 96 142
18 97 149
18 98 138
18 99 166
19 20 75
19 21 5
19 22 195
19 23 121
19 24 198
19 25 43
19 26 165
19 27 162
19 28 40
19 29 7
19 30 4
19 31 19
19 32 23
19 33 192
19 34 129
19 35 37
19 36 102
19 37 44
19 38 123
19 39 75
19 40 29
19 41 70
19 42 115
19 43 83
19 44 64
19 45 73
19 46 142
19 47 52
19 48 35
19 49 47
19 50 103
19 51 55
19 52 105
19 53 183
19 54 141
19 55 95
19 56 188
19 57 67
19 58 169
19 59 15
19 60 167
19 61 51
19 62 184
19 63 173
19 64 32
19 65 151
19 66 38
19 67 132
19 68 161
19 69 104
19 70 193
19 71 170
19 72 166
19 73 44
19 74 167
19 75 118
19 76 37
19 77 161
19 78 41
19 79 1
19 80 123
19 81 68
19 82 5
19 83 41
19 84 66
19 85 121
19 86 147
19 87 61
19 88 153
19 89 166
19 90 63
19 91 19
19 92 151
19 93 135
19 94 95
19 95 200
19 96 10
19 97 44
19 98 92
19 99 18
20 21 3
20 22 174
20 23 135
20 24 1
20 25 76
20 26 41
20 27 195
20 28 38
20 29 76
20 30 165
20 31 186
20 32 137
20 33 19
20 34 1
20 35 115
20 36 127
20 37 6
20 38 119
20 39 144
20 40 85
20 41 49
20 42 111
20 43 47
20 44 90
20 45 118
20 46 38
20 47 117
20 48 95
20 49 105
20 50 106
20 51 123
20 52 43
20 53 45
20 54 80
20 55 119
20 56 116
20 57 162
20 58 96
20 59 170
20 60 185
20 61 179
20 62 139
20 63 86
20 64 102
20 65 16
20 66 143
20 67 57
20 68 146
20 69 175
20 70 107
20 71 192
20 72 177
20 73 69
20 74 139
20 75 106
20 76 122
20 77 33
20 78 48
20 79 105
20 80 168
20 81 166
20 82 150
20 83 64
20 84 91
20 85 44
20 86 148
20 87 65
20 88 0
20 89 4
20 90 81
20 91 97
20 92 33
20 93 35
20 94 98
20 95 24
20 96 174
20 97 84
20 98 136
20 99 165
21 22 107
21 23 136
21 24 133
21 25 58
21 26 193
21 27 120
21 28 135
21 29 85
21 30 11
21 31 4
21 32 7
21 33 176
21 34 36
21 35 99
21 36 49
21 37 158
21 38 131
21 39 27
21 40 15
21 41 72
21 42 160
21 43 9
21 44 135
21 45 151
21 46 6
21 47 157
21 48 117
21 49 169
21 50 112
21 51 126
21 52 120
21 53 132
21 54 7
21 55 34
21 56 78
21 57 47
21 58 120
21 59 176
21 60 188
21 61 105
21 62 3
21 63 77
21 64 36
21 65 79
21 66 173
21 67 181
21 68 137
21 69 160
21 70 153
21 71 94
21 72 197
21 73 100
21 74 155
21 75 118
21 76 169
21 77 78
21 78 57
21 79 149
21 80 144
21 81 157
21 82 27
21 83 26
21 84 69
21 85 43
21 86 129
21 87 135
21 88 173
21 89 189
21 90 46
21 91 17
21 92 177
21 93 18
21 94 110
21 95 140
21 96 32
21 97 164
21 98 138
21 99 82
22 23 68
22 24 106
22 25 95
22 26 180
22 27 200
22 28 110
22 29 112
22 30 136
22 31 189
22 32 59
22 33 50
22 34 140
22 35 9
22 36 157
22 37 65
22 38 86
22 39 85
22 40 198
22 41 11
22 42 60
22 43 91
22 44 145
22 45 52
22 46 161
22 47 78
22 48 23
22 49 103
22 50 149
22 51 29
22 52 103
22 53 162
22 54 189
22 55 26
22 56 53
22 57 179
22 58 189
22 59 21
22 60 19
22 61 184
22 62 51
22 63 4
22 64 180
22 65 103
22 66 123
22 67 104
22 68 122
22 69 53
22 70 15
22 71 134
22 72 86
22 73 109
22 74 11
22 75 56
22 76 20
22 77 69
22 78 59
22 79 200
22 80 15
22 81 55
22 82 153
22 83 108
22 84 94
22 85 78
22 86 56
22 87 48
22 88 116
22 89 177
22 90 142
22 91 84
22 92 82
22 93 108
22 94 176
22 95 85
22 96 54
22 97 124
22 98 24
22 99 136
23 24 95
23 25 43
23 26 11
23 27 145
23 28 7
23 29 88
23 30 59
23 31 76
23 32 12
23 33 177
23 34 24
23 35 135
23 36 100
23 37 65
23 38 40
23 39 50
23 40 15
23 41 149
23 42 74
23 43 100
23 44 116
23 45 6
23 46 50
23 47 170
23 48 6
23 49 187
23 50 135
23 51 82
23 52 73
23 53 96
23 54 94
23 55 163
23 56 129
23 57 134
23 58 128
23 59 16
23 60 138
23 61 128
23 62 2
23 63 96
23 64 159
23 65 195
23 66 175
23 67 129
23 68 98
23 69 172
23 70 199
23 71 142
23 72 94
23 73 89
23 74 134
23 75 199
23 76 128
23 77 189
23 78 71
23 79 26
23 80 116
23 81 12
23 82 185
23 83 153
23 84 40
23 85 16
23 86 199
23 87 77
23 88 14
23 89 82
23 90 100
23 91 165
23 92 4
23 93 2
23 94 170
23 95 164
23 96 25
23 97 155
23 98 176
23 99 135
24 25 147
24 26 67
24 27 162
24 28 160
24 29 190
24 30 128
24 31 111
24 32 121
24 33 120
24 34 127
24 35 121
24 36 148
24 37 85
24 38 142
24 39 198
24 40 153
24 41 172
24 42 83
24 43 46
24 44 93
24 45 43
24 46 11
24 47 105
24 48 79
24 49 68
24 50 87
24 51 136
24 52 112
24 53 93
24 54 105
24 55 76
24 56 97
24 57 180
24 58 66
24 59 84
24 60 71
24 61 56
24 62 137
24 63 110
24 64 194
24 65 160
24 66 21
24 67 80
24 68 161
24 69 69
24 70 83
24 71 47
24 72 18
24 73 31
24 74 139
24 75 86
24 76 19
24 77 55
24 78 23
24 79 25
24 80 95
24 81 151
24 82 21
24 83 29
24 84 169
24 85 136
24 86 167
24 87 115
24 88 68
24 89 196
24 90 177
24 91 107
24 92 136
24 93 113
24 94 34
24 95 67
24 96 170
24 97 35
24 98 99
24 99 69
25 26 65
25 27 154
25 28 123
25 29 90
25 30 163
25 31 105
25 32 159
25 33 50
25 34 43
25 35 23
25 36 16
25 37 103
25 38 5
25 39 108
25 40 52
25 41 86
25 42 25
25 43 101
25 44 138
25 45 64
25 46 171
25 47 35
25 48 139
25 49 114
25 50 122
25 51 168
25 52 128
25 53 12
25 54 97
25 55 19
25 56 158
25 57 176
25 58 0
25 59 178
25 60 56
25 61 88
25 62 151
25 63 138
25 64 14
25 65 135
25 66 174
25 67 200
25 68 125
25 69 101
25 70 162
25 71 172
25 72 31
25 73 195
25 74 116
25 75 26
25 76 194
25 77 50
25 78 170
25 79 50
25 80 160
25 81 64
25 82 24
25 83 109
25 84 30
25 85 94
25 86 151
25 87 147
25 88 95
25 89 32
25 90 30
25 91 152
25 92 146
25 93 99
25 94 67
25 95 130
25 96 7
25 97 191
25 98 13
25 99 176
26 27 5
26 28 98
26 29 169
26 30 98
26 31 97
26 32 84
26 33 60
26 34 41
26 35 161
26 36 97
26 37 3
26 38 98
26 39 99
26 40 87
26 41 113
26 42 78
26 43 151
26 44 161
26 45 107
26 46 149
26 47 162
26 48 189
26 49 151
26 50 28
26 51 96
26 52 92
26 53 6
26 54 160
26 55 89
26 56 66
26 57 47
26 58 112
26 59 139
26 60 86
26 61 115
26 62 139
26 63 172
26 64 126
26 65 123
26 66 81
26 67 55
26 68 120
26 69 167
26 70 20
26 71 175
26 72 59
26 73 77
26 74 33
26 75 132
26 76 127
26 77 59
26 78 7
26 79 12
26 80 80
26 81 197
26 82 118
26 83 64
26 84 131
26 85 31
26 86 98
26 87 193
26 88 124
26 89 164
26 90 81
26 91 62
26 92 138
26 93 90
26 94 126
26 95 90
26 96 183
26 97 28
26 98 12
26 99 90
27 28 117
27 29 130
27 30 140
27 31 48
27 32 18
27 33 78
27 34 40
27 35 187
27 36 103
27 37 107
27 38 167
27 39 135
27 40 44
27 41 52
27 42 101
27 43 70
27 44 13
27 45 32
27 46 9
27 47 114
27 48 121
27 49 6
27 50 43
27 51 95
27 52 105
27 53 72
27 54 160
27 55 159
27 56 79
27 57 92
27 58 132
27 59 105
27 60 153
27 61 125
27 62 65
27 63 141
27 64 34
27 65 164
27 66 111
27 67 139
27 68 149
27 69 134
27 70 73
27 71 112
27 72 71
27 73 146
27 74 164
27 75 160
27 76 40
27 77 89
27 78 184
27 79 165
27 80 156
27 81 70
27 82 170
27 83 78
27 84 40
27 85 5
27 86 135
27 87 79
27 88 149
27 89 118
27 90 156
27 91 199
27 92 118
27 93 122
27 94 146
27 95 146
27 96 130
27 97 166
27 98 9
27 99 146
28 29 19
28 30 85
28 31 190
28 32 5
28 33 112
28 34 193
28 35 69
28 36 2
28 37 103
28 38 58
28 39 10
28 40 199
28 41 132
28 42 187
28 43 110
28 44 194
28 45 31
28 46 157
28 47 26
28 48 115
28 49 71
28 50 142
28 51 164
28 52 167
28 53 106
28 54 96
28 55 113
28 56 121
28 57 42
28 58 146
28 59 5
28 60 162
28 61 37
28 62 117
28 63 40
28 64 82
28 65 188
28 66 24
28 67 4
28 68 54
28 69 81
28 70 107
28 71 140
28 72 68
28 73 125
28 74 120
28 75 20
28 76 176
28 77 77
28 78 56
28 79 88
28 80 44
28 81 18
28 82 70
28 83 147
28 84 95
28 85 131
28 86 150
28 87 119
28 88 114
28 89 141
28 90 29
28 91 121
28 92 67
28 93 77
28 94 119
28 95 130
28 96 124
28 97 120
28 98 50
28 99 43
29 30 66
29 31 57
29 32 155
29 33 154
29 34 128
29 35 186
29 36 77
29 37 92
29 38 53
29 39 176
29 40 89
29 41 149
29 42 152
29 43 58
29 44 48
29 45 22
29 46 99
29 47 49
29 48 100
29 49 139
29 50 77
29 51 181
29 52 39
29 53 60
29 54 160
29 55 18
29 56 114
29 57 129
29 58 14
29 59 7
29 60 1
29 61 112
29 62 161
29 63 104
29 64 55
29 65 161
29 66 161
29 67 171
29 68 188
29 69 46
29 70 196
29 71 192
29 72 148
29 73 91
29 74 51
29 75 6
29 76 86
29 77 86
29 78 117
29 79 187
29 80 185
29 81 71
29 82 151
29 83 88
29 84 126
29 85 86
29 86 125
29 87 58
29 88 17
29 89 156
29 90 20
29 91 34
29 92 68
29 93 198
29 94 137
29 95 2
29 96 175
29 97 108
29 98 2
29 99 32
30 31 191
30 32 153
30 33 161
30 34 143
30 35 153
30 36 19
30 37 5
30 38 137
30 39 20
30 40 48
30 41 42
30 42 116
30 43 123
30 44 112
30 45 194
30 46 197
30 47 14
30 48 105
30 49 168
30 50 79
30 51 31
30 52 172
30 53 152
30 54 86
30 55 112
30 56 18
30 57 19
30 58 53
30 59 120
30 60 109
30 61 102
30 62 106
30 63 67
30 64 60
30 65 171
30 66 97
30 67 130
30 68 96
30 69 158
30 70 90
30 71 22
30 72 48
30 73 23
30 74 77
30 75 59
30 76 49
30 77 156
30 78 9
30 79 140
30 80 60
30 81 197
30 82 128
30 83 54
30 84 197
30 85 90
30 86 112
30 87 36
30 88 119
30 89 33
30 90 197
30 91 39
30 92 115
30 93 34
30 94 17
30 95 59
30 96 197
30 97 93
30 98 30
30 99 194
31 32 46
31 33 43
31 34 132
31 35 192
31 36 114
31 37 182
31 38 40
31 39 192
31 40 185
31 41 155
31 42 24
31 43 121
31 44 72
31 45 194
31 46 198
31 47 139
31 48 139
31 49 147
31 50 118
31 51 74
31 52 127
31 53 100
31 54 133
31 55 117
31 56 153
31 57 156
31 58 148
31 59 68
31 60 112
31 61 70
31 62 153
31 63 154
31 64 174
31 65 27
31 66 39
31 67 85
31 68 103
31 69 95
31 70 139
31 71 165
31 72 81
31 73 186
31 74 184
31 75 2
31 76 57
31 77 83
31 78 12
31 79 21
31 80 113
31 81 182
31 82 175
31 83 189
31 84 48
31 85 156
31 86 96
31 87 141
31 88 146
31 89 178
31 90 46
31 91 82
31 92 124
31 93 57
31 94 100
31 95 33
31 96 52
31 97 183
31 98 105
31 99 164
32 33 84
32 34 125
32 35 163
32 36 162
32 37 54
32 38 103
32 39 155
32 40 4
32 41 4
32 42 138
32 43 45
32 44 196
32 45 75
32 46 21
32 47 27
32 48 126
32 49 19
32 50 163
32 51 102
32 52 76
32 53 121
32 54 48
32 55 136
32 56 73
32 57 121
32 58 53
32 59 69
32 60 24
32 61 129
32 62 174
32 63 66
32 64 187
32 65 171
32 66 13
32 67 127
32 68 100
32 69 182
32 70 165
32 71 42
32 72 56
32 73 92
32 74 122
32 75 31
32 76 38
32 77 1
32 78 191
32 79 45
32 80 54
32 81 161
32 82 183
32 83 98
32 84 95
32 85 10
32 86 157
32 87 65
32 88 24
32 89 189
32 90 115
32 91 20
32 92 4
32 93 149
32 94 75
32 95 150
32 96 186
32 97 61
32 98 167
32 99 50
33 34 93
33 35 63
33 36 181
33 37 94
33 38 152
33 39 41
33 40 4
33 41 97
33 42 43
33 43 84
33 44 115
33 45 47
33 46 190
33 47 101
33 48 176
33 49 176
33 50 118
33 51 79
33 52 79
33 53 131
33 54 195
33 55 94
33 56 147
33 57 178
33 58 164
33 59 45
33 60 194
33 61 87
33 62 63
33 63 118
33 64 141
33 65 22
33 66 101
33 67 77
33 68 154
33 69 150
33 70 57
33 71 55
33 72 90
33 73 67
33 74 132
33 75 104
33 76 107
33 77 55
33 78 116
33 79 154
33 80 122
33 81 113
33 82 163
33 83 25
33 84 49
33 85 188
33 86 1
33 87 200
33 88 185
33 89 95
33 90 179
33 91 152
33 92 58
33 93 34
33 94 132
33 95 141
33 96 42
33 97 52
33 98 76
33 99 58
34 35 111
34 36 163
34 37 87
34 38 38
34 39 177
34 40 92
34 41 93
34 42 170
34 43 139
34 44 60
34 45 69
34 46 17
34 47 10
34 48 191
34 49 155
34 50 160
34 51 88
34 52 17
34 53 3
34 54 188
34 55 4
34 56 195
34 57 111
34 58 81
34 59 61
34 60 131
34 61 162
34 62 108
34 63 128
34 64 164
34 65 109
34 66 21
34 67 36
34 68 43
34 69 154
34 70 151
34 71 136
34 72 39
34 73 19
34 74 58
34 75 49
34 76 50
34 77 54
34 78 49
34 79 152
34 80 89
34 81 107
34 82 186
34 83 182
34 84 7
34 85 5
34 86 177
34 87 199
34 88 93
34 89 18
34 90 156
34 91 118
34 92 41
34 93 6
34 94 25
34 95 181
34 96 29
34 97 197
34 98 180
34 99 104
35 36 38
35 37 164
35 38 66
35 39 75
35 40 0
35 41 128
35 42 115
35 43 177
35 44 138
35 45 12
35 46 99
35 47 22
35 48 120
35 49 128
35 50 163
35 51 129
35 52 134
35 53 0
35 54 158
35 55 32
35 56 67
35 57 110
35 58 56
35 59 173
35 60 67
35 61 88
35 62 13
35 63 151
35 64 22
35 65 79
35 66 154
35 67 65
35 68 134
35 69 7
35 70 7
35 71 62
35 72 128
35 73 87
35 74 124
35 75 75
35 76 108
35 77 0
35 78 93
35 79 186
35 80 55
35 81 68
35 82 108
35 83 136
35 84 73
35 85 121
35 86 150
35 87 53
35 88 127
35 89 102
35 90 166
35 91 119
35 92 46
35 93 134
35 94 0
35 95 94
35 96 186
35 97 71
35 98 94
35 99 78
36 37 20
36 38 6
36 39 51
36 40 180
36 41 15
36 42 64
36 43 35
36 44 146
36 45 12
36 46 121
36 47 56
36 48 97
36 49 194
36 50 46
36 51 182
36 52 85
36 53 131
36 54 61
36 55 176
36 56 171
36 57 22
36 58 171
36 59 19
36 60 151
36 61 154
36 62 195
36 63 122
36 64 61
36 65 91
36 66 200
36 67 99
36 68 180
36 69 24
36 70 80
36 71 47
36 72 163
36 73 50
36 74 50
36 75 74
36 76 180
36 77 14
36 78 169
36 79 1
36 80 69
36 81 56
36 82 17
36 83 49
36 84 95
36 85 94
36 86 18
36 87 39
36 88 29
36 89 10
36 90 196
36 91 78
36 92 135
36 93 180
36 94 111
36 95 152
36 96 104
36 97 41
36 98 138
36 99 192
37 38 197
37 39 121
37 40 73
37 41 92
37 42 2
37 43 116
37 44 93
37 45 17
37 46 109
37 47 45
37 48 13
37 49 193
37 50 83
37 51 27
37 52 146
37 53 95
37 54 39
37 55 29
37 56 1
37 57 96
37 58 18
37 59 5
37 60 79
37 61 108
37 62 176
37 63 100
37 64 112
37 65 155
37 66 74
37 67 180
37 68 194
37 69 9
37 70 81
37 71 123
37 72 177
37 73 174
37 74 134
37 75 33
37 76 56
37 77 96
37 78 72
37 79 149
37 80 78
37 81 118
37 82 22
37 83 180
37 84 113
37 85 10
37 86 115
37 87 21
37 88 140
37 89 18
37 90 89
37 91 91
37 92 113
37 93 111
37 94 144
37 95 75
37 96 55
37 97 63
37 98 88
37 99 105
38 39 83
38 40 147
38 41 83
38 42 69
38 43 67
38 44 11
38 45 63
38 46 120
38 47 92
38 48 178
38 49 180
38 50 158
38 51 46
38 52 99
38 53 83
38 54 169
38 55 169
38 56 149
38 57 185
38 58 104
38 59 31
38 60 174
38 61 66
38 62 154
38 63 90
38 64 193
38 65 93
38 66 124
38 67 133
38 68 113
38 69 58
38 70 39
38 71 196
38 72 7
38 73 3
38 74 55
38 75 85
38 76 8
38 77 1
38 78 91
38 79 157
38 80 96
38 81 71
38 82 62
38 83 117
38 84 140
38 85 105
38 86 156
38 87 48
38 88 69
38 89 59
38 90 76
38 91 56
38 92 148
38 93 67
38 94 184
38 95 41
38 96 61
38 97 147
38 98 183
38 99 110
39 40 179
39 41 59
39 42 119
39 43 192
39 44 90
39 45 75
39 46 40
39 47 27
39 48 42
39 49 75
39 50 63
39 51 49
39 52 187
39 53 187
39 54 24
39 55 163
39 56 105
39 57 123
39 58 52
39 59 45
39 60 88
39 61 149
39 62 75
39 63 173
39 64 62
39 65 115
39 66 172
39 67 89
39 68 63
39 69 164
39 70 7
39 71 37
39 72 123
39 73 187
39 74 126
39 75 118
39 76 176
39 77 60
39 78 166
39 79 1
39 80 58
39 81 192
39 82 104
39 83 67
39 84 99
39 85 170
39 86 55
39 87 158
39 88 86
39 89 41
39 90 169
39 91 143
39 92 62
39 93 11
39 94 91
39 95 190
39 96 66
39 97 16
39 98 121
39 99 120
40 41 75
40 42 192
40 43 161
40 44 105
40 45 1
40 46 132
40 47 77
40 48 121
40 49 194
40 50 75
40 51 32
40 52 120
40 53 85
40 54 35
40 55 29
40 56 20
40 57 99
40 58 142
40 59 64
40 60 134
40 61 30
40 62 153
40 63 130
40 64 21
40 65 63
40 66 188
40 67 184
40 68 83
40 69 14
40 70 96
40 71 120
40 72 127
40 73 66
40 74 125
40 75 30
40 76 64
40 77 118
40 78 129
40 79 7
40 80 4
40 81 6
40 82 39
40 83 41
40 84 163
40 85 136
40 86 85
40 87 154
40 88 172
40 89 90
40 90 119
40 91 145
40 92 141
40 93 151
40 94 58
40 95 196
40 96 170
40 97 59
40 98 198
40 99 48
41 42 35
41 43 1
41 44 10
41 45 142
41 46 7
41 47 109
41 48 35
41 49 50
41 50 167
41 51 109
41 52 96
41 53 124
41 54 164
41 55 76
41 56 57
41 57 69
41 58 192
41 59 65
41 60 100
41 61 67
41 62 187
41 63 21
41 64 183
41 65 47
41 66 101
41 67 170
41 68 80
41 69 54
41 70 191
41 71 142
41 72 184
41 73 60
41 74 138
41 75 186
41 76 110
41 77 122
41 78 17
41 79 153
41 80 3
41 81 147
41 82 80
41 83 91
41 84 52
41 85 16
41 86 162
41 87 148
41 88 171
41 89 126
41 90 96
41 91 105
41 92 188
41 93 133
41 94 148
41 95 20
41 96 32
41 97 173
41 98 18
41 99 15
42 43 121
42 44 15
42 45 180
42 46 9
42 47 112
42 48 7
42 49 117
42 50 11
42 51 166
42 52 198
42 53 161
42 54 151
42 55 192
42 56 24
42 57 198
42 58 156
42 59 73
42 60 71
42 61 36
42 62 64
42 63 107
42 64 179
42 65 6
42 66 155
42 67 151
42 68 64
42 69 83
42 70 11
42 71 123
42 72 62
42 73 161
42 74 24
42 75 97
42 76 43
42 77 174
42 78 159
42 79 159
42 80 127
42 81 41
42 82 1
42 83 44
42 84 137
42 85 86
42 86 170
42 87 68
42 88 135
42 89 54
42 90 89
42 91 11
42 92 163
42 93 179
42 94 82
42 95 171
42 96 57
42 97 183
42 98 50
42 99 85
43 44 34
43 45 53
43 46 103
43 47 199
43 48 194
43 49 108
43 50 64
43 51 31
43 52 183
43 53 162
43 54 70
43 55 3
43 56 112
43 57 138
43 58 178
43 59 1
43 60 119
43 61 5
43 62 165
43 63 91
43 64 176
43 65 11
43 66 56
43 67 193
43 68 10
43 69 107
43 70 63
43 71 179
43 72 116
43 73 172
43 74 14
43 75 69
43 76 31
43 77 55
43 78 56
43 79 159
43 80 125
43 81 193
43 82 197
43 83 165
43 84 53
43 85 182
43 86 25
43 87 65
43 88 111
43 89 124
43 90 190
43 91 162
43 92 114
43 93 91
43 94 59
43 95 115
43 96 152
43 97 147
43 98 8
43 99 39
44 45 56
44 46 157
44 47 27
44 48 150
44 49 185
44 50 132
44 51 29
44 52 24
44 53 82
44 54 143
44 55 48
44 56 9
44 57 121
44 58 20
44 59 82
44 60 25
44 61 90
44 62 47
44 63 81
44 64 22
44 65 98
44 66 33
44 67 82
44 68 81
44 69 58
44 70 65
44 71 73
44 72 112
44 73 29
44 74 30
44 75 70
44 76 78
44 77 28
44 78 140
44 79 39
44 80 94
44 81 94
44 82 108
44 83 39
44 84 180
44 85 36
44 86 165
44 87 32
44 88 191
44 89 110
44 90 166
44 91 163
44 92 52
44 93 94
44 94 159
44 95 196
44 96 103
44 97 87
44 98 49
44 99 96
45 46 20
45 47 60
45 48 38
45 49 89
45 50 145
45 51 59
45 52 41
45 53 29
45 54 154
45 55 40
45 56 157
45 57 128
45 58 104
45 59 51
45 60 69
45 61 72
45 62 191
45 63 156
45 64 105
45 65 137
45 66 21
45 67 168
45 68 193
45 69 125
45 70 78
45 71 199
45 72 163
45 73 163
45 74 27
45 75 81
45 76 47
45 77 197
45 78 51
45 79 30
45 80 29
45 81 190
45 82 80
45 83 126
45 84 78
45 85 21
45 86 75
45 87 187
45 88 193
45 89 113
45 90 155
45 91 101
45 92 91
45 93 181
45 94 172
45 95 66
45 96 133
45 97 175
45 98 15
45 99 105
46 47 48
46 48 94
46 49 190
46 50 28
46 51 166
46 52 106
46 53 87
46 54 76
46 55 96
46 56 68
46 57 164
46 58 2
46 59 100
46 60 145
46 61 11
46 62 93
46 63 37
46 64 46
46 65 35
46 66 118
46 67 125
46 68 57
46 69 129
46 70 60
46 71 190
46 72 197
46 73 171
46 74 172
46 75 71
46 76 58
46 77 30
46 78 15
46 79 101
46 80 123
46 81 50
46 82 58
46 83 22
46 84 94
46 85 17
46 86 19
46 87 167
46 88 189
46 89 116
46 90 46
46 91 150
46 92 23
46 93 80
46 94 166
46 95 49
46 96 48
46 97 49
46 98 115
46 99 14
47 48 20
47 49 6
47 50 116
47 51 80
47 52 181
47 53 73
47 54 94
47 55 121
47 56 180
47 57 80
47 58 178
47 59 126
47 60 158
47 61 62
47 62 99
47 63 162
47 64 53
47 65 153
47 66 69
47 67 186
47 68 96
47 69 48
47 70 6
47 71 33
47 72 160
47 73 137
47 74 157
47 75 1
47 76 99
47 77 177
47 78 21
47 79 21
47 80 97
47 81 52
47 82 81
47 83 16
47 84 170
47 85 7
47 86 146
47 87 64
47 88 43
47 89 86
47 90 157
47 91 66
47 92 175
47 93 100
47 94 132
47 95 105
47 96 60
47 97 31
47 98 20
47 99 80
48 49 113
48 50 140
48 51 142
48 52 118
48 53 120
48 54 157
48 55 40
48 56 81
48 57 168
48 58 200
48 59 87
48 60 176
48 61 46
48 62 68
48 63 113
48 64 82
48 65 127
48 66 134
48 67 64
48 68 167
48 69 4
48 70 5
48 71 106
48 72 79
48 73 122
48 74 115
48 75 171
48 76 124
48 77 183
48 78 136
48 79 7
48 80 38
48 81 84
48 82 14
48 83 1
48 84 59
48 85 47
48 86 155
48 87 36
48 88 64
48 89 115
48 90 79
48 91 190
48 92 10
48 93 185
48 94 154
48 95 18
48 96 46
48 97 90
48 98 131
48 99 35
49 50 67
49 51 182
49 52 82
49 53 101
49 54 80
49 55 73
49 56 66
49 57 87
49 58 139
49 59 154
49 60 18
49 61 107
49 62 123
49 63 49
49 64 182
49 65 0
49 66 181
49 67 51
49 68 39
49 69 121
49 70 64
49 71 132
49 72 118
49 73 5
49 74 191
49 75 29
49 76 141
49 77 152
49 78 115
49 79 135
49 80 115
49 81 116
49 82 152
49 83 58
49 84 13
49 85 148
49 86 81
49 87 40
49 88 93
49 89 121
49 90 70
49 91 34
49 92 80
49 93 36
49 94 7
49 95 155
49 96 104
49 97 23
49 98 36
49 99 45
50 51 159
50 52 125
50 53 134
50 54 153
50 55 132
50 56 35
50 57 57
50 58 132
50 59 83
50 60 40
50 61 135
50 62 189
50 63 121
50 64 184
50 65 187
50 66 86
50 67 145
50 68 181
50 69 56
50 70 121
50 71 76
50 72 199
50 73 75
50 74 174
50 75 1
50 76 74
50 77 16
50 78 114
50 79 86
50 80 147
50 81 4
50 82 38
50 83 74
50 84 133
50 85 20
50 86 35
50 87 111
50 88 1
50 89 140
50 90 134
50 91 59
50 92 196
50 93 138
50 94 117
50 95 153
50 96 130
50 97 10
50 98 175
50 99 116
51 52 82
51 53 197
51 54 27
51 55 172
51 56 59
51 57 29
51 58 152
51 59 90
51 60 96
51 61 168
51 62 136
51 63 114
51 64 199
51 65 154
51 66 56
51 67 134
51 68 37
51 69 16
51 70 96
51 71 168
51 72 146
51 73 189
51 74 190
51 75 130
51 76 177
51 77 16
51 78 113
51 79 87
51 80 72
51 81 144
51 82 105
51 83 102
51 84 114
51 85 182
51 86 146
51 87 21
51 88 98
51 89 2
51 90 155
51 91 5
51 92 121
51 93 52
51 94 127
51 95 30
51 96 60
51 97 111
51 98 157
51 99 44
52 53 119
52 54 160
52 55 183
52 56 79
52 57 0
52 58 3
52 59 60
52 60 43
52 61 87
52 62 166
52 63 104
52 64 183
52 65 154
52 66 92
52 67 92
52 68 21
52 69 159
52 70 198
52 71 165
52 72 199
52 73 44
52 74 100
52 75 199
52 76 28
52 77 172
52 78 179
52 79 86
52 80 142
52 81 197
52 82 65
52 83 43
52 84 79
52 85 19
52 86 198
52 87 47
52 88 57
52 89 70
52 90 41
52 91 178
52 92 122
52 93 72
52 94 166
52 95 131
52 96 177
52 97 188
52 98 66
52 99 173
53 54 122
53 55 20
53 56 172
53 57 197
53 58 86
53 59 55
53 60 157
53 61 104
53 62 168
53 63 34
53 64 86
53 65 27
53 66 81
53 67 195
53 68 153
53 69 143
53 70 36
53 71 6
53 72 172
53 73 163
53 74 34
53 75 104
53 76 77
53 77 122
53 78 161
53 79 18
53 80 139
53 81 126
53 82 58
53 83 179
53 84 89
53 85 52
53 86 66
53 87 119
53 88 52
53 89 188
53 90 170
53 91 144
53 92 34
53 93 1
53 94 178
53 95 7
53 96 6
53 97 92
53 98 30
53 99 169
54 55 106
54 56 125
54 57 42
54 58 58
54 59 171
54 60 17
54 61 117
54 62 26
54 63 84
54 64 131
54 65 163
54 66 88
54 67 183
54 68 13
54 69 58
54 70 177
54 71 60
54 72 120
54 73 199
54 74 169
54 75 123
54 76 174
54 77 152
54 78 196
54 79 9
54 80 139
54 81 29
54 82 123
54 83 14
54 84 89
54 85 172
54 86 50
54 87 1
54 88 125
54 89 192
54 90 69
54 91 116
54 92 37
54 93 68
54 94 90
54 95 12
54 96 56
54 97 138
54 98 182
54 99 47
55 56 83
55 57 74
55 58 13
55 59 183
55 60 160
55 61 74
55 62 89
55 63 105
55 64 196
55 65 46
55 66 1
55 67 11
55 68 84
55 69 161
55 70 12
55 71 73
55 72 131
55 73 156
55 74 44
55 75 141
55 76 172
55 77 91
55 78 106
55 79 146
55 80 9
55 81 92
55 82 27
55 83 58
55 84 80
55 85 69
55 86 141
55 87 28
55 88 61
55 89 123
55 90 89
55 91 165
55 92 83
55 93 125
55 94 143
55 95 54
55 96 85
55 97 78
55 98 187
55 99 170
56 57 191
56 58 23
56 59 27
56 60 139
56 61 141
56 62 30
56 63 97
56 64 41
56 65 49
56 66 130
56 67 119
56 68 195
56 69 146
56 70 145
56 71 163
56 72 73
56 73 122
56 74 55
56 75 107
56 76 114
56 77 195
56 78 40
56 79 130
56 80 147
56 81 112
56 82 165
56 83 102
56 84 185
56 85 158
56 86 86
56 87 142
56 88 96
56 89 197
56 90 184
56 91 161
56 92 165
56 93 139
56 94 72
56 95 77
56 96 148
56 97 88
56 98 144
56 99 197
57 58 70
57 59 72
57 60 130
57 61 5
57 62 111
57 63 192
57 64 64
57 65 196
57 66 41
57 67 101
57 68 97
57 69 85
57 70 91
57 71 102
57 72 49
57 73 142
57 74 80
57 75 41
57 76 80
57 77 119
57 78 155
57 79 52
57 80 148
57 81 32
57 82 46
57 83 133
57 84 37
57 85 146
57 86 127
57 87 11
57 88 32
57 89 197
57 90 53
57 91 129
57 92 52
57 93 57
57 94 111
57 95 178
57 96 28
57 97 131
57 98 17
57 99 16
58 59 78
58 60 52
58 61 176
58 62 0
58 63 133
58 64 151
58 65 50
58 66 69
58 67 198
58 68 105
58 69 172
58 70 81
58 71 118
58 72 41
58 73 132
58 74 51
58 75 80
58 76 152
58 77 99
58 78 138
58 79 155
58 80 47
58 81 155
58 82 194
58 83 34
58 84 164
58 85 23
58 86 115
58 87 10
58 88 0
58 89 185
58 90 70
58 91 131
58 92 46
58 93 120
58 94 23
58 95 10
58 96 72
58 97 51
58 98 102
58 99 155
59 60 200
59 61 129
59 62 92
59 63 174
59 64 40
59 65 100
59 66 145
59 67 169
59 68 50
59 69 186
59 70 191
59 71 151
59 72 43
59 73 104
59 74 79
59 75 6
59 76 105
59 77 6
59 78 87
59 79 69
59 80 164
59 81 44
59 82 154
59 83 188
59 84 199
59 85 15
59 86 58
59 87 114
59 88 125
59 89 51
59 90 198
59 91 61
59 92 198
59 93 125
59 94 139
59 95 115
59 96 186
59 97 14
59 98 163
59 99 167
60 61 93
60 62 175
60 63 124
60 64 119
60 65 113
60 66 12
60 67 180
60 68 98
60 69 160
60 70 26
60 71 11
60 72 194
60 73 53
60 74 5
60 75 186
60 76 6
60 77 83
60 78 80
60 79 21
60 80 23
60 81 36
60 82 128
60 83 161
60 84 9
60 85 182
60 86 0
60 87 130
60 88 70
60 89 109
60 90 161
60 91 147
60 92 110
60 93 30
60 94 79
60 95 198
60 96 153
60 97 70
60 98 97
60 99 171
61 62 36
61 63 0
61 64 66
61 65 94
61 66 100
61 67 2
61 68 187
61 69 186
61 70 3
61 71 17
61 72 173
61 73 199
61 74 0
61 75 49
61 76 156
61 77 58
61 78 40
61 79 182
61 80 31
61 81 200
61 82 161
61 83 175
61 84 77
61 85 14
61 86 162
61 87 55
61 88 78
61 89 126
61 90 200
61 91 50
61 92 101
61 93 115
61 94 150
61 95 62
61 96 71
61 97 0
61 98 16
61 99 6
62 63 98
62 64 116
62 65 170
62 66 32
62 67 153
62 68 51
62 69 102
62 70 152
62 71 60
62 72 68
62 73 128
62 74 83
62 75 158
62 76 104
62 77 75
62 78 24
62 79 126
62 80 100
62 81 68
62 82 172
62 83 0
62 84 42
62 85 163
62 86 19
62 87 134
62 88 141
62 89 56
62 90 121
62 91 76
62 92 195
62 93 119
62 94 64
62 95 100
62 96 96
62 97 22
62 98 165
62 99 88
63 64 130
63 65 19
63 66 189
63 67 124
63 68 20
63 69 91
63 70 111
63 71 168
63 72 189
63 73 71
63 74 132
63 75 92
63 76 156
63 77 100
63 78 83
63 79 32
63 80 101
63 81 115
63 82 90
63 83 48
63 84 0
63 85 39
63 86 66
63 87 9
63 88 45
63 89 119
63 90 12
63 91 61
63 92 102
63 93 14
63 94 140
63 95 29
63 96 130
63 97 197
63 98 68
63 99 63
64 65 117
64 66 54
64 67 149
64 68 13
64 69 93
64 70 111
64 71 136
64 72 63
64 73 12
64 74 187
64 75 152
64 76 9
64 77 184
64 78 35
64 79 6
64 80 189
64 81 22
64 82 136
64 83 58
64 84 187
64 85 80
64 86 80
64 87 167
64 88 111
64 89 198
64 90 135
64 91 50
64 92 180
64 93 197
64 94 78
64 95 1
64 96 191
64 97 100
64 98 84
64 99 78
65 66 167
65 67 41
65 68 182
65 69 24
65 70 113
65 71 192
65 72 59
65 73 199
65 74 188
65 75 83
65 76 92
65 77 25
65 78 134
65 79 111
65 80 174
65 81 110
65 82 29
65 83 160
65 84 94
65 85 193
65 86 60
65 87 96
65 88 120
65 89 36
65 90 31
65 91 111
65 92 150
65 93 129
65 94 192
65 95 0
65 96 3
65 97 169
65 98 199
65 99 98
