100 4859
0 1 122
0 2 158
0 3 60
0 4 127
0 5 60
0 6 191
0 7 27
0 8 21
0 9 188
0 10 170
0 11 30
0 12 70
0 13 3
0 14 188
0 15 89
0 16 168
0 17 134
0 18 2
0 19 153
0 20 104
0 21 146
0 22 63
0 23 68
0 24 176
0 25 46
0 26 3
0 27 50
0 28 90
0 29 122
0 30 200
0 31 124
0 32 196
0 33 176
0 34 157
0 35 58
0 36 31
0 37 50
0 38 126
0 39 164
0 40 15
0 41 196
0 42 77
0 43 61
0 44 107
0 45 77
0 46 145
0 47 71
0 48 79
0 49 49
0 50 83
0 51 46
0 52 189
0 53 50
0 54 98
0 55 189
0 56 52
0 57 148
0 58 155
0 59 50
0 60 16
0 61 180
0 62 150
0 63 171
0 64 97
0 65 18
0 66 28
0 67 198
0 68 35
0 69 34
0 70 4
0 71 198
0 72 175
0 73 161
0 74 15
0 75 115
0 76 178
0 77 38
0 78 153
0 79 165
0 80 105
0 81 56
0 82 78
0 83 166
0 84 172
0 85 1
0 86 166
0 87 6
0 88 85
0 89 14
0 90 77
0 91 59
0 92 1
0 93 10
0 94 24
0 95 97
0 96 101
0 97 108
0 98 185
0 99 122
1 2 112
1 3 192
1 4 58
1 5 82
1 6 161
1 7 31
1 8 0
1 9 113
1 10 197
1 11 151
1 12 11
1 13 104
1 14 69
1 15 8
1 16 160
1 17 23
1 18 200
1 19 198
1 20 169
1 21 162
1 22 45
1 23 35
1 24 168
1 25 180
1 26 72
1 27 113
1 28 161
1 29 146
1 30 79
1 31 140
1 32 30
1 33 149
1 34 78
1 35 34
1 36 7
1 37 82
1 38 151
1 39 191
1 40 102
1 41 21
1 42 190
1 43 101
1 44 110
1 45 68
1 46 16
1 47 107
1 48 135
1 49 33
1 50 39
1 51 70
1 52 111
1 53 47
1 54 132
1 55 115
1 56 199
1 57 56
1 58 77
1 59 51
1 60 83
1 61 88
1 62 195
1 63 195
1 64 126
1 65 187
1 66 186
1 67 91
1 68 57
1 69 37
1 70 177
1 71 65
1 72 142
1 73 118
1 74 60
1 75 169
1 76 112
1 77 30
1 78 41
1 79 58
1 80 148
1 81 34
1 82 172
1 83 71
1 84 46
1 85 157
1 86 62
1 87 144
1 88 3
1 89 38
1 90 51
1 91 40
1 92 121
1 93 55
1 94 142
1 95 100
1 96 25
1 97 98
1 98 72
1 99 11
2 3 66
2 4 132
2 5 63
2 6 114
2 7 164
2 8 155
2 9 47
2 10 23
2 11 29
2 12 37
2 13 195
2 14 125
2 15 95
2 16 27
2 17 55
2 18 155
2 19 20
2 20 7
2 21 154
2 22 18
2 23 8
2 24 121
2 25 121
2 26 72
2 27 25
2 28 52
2 29 158
2 30 4
2 31 172
2 32 45
2 33 93
2 34 126
2 35 142
2 36 63
2 37 182
2 38 85
2 39 10
2 40 26
2 41 9
2 42 107
2 43 169
2 44 165
2 45 152
2 46 108
2 47 19
2 48 158
2 49 104
2 50 60
2 51 151
2 52 154
2 53 79
2 54 128
2 55 115
2 56 83
2 57 17
2 58 200
2 59 13
2 60 200
2 61 6
2 62 185
2 63 182
2 64 155
2 65 26
2 66 175
2 67 19
2 68 44
2 69 51
2 70 136
2 71 47
2 72 117
2 73 70
2 74 119
2 75 84
2 76 194
2 77 127
2 78 3
2 79 186
2 80 80
2 81 77
2 82 188
2 83 156
2 84 128
2 85 56
2 86 67
2 87 159
2 88 164
2 89 33
2 90 167
2 91 142
2 92 19
2 93 49
2 94 170
2 95 158
2 96 181
2 97 146
2 98 162
2 99 101
3 4 27
3 5 47
3 6 165
3 7 80
3 8 150
3 9 31
3 10 115
3 11 176
3 12 13
3 13 108
3 14 184
3 15 8
3 16 177
3 17 154
3 18 165
3 19 58
3 20 97
3 21 45
3 22 80
3 23 1
3 24 141
3 25 153
3 26 100
3 27 193
3 28 35
3 29 176
3 30 140
3 31 77
3 32 112
3 33 200
3 34 41
3 35 192
3 36 111
3 37 148
3 38 32
3 39 152
3 40 126
3 41 132
3 42 84
3 43 101
3 44 42
3 45 136
3 46 153
3 47 111
3 48 44
3 49 105
3 50 181
3 51 155
3 52 31
3 53 151
3 54 141
3 55 152
3 56 94
3 57 185
3 58 101
3 59 179
3 60 123
3 61 12
3 62 190
3 63 87
3 64 31
3 65 83
3 66 134
3 67 180
3 68 12
3 69 8
3 70 119
3 71 35
3 72 83
3 73 161
3 74 65
3 75 60
3 76 122
3 77 88
3 78 200
3 79 69
3 80 52
3 81 164
3 82 113
3 83 178
3 84 84
3 85 147
3 86 69
3 87 143
3 88 124
3 89 67
3 90 31
3 91 58
3 92 161
3 93 71
3 94 82
3 95 77
3 96 166
3 97 60
3 98 81
3 99 187
4 5 149
4 6 63
4 7 129
4 8 149
4 9 37
4 10 172
4 11 119
4 12 155
4 13 142
4 14 111
4 15 5
4 16 102
4 17 36
4 18 62
4 19 72
4 20 86
4 21 139
4 22 144
4 23 129
4 24 72
4 25 176
4 26 36
4 27 138
4 28 43
4 29 87
4 30 93
4 31 176
4 32 6
4 33 47
4 34 58
4 35 58
4 36 3
4 37 17
4 38 187
4 39 114
4 40 116
4 41 166
4 42 2
4 43 42
4 44 144
4 45 113
4 46 125
4 47 19
4 48 144
4 49 41
4 50 148
4 51 46
4 52 12
4 53 43
4 54 49
4 55 89
4 56 188
4 57 79
4 58 172
4 59 183
4 60 54
4 61 12
4 62 119
4 63 186
4 64 50
4 65 168
4 66 156
4 67 67
4 68 23
4 69 37
4 70 49
4 71 200
4 72 60
4 73 46
4 74 65
4 75 32
4 76 118
4 77 111
4 78 192
4 79 116
4 80 20
4 81 9
4 82 134
4 83 68
4 84 12
4 85 61
4 86 129
4 87 175
4 88 188
4 89 27
4 90 56
4 91 85
4 92 37
4 93 52
4 94 17
4 95 11
4 96 52
4 97 198
4 98 116
4 99 62
5 6 80
5 7 86
5 8 10
5 9 90
5 10 112
5 11 144
5 12 186
5 13 132
5 14 174
5 15 15
5 16 71
5 17 24
5 18 141
5 19 3
5 20 15
5 21 123
5 22 9
5 23 41
5 24 199
5 25 110
5 26 129
5 27 12
5 28 11
5 29 21
5 30 117
5 31 73
5 32 62
5 33 198
5 34 8
5 35 83
5 36 23
5 37 165
5 38 142
5 39 94
5 40 145
5 41 94
5 42 162
5 43 192
5 44 143
5 45 18
5 46 97
5 47 155
5 48 190
5 49 139
5 50 19
5 51 68
5 52 169
5 53 46
5 54 182
5 55 72
5 56 180
5 57 99
5 58 0
5 59 137
5 60 55
5 61 69
5 62 45
5 63 177
5 64 105
5 65 62
5 66 96
5 67 25
5 68 65
5 69 185
5 70 169
5 71 111
5 72 3
5 73 86
5 74 116
5 75 108
5 76 178
5 77 67
5 78 190
5 79 119
5 80 60
5 81 55
5 82 135
5 83 107
5 84 1
5 85 86
5 86 69
5 87 18
5 88 173
5 89 116
5 90 87
5 91 90
5 92 68
5 93 167
5 94 171
5 95 93
5 96 124
5 97 11
5 98 25
5 99 123
6 7 129
6 8 78
6 9 115
6 10 187
6 11 3
6 12 167
6 13 179
6 14 58
6 15 53
6 16 4
6 17 107
6 18 24
6 19 190
6 20 190
6 21 74
6 22 20
6 23 31
6 24 78
6 25 163
6 26 37
6 27 13
6 28 130
6 29 114
6 30 114
6 31 14
6 32 72
6 33 47
6 34 118
6 35 121
6 36 10
6 37 135
6 38 174
6 39 36
6 40 42
6 41 43
6 42 84
6 43 147
6 44 26
6 45 166
6 46 111
6 47 45
6 48 115
6 49 178
6 50 7
6 51 20
6 52 54
6 53 118
6 54 195
6 55 123
6 56 52
6 57 35
6 58 98
6 59 197
6 60 199
6 61 21
6 62 122
6 63 100
6 64 173
6 65 71
6 66 94
6 67 62
6 68 103
6 69 92
6 70 200
6 71 126
6 72 191
6 73 58
6 74 89
6 75 113
6 76 38
6 77 76
6 78 190
6 79 28
6 80 74
6 81 22
6 82 89
6 83 199
6 84 143
6 85 89
6 86 160
6 87 158
6 88 192
6 89 96
6 90 104
6 91 12
6 92 67
6 93 182
6 94 117
6 95 146
6 96 140
6 97 55
6 98 44
6 99 171
7 8 2
7 9 162
7 10 11
7 11 171
7 12 63
7 13 25
7 14 58
7 15 172
7 16 187
7 17 102
7 18 69
7 19 73
7 20 55
7 21 85
7 22 200
7 23 199
7 24 59
7 25 37
7 26 2
7 27 184
7 28 78
7 29 23
7 30 57
7 31 32
7 32 13
7 33 181
7 34 41
7 35 100
7 36 26
7 37 181
7 38 179
7 39 15
7 40 162
7 41 17
7 42 56
7 43 5
7 44 107
7 45 173
7 46 106
7 47 196
7 48 53
7 49 64
7 50 167
7 51 67
7 52 88
7 53 17
7 54 81
7 55 68
7 56 22
7 57 198
7 58 39
7 59 48
7 60 20
7 61 48
7 62 31
7 63 154
7 64 30
7 65 188
7 66 91
7 67 48
7 68 74
7 69 158
7 70 30
7 71 117
7 72 50
7 73 165
7 74 65
7 75 53
7 76 144
7 77 179
7 78 16
7 79 194
7 80 130
7 81 82
7 82 10
7 83 189
7 84 126
7 85 131
7 86 143
7 87 194
7 88 32
7 89 86
7 90 2
7 91 76
7 92 13
7 93 89
7 94 86
7 95 60
7 96 136
7 97 49
7 98 175
7 99 129
8 9 138
8 10 185
8 11 5
8 12 99
8 13 54
8 14 66
8 15 189
8 16 198
8 17 84
8 18 76
8 19 183
8 20 60
8 21 89
8 22 154
8 23 134
8 24 100
8 25 135
8 26 82
8 27 34
8 28 141
8 29 168
8 30 21
8 31 148
8 32 58
8 33 5
8 34 194
8 35 161
8 36 88
8 37 161
8 38 33
8 39 172
8 40 53
8 41 187
8 42 99
8 43 192
8 44 125
8 45 138
8 46 168
8 47 128
8 48 192
8 49 35
8 50 162
8 51 154
8 52 62
8 53 84
8 54 10
8 55 141
8 56 23
8 57 35
8 58 66
8 59 101
8 60 131
8 61 194
8 62 134
8 63 25
8 64 170
8 65 28
8 66 69
8 67 34
8 68 57
8 69 97
8 70 143
8 71 20
8 72 112
8 73 48
8 74 152
8 75 155
8 76 103
8 77 161
8 78 156
8 79 132
8 80 125
8 81 63
8 82 35
8 83 12
8 84 96
8 85 161
8 86 189
8 87 27
8 88 55
8 89 147
8 90 79
8 91 81
8 92 195
8 93 31
8 94 150
8 95 81
8 96 178
8 97 98
8 98 150
8 99 95
9 10 64
9 11 94
9 12 190
9 13 80
9 14 133
9 15 135
9 16 57
9 17 65
9 18 54
9 19 155
9 20 197
9 21 79
9 22 2
9 23 120
9 24 162
9 25 5
9 26 97
9 27 49
9 28 196
9 29 23
9 30 127
9 31 52
9 32 56
9 33 55
9 34 113
9 35 55
9 36 20
9 37 120
9 38 165
9 39 145
9 40 21
9 41 3
9 42 71
9 43 7
9 44 159
9 45 83
9 46 123
9 47 150
9 48 117
9 49 168
9 50 158
9 51 197
9 52 11
9 53 138
9 54 193
9 55 167
9 56 29
9 57 134
9 58 73
9 59 13
9 60 143
9 61 159
9 62 117
9 63 120
9 64 112
9 65 105
9 66 96
9 67 111
9 68 49
9 69 189
9 70 116
9 71 27
9 72 178
9 73 92
9 74 143
9 75 114
9 76 148
9 77 109
9 78 55
9 79 120
9 80 123
9 81 178
9 82 197
9 83 122
9 84 127
9 85 92
9 86 49
9 87 137
9 88 51
9 89 48
9 90 36
9 91 29
9 92 200
9 93 186
9 94 60
9 95 51
9 96 167
9 97 73
9 98 111
9 99 122
10 11 137
10 12 170
10 13 25
10 14 122
10 15 163
10 16 176
10 17 5
10 18 127
10 19 86
10 20 121
10 21 85
10 22 15
10 23 126
10 24 64
10 25 114
10 26 185
10 27 69
10 28 77
10 29 113
10 30 19
10 31 79
10 32 194
10 33 169
10 34 10
10 35 182
10 36 99
10 37 200
10 38 10
10 39 3
10 40 115
10 41 135
10 42 53
10 43 12
10 44 88
10 45 131
10 46 182
10 47 143
10 48 72
10 49 32
10 50 146
10 51 0
10 52 50
10 53 79
10 54 144
10 55 79
10 56 147
10 57 88
10 58 25
10 59 56
10 60 108
10 61 35
10 62 10
10 63 119
10 64 154
10 65 71
10 66 134
10 67 180
10 68 65
10 69 21
10 70 130
10 71 197
10 72 181
10 73 26
10 74 59
10 75 60
10 76 82
10 77 169
10 78 136
10 79 70
10 80 115
10 81 94
10 82 40
10 83 66
10 84 102
10 85 14
10 86 52
10 87 44
10 88 199
10 89 101
10 90 121
10 91 4
10 92 199
10 93 39
10 94 168
10 95 2
10 96 138
10 97 27
10 98 37
10 99 145
11 12 187
11 13 149
11 14 159
11 15 117
11 16 141
11 17 122
11 18 114
11 19 102
11 20 129
11 21 194
11 22 58
11 23 104
11 24 133
11 25 76
11 26 54
11 27 176
11 28 75
11 29 51
11 30 143
11 31 169
11 32 194
11 33 161
11 34 157
11 35 33
11 36 23
11 37 175
11 38 162
11 39 122
11 40 113
11 41 112
11 42 176
11 43 134
11 44 33
11 45 154
11 46 101
11 47 152
11 48 62
11 49 78
11 50 48
11 51 111
11 52 24
11 53 18
11 54 87
11 55 56
11 56 197
11 57 78
11 58 41
11 59 40
11 60 16
11 61 34
11 62 16
11 63 52
11 64 71
11 65 166
11 66 93
11 67 171
11 68 79
11 69 35
11 70 126
11 71 10
11 72 171
11 73 146
11 74 103
11 75 121
11 76 21
11 77 84
11 78 25
11 79 30
11 80 76
11 81 65
11 82 63
11 83 142
11 84 160
11 85 181
11 86 104
11 87 161
11 88 86
11 89 70
11 90 108
11 91 70
11 92 44
11 93 175
11 94 143
11 95 61
11 96 195
11 97 36
11 98 199
11 99 145
12 13 103
12 14 171
12 15 81
12 16 64
12 17 149
12 18 158
12 19 168
12 20 9
12 21 23
12 22 45
12 23 43
12 24 3
12 25 161
12 26 79
12 27 41
12 28 130
12 29 5
12 30 6
12 31 54
12 32 30
12 33 19
12 34 139
12 35 62
12 36 98
12 37 108
12 38 168
12 39 37
12 40 0
12 41 138
12 42 63
12 43 80
12 44 56
12 45 151
12 46 183
12 47 138
12 48 179
12 49 33
12 50 31
12 51 170
12 52 154
12 53 166
12 54 166
12 55 195
12 56 99
12 57 128
12 58 105
12 59 98
12 60 198
12 61 88
12 62 70
12 63 54
12 64 54
12 65 178
12 66 116
12 67 136
12 68 183
12 69 62
12 70 190
12 71 142
12 72 186
12 73 130
12 74 198
12 75 75
12 76 85
12 77 88
12 78 18
12 79 96
12 80 192
12 81 24
12 82 114
12 83 91
12 84 177
12 85 33
12 86 34
12 87 27
12 88 91
12 89 119
12 90 69
12 91 11
12 92 83
12 93 20
12 94 25
12 95 171
12 96 35
12 97 101
12 98 149
12 99 174
13 14 157
13 15 141
13 16 32
13 17 159
13 18 116
13 19 179
13 20 172
13 21 120
13 22 10
13 23 129
13 24 164
13 25 33
13 26 0
13 27 124
13 28 11
13 29 176
13 30 87
13 31 169
13 32 45
13 33 118
13 34 22
13 35 0
13 36 196
13 37 183
13 38 126
13 39 27
13 40 196
13 41 100
13 42 174
13 43 38
13 44 25
13 45 173
13 46 94
13 47 2
13 48 7
13 49 67
13 50 57
13 51 70
13 52 113
13 53 127
13 54 191
13 55 67
13 56 112
13 57 160
13 58 120
13 59 35
13 60 161
13 61 103
13 62 96
13 63 155
13 64 2
13 65 141
13 66 21
13 67 102
13 68 143
13 69 166
13 70 17
13 71 82
13 72 185
13 73 39
13 74 138
13 75 108
13 76 132
13 77 39
13 78 171
13 79 46
13 80 0
13 81 120
13 82 54
13 83 11
13 84 115
13 85 77
13 86 193
13 87 155
13 88 199
13 89 90
13 90 47
13 91 9
13 92 107
13 93 30
13 94 32
13 95 57
13 96 159
13 97 136
13 98 28
13 99 185
14 15 89
14 16 154
14 17 75
14 18 134
14 19 87
14 20 52
14 21 73
14 22 194
14 23 142
14 24 145
14 25 131
14 26 25
14 27 23
14 28 110
14 29 105
14 30 184
14 31 6
14 32 59
14 33 113
14 34 35
14 35 128
14 36 125
14 37 192
14 38 164
14 39 139
14 40 54
14 41 92
14 42 7
14 43 94
14 44 97
14 45 169
14 46 133
14 47 163
14 48 37
14 49 172
14 50 200
14 51 181
14 52 162
14 53 176
14 54 170
14 55 175
14 56 30
14 57 188
14 58 161
14 59 103
14 60 26
14 61 180
14 62 154
14 63 53
14 64 136
14 65 153
14 66 99
14 67 63
14 68 149
14 69 51
14 70 58
14 71 15
14 72 199
14 73 34
14 74 175
14 75 178
14 76 145
14 77 149
14 78 134
14 79 151
14 80 17
14 81 94
14 82 70
14 83 191
14 84 125
14 85 174
14 86 42
14 87 157
14 88 61
14 89 23
14 90 62
14 91 66
14 92 29
14 93 61
14 94 40
14 95 101
14 96 54
14 97 182
14 98 138
14 99 55
15 16 125
15 17 37
15 18 67
15 19 198
15 20 7
15 21 52
15 22 137
15 23 63
15 24 192
15 25 121
15 26 159
15 27 189
15 28 62
15 29 178
15 30 15
15 31 123
15 32 145
15 33 149
15 34 31
15 35 19
15 36 44
15 37 127
15 38 62
15 39 124
15 40 87
15 41 5
15 42 119
15 43 164
15 44 68
15 45 11
15 46 103
15 47 86
15 48 104
15 49 162
15 50 10
15 51 20
15 52 4
15 53 125
15 54 89
15 55 97
15 56 134
15 57 125
15 58 146
15 59 88
15 60 141
15 61 174
15 62 108
15 63 69
15 64 53
15 65 28
15 66 144
15 67 26
15 68 157
15 69 161
15 70 128
15 71 195
15 72 118
15 73 43
15 74 92
15 75 132
15 76 87
15 77 45
15 78 123
15 79 69
15 80 90
15 81 123
15 82 97
15 83 142
15 84 130
15 85 128
15 86 49
15 87 175
15 88 73
15 89 138
15 90 196
15 91 34
15 92 163
15 93 79
15 94 103
15 95 34
15 96 95
15 97 161
15 98 166
15 99 104
16 17 9
16 18 77
16 19 153
16 20 59
16 21 27
16 22 150
16 23 179
16 24 9
16 25 96
16 26 90
16 27 146
16 28 163
16 29 48
16 30 152
16 31 106
16 32 46
16 33 145
16 34 45
16 35 88
16 36 39
16 37 150
16 38 4
16 39 139
16 40 98
16 41 50
16 42 170
16 43 85
16 44 177
16 45 132
16 46 182
16 47 47
16 48 77
16 49 49
16 50 59
16 51 44
16 52 185
16 53 10
16 54 132
16 55 15
16 56 116
16 57 23
16 58 123
16 59 114
16 60 56
16 61 15
16 62 13
16 63 40
16 64 107
16 65 84
16 66 7
16 67 72
16 68 12
16 69 40
16 70 191
16 71 27
16 72 71
16 73 117
16 74 18
16 75 68
16 76 146
16 77 134
16 78 178
16 79 38
16 80 67
16 81 116
16 82 42
16 83 132
16 84 16
16 85 39
16 86 119
16 87 57
16 88 32
16 89 186
16 90 12
16 91 199
16 92 46
16 93 62
16 94 102
16 95 158
16 96 189
16 97 67
16 98 190
16 99 128
17 18 140
17 19 38
17 20 62
17 21 20
17 22 60
17 23 141
17 24 19
17 25 106
17 26 113
17 27 104
17 28 41
17 29 156
17 30 95
17 31 78
17 32 87
17 33 151
17 34 129
17 35 135
17 36 133
17 37 132
17 38 57
17 39 133
17 40 21
17 41 194
17 42 61
17 43 84
17 44 32
17 45 197
17 46 179
17 47 106
17 48 127
17 49 40
17 50 190
17 51 120
17 52 162
17 53 113
17 54 43
17 55 8
17 56 116
17 57 23
17 58 105
17 59 172
17 60 120
17 61 58
17 62 20
17 63 79
17 64 110
17 65 51
17 66 0
17 67 102
17 68 136
17 69 3
17 70 129
17 71 41
17 72 182
17 73 152
17 74 24
17 75 152
17 76 126
17 77 156
17 78 68
17 79 128
17 80 118
17 81 61
17 82 48
17 83 179
17 84 132
17 85 30
17 86 96
17 87 23
17 88 200
17 89 46
17 90 167
17 91 10
17 92 135
17 93 16
17 94 22
17 95 198
17 96 28
17 97 130
17 98 141
17 99 26
18 19 71
18 20 112
18 21 136
18 22 37
18 23 165
18 24 88
18 25 137
18 26 187
18 27 38
18 28 153
18 29 192
18 30 182
18 31 34
18 32 188
18 33 91
18 34 30
18 35 66
18 36 100
18 37 194
18 38 146
18 39 196
18 40 9
18 41 48
18 42 112
18 43 105
18 44 125
18 45 67
18 46 18
18 47 55
18 48 130
18 49 98
18 50 60
18 51 55
18 52 28
18 53 33
18 54 96
18 55 130
18 56 165
18 57 164
18 58 72
18 59 153
18 60 44
18 61 181
18 62 13
18 63 112
18 64 135
18 65 155
18 66 103
18 67 127
18 68 47
18 69 25
18 70 188
18 71 9
18 72 162
18 73 64
18 74 163
18 75 175
18 76 55
18 77 23
18 78 6
18 79 115
18 80 107
18 81 110
18 82 118
18 83 115
18 84 91
18 85 16
18 86 99
18 87 97
18 88 80
18 89 148
18 90 92
18 91 13
18 92 117
18 93 122
18 94 51
18 95 14
18 96 176
18 97 70
18 98 69
18 99 125
19 20 24
19 21 47
19 22 154
19 23 104
19 24 109
19 25 142
19 26 183
19 27 4
19 28 180
19 29 110
19 30 110
19 31 95
19 32 176
19 33 108
19 34 130
19 35 131
19 36 196
19 37 88
19 38 129
19 39 20
19 40 21
19 41 37
19 42 51
19 43 194
19 44 94
19 45 176
19 46 171
19 47 46
19 48 172
19 49 179
19 50 15
19 51 102
19 52 28
19 53 15
19 54 188
19 55 142
19 56 27
19 57 38
19 58 108
19 59 45
19 60 22
19 61 74
19 62 166
19 63 163
19 64 189
19 65 104
19 66 1
19 67 116
19 68 16
19 69 88
19 70 91
19 71 3
19 72 163
19 73 166
19 74 128
19 75 170
19 76 61
19 77 139
19 78 80
19 79 125
19 80 172
19 81 9
19 82 119
19 83 11
19 84 7
19 85 13
19 86 12
19 87 83
19 88 124
19 89 167
19 90 91
19 91 34
19 92 117
19 93 110
19 94 115
19 95 127
19 96 159
19 97 72
19 98 106
19 99 142
20 21 149
20 22 165
20 23 39
20 24 138
20 25 100
20 26 104
20 27 39
20 28 12
20 29 45
20 30 117
20 31 177
20 32 21
20 33 36
20 34 33
20 35 99
20 36 163
20 37 189
20 38 83
20 39 48
20 40 51
20 41 150
20 42 176
20 43 191
20 44 93
20 45 58
20 46 119
20 47 188
20 48 56
20 49 18
20 50 68
20 51 113
20 52 156
20 53 144
20 54 94
20 55 175
20 56 105
20 57 152
20 58 50
20 59 98
20 60 66
20 61 137
20 62 162
20 63 28
20 64 151
20 65 125
20 66 74
20 67 76
20 68 22
20 69 157
20 70 183
20 71 179
20 72 178
20 73 178
20 74 184
20 75 77
20 76 147
20 77 60
20 78 158
20 79 23
20 80 37
20 81 63
20 82 157
20 83 59
20 84 125
20 85 20
20 86 100
20 87 167
20 88 43
20 89 107
20 90 91
20 91 99
20 92 48
20 93 126
20 94 95
20 95 138
20 96 32
20 97 189
20 98 32
20 99 118
21 22 104
21 23 106
21 24 178
21 25 83
21 26 199
21 27 129
21 28 177
21 29 39
21 30 62
21 31 169
21 32 1
21 33 198
21 34 48
21 35 72
21 36 108
21 37 27
21 38 147
21 39 111
21 40 71
21 41 168
21 42 188
21 43 52
21 44 161
21 45 33
21 46 61
21 47 123
21 48 56
21 49 122
21 50 19
21 51 20
21 52 187
21 53 55
21 54 158
21 55 63
21 56 157
21 57 12
21 58 96
21 59 186
21 60 69
21 61 8
21 62 113
21 63 130
21 64 83
21 65 107
21 66 151
21 67 194
21 68 74
21 69 25
21 70 35
21 71 27
21 72 106
21 73 112
21 74 73
21 75 45
21 76 114
21 77 31
21 78 83
21 79 73
21 80 49
21 81 43
21 82 138
21 83 136
21 84 79
21 85 95
21 86 54
21 87 34
21 88 80
21 89 167
21 90 28
21 91 99
21 92 118
21 93 68
21 94 116
21 95 25
21 96 137
21 97 49
21 98 23
21 99 152
22 23 172
22 24 2
22 25 56
22 26 28
22 27 64
22 28 118
22 29 110
22 30 81
22 31 94
22 32 196
22 33 168
22 34 43
22 35 100
22 36 87
22 37 187
22 38 39
22 39 193
22 40 200
22 41 91
22 42 41
22 43 153
22 44 33
22 45 69
22 46 33
22 47 138
22 48 129
22 49 26
22 50 23
22 51 185
22 52 26
22 53 36
22 54 66
22 55 2
22 56 3
22 57 198
22 58 146
22 59 142
22 60 154
22 61 22
22 62 114
22 63 54
22 64 173
22 65 18
22 66 43
22 67 139
22 68 126
22 69 33
22 70 173
22 71 2
22 72 58
22 73 192
22 74 191
22 75 157
22 76 198
22 77 61
22 78 129
22 79 82
22 80 7
22 81 35
22 82 8
22 83 2
22 84 112
22 85 45
22 86 174
22 87 88
22 88 199
22 89 58
22 90 143
22 91 130
22 92 88
22 93 187
22 94 92
22 95 136
22 96 80
22 97 185
22 98 41
22 99 193
23 24 62
23 25 192
23 26 130
23 27 164
23 28 6
23 29 7
23 30 63
23 31 83
23 32 36
23 33 69
23 34 67
23 35 17
23 36 94
23 37 87
23 38 126
23 39 181
23 40 129
23 41 153
23 42 101
23 43 73
23 44 3
23 45 124
23 46 108
23 47 116
23 48 196
23 49 135
23 50 92
23 51 185
23 52 22
23 53 34
23 54 79
23 55 90
23 56 139
23 57 155
23 58 133
23 59 161
23 60 88
23 61 55
23 62 79
23 63 55
23 64 55
23 65 121
23 66 143
23 67 51
23 68 39
23 69 9
23 70 117
23 71 13
23 72 159
23 73 133
23 74 181
23 75 39
23 76 183
23 77 89
23 78 43
23 79 74
23 80 124
23 81 32
23 82 69
23 83 31
23 84 19
23 85 141
23 86 52
23 87 199
23 88 80
23 89 160
23 90 174
23 91 37
23 92 140
23 93 17
23 94 196
23 95 75
23 96 102
23 97 138
23 98 93
23 99 39
24 25 80
24 26 148
24 27 137
24 28 26
24 29 136
24 30 133
24 31 24
24 32 10
24 33 132
24 34 67
24 35 48
24 36 8
24 37 100
24 38 56
24 39 81
24 40 133
24 41 80
24 42 17
24 43 189
24 44 24
24 45 117
24 46 162
24 47 119
24 48 90
24 49 149
24 50 50
24 51 140
24 52 152
24 53 64
24 54 45
24 55 3
24 56 141
24 57 88
24 58 9
24 59 144
24 60 87
24 61 153
24 62 87
24 63 183
24 64 159
24 65 103
24 66 62
24 67 196
24 68 193
24 69 70
24 70 2
24 71 148
24 72 190
24 73 58
24 74 166
24 75 106
24 76 125
24 77 174
24 78 66
24 79 78
24 80 192
24 81 108
24 82 109
24 83 199
24 84 89
24 85 33
24 86 49
24 87 200
24 88 126
24 89 145
24 90 132
24 91 169
24 92 190
24 93 43
24 94 60
24 95 62
24 96 173
24 97 80
24 98 67
24 99 63
25 26 101
25 27 159
25 28 47
25 29 192
25 30 109
25 31 53
25 32 127
25 33 91
25 34 95
25 35 2
25 36 98
25 37 144
25 38 17
25 39 57
25 40 165
25 41 106
25 42 111
25 43 134
25 44 12
25 45 76
25 46 24
25 47 95
25 48 19
25 49 53
25 50 170
25 51 145
25 52 191
25 53 61
25 54 32
25 55 171
25 56 117
25 57 160
25 58 91
25 59 112
25 60 103
25 61 74
25 62 102
25 63 117
25 64 73
25 65 197
25 66 94
25 67 90
25 68 79
25 69 124
25 70 59
25 71 141
25 72 51
25 73 140
25 74 1
25 75 15
25 76 43
25 77 175
25 78 99
25 79 141
25 80 139
25 81 77
25 82 102
25 83 19
25 84 49
25 85 13
25 86 48
25 87 22
25 88 168
25 89 200
25 90 149
25 91 157
25 92 162
25 93 122
25 94 64
25 95 57
25 96 165
25 97 16
25 98 140
25 99 164
26 27 84
26 28 22
26 29 64
26 30 192
26 31 37
26 32 4
26 33 24
26 34 37
26 35 122
26 36 131
26 37 82
26 38 194
26 39 175
26 40 17
26 41 55
26 42 125
26 43 142
26 44 170
26 45 198
26 46 131
26 47 38
26 48 124
26 49 173
26 50 117
26 51 58
26 52 160
26 53 184
26 54 84
26 55 84
26 56 77
26 57 166
26 58 147
26 59 130
26 60 37
26 61 76
26 62 123
26 63 115
26 64 153
26 65 2
26 66 92
26 67 37
26 68 131
26 69 178
26 70 98
26 71 86
26 72 147
26 73 132
26 74 147
26 75 28
26 76 144
26 77 137
26 78 126
26 79 50
26 80 8
26 81 22
26 82 89
26 83 161
26 84 25
26 85 78
26 86 6
26 87 149
26 88 37
26 89 188
26 90 16
26 91 97
26 92 87
26 93 183
26 94 48
26 95 69
26 96 72
26 97 95
26 98 107
26 99 108
27 28 60
27 29 56
27 30 122
27 31 27
27 32 124
27 33 108
27 34 40
27 35 49
27 36 67
27 37 108
27 38 27
27 39 116
27 40 198
27 41 178
27 42 53
27 43 169
27 44 198
27 45 7
27 46 120
27 47 171
27 48 33
27 49 37
27 50 165
27 51 189
27 52 95
27 53 14
27 54 19
27 55 79
27 56 137
27 57 158
27 58 110
27 59 35
27 60 63
27 61 138
27 62 167
27 63 37
27 64 26
27 65 169
27 66 25
27 67 146
27 68 22
27 69 159
27 70 73
27 71 3
27 72 69
27 73 177
27 74 164
27 75 109
27 76 11
27 77 153
27 78 127
27 79 183
27 80 101
27 81 149
27 82 171
27 83 150
27 84 172
27 85 86
27 86 139
27 87 6
27 88 81
27 89 77
27 90 130
27 91 40
27 92 20
27 93 11
27 94 164
27 95 47
27 96 195
27 97 76
27 98 110
27 99 132
28 29 9
28 30 82
28 31 116
28 32 65
28 33 86
28 34 63
28 35 176
28 36 140
28 37 71
28 38 172
28 39 79
28 40 91
28 41 84
28 42 173
28 43 142
28 44 102
28 45 151
28 46 44
28 47 61
28 48 174
28 49 108
28 50 66
28 51 62
28 52 154
28 53 72
28 54 155
28 55 141
28 56 175
28 57 170
28 58 68
28 59 63
28 60 69
28 61 173
28 62 174
28 63 153
28 64 2
28 65 9
28 66 79
28 67 64
28 68 153
28 69 84
28 70 124
28 71 158
28 72 143
28 73 191
28 74 100
28 75 47
28 76 2
28 77 87
28 78 107
28 79 84
28 80 122
28 81 192
28 82 150
28 83 148
28 84 173
28 85 65
28 86 95
28 87 166
28 88 40
28 89 94
28 90 179
28 91 147
28 92 177
28 93 175
28 94 169
28 95 157
28 96 90
28 97 73
28 98 51
28 99 157
29 30 6
29 31 115
29 32 156
29 33 58
29 34 75
29 35 130
29 36 33
29 37 128
29 38 192
29 39 88
29 40 142
29 41 1
29 42 152
29 43 109
29 44 172
29 45 34
29 46 33
29 47 109
29 48 185
29 49 134
29 50 7
29 51 185
29 52 116
29 53 74
29 54 67
29 55 155
29 56 78
29 57 107
29 58 71
29 59 35
29 60 26
29 61 179
29 62 184
29 63 162
29 64 38
29 65 17
29 66 61
29 67 139
29 68 37
29 69 3
29 70 22
29 71 14
29 72 88
29 73 182
29 74 154
29 75 1
29 76 164
29 77 67
29 78 186
29 79 166
29 80 171
29 81 75
29 82 89
29 83 32
29 84 129
29 85 118
29 86 189
29 87 14
29 88 79
29 89 5
29 90 87
29 91 133
29 92 77
29 93 13
29 94 119
29 95 161
29 96 156
29 97 195
29 98 140
29 99 83
30 31 18
30 32 29
30 33 56
30 34 197
30 35 71
30 36 109
30 37 118
30 38 51
30 39 20
30 40 89
30 41 157
30 42 109
30 43 165
30 44 185
30 45 105
30 46 169
30 47 80
30 48 150
30 49 11
30 50 77
30 51 2
30 52 145
30 53 57
30 54 43
30 55 25
30 56 196
30 57 24
30 58 43
30 59 100
30 60 142
30 61 185
30 62 147
30 63 132
30 64 63
30 65 87
30 66 150
30 67 145
30 68 141
30 69 59
30 70 143
30 71 185
30 72 175
30 73 26
30 74 32
30 75 119
30 76 175
30 77 183
30 78 132
30 79 47
30 80 85
30 81 34
30 82 13
30 83 173
30 84 11
30 85 42
30 86 86
30 87 99
30 88 24
30 89 3
30 90 198
30 91 134
30 92 176
30 93 156
30 94 94
30 95 109
30 96 164
30 97 160
30 98 50
30 99 52
31 32 93
31 33 107
31 34 105
31 35 29
31 36 26
31 37 138
31 38 176
31 39 33
31 40 194
31 41 3
31 42 42
31 43 24
31 44 118
31 45 13
31 46 63
31 47 93
31 48 145
31 49 28
31 50 81
31 51 167
31 52 20
31 53 5
31 54 79
31 55 54
31 56 173
31 57 77
31 58 62
31 59 58
31 60 116
31 61 82
31 62 77
31 63 90
31 64 5
31 65 123
31 66 52
31 67 44
31 68 191
31 69 189
31 70 69
31 71 74
31 72 93
31 73 197
31 74 140
31 75 79
31 76 147
31 77 170
31 78 116
31 79 22
31 80 123
31 81 123
31 82 163
31 83 20
31 84 34
31 85 10
31 86 116
31 87 21
31 88 19
31 89 102
31 90 2
31 91 81
31 92 143
31 93 186
31 94 196
31 95 81
31 96 103
31 97 114
31 98 189
31 99 34
32 33 65
32 34 178
32 35 19
32 36 141
32 37 30
32 38 146
32 39 20
32 40 146
32 41 113
32 42 65
32 43 139
32 44 199
32 45 144
32 46 13
32 47 187
32 48 161
32 49 67
32 50 119
32 51 174
32 52 125
32 53 34
32 54 189
32 55 115
32 56 105
32 57 110
32 58 112
32 59 35
32 60 98
32 61 15
32 62 163
32 63 82
32 64 169
32 65 131
32 66 42
32 67 200
32 68 157
32 69 2
32 70 153
32 71 28
32 72 117
32 73 186
32 74 119
32 75 117
32 76 83
32 77 169
32 78 134
32 79 183
32 80 83
32 81 180
32 82 31
32 83 187
32 84 97
32 85 101
32 86 126
32 87 143
32 88 185
32 89 63
32 90 94
32 91 134
32 92 92
32 93 26
32 94 85
32 95 8
32 96 106
32 97 148
32 98 165
32 99 146
33 34 162
33 35 80
33 36 196
33 37 58
33 38 129
33 39 130
33 40 108
33 41 52
33 42 33
33 43 76
33 44 31
33 45 2
33 46 186
33 47 177
33 48 117
33 49 169
33 50 2
33 51 33
33 52 13
33 53 24
33 54 166
33 55 194
33 56 164
33 57 164
33 58 148
33 59 197
33 60 91
33 61 189
33 62 139
33 63 86
33 64 50
33 65 131
33 66 191
33 67 104
33 68 37
33 69 199
33 70 42
33 71 45
33 72 181
33 73 68
33 74 113
33 75 114
33 76 52
33 77 33
33 78 179
33 79 190
33 80 146
33 81 51
33 82 87
33 83 152
33 84 101
33 85 170
33 86 131
33 87 150
33 88 25
33 89 102
33 90 153
33 91 45
33 92 168
33 93 154
33 94 174
33 95 101
33 96 160
33 97 41
33 98 35
33 99 188
34 35 62
34 36 131
34 37 37
34 38 89
34 39 106
34 40 199
34 41 113
34 42 46
34 43 7
34 44 108
34 45 155
34 46 43
34 47 7
34 48 14
34 49 123
34 50 105
34 51 152
34 52 172
34 53 62
34 54 137
34 55 43
34 56 96
34 57 17
34 58 88
34 59 89
34 60 43
34 61 174
34 62 113
34 63 62
34 64 175
34 65 63
34 66 115
34 67 67
34 68 145
34 69 9
34 70 151
34 71 154
34 72 119
34 73 28
34 74 158
34 75 92
34 76 126
34 77 71
34 78 65
34 79 190
34 80 67
34 81 38
34 82 86
34 83 26
34 84 164
34 85 27
34 86 180
34 87 122
34 88 199
34 89 115
34 90 2
34 91 156
34 92 189
34 93 64
34 94 91
34 95 171
34 96 68
34 97 144
34 98 65
34 99 98
35 36 146
35 37 194
35 38 98
35 39 38
35 40 27
35 41 155
35 42 38
35 43 190
35 44 19
35 45 31
35 46 29
35 47 50
35 48 156
35 49 66
35 50 124
35 51 63
35 52 20
35 53 99
35 54 174
35 55 76
35 56 158
35 57 139
35 58 152
35 59 43
35 60 123
35 61 19
35 62 41
35 63 131
35 64 29
35 65 6
35 66 160
35 67 109
35 68 9
35 69 52
35 70 114
35 71 87
35 72 1
35 73 58
35 74 96
35 75 82
35 76 162
35 77 156
35 78 25
35 79 102
35 80 63
35 81 84
35 82 152
35 83 46
35 84 3
35 85 81
35 86 90
35 87 18
35 88 71
35 89 138
35 90 120
35 91 152
35 92 168
35 93 106
35 94 70
35 95 117
35 96 127
35 97 107
35 98 178
35 99 43
36 37 172
36 38 74
36 39 179
36 40 146
36 41 65
36 42 39
36 43 85
36 44 161
36 45 52
36 46 171
36 47 98
36 48 53
36 49 87
36 50 5
36 51 159
36 52 131
36 53 82
36 54 92
36 55 183
36 56 190
36 57 119
36 58 107
36 59 167
36 60 101
36 61 66
36 62 181
36 63 178
36 64 133
36 65 148
36 66 71
36 67 133
36 68 114
36 69 113
36 70 97
36 71 32
36 72 104
36 73 95
36 74 109
36 75 177
36 76 134
36 77 28
36 78 179
36 79 141
36 80 109
36 81 114
36 82 186
36 83 190
36 84 22
36 85 28
36 86 150
36 87 186
36 88 109
36 89 140
36 90 172
36 91 75
36 92 28
36 93 193
36 94 110
36 95 4
36 96 29
36 97 169
36 98 183
36 99 75
37 38 42
37 39 53
37 40 95
37 41 73
37 42 16
37 43 34
37 44 21
37 45 93
37 46 91
37 47 118
37 48 21
37 49 157
37 50 59
37 51 191
37 52 18
37 53 2
37 54 179
37 55 52
37 56 145
37 57 78
37 58 117
37 59 154
37 60 5
37 61 4
37 62 100
37 63 37
37 64 119
37 65 156
37 66 111
37 67 6
37 68 145
37 69 143
37 70 180
37 71 85
37 72 125
37 73 131
37 74 190
37 75 2
37 76 59
37 77 30
37 78 175
37 79 93
37 80 146
37 81 199
37 82 109
37 83 126
37 84 166
37 85 75
37 86 164
37 87 23
37 88 31
37 89 179
37 90 164
37 91 156
37 92 180
37 93 37
37 94 78
37 95 64
37 96 126
37 97 197
37 98 23
37 99 169
38 39 12
38 40 40
38 41 64
38 42 112
38 43 12
38 44 198
38 45 163
38 46 179
38 47 43
38 48 7
38 49 53
38 50 116
38 51 172
38 52 88
38 53 49
38 54 170
38 55 197
38 56 147
38 57 107
38 58 47
38 59 143
38 60 92
38 61 94
38 62 52
38 63 76
38 64 162
38 65 54
38 66 133
38 67 47
38 68 133
38 69 158
38 70 125
38 71 189
38 72 141
38 73 170
38 74 55
38 75 39
38 76 151
38 77 161
38 78 72
38 79 78
38 80 100
38 81 22
38 82 171
38 83 6
38 84 169
38 85 133
38 86 0
38 87 185
38 88 199
38 89 192
38 90 162
38 91 143
38 92 100
38 93 149
38 94 185
38 95 177
38 96 43
38 97 56
38 98 169
38 99 128
39 40 39
39 41 65
39 42 141
39 43 174
39 44 192
39 45 112
39 46 196
39 47 80
39 48 49
39 49 89
39 50 19
39 51 191
39 52 1
39 53 67
39 54 7
39 55 75
39 56 144
39 57 182
39 58 171
39 59 64
39 60 109
39 61 49
39 62 189
39 63 47
39 64 114
39 65 154
39 66 153
39 67 23
39 68 102
39 69 33
39 70 14
39 71 18
39 72 20
39 73 73
39 74 161
39 75 132
39 76 78
39 77 89
39 78 65
39 79 164
39 80 79
39 81 75
39 82 196
39 83 173
39 84 109
39 85 130
39 86 189
39 87 153
39 88 198
39 89 124
39 90 29
39 91 1
39 92 44
39 93 21
39 94 93
39 95 134
39 96 140
39 97 32
39 98 12
39 99 86
40 41 91
40 42 53
40 43 93
40 44 154
40 45 172
40 46 182
40 47 103
40 48 184
40 49 133
40 50 56
40 51 163
40 52 82
40 53 192
40 54 112
40 55 177
40 56 33
40 57 13
40 58 24
40 59 127
40 60 70
40 61 200
40 62 30
40 63 115
40 64 66
40 65 37
40 66 125
40 67 24
40 68 181
40 69 7
40 70 138
40 71 133
40 72 89
40 73 77
40 74 16
40 75 109
40 76 157
40 77 66
40 78 135
40 79 185
40 80 58
40 81 58
40 82 195
40 83 144
40 84 32
40 85 181
40 86 31
40 87 39
40 88 176
40 89 120
40 90 191
40 91 140
40 92 42
40 93 99
40 94 90
40 95 84
40 96 78
40 97 35
40 98 131
40 99 39
41 42 158
41 43 112
41 44 129
41 45 134
41 46 143
41 47 122
41 48 150
41 49 188
41 50 133
41 51 162
41 52 9
41 53 191
41 54 20
41 55 166
41 56 149
41 57 169
41 58 168
41 59 121
41 60 24
41 61 173
41 62 6
41 63 35
41 64 56
41 65 129
41 66 34
41 67 98
41 68 148
41 69 134
41 70 39
41 71 115
41 72 179
41 73 39
41 74 129
41 75 159
41 76 111
41 77 164
41 78 62
41 79 138
41 80 33
41 81 188
41 82 53
41 83 165
41 84 180
41 85 194
41 86 32
41 87 14
41 88 37
41 89 50
41 90 141
41 91 153
41 92 130
41 93 31
41 94 185
41 95 136
41 96 163
41 97 77
41 98 140
41 99 200
42 43 145
42 44 89
42 45 106
42 46 36
42 47 1
42 48 79
42 49 139
42 50 75
42 51 0
42 52 61
42 53 142
42 54 183
42 55 74
42 56 120
42 57 51
42 58 153
42 59 194
42 60 70
42 61 1
42 62 162
42 63 54
42 64 75
42 65 171
42 66 81
42 67 162
42 68 33
42 69 12
42 70 119
42 71 135
42 72 53
42 73 122
42 74 28
42 75 182
42 76 46
42 77 44
42 78 141
42 79 111
42 80 99
42 81 110
42 82 21
42 83 31
42 84 0
42 85 22
42 86 7
42 87 51
42 88 117
42 89 13
42 90 147
42 91 78
42 92 195
42 93 61
42 94 67
42 95 148
42 96 178
42 97 196
42 98 85
42 99 73
43 44 36
43 45 1
43 46 13
43 47 193
43 48 162
43 49 193
43 50 38
43 51 113
43 52 156
43 53 4
43 54 41
43 55 30
43 56 178
43 57 79
43 58 86
43 59 90
43 60 20
43 61 88
43 62 97
43 63 34
43 64 154
43 65 52
43 66 179
43 67 47
43 68 46
43 69 133
43 70 97
43 71 196
43 72 10
43 73 50
43 74 66
43 75 30
43 76 58
43 77 94
43 78 175
43 79 1
43 80 32
43 81 26
43 82 128
43 83 42
43 84 5
43 85 127
43 86 185
43 87 69
43 88 22
43 89 194
43 90 197
43 91 60
43 92 72
43 93 62
43 94 184
43 95 11
43 96 77
43 97 148
43 98 133
43 99 192
44 45 47
44 46 141
44 47 159
44 48 185
44 49 70
44 50 54
44 51 187
44 52 32
44 53 136
44 54 192
44 55 113
44 56 196
44 57 168
44 58 168
44 59 81
44 60 117
44 61 98
44 62 179
44 63 136
44 64 178
44 65 18
44 66 9
44 67 197
44 68 150
44 69 14
44 70 112
44 71 113
44 72 170
44 73 142
44 74 54
44 75 125
44 76 83
44 77 158
44 78 118
44 79 55
44 80 165
44 81 45
44 82 197
44 83 193
44 84 72
44 85 182
44 86 91
44 87 89
44 88 100
44 89 82
44 90 133
44 91 8
44 92 141
44 93 191
44 94 60
44 95 1
44 96 151
44 97 44
44 98 159
44 99 31
45 46 101
45 47 193
45 48 55
45 49 65
45 50 176
45 51 84
45 52 122
45 53 110
45 54 150
45 55 93
45 56 183
45 57 154
45 58 49
45 59 113
45 60 166
45 61 29
45 62 138
45 63 116
45 64 190
45 65 116
45 66 142
45 67 58
45 68 56
45 69 16
45 70 146
45 71 159
45 72 87
45 73 44
45 74 45
45 75 145
45 76 27
45 77 183
45 78 13
45 79 31
45 80 101
45 81 122
45 82 153
45 83 199
45 84 174
45 85 39
45 86 144
45 87 139
45 88 46
45 89 79
45 90 113
45 91 133
45 92 91
45 93 132
45 94 160
45 95 92
45 96 118
45 97 161
45 98 31
45 99 103
46 47 80
46 48 183
46 49 151
46 50 112
46 51 86
46 52 154
46 53 8
46 54 190
46 55 6
46 56 31
46 57 79
46 58 111
46 59 180
46 60 77
46 61 171
46 62 49
46 63 194
46 64 96
46 65 177
46 66 1
46 67 153
46 68 126
46 69 152
46 70 91
46 71 105
46 72 94
46 73 180
46 74 115
46 75 150
46 76 115
46 77 112
46 78 193
46 79 161
46 80 2
46 81 87
46 82 32
46 83 89
46 84 129
46 85 126
46 86 26
46 87 140
46 88 106
46 89 113
46 90 42
46 91 118
46 92 37
46 93 182
46 94 86
46 95 140
46 96 97
46 97 127
46 98 62
46 99 192
47 48 121
47 49 20
47 50 30
47 51 76
47 52 24
47 53 29
47 54 71
47 55 121
47 56 185
47 57 157
47 58 177
47 59 194
47 60 170
47 61 89
47 62 4
47 63 28
47 64 106
47 65 7
47 66 134
47 67 15
47 68 124
47 69 108
47 70 68
47 71 156
47 72 36
47 73 193
47 74 151
47 75 37
47 76 45
47 77 67
47 78 170
47 79 172
47 80 159
47 81 127
47 82 81
47 83 50
47 84 89
47 85 151
47 86 32
47 87 79
47 88 138
47 89 107
47 90 126
47 91 27
47 92 56
47 93 43
47 94 161
47 95 13
47 96 83
47 97 186
47 98 81
47 99 162
48 49 100
48 50 178
48 51 80
48 52 66
48 53 24
48 54 159
48 55 84
48 56 185
48 57 169
48 58 194
48 59 100
48 60 146
48 61 174
48 62 7
48 63 53
48 64 2
48 65 107
48 66 186
48 67 183
48 68 146
48 69 126
48 70 127
48 71 19
48 72 149
48 73 146
48 74 193
48 75 126
48 76 41
48 77 80
48 78 98
48 79 157
48 80 58
48 81 155
48 82 124
48 83 145
48 84 108
48 85 172
48 86 39
48 87 187
48 88 157
48 89 42
48 90 30
48 91 81
48 92 158
48 93 41
48 94 148
48 95 165
48 96 77
48 97 36
48 98 6
48 99 180
49 50 136
49 51 165
49 52 31
49 53 25
49 54 147
49 55 13
49 56 22
49 57 192
49 58 62
49 59 42
49 60 125
49 61 25
49 62 114
49 63 153
49 64 145
49 65 23
49 66 123
49 67 138
49 68 78
49 69 110
49 70 80
49 71 16
49 72 112
49 73 106
49 74 16
49 75 120
49 76 9
49 77 103
49 78 71
49 79 128
49 80 95
49 81 180
49 82 165
49 83 184
49 84 58
49 85 144
49 86 150
49 87 175
49 88 68
49 89 182
49 90 140
49 91 76
49 92 90
49 93 139
49 94 42
49 95 79
49 96 18
49 97 25
49 98 2
49 99 31
50 51 125
50 52 94
50 53 129
50 54 67
50 55 170
50 56 7
50 57 125
50 58 25
50 59 57
50 60 92
50 61 144
50 62 8
50 63 136
50 64 167
50 65 11
50 66 9
50 67 130
50 68 87
50 69 177
50 70 54
50 71 128
50 72 115
50 73 50
50 74 58
50 75 144
50 76 23
50 77 126
50 78 175
50 79 5
50 80 149
50 81 161
50 82 27
50 83 159
50 84 30
50 85 37
50 86 31
50 87 22
50 88 6
50 89 154
50 90 135
50 91 91
50 92 112
50 93 186
50 94 92
50 95 141
50 96 17
50 97 194
50 98 185
50 99 133
51 52 132
51 53 87
51 54 135
51 55 109
51 56 3
51 57 12
51 58 64
51 59 153
51 60 17
51 61 40
51 62 58
51 63 116
51 64 143
51 65 135
51 66 195
51 67 7
51 68 13
51 69 122
51 70 155
51 71 197
51 72 158
51 73 170
51 74 153
51 75 169
51 76 188
51 77 17
51 78 62
51 79 86
51 80 91
51 81 133
51 82 6
51 83 15
51 84 172
51 85 199
51 86 162
51 87 43
51 88 127
51 89 71
51 90 5
51 91 192
51 92 161
51 93 77
51 94 45
51 95 123
51 96 177
51 97 163
51 98 184
51 99 123
52 53 73
52 54 66
52 55 41
52 56 62
52 57 182
52 58 82
52 59 198
52 60 60
52 61 18
52 62 159
52 63 32
52 64 6
52 65 85
52 66 182
52 67 161
52 68 191
52 69 23
52 70 139
52 71 14
52 72 39
52 73 61
52 74 181
52 75 67
52 76 0
52 77 34
52 78 6
52 79 168
52 80 0
52 81 157
52 82 155
52 83 98
52 84 99
52 85 136
52 86 149
52 87 42
52 88 184
52 89 124
52 90 117
52 91 175
52 92 92
52 93 163
52 94 24
52 95 161
52 96 164
52 97 90
52 98 47
52 99 75
53 54 3
53 55 136
53 56 151
53 57 59
53 58 73
53 59 156
53 60 150
53 61 96
53 62 39
53 63 87
53 64 153
53 65 167
53 66 52
53 67 135
53 68 94
53 69 151
53 70 167
53 71 21
53 72 2
53 73 145
53 74 71
53 75 65
53 76 112
53 77 118
53 78 152
53 79 84
53 80 121
53 81 158
53 82 132
53 83 82
53 84 98
53 85 83
53 86 66
53 87 142
53 88 119
53 89 81
53 90 180
53 91 132
53 92 115
53 93 56
53 94 11
53 95 63
53 96 32
53 97 10
53 98 52
53 99 185
54 55 75
54 56 35
54 57 66
54 58 197
54 59 188
54 60 90
54 61 89
54 62 191
54 63 6
54 64 18
54 65 108
54 66 17
54 67 37
54 68 115
54 69 175
54 70 143
54 71 2
54 72 110
54 73 180
54 74 154
54 75 105
54 76 194
54 77 175
54 78 146
54 79 166
54 80 81
54 81 141
54 82 8
54 83 45
54 84 188
54 85 149
54 86 151
54 87 192
54 88 136
54 89 100
54 90 33
54 91 158
54 92 58
54 93 117
54 94 16
54 95 21
54 96 59
54 97 89
54 98 86
54 99 14
55 56 21
55 57 198
55 58 104
55 59 10
55 60 122
55 61 115
55 62 126
55 63 128
55 64 80
55 65 89
55 66 168
55 67 95
55 68 105
55 69 115
55 70 171
55 71 25
55 72 5
55 73 127
55 74 193
55 75 68
55 76 196
55 77 122
55 78 7
55 79 19
55 80 195
55 81 86
55 82 98
55 83 125
55 84 137
55 85 29
55 86 164
55 87 0
55 88 16
55 89 125
55 90 183
55 91 142
55 92 200
55 93 184
55 94 138
55 95 30
55 96 64
55 97 54
55 98 72
55 99 16
56 57 166
56 58 33
56 59 45
56 60 182
56 61 97
56 62 122
56 63 21
56 64 194
56 65 194
56 66 58
56 67 23
56 68 132
56 69 124
56 70 28
56 71 119
56 72 131
56 73 167
56 74 23
56 75 181
56 76 129
56 77 130
56 78 38
56 79 196
56 80 73
56 81 14
56 82 56
56 83 185
56 84 132
56 85 162
56 86 123
56 87 173
56 88 93
56 89 188
56 90 88
56 91 10
56 92 122
56 93 54
56 94 130
56 95 136
56 96 188
56 97 192
56 98 78
56 99 51
57 58 157
57 59 48
57 60 158
57 61 86
57 62 104
57 63 2
57 64 29
57 65 177
57 66 94
57 67 136
57 68 30
57 69 124
57 70 104
57 71 37
57 72 90
57 73 42
57 74 78
57 75 165
57 76 71
57 77 102
57 78 180
57 79 159
57 80 160
57 81 102
57 82 121
57 83 183
57 84 143
57 85 160
57 86 7
57 87 155
57 88 120
57 89 135
57 90 149
57 91 195
57 92 36
57 93 71
57 94 140
57 95 101
57 96 109
57 97 127
57 98 120
57 99 196
58 59 174
58 60 50
58 61 180
58 62 73
58 63 65
58 64 164
58 65 130
58 66 168
58 67 39
58 68 96
58 69 182
58 70 156
58 71 182
58 72 198
58 73 121
58 74 128
58 75 23
58 76 108
58 77 147
58 78 150
58 79 155
58 80 102
58 81 130
58 82 18
58 83 147
58 84 50
58 85 47
58 86 139
58 87 137
58 88 87
58 89 74
58 90 190
58 91 168
58 92 77
58 93 197
58 94 186
58 95 130
58 96 151
58 97 122
58 98 20
58 99 85
59 60 31
59 61 106
59 62 121
59 63 40
59 64 169
59 65 7
59 66 17
59 67 56
59 68 32
59 69 53
59 70 37
59 71 105
59 72 59
59 73 85
59 74 73
59 75 156
59 76 109
59 77 117
59 78 51
59 79 87
59 80 28
59 81 92
59 82 103
59 83 100
59 84 176
59 85 62
59 86 20
59 87 190
59 88 48
59 89 1
59 90 42
59 91 133
59 92 65
59 93 62
59 94 102
59 95 106
59 96 37
59 97 23
59 98 119
59 99 83
60 61 39
60 62 84
60 63 113
60 64 0
60 65 193
60 66 22
60 67 98
60 68 43
60 69 184
60 70 11
60 71 148
60 72 125
60 73 88
60 74 19
60 75 108
60 76 18
60 77 14
60 78 47
60 79 61
60 80 107
60 81 10
60 82 25
60 83 86
60 84 172
60 85 161
60 86 147
60 87 135
60 88 175
60 89 166
60 90 65
60 91 199
60 92 189
60 93 17
60 94 119
60 95 34
60 96 117
60 97 194
60 98 195
60 99 197
61 62 45
61 63 97
61 64 68
61 65 160
61 66 15
61 67 117
61 68 176
61 69 40
61 70 188
61 71 36
61 72 171
61 73 99
61 74 0
61 75 128
61 76 174
61 77 140
61 78 157
61 79 100
61 80 120
61 81 27
61 82 179
61 83 12
61 84 195
61 85 113
61 86 19
61 87 89
61 88 39
61 89 157
61 90 122
61 91 160
61 92 24
61 93 26
61 94 188
61 95 35
61 96 51
61 97 105
61 98 146
61 99 22
62 63 4
62 64 118
62 65 62
62 66 63
62 67 68
62 68 21
62 69 155
62 70 31
62 71 71
62 72 52
62 73 161
62 74 103
62 75 41
62 76 40
62 77 179
62 78 144
62 79 71
62 80 136
62 81 200
62 82 182
62 83 175
62 84 114
62 85 191
62 86 190
62 87 157
62 88 24
62 89 33
62 90 194
62 91 73
62 92 18
62 93 180
62 94 27
62 95 88
62 96 156
62 97 77
62 98 70
62 99 179
63 64 73
63 65 145
63 66 147
63 67 71
63 68 140
63 69 190
63 70 14
63 71 54
63 72 98
63 73 67
63 74 53
63 75 150
63 76 193
63 77 125
63 78 51
63 79 20
63 80 151
63 81 48
63 82 134
63 83 94
63 84 76
63 85 200
63 86 81
63 87 171
63 88 64
63 89 98
63 90 104
63 91 114
63 92 14
63 93 197
63 94 1
63 95 132
63 96 100
63 97 122
63 98 18
63 99 180
64 65 81
64 66 162
64 67 177
64 68 45
64 69 69
64 70 120
64 71 151
64 72 154
64 73 31
64 74 200
64 75 85
64 76 177
64 77 141
64 78 191
64 79 1
64 80 200
64 81 116
64 82 47
64 83 49
64 84 166
64 85 40
64 86 111
64 87 9
64 88 164
64 89 86
64 90 80
64 91 136
64 92 27
64 93 10
64 94 124
64 95 191
64 96 157
64 97 154
64 98 93
64 99 101
65 66 152
65 67 146
65 68 46
65 69 117
65 70 56
65 71 78
65 72 87
65 73 175
65 74 167
65 75 132
65 76 5
65 77 83
65 78 100
65 79 155
65 80 156
65 81 148
65 82 124
65 83 53
65 84 169
65 85 189
65 86 178
65 87 99
65 88 171
65 89 122
65 90 41
65 91 70
65 92 67
65 93 18
65 94 58
65 95 134
65 96 27
65 97 48
65 98 92
65 99 97
66 67 23
66 68 33
66 69 154
66 70 165
66 71 133
66 72 57
66 73 159
66 74 31
66 75 6
66 76 174
66 77 35
66 78 175
66 79 135
66 80 74
66 81 35
66 82 99
66 83 131
66 84 54
66 85 24
66 86 138
66 87 185
66 88 1
66 89 35
66 90 32
66 91 127
66 92 149
66 93 104
66 94 3
66 95 139
66 96 97
66 97 101
66 98 152
66 99 194
67 68 18
67 69 144
67 70 167
67 71 93
67 72 71
67 73 172
67 74 58
67 75 73
67 76 36
67 77 141
67 78 170
67 79 48
67 80 98
67 81 107
67 82 62
67 83 121
67 84 32
67 85 44
67 86 118
67 87 26
67 88 193
67 89 127
67 90 164
67 91 1
67 92 156
67 93 167
67 94 65
67 95 102
67 96 35
67 97 197
67 98 77
67 99 4
68 69 184
68 70 126
68 71 131
68 72 48
68 73 7
68 74 178
68 75 157
68 76 77
68 77 131
68 78 69
68 79 9
68 80 147
68 81 87
68 82 105
68 83 129
68 84 137
68 85 67
68 86 81
68 87 156
68 88 141
68 89 20
68 90 180
68 91 83
68 92 95
68 93 10
68 94 196
68 95 113
68 96 2
68 97 110
68 98 118
68 99 33
69 70 86
69 71 64
69 72 139
69 73 100
69 74 113
69 75 137
69 76 173
69 77 184
69 78 49
69 79 99
69 80 188
69 81 21
69 82 116
69 83 169
69 84 56
69 85 80
69 86 61
69 87 33
69 88 179
69 89 157
69 90 191
69 91 87
69 92 16
69 93 149
69 94 79
69 95 78
69 96 199
69 97 191
69 98 52
69 99 157
70 71 28
70 72 162
70 73 25
70 74 92
70 75 93
70 76 156
70 77 144
70 78 140
70 79 57
70 80 20
70 81 31
70 82 118
70 83 102
70 84 21
70 85 146
70 86 168
70 87 189
70 88 46
70 89 16
70 90 107
70 91 191
70 92 174
70 93 73
70 94 47
70 95 60
70 96 172
70 97 98
70 98 192
70 99 128
71 72 163
71 73 183
71 74 73
71 75 114
71 76 1
71 77 99
71 78 2
71 79 111
71 80 194
71 81 33
71 82 28
71 83 147
71 84 130
71 85 43
71 86 167
71 87 130
71 88 105
71 89 66
71 90 149
71 91 141
71 92 14
71 93 173
71 94 119
71 95 106
71 96 162
71 97 134
71 98 51
71 99 36
72 73 39
72 74 2
72 75 104
72 76 30
72 77 101
72 78 111
72 79 3
72 80 157
72 81 53
72 82 175
72 83 160
72 84 47
72 85 161
72 86 190
72 87 113
72 88 43
72 89 82
72 90 166
72 91 151
72 92 43
72 93 133
72 94 199
72 95 175
72 96 147
72 97 170
72 98 70
72 99 124
73 74 117
73 75 114
73 76 87
73 77 119
73 78 20
73 79 35
73 80 37
73 81 93
73 82 7
73 83 98
73 84 75
73 85 85
73 86 36
73 87 94
73 88 93
73 89 113
73 90 66
73 91 85
73 92 27
73 93 120
73 94 12
73 95 173
73 96 29
73 97 67
73 98 164
73 99 8
74 75 102
74 76 174
74 77 22
74 78 52
74 79 40
74 80 149
74 81 139
74 82 82
74 83 2
74 84 2
74 85 163
74 86 149
74 87 109
74 88 7
74 89 123
74 90 180
74 91 137
74 92 167
74 93 82
74 94 154
74 95 47
74 96 176
74 97 193
74 98 21
74 99 169
75 76 166
75 77 93
75 78 21
75 79 147
75 80 149
75 81 23
75 82 6
75 83 18
75 84 12
75 85 68
75 86 196
75 87 33
75 88 98
75 89 182
75 90 38
75 91 11
75 92 125
75 93 122
75 94 63
75 95 194
75 96 72
75 97 40
75 98 197
75 99 51
76 77 1
76 78 184
76 79 90
76 80 4
76 81 71
76 82 173
76 83 166
76 84 110
76 85 191
76 86 19
76 87 111
76 88 185
76 89 6
76 90 102
76 91 51
76 92 83
76 93 20
76 94 112
76 95 50
76 96 30
76 97 145
76 98 184
76 99 170
77 78 157
77 79 107
77 80 29
77 81 7
77 82 198
77 83 40
77 84 178
77 85 64
77 86 140
77 87 11
77 88 70
77 89 149
77 90 103
77 91 191
77 92 190
77 93 57
77 94 9
77 95 81
77 96 104
77 97 128
77 98 8
77 99 172
78 79 181
78 80 103
78 81 71
78 82 0
78 83 124
78 84 152
78 85 53
78 86 50
78 87 192
78 88 154
78 89 107
78 90 9
78 91 11
78 92 58
78 93 89
78 94 94
78 95 157
78 96 27
78 97 55
78 98 114
78 99 57
79 80 19
79 81 87
79 82 1
79 83 85
79 84 154
79 85 47
79 86 77
79 87 45
79 88 120
79 89 80
79 90 72
79 91 7
79 92 94
79 93 124
79 94 113
79 95 163
79 96 2
79 97 89
79 98 43
79 99 27
80 81 64
80 82 97
80 83 55
80 84 80
80 85 148
80 86 85
80 87 67
80 88 112
80 89 7
80 90 12
80 91 175
80 92 197
80 93 198
80 94 25
80 95 59
80 96 101
80 97 58
80 98 63
80 99 188
81 82 166
81 83 190
81 84 58
81 85 174
81 86 154
81 87 19
81 88 24
81 89 128
81 90 142
81 91 171
81 92 104
81 93 141
81 94 49
81 95 182
81 96 55
81 97 33
81 98 137
81 99 92
82 83 81
82 84 142
82 85 193
82 86 187
82 87 103
82 88 115
82 89 67
82 90 62
82 91 119
82 92 176
82 93 41
82 94 148
82 95 7
82 96 24
82 97 165
82 98 12
82 99 97
83 84 62
83 85 6
83 86 162
83 87 2
83 88 167
83 89 52
83 90 65
83 91 168
83 92 12
83 93 185
83 94 89
83 95 94
83 96 54
83 97 160
83 98 0
83 99 164
84 85 150
84 86 58
84 87 116
84 88 166
84 89 176
84 90 65
84 91 35
84 92 180
84 93 141
84 94 42
84 95 175
84 96 171
84 97 189
84 98 32
84 99 199
85 86 119
85 87 184
85 88 35
85 89 144
85 90 189
85 91 190
85 92 7
85 93 2
85 94 155
85 95 189
85 96 106
85 97 30
85 98 111
85 99 45
