100 4845
0 1 154
0 2 40
0 3 137
0 4 176
0 5 143
0 6 195
0 7 105
0 8 194
0 9 126
0 10 155
0 11 194
0 12 189
0 13 47
0 14 80
0 15 134
0 16 185
0 17 160
0 18 166
0 19 146
0 20 85
0 21 78
0 22 113
0 23 14
0 24 118
0 25 196
0 26 188
0 27 59
0 28 136
0 29 71
0 30 110
0 31 37
0 32 25
0 33 51
0 34 144
0 35 56
0 36 123
0 37 77
0 38 91
0 39 58
0 40 47
0 41 65
0 42 168
0 43 73
0 44 169
0 45 73
0 46 10
0 47 14
0 48 196
0 49 0
0 50 191
0 51 177
0 52 131
0 53 106
0 54 28
0 55 24
0 56 155
0 57 95
0 58 47
0 59 26
0 60 38
0 61 142
0 62 10
0 63 155
0 64 76
0 65 91
0 66 161
0 67 115
0 68 196
0 69 123
0 70 147
0 71 134
0 72 155
0 73 137
0 74 0
0 75 163
0 76 130
0 77 89
0 78 79
0 79 33
0 80 104
0 81 85
0 82 5
0 83 143
0 84 200
0 85 29
0 86 175
0 87 96
0 88 68
0 89 152
0 90 80
0 91 176
0 92 23
0 93 108
0 94 21
0 95 179
0 96 170
0 97 176
0 98 61
0 99 39
1 2 180
1 3 149
1 4 182
1 5 72
1 6 82
1 7 199
1 8 45
1 9 182
1 10 92
1 11 52
1 12 94
1 13 31
1 14 142
1 15 97
1 16 80
1 17 83
1 18 112
1 19 70
1 20 38
1 21 64
1 22 25
1 23 91
1 24 73
1 25 166
1 26 55
1 27 165
1 28 54
1 29 9
1 30 159
1 31 69
1 32 128
1 33 186
1 34 123
1 35 89
1 36 12
1 37 128
1 38 124
1 39 88
1 40 31
1 41 77
1 42 14
1 43 158
1 44 191
1 45 48
1 46 82
1 47 135
1 48 78
1 49 39
1 50 73
1 51 66
1 52 25
1 53 99
1 54 98
1 55 43
1 56 22
1 57 134
1 58 154
1 59 24
1 60 30
1 61 139
1 62 153
1 63 6
1 64 114
1 65 159
1 66 99
1 67 31
1 68 155
1 69 145
1 70 48
1 71 136
1 72 79
1 73 7
1 74 102
1 75 6
1 76 131
1 77 123
1 78 185
1 79 152
1 80 157
1 81 67
1 82 146
1 83 63
1 84 25
1 85 186
1 86 10
1 87 174
1 88 54
1 89 174
1 90 121
1 91 33
1 92 75
1 93 78
1 94 11
1 95 132
1 96 38
1 97 53
1 98 166
1 99 21
2 3 166
2 4 55
2 5 62
2 6 161
2 7 191
2 8 76
2 9 58
2 10 181
2 11 80
2 12 27
2 13 72
2 14 186
2 15 158
2 16 97
2 17 33
2 18 21
2 19 86
2 20 175
2 21 117
2 22 179
2 23 97
2 24 30
2 25 168
2 26 58
2 27 183
2 28 88
2 29 168
2 30 105
2 31 178
2 32 165
2 33 32
2 34 18
2 35 107
2 36 57
2 37 58
2 38 42
2 39 137
2 40 134
2 41 160
2 42 115
2 43 71
2 44 150
2 45 33
2 46 29
2 47 120
2 48 20
2 49 137
2 50 73
2 51 9
2 52 12
2 53 7
2 54 45
2 55 178
2 56 38
2 57 136
2 58 138
2 59 104
2 60 14
2 61 188
2 62 149
2 63 121
2 64 198
2 65 45
2 66 155
2 67 113
2 68 192
2 69 119
2 70 11
2 71 35
2 72 188
2 73 114
2 74 187
2 75 119
2 76 36
2 77 50
2 78 128
2 79 90
2 80 10
2 81 117
2 82 193
2 83 18
2 84 102
2 85 187
2 86 132
2 87 33
2 88 75
2 89 138
2 90 119
2 91 150
2 92 63
2 93 0
2 94 80
2 95 90
2 96 55
2 97 199
2 98 135
2 99 8
3 4 104
3 5 38
3 6 142
3 7 68
3 8 77
3 9 104
3 10 122
3 11 12
3 12 116
3 13 128
3 14 155
3 15 181
3 16 29
3 17 135
3 18 76
3 19 114
3 20 42
3 21 145
3 22 107
3 23 28
3 24 150
3 25 89
3 26 121
3 27 115
3 28 184
3 29 27
3 30 117
3 31 43
3 32 75
3 33 112
3 34 33
3 35 111
3 36 4
3 37 198
3 38 78
3 39 72
3 40 33
3 41 44
3 42 26
3 43 31
3 44 157
3 45 197
3 46 67
3 47 181
3 48 75
3 49 32
3 50 15
3 51 62
3 52 194
3 53 161
3 54 22
3 55 76
3 56 61
3 57 118
3 58 151
3 59 44
3 60 87
3 61 5
3 62 154
3 63 169
3 64 79
3 65 15
3 66 20
3 67 137
3 68 66
3 69 73
3 70 75
3 71 24
3 72 154
3 73 78
3 74 87
3 75 5
3 76 56
3 77 121
3 78 88
3 79 44
3 80 154
3 81 33
3 82 20
3 83 20
3 84 68
3 85 177
3 86 77
3 87 120
3 88 140
3 89 115
3 90 61
3 91 15
3 92 113
3 93 21
3 94 160
3 95 137
3 96 0
3 97 23
3 98 92
3 99 66
4 5 183
4 6 58
4 7 192
4 8 20
4 9 34
4 10 90
4 11 43
4 12 40
4 13 166
4 14 5
4 15 70
4 16 187
4 17 175
4 18 197
4 19 31
4 20 102
4 21 113
4 22 29
4 23 200
4 24 186
4 25 173
4 26 8
4 27 148
4 28 98
4 29 127
4 30 192
4 31 79
4 32 45
4 33 188
4 34 197
4 35 184
4 36 64
4 37 63
4 38 6
4 39 139
4 40 109
4 41 21
4 42 129
4 43 98
4 44 9
4 45 152
4 46 8
4 47 96
4 48 114
4 49 65
4 50 129
4 51 115
4 52 188
4 53 36
4 54 128
4 55 124
4 56 116
4 57 169
4 58 71
4 59 70
4 60 193
4 61 120
4 62 17
4 63 138
4 64 49
4 65 149
4 66 100
4 67 136
4 68 101
4 69 131
4 70 28
4 71 72
4 72 157
4 73 40
4 74 74
4 75 45
4 76 41
4 77 0
4 78 101
4 79 92
4 80 15
4 81 21
4 82 160
4 83 38
4 84 28
4 85 123
4 86 71
4 87 129
4 88 130
4 89 118
4 90 54
4 91 155
4 92 49
4 93 138
4 94 162
4 95 150
4 96 108
4 97 55
4 98 132
4 99 119
5 6 146
5 7 56
5 8 3
5 9 185
5 10 28
5 11 165
5 12 124
5 13 1
5 14 96
5 15 126
5 16 116
5 17 171
5 18 118
5 19 43
5 20 151
5 21 142
5 22 119
5 23 44
5 24 64
5 25 168
5 26 116
5 27 65
5 28 174
5 29 30
5 30 121
5 31 188
5 32 55
5 33 179
5 34 103
5 35 140
5 36 176
5 37 37
5 38 68
5 39 1
5 40 200
5 41 60
5 42 96
5 43 188
5 44 98
5 45 8
5 46 90
5 47 10
5 48 19
5 49 33
5 50 47
5 51 152
5 52 1
5 53 91
5 54 5
5 55 41
5 56 185
5 57 36
5 58 147
5 59 99
5 60 117
5 61 6
5 62 72
5 63 24
5 64 48
5 65 35
5 66 129
5 67 41
5 68 182
5 69 67
5 70 175
5 71 18
5 72 43
5 73 190
5 74 77
5 75 101
5 76 116
5 77 5
5 78 164
5 79 71
5 80 179
5 81 191
5 82 79
5 83 72
5 84 113
5 85 96
5 86 22
5 87 105
5 88 146
5 89 7
5 90 113
5 91 171
5 92 46
5 93 174
5 94 18
5 95 50
5 96 172
5 97 4
5 98 94
5 99 154
6 7 49
6 8 32
6 9 127
6 10 66
6 11 118
6 12 155
6 13 51
6 14 89
6 15 59
6 16 61
6 17 49
6 18 29
6 19 66
6 20 2
6 21 153
6 22 1
6 23 4
6 24 74
6 25 18
6 26 5
6 27 114
6 28 152
6 29 117
6 30 57
6 31 176
6 32 36
6 33 15
6 34 142
6 35 75
6 36 107
6 37 15
6 38 127
6 39 134
6 40 49
6 41 144
6 42 151
6 43 144
6 44 132
6 45 155
6 46 181
6 47 200
6 48 195
6 49 104
6 50 31
6 51 97
6 52 97
6 53 160
6 54 159
6 55 197
6 56 57
6 57 167
6 58 146
6 59 11
6 60 81
6 61 34
6 62 58
6 63 200
6 64 146
6 65 27
6 66 129
6 67 110
6 68 90
6 69 158
6 70 52
6 71 71
6 72 107
6 73 133
6 74 189
6 75 44
6 76 181
6 77 39
6 78 154
6 79 30
6 80 177
6 81 78
6 82 77
6 83 97
6 84 108
6 85 137
6 86 96
6 87 102
6 88 69
6 89 133
6 90 140
6 91 6
6 92 163
6 93 65
6 94 60
6 95 35
6 96 133
6 97 163
6 98 144
6 99 145
7 8 79
7 9 51
7 10 87
7 11 30
7 12 82
7 13 186
7 14 183
7 15 63
7 16 166
7 17 171
7 18 165
7 19 1
7 20 148
7 21 101
7 22 182
7 23 100
7 24 125
7 25 95
7 26 100
7 27 35
7 28 38
7 29 184
7 30 178
7 31 166
7 32 14
7 33 190
7 34 21
7 35 192
7 36 157
7 37 108
7 38 48
7 39 133
7 40 39
7 41 192
7 42 10
7 43 24
7 44 177
7 45 151
7 46 64
7 47 79
7 48 47
7 49 175
7 50 133
7 51 142
7 52 104
7 53 62
7 54 5
7 55 121
7 56 51
7 57 29
7 58 123
7 59 170
7 60 154
7 61 47
7 62 31
7 63 68
7 64 59
7 65 82
7 66 161
7 67 147
7 68 16
7 69 197
7 70 83
7 71 76
7 72 139
7 73 11
7 74 56
7 75 65
7 76 136
7 77 45
7 78 133
7 79 102
7 80 122
7 81 9
7 82 137
7 83 57
7 84 129
7 85 95
7 86 42
7 87 4
7 88 113
7 89 86
7 90 101
7 91 6
7 92 57
7 93 177
7 94 107
7 95 189
7 96 58
7 97 91
7 98 102
7 99 104
8 9 32
8 10 92
8 11 35
8 12 34
8 13 83
8 14 74
8 15 62
8 16 177
8 17 32
8 18 90
8 19 160
8 20 162
8 21 178
8 22 145
8 23 79
8 24 134
8 25 193
8 26 150
8 27 45
8 28 29
8 29 4
8 30 138
8 31 69
8 32 63
8 33 134
8 34 77
8 35 57
8 36 131
8 37 163
8 38 89
8 39 14
8 40 18
8 41 37
8 42 198
8 43 162
8 44 74
8 45 98
8 46 50
8 47 19
8 48 34
8 49 102
8 50 125
8 51 61
8 52 188
8 53 184
8 54 55
8 55 163
8 56 179
8 57 92
8 58 3
8 59 8
8 60 191
8 61 184
8 62 104
8 63 61
8 64 124
8 65 126
8 66 144
8 67 134
8 68 153
8 69 19
8 70 83
8 71 44
8 72 62
8 73 182
8 74 93
8 75 128
8 76 195
8 77 58
8 78 48
8 79 166
8 80 186
8 81 86
8 82 39
8 83 126
8 84 55
8 85 168
8 86 4
8 87 5
8 88 44
8 89 108
8 90 97
8 91 194
8 92 124
8 93 34
8 94 149
8 95 132
8 96 53
8 97 165
8 98 193
8 99 46
9 10 164
9 11 51
9 12 110
9 13 69
9 14 139
9 15 116
9 16 39
9 17 199
9 18 17
9 19 137
9 20 3
9 21 93
9 22 75
9 23 184
9 24 131
9 25 181
9 26 53
9 27 161
9 28 148
9 29 181
9 30 182
9 31 10
9 32 163
9 33 152
9 34 115
9 35 182
9 36 23
9 37 136
9 38 132
9 39 54
9 40 154
9 41 34
9 42 128
9 43 167
9 44 72
9 45 62
9 46 85
9 47 77
9 48 128
9 49 109
9 50 105
9 51 9
9 52 18
9 53 100
9 54 147
9 55 97
9 56 124
9 57 56
9 58 27
9 59 6
9 60 30
9 61 180
9 62 194
9 63 71
9 64 15
9 65 179
9 66 199
9 67 61
9 68 85
9 69 180
9 70 112
9 71 37
9 72 139
9 73 106
9 74 66
9 75 166
9 76 185
9 77 158
9 78 182
9 79 66
9 80 113
9 81 29
9 82 97
9 83 115
9 84 106
9 85 55
9 86 34
9 87 155
9 88 180
9 89 62
9 90 186
9 91 49
9 92 182
9 93 191
9 94 87
9 95 183
9 96 172
9 97 133
9 98 59
9 99 187
10 11 18
10 12 164
10 13 191
10 14 94
10 15 111
10 16 4
10 17 175
10 18 189
10 19 1
10 20 95
10 21 22
10 22 182
10 23 80
10 24 126
10 25 16
10 26 145
10 27 33
10 28 90
10 29 28
10 30 34
10 31 69
10 32 128
10 33 8
10 34 142
10 35 41
10 36 131
10 37 158
10 38 34
10 39 169
10 40 53
10 41 78
10 42 167
10 43 81
10 44 47
10 45 117
10 46 146
10 47 19
10 48 158
10 49 88
10 50 93
10 51 65
10 52 32
10 53 19
10 54 81
10 55 144
10 56 5
10 57 63
10 58 47
10 59 0
10 60 175
10 61 196
10 62 104
10 63 0
10 64 46
10 65 142
10 66 40
10 67 196
10 68 91
10 69 159
10 70 79
10 71 124
10 72 182
10 73 33
10 74 197
10 75 144
10 76 194
10 77 113
10 78 91
10 79 161
10 80 7
10 81 196
10 82 86
10 83 4
10 84 182
10 85 75
10 86 160
10 87 117
10 88 72
10 89 26
10 90 69
10 91 107
10 92 151
10 93 85
10 94 147
10 95 176
10 96 91
10 97 161
10 98 75
10 99 9
11 12 6
11 13 186
11 14 89
11 15 171
11 16 169
11 17 9
11 18 125
11 19 169
11 20 73
11 21 18
11 22 28
11 23 86
11 24 139
11 25 120
11 26 175
11 27 143
11 28 103
11 29 28
11 30 54
11 31 58
11 32 13
11 33 145
11 34 185
11 35 114
11 36 134
11 37 172
11 38 116
11 39 108
11 40 67
11 41 100
11 42 130
11 43 78
11 44 171
11 45 52
11 46 196
11 47 104
11 48 169
11 49 46
11 50 41
11 51 110
11 52 3
11 53 97
11 54 78
11 55 102
11 56 149
11 57 33
11 58 177
11 59 161
11 60 108
11 61 85
11 62 8
11 63 122
11 64 130
11 65 17
11 66 113
11 67 144
11 68 164
11 69 64
11 70 70
11 71 77
11 72 141
11 73 185
11 74 112
11 75 26
11 76 175
11 77 192
11 78 42
11 79 135
11 80 114
11 81 15
11 82 47
11 83 64
11 84 13
11 85 15
11 86 70
11 87 89
11 88 48
11 89 107
11 90 181
11 91 188
11 92 53
11 93 150
11 94 19
11 95 20
11 96 136
11 97 178
11 98 18
11 99 118
12 13 6
12 14 59
12 15 137
12 16 182
12 17 34
12 18 177
12 19 124
12 20 50
12 21 132
12 22 123
12 23 181
12 24 179
12 25 14
12 26 176
12 27 78
12 28 143
12 29 143
12 30 10
12 31 156
12 32 59
12 33 50
12 34 179
12 35 72
12 36 190
12 37 42
12 38 113
12 39 138
12 40 145
12 41 84
12 42 88
12 43 58
12 44 181
12 45 129
12 46 112
12 47 49
12 48 44
12 49 106
12 50 57
12 51 12
12 52 35
12 53 126
12 54 183
12 55 52
12 56 81
12 57 195
12 58 89
12 59 128
12 60 143
12 61 104
12 62 101
12 63 194
12 64 116
12 65 1
12 66 199
12 67 99
12 68 8
12 69 29
12 70 179
12 71 1
12 72 191
12 73 85
12 74 160
12 75 4
12 76 9
12 77 200
12 78 19
12 79 27
12 80 151
12 81 45
12 82 19
12 83 50
12 84 62
12 85 69
12 86 95
12 87 27
12 88 43
12 89 64
12 90 61
12 91 105
12 92 49
12 93 107
12 94 31
12 95 68
12 96 195
12 97 85
12 98 71
12 99 3
13 14 193
13 15 73
13 16 25
13 17 23
13 18 174
13 19 90
13 20 129
13 21 75
13 22 10
13 23 53
13 24 118
13 25 198
13 26 166
13 27 199
13 28 13
13 29 19
13 30 189
13 31 111
13 32 141
13 33 133
13 34 168
13 35 135
13 36 149
13 37 139
13 38 148
13 39 122
13 40 22
13 41 98
13 42 81
13 43 69
13 44 153
13 45 21
13 46 3
13 47 180
13 48 24
13 49 160
13 50 154
13 51 157
13 52 105
13 53 71
13 54 114
13 55 47
13 56 3
13 57 79
13 58 118
13 59 166
13 60 140
13 61 59
13 62 193
13 63 189
13 64 92
13 65 43
13 66 115
13 67 151
13 68 171
13 69 139
13 70 116
13 71 145
13 72 81
13 73 199
13 74 196
13 75 21
13 76 161
13 77 184
13 78 37
13 79 21
13 80 150
13 81 174
13 82 4
13 83 158
13 84 176
13 85 121
13 86 67
13 87 95
13 88 175
13 89 90
13 90 149
13 91 144
13 92 143
13 93 61
13 94 126
13 95 129
13 96 70
13 97 92
13 98 195
13 99 141
14 15 163
14 16 168
14 17 192
14 18 71
14 19 134
14 20 40
14 21 77
14 22 92
14 23 181
14 24 56
14 25 42
14 26 197
14 27 153
14 28 109
14 29 19
14 30 126
14 31 191
14 32 187
14 33 164
14 34 14
14 35 16
14 36 113
14 37 67
14 38 123
14 39 72
14 40 14
14 41 146
14 42 183
14 43 134
14 44 50
14 45 87
14 46 65
14 47 23
14 48 134
14 49 164
14 50 200
14 51 26
14 52 61
14 53 145
14 54 189
14 55 180
14 56 101
14 57 1
14 58 63
14 59 44
14 60 127
14 61 124
14 62 115
14 63 40
14 64 134
14 65 149
14 66 115
14 67 132
14 68 79
14 69 136
14 70 75
14 71 118
14 72 109
14 73 19
14 74 10
14 75 3
14 76 6
14 77 150
14 78 156
14 79 43
14 80 197
14 81 152
14 82 77
14 83 18
14 84 162
14 85 99
14 86 130
14 87 173
14 88 19
14 89 21
14 90 200
14 91 173
14 92 154
14 93 186
14 94 120
14 95 106
14 96 91
14 97 143
14 98 82
14 99 159
15 16 139
15 17 147
15 18 57
15 19 103
15 20 127
15 21 7
15 22 8
15 23 200
15 24 88
15 25 87
15 26 198
15 27 83
15 28 142
15 29 169
15 30 74
15 31 7
15 32 131
15 33 154
15 34 60
15 35 64
15 36 95
15 37 28
15 38 116
15 39 193
15 40 11
15 41 64
15 42 118
15 43 188
15 44 83
15 45 104
15 46 127
15 47 185
15 48 43
15 49 98
15 50 130
15 51 190
15 52 29
15 53 143
15 54 166
15 55 10
15 56 61
15 57 48
15 58 127
15 59 126
15 60 146
15 61 1
15 62 47
15 63 66
15 64 51
15 65 191
15 66 38
15 67 139
15 68 178
15 69 60
15 70 37
15 71 89
15 72 91
15 73 81
15 74 30
15 75 12
15 76 85
15 77 191
15 78 65
15 79 60
15 80 133
15 81 111
15 82 45
15 83 37
15 84 21
15 85 11
15 86 160
15 87 0
15 88 159
15 89 130
15 90 14
15 91 24
15 92 160
15 93 102
15 94 45
15 95 157
15 96 53
15 97 164
15 98 75
15 99 80
16 17 44
16 18 130
16 19 98
16 20 12
16 21 114
16 22 128
16 23 30
16 24 197
16 25 188
16 26 117
16 27 189
16 28 141
16 29 92
16 30 180
16 31 98
16 32 14
16 33 0
16 34 63
16 35 178
16 36 52
16 37 196
16 38 31
16 39 179
16 40 101
16 41 9
16 42 80
16 43 172
16 44 85
16 45 23
16 46 161
16 47 160
16 48 89
16 49 51
16 50 174
16 51 167
16 52 166
16 53 155
16 54 85
16 55 30
16 56 132
16 57 127
16 58 36
16 59 160
16 60 1
16 61 68
16 62 1
16 63 11
16 64 12
16 65 134
16 66 52
16 67 82
16 68 65
16 69 190
16 70 167
16 71 153
16 72 139
16 73 47
16 74 191
16 75 63
16 76 184
16 77 95
16 78 158
16 79 91
16 80 86
16 81 81
16 82 164
16 83 98
16 84 160
16 85 80
16 86 42
16 87 164
16 88 123
16 89 177
16 90 155
16 91 94
16 92 195
16 93 113
16 94 151
16 95 194
16 96 71
16 97 177
16 98 173
16 99 41
17 18 111
17 19 190
17 20 168
17 21 64
17 22 83
17 23 195
17 24 37
17 25 164
17 26 170
17 27 52
17 28 89
17 29 15
17 30 188
17 31 166
17 32 197
17 33 151
17 34 113
17 35 3
17 36 89
17 37 189
17 38 55
17 39 111
17 40 22
17 41 22
17 42 5
17 43 104
17 44 55
17 45 55
17 46 5
17 47 39
17 48 80
17 49 16
17 50 54
17 51 40
17 52 91
17 53 74
17 54 96
17 55 125
17 56 23
17 57 183
17 58 16
17 59 47
17 60 170
17 61 144
17 62 66
17 63 159
17 64 161
17 65 99
17 66 42
17 67 101
17 68 130
17 69 75
17 70 25
17 71 161
17 72 80
17 73 112
17 74 49
17 75 71
17 76 66
17 77 21
17 78 17
17 79 41
17 80 127
17 81 173
17 82 176
17 83 177
17 84 27
17 85 37
17 86 72
17 87 154
17 88 118
17 89 103
17 90 82
17 91 1
17 92 152
17 93 142
17 94 127
17 95 27
17 96 189
17 97 56
17 98 157
17 99 151
18 19 93
18 20 151
18 21 182
18 22 80
18 23 125
18 24 133
18 25 182
18 26 54
18 27 164
18 28 79
18 29 77
18 30 149
18 31 153
18 32 191
18 33 2
18 34 60
18 35 95
18 36 36
18 37 144
18 38 56
18 39 170
18 40 30
18 41 87
18 42 93
18 43 64
18 44 170
18 45 84
18 46 195
18 47 78
18 48 55
18 49 182
18 50 153
18 51 94
18 52 153
18 53 12
18 54 107
18 55 9
18 56 146
18 57 107
18 58 127
18 59 182
18 60 175
18 61 118
18 62 150
18 63 143
18 64 5
18 65 50
18 66 106
18 67 119
18 68 173
18 69 115
18 70 195
18 71 83
18 72 17
18 73 160
18 74 21
18 75 44
18 76 29
18 77 133
18 78 29
18 79 88
18 80 116
18 81 132
18 82 89
18 83 115
18 84 108
18 85 165
18 86 107
18 87 129
18 88 177
18 89 173
18 90 13
18 91 53
18 92 17
18 93 66
18 94 69
18 95 26
18 96 124
18 97 173
18 98 156
18 99 161
19 20 75
19 21 40
19 22 193
19 23 103
19 24 31
19 25 102
19 26 180
19 27 47
19 28 186
19 29 95
19 30 25
19 31 76
19 32 147
19 33 174
19 34 194
19 35 106
19 36 132
19 37 130
19 38 16
19 39 108
19 40 173
19 41 61
19 42 33
19 43 125
19 44 33
19 45 155
19 46 5
19 47 35
19 48 130
19 49 62
19 50 72
19 51 156
19 52 21
19 53 25
19 54 198
19 55 16
19 56 28
19 57 146
19 58 157
19 59 151
19 60 112
19 61 5
19 62 137
19 63 148
19 64 91
19 65 143
19 66 24
19 67 151
19 68 78
19 69 174
19 70 122
19 71 10
19 72 137
19 73 40
19 74 84
19 75 173
19 76 50
19 77 46
19 78 13
19 79 149
19 80 118
19 81 54
19 82 143
19 83 38
19 84 138
19 85 128
19 86 60
19 87 76
19 88 2
19 89 19
19 90 145
19 91 75
19 92 9
19 93 165
19 94 200
19 95 155
19 96 142
19 97 60
19 98 11
19 99 13
20 21 167
20 22 172
20 23 167
20 24 58
20 25 120
20 26 57
20 27 90
20 28 143
20 29 129
20 30 150
20 31 155
20 32 55
20 33 118
20 34 78
20 35 10
20 36 88
20 37 31
20 38 7
20 39 77
20 40 124
20 41 40
20 42 198
20 43 49
20 44 134
20 45 36
20 46 47
20 47 114
20 48 182
20 49 92
20 50 168
20 51 56
20 52 165
20 53 148
20 54 140
20 55 189
20 56 96
20 57 44
20 58 134
20 59 51
20 60 105
20 61 101
20 62 38
20 63 133
20 64 97
20 65 12
20 66 157
20 67 5
20 68 180
20 69 102
20 70 48
20 71 20
20 72 54
20 73 43
20 74 84
20 75 78
20 76 4
20 77 24
20 78 133
20 79 191
20 80 54
20 81 176
20 82 65
20 83 180
20 84 34
20 85 102
20 86 37
20 87 174
20 88 34
20 89 75
20 90 1
20 91 153
20 92 183
20 93 142
20 94 160
20 95 109
20 96 42
20 97 193
20 98 164
20 99 199
21 22 117
21 23 182
21 24 25
21 25 190
21 26 104
21 27 180
21 28 45
21 29 81
21 30 63
21 31 102
21 32 99
21 33 167
21 34 65
21 35 189
21 36 90
21 37 101
21 38 63
21 39 58
21 40 105
21 41 153
21 42 82
21 43 81
21 44 134
21 45 183
21 46 76
21 47 165
21 48 45
21 49 169
21 50 58
21 51 182
21 52 4
21 53 163
21 54 198
21 55 11
21 56 3
21 57 51
21 58 177
21 59 173
21 60 126
21 61 151
21 62 70
21 63 118
21 64 39
21 65 147
21 66 113
21 67 163
21 68 99
21 69 41
21 70 167
21 71 48
21 72 64
21 73 132
21 74 72
21 75 100
21 76 46
21 77 62
21 78 153
21 79 187
21 80 31
21 81 57
21 82 9
21 83 193
21 84 65
21 85 25
21 86 17
21 87 27
21 88 1
21 89 22
21 90 54
21 91 127
21 92 49
21 93 153
21 94 163
21 95 97
21 96 110
21 97 192
21 98 0
21 99 131
22 23 183
22 24 29
22 25 7
22 26 42
22 27 49
22 28 2
22 29 188
22 30 126
22 31 155
22 32 6
22 33 162
22 34 65
22 35 183
22 36 7
22 37 56
22 38 49
22 39 113
22 40 34
22 41 66
22 42 132
22 43 14
22 44 48
22 45 191
22 46 151
22 47 105
22 48 95
22 49 10
22 50 9
22 51 86
22 52 91
22 53 100
22 54 125
22 55 21
22 56 7
22 57 121
22 58 149
22 59 187
22 60 31
22 61 38
22 62 189
22 63 33
22 64 200
22 65 10
22 66 68
22 67 164
22 68 56
22 69 69
22 70 74
22 71 122
22 72 35
22 73 115
22 74 174
22 75 36
22 76 109
22 77 200
22 78 103
22 79 200
22 80 11
22 81 126
22 82 107
22 83 128
22 84 138
22 85 169
22 86 191
22 87 187
22 88 104
22 89 25
22 90 43
22 91 19
22 92 46
22 93 185
22 94 91
22 95 82
22 96 3
22 97 194
22 98 73
22 99 1
23 24 93
23 25 141
23 26 182
23 27 126
23 28 26
23 29 190
23 30 56
23 31 45
23 32 118
23 33 106
23 34 165
23 35 186
23 36 96
23 37 49
23 38 170
23 39 87
23 40 45
23 41 11
23 42 117
23 43 69
23 44 146
23 45 63
23 46 193
23 47 13
23 48 78
23 49 60
23 50 51
23 51 130
23 52 18
23 53 148
23 54 181
23 55 2
23 56 94
23 57 71
23 58 115
23 59 174
23 60 135
23 61 86
23 62 139
23 63 82
23 64 79
23 65 109
23 66 17
23 67 186
23 68 79
23 69 79
23 70 95
23 71 62
23 72 98
23 73 183
23 74 117
23 75 13
23 76 118
23 77 61
23 78 149
23 79 188
23 80 34
23 81 29
23 82 152
23 83 155
23 84 127
23 85 156
23 86 26
23 87 140
23 88 179
23 89 60
23 90 37
23 91 79
23 92 114
23 93 179
23 94 122
23 95 148
23 96 128
23 97 30
23 98 175
23 99 70
24 25 80
24 26 22
24 27 198
24 28 117
24 29 58
24 30 153
24 31 56
24 32 165
24 33 101
24 34 59
24 35 10
24 36 113
24 37 0
24 38 102
24 39 35
24 40 105
24 41 7
24 42 155
24 43 14
24 44 23
24 45 38
24 46 30
24 47 131
24 48 189
24 49 86
24 50 139
24 51 119
24 52 45
24 53 167
24 54 57
24 55 92
24 56 94
24 57 163
24 58 110
24 59 34
24 60 27
24 61 177
24 62 28
24 63 6
24 64 80
24 65 42
24 66 178
24 67 26
24 68 80
24 69 5
24 70 37
24 71 34
24 72 177
24 73 29
24 74 153
24 75 126
24 76 156
24 77 195
24 78 170
24 79 60
24 80 157
24 81 173
24 82 146
24 83 165
24 84 145
24 85 107
24 86 88
24 87 108
24 88 71
24 89 167
24 90 74
24 91 129
24 92 183
24 93 105
24 94 65
24 95 156
24 96 54
24 97 18
24 98 8
24 99 102
25 26 173
25 27 52
25 28 35
25 29 182
25 30 23
25 31 87
25 32 164
25 33 32
25 34 39
25 35 159
25 36 89
25 37 157
25 38 148
25 39 28
25 40 93
25 41 188
25 42 139
25 43 41
25 44 187
25 45 154
25 46 50
25 47 139
25 48 68
25 49 155
25 50 109
25 51 194
25 52 146
25 53 93
25 54 125
25 55 144
25 56 95
25 57 24
25 58 45
25 59 191
25 60 78
25 61 85
25 62 192
25 63 37
25 64 158
25 65 35
25 66 72
25 67 20
25 68 151
25 69 165
25 70 102
25 71 2
25 72 119
25 73 84
25 74 71
25 75 153
25 76 42
25 77 29
25 78 14
25 79 66
25 80 98
25 81 41
25 82 164
25 83 2
25 84 13
25 85 59
25 86 28
25 87 71
25 88 164
25 89 31
25 90 200
25 91 178
25 92 54
25 93 94
25 94 32
25 95 136
25 96 39
25 97 7
25 98 149
25 99 57
26 27 18
26 28 42
26 29 15
26 30 151
26 31 79
26 32 14
26 33 149
26 34 104
26 35 79
26 36 169
26 37 69
26 38 164
26 39 64
26 40 91
26 41 88
26 42 35
26 43 189
26 44 15
26 45 171
26 46 187
26 47 198
26 48 52
26 49 37
26 50 14
26 51 63
26 52 76
26 53 116
26 54 172
26 55 14
26 56 62
26 57 42
26 58 71
26 59 170
26 60 89
26 61 90
26 62 44
26 63 169
26 64 146
26 65 139
26 66 120
26 67 84
26 68 13
26 69 52
26 70 136
26 71 8
26 72 51
26 73 152
26 74 133
26 75 25
26 76 68
26 77 150
26 78 115
26 79 91
26 80 169
26 81 125
26 82 145
26 83 97
26 84 173
26 85 122
26 86 166
26 87 56
26 88 168
26 89 41
26 90 185
26 91 76
26 92 174
26 93 40
26 94 141
26 95 96
26 96 85
26 97 57
26 98 31
26 99 134
27 28 107
27 29 108
27 30 19
27 31 40
27 32 111
27 33 174
27 34 164
27 35 168
27 36 9
27 37 160
27 38 36
27 39 162
27 40 50
27 41 150
27 42 17
27 43 130
27 44 141
27 45 127
27 46 188
27 47 174
27 48 129
27 49 78
27 50 149
27 51 41
27 52 176
27 53 149
27 54 140
27 55 138
27 56 57
27 57 135
27 58 61
27 59 198
27 60 63
27 61 170
27 62 135
27 63 139
27 64 116
27 65 142
27 66 116
27 67 57
27 68 197
27 69 163
27 70 134
27 71 59
27 72 40
27 73 175
27 74 152
27 75 39
27 76 162
27 77 157
27 78 139
27 79 176
27 80 79
27 81 190
27 82 58
27 83 117
27 84 77
27 85 17
27 86 140
27 87 113
27 88 137
27 89 174
27 90 195
27 91 163
27 92 135
27 93 109
27 94 149
27 95 73
27 96 22
27 97 106
27 98 118
27 99 174
28 29 148
28 30 123
28 31 104
28 32 151
28 33 54
28 34 86
28 35 142
28 36 200
28 37 157
28 38 101
28 39 8
28 40 4
28 41 181
28 42 52
28 43 180
28 44 185
28 45 96
28 46 132
28 47 2
28 48 47
28 49 127
28 50 112
28 51 84
28 52 26
28 53 187
28 54 138
28 55 6
28 56 31
28 57 109
28 58 98
28 59 53
28 60 28
28 61 166
28 62 15
28 63 62
28 64 163
28 65 28
28 66 74
28 67 52
28 68 14
28 69 83
28 70 134
28 71 67
28 72 180
28 73 128
28 74 156
28 75 6
28 76 113
28 77 18
28 78 129
28 79 17
28 80 11
28 81 2
28 82 115
28 83 90
28 84 158
28 85 79
28 86 85
28 87 27
28 88 53
28 89 63
28 90 47
28 91 146
28 92 84
28 93 121
28 94 148
28 95 40
28 96 80
28 97 45
28 98 137
28 99 167
29 30 40
29 31 38
29 32 196
29 33 37
29 34 5
29 35 19
29 36 181
29 37 142
29 38 40
29 39 98
29 40 44
29 41 182
29 42 153
29 43 78
29 44 118
29 45 9
29 46 165
29 47 135
29 48 114
29 49 44
29 50 99
29 51 15
29 52 36
29 53 66
29 54 110
29 55 189
29 56 14
29 57 57
29 58 145
29 59 95
29 60 54
29 61 73
29 62 131
29 63 22
29 64 132
29 65 159
29 66 36
29 67 144
29 68 31
29 69 93
29 70 58
29 71 58
29 72 153
29 73 110
29 74 120
29 75 22
29 76 70
29 77 115
29 78 20
29 79 183
29 80 196
29 81 137
29 82 64
29 83 98
29 84 172
29 85 55
29 86 16
29 87 109
29 88 118
29 89 191
29 90 25
29 91 176
29 92 106
29 93 53
29 94 15
29 95 84
29 96 170
29 97 148
29 98 185
29 99 174
30 31 175
30 32 164
30 33 181
30 34 130
30 35 54
30 36 158
30 37 24
30 38 22
30 39 27
30 40 50
30 41 82
30 42 44
30 43 177
30 44 40
30 45 194
30 46 42
30 47 77
30 48 51
30 49 51
30 50 178
30 51 195
30 52 95
30 53 53
30 54 193
30 55 178
30 56 132
30 57 78
30 58 13
30 59 171
30 60 111
30 61 26
30 62 86
30 63 23
30 64 188
30 65 36
30 66 127
30 67 34
30 68 55
30 69 57
30 70 176
30 71 99
30 72 168
30 73 108
30 74 96
30 75 128
30 76 174
30 77 100
30 78 143
30 79 139
30 80 183
30 81 27
30 82 46
30 83 132
30 84 95
30 85 120
30 86 34
30 87 17
30 88 173
30 89 107
30 90 11
30 91 121
30 92 152
30 93 33
30 94 147
30 95 44
30 96 14
30 97 75
30 98 124
30 99 18
31 32 76
31 33 179
31 34 21
31 35 66
31 36 28
31 37 117
31 38 91
31 39 6
31 40 157
31 41 50
31 42 41
31 43 41
31 44 81
31 45 135
31 46 155
31 47 54
31 48 154
31 49 74
31 50 81
31 51 18
31 52 174
31 53 163
31 54 46
31 55 86
31 56 172
31 57 183
31 58 80
31 59 192
31 60 111
31 61 142
31 62 124
31 63 158
31 64 12
31 65 172
31 66 107
31 67 66
31 68 89
31 69 134
31 70 69
31 71 35
31 72 191
31 73 21
31 74 123
31 75 142
31 76 156
31 77 119
31 78 64
31 79 196
31 80 117
31 81 127
31 82 51
31 83 6
31 84 71
31 85 30
31 86 194
31 87 2
31 88 26
31 89 143
31 90 182
31 91 21
31 92 114
31 93 16
31 94 127
31 95 37
31 96 166
31 97 129
31 98 182
31 99 124
32 33 143
32 34 195
32 35 21
32 36 140
32 37 69
32 38 146
32 39 47
32 40 34
32 41 132
32 42 164
32 43 48
32 44 16
32 45 190
32 46 62
32 47 23
32 48 180
32 49 91
32 50 93
32 51 132
32 52 2
32 53 56
32 54 114
32 55 172
32 56 72
32 57 133
32 58 75
32 59 186
32 60 106
32 61 7
32 62 181
32 63 5
32 64 74
32 65 47
32 66 197
32 67 124
32 68 98
32 69 111
32 70 33
32 71 174
32 72 55
32 73 99
32 74 57
32 75 59
32 76 167
32 77 119
32 78 80
32 79 178
32 80 66
32 81 73
32 82 38
32 83 45
32 84 54
32 85 97
32 86 11
32 87 80
32 88 138
32 89 59
32 90 95
32 91 179
32 92 160
32 93 4
32 94 158
32 95 102
32 96 39
32 97 185
32 98 87
32 99 33
33 34 131
33 35 175
33 36 58
33 37 145
33 38 1
33 39 17
33 40 37
33 41 79
33 42 11
33 43 88
33 44 149
33 45 28
33 46 82
33 47 116
33 48 146
33 49 61
33 50 23
33 51 186
33 52 124
33 53 146
33 54 38
33 55 183
33 56 14
33 57 27
33 58 168
33 59 135
33 60 187
33 61 4
33 62 57
33 63 157
33 64 3
33 65 57
33 66 124
33 67 142
33 68 63
33 69 77
33 70 34
33 71 165
33 72 49
33 73 19
33 74 129
33 75 86
33 76 25
33 77 91
33 78 88
33 79 30
33 80 16
33 81 27
33 82 61
33 83 129
33 84 61
33 85 187
33 86 66
33 87 107
33 88 33
33 89 105
33 90 99
33 91 180
33 92 151
33 93 135
33 94 76
33 95 153
33 96 139
33 97 49
33 98 131
33 99 151
34 35 95
34 36 36
34 37 8
34 38 155
34 39 112
34 40 122
34 41 104
34 42 85
34 43 196
34 44 145
34 45 193
34 46 105
34 47 75
34 48 59
34 49 123
34 50 60
34 51 184
34 52 155
34 53 15
34 54 111
34 55 141
34 56 73
34 57 63
34 58 72
34 59 150
34 60 133
34 61 10
34 62 74
34 63 29
34 64 145
34 65 134
34 66 105
34 67 137
34 68 149
34 69 63
34 70 48
34 71 5
34 72 157
34 73 4
34 74 8
34 75 2
34 76 26
34 77 9
34 78 70
34 79 0
34 80 3
34 81 170
34 82 198
34 83 197
34 84 45
34 85 7
34 86 88
34 87 28
34 88 17
34 89 88
34 90 17
34 91 114
34 92 137
34 93 116
34 94 8
34 95 67
34 96 3
34 97 166
34 98 197
34 99 56
35 36 145
35 37 129
35 38 194
35 39 4
35 40 140
35 41 60
35 42 29
35 43 24
35 44 27
35 45 190
35 46 66
35 47 66
35 48 128
35 49 124
35 50 112
35 51 77
35 52 69
35 53 14
35 54 190
35 55 107
35 56 138
35 57 61
35 58 141
35 59 51
35 60 105
35 61 151
35 62 192
35 63 100
35 64 120
35 65 82
35 66 46
35 67 61
35 68 49
35 69 12
35 70 112
35 71 16
35 72 172
35 73 198
35 74 196
35 75 72
35 76 4
35 77 11
35 78 48
35 79 179
35 80 7
35 81 108
35 82 199
35 83 165
35 84 168
35 85 181
35 86 171
35 87 160
35 88 86
35 89 100
35 90 0
35 91 178
35 92 120
35 93 111
35 94 30
35 95 98
35 96 124
35 97 7
35 98 171
35 99 47
36 37 200
36 38 163
36 39 163
36 40 20
36 41 155
36 42 172
36 43 182
36 44 179
36 45 29
36 46 101
36 47 30
36 48 175
36 49 115
36 50 127
36 51 11
36 52 74
36 53 3
36 54 9
36 55 97
36 56 107
36 57 88
36 58 12
36 59 97
36 60 169
36 61 87
36 62 33
36 63 37
36 64 104
36 65 50
36 66 124
36 67 107
36 68 187
36 69 167
36 70 141
36 71 109
36 72 143
36 73 96
36 74 83
36 75 19
36 76 120
36 77 179
36 78 103
36 79 200
36 80 101
36 81 122
36 82 145
36 83 49
36 84 187
36 85 68
36 86 19
36 87 181
36 88 42
36 89 114
36 90 134
36 91 60
36 92 152
36 93 8
36 94 32
36 95 150
36 96 27
36 97 122
36 98 2
36 99 89
37 38 79
37 39 126
37 40 17
37 41 134
37 42 5
37 43 156
37 44 2
37 45 113
37 46 109
37 47 138
37 48 158
37 49 8
37 50 142
37 51 126
37 52 198
37 53 72
37 54 182
37 55 139
37 56 102
37 57 66
37 58 184
37 59 156
37 60 94
37 61 168
37 62 114
37 63 109
37 64 86
37 65 153
37 66 116
37 67 132
37 68 114
37 69 179
37 70 111
37 71 49
37 72 69
37 73 120
37 74 5
37 75 41
37 76 65
37 77 167
37 78 184
37 79 131
37 80 101
37 81 139
37 82 59
37 83 6
37 84 102
37 85 11
37 86 136
37 87 85
37 88 100
37 89 185
37 90 111
37 91 116
37 92 184
37 93 104
37 94 31
37 95 166
37 96 109
37 97 53
37 98 105
37 99 87
38 39 110
38 40 56
38 41 107
38 42 176
38 43 103
38 44 170
38 45 128
38 46 79
38 47 176
38 48 163
38 49 142
38 50 17
38 51 122
38 52 21
38 53 134
38 54 178
38 55 41
38 56 80
38 57 178
38 58 151
38 59 139
38 60 193
38 61 89
38 62 151
38 63 140
38 64 35
38 65 158
38 66 121
38 67 0
38 68 153
38 69 87
38 70 40
38 71 24
38 72 157
38 73 6
38 74 13
38 75 129
38 76 182
38 77 115
38 78 155
38 79 126
38 80 47
38 81 132
38 82 89
38 83 39
38 84 84
38 85 41
38 86 60
38 87 197
38 88 121
38 89 176
38 90 194
38 91 154
38 92 13
38 93 166
38 94 41
38 95 41
38 96 161
38 97 142
38 98 7
38 99 5
39 40 13
39 41 121
39 42 27
39 43 149
39 44 157
39 45 171
39 46 49
39 47 200
39 48 190
39 49 196
39 50 28
39 51 22
39 52 164
39 53 154
39 54 113
39 55 44
39 56 154
39 57 178
39 58 157
39 59 122
39 60 43
39 61 14
39 62 44
39 63 198
39 64 55
39 65 75
39 66 141
39 67 95
39 68 119
39 69 37
39 70 106
39 71 167
39 72 127
39 73 159
39 74 105
39 75 135
39 76 2
39 77 72
39 78 112
39 79 148
39 80 126
39 81 75
39 82 158
39 83 59
39 84 1
39 85 188
39 86 71
39 87 21
39 88 19
39 89 194
39 90 113
39 91 72
39 92 162
39 93 182
39 94 109
39 95 104
39 96 140
39 97 158
39 98 158
39 99 155
40 41 27
40 42 133
40 43 161
40 44 64
40 45 49
40 46 38
40 47 76
40 48 52
40 49 102
40 50 200
40 51 58
40 52 168
40 53 97
40 54 172
40 55 183
40 56 49
40 57 74
40 58 114
40 59 152
40 60 81
40 61 168
40 62 6
40 63 148
40 64 2
40 65 56
40 66 163
40 67 31
40 68 89
40 69 125
40 70 163
40 71 181
40 72 24
40 73 130
40 74 157
40 75 200
40 76 198
40 77 77
40 78 15
40 79 198
40 80 50
40 81 79
40 82 42
40 83 77
40 84 49
40 85 24
40 86 28
40 87 177
40 88 123
40 89 22
40 90 184
40 91 188
40 92 91
40 93 73
40 94 103
40 95 145
40 96 125
40 97 158
40 98 123
40 99 111
41 42 143
41 43 23
41 44 4
41 45 2
41 46 119
41 47 39
41 48 65
41 49 160
41 50 75
41 51 134
41 52 46
41 53 180
41 54 146
41 55 40
41 56 26
41 57 0
41 58 113
41 59 53
41 60 130
41 61 87
41 62 4
41 63 8
41 64 158
41 65 149
41 66 167
41 67 131
41 68 174
41 69 131
41 70 110
41 71 172
41 72 110
41 73 146
41 74 92
41 75 153
41 76 172
41 77 96
41 78 4
41 79 22
41 80 160
41 81 33
41 82 185
41 83 129
41 84 75
41 85 160
41 86 90
41 87 172
41 88 189
41 89 153
41 90 5
41 91 49
41 92 78
41 93 181
41 94 158
41 95 59
41 96 41
41 97 67
41 98 92
41 99 153
42 43 80
42 44 43
42 45 184
42 46 54
42 47 101
42 48 31
42 49 123
42 50 163
42 51 110
42 52 123
42 53 121
42 54 146
42 55 10
42 56 66
42 57 31
42 58 190
42 59 189
42 60 197
42 61 6
42 62 197
42 63 130
42 64 28
42 65 111
42 66 194
42 67 194
42 68 6
42 69 100
42 70 89
42 71 5
42 72 143
42 73 30
42 74 57
42 75 99
42 76 173
42 77 101
42 78 70
42 79 97
42 80 38
42 81 187
42 82 24
42 83 178
42 84 79
42 85 85
42 86 47
42 87 66
42 88 3
42 89 120
42 90 189
42 91 26
42 92 44
42 93 200
42 94 56
42 95 107
42 96 3
42 97 190
42 98 43
42 99 157
43 44 160
43 45 176
43 46 22
43 47 79
43 48 64
43 49 182
43 50 195
43 51 78
43 52 175
43 53 195
43 54 171
43 55 173
43 56 98
43 57 109
43 58 108
43 59 76
43 60 88
43 61 102
43 62 22
43 63 200
43 64 175
43 65 186
43 66 191
43 67 42
43 68 181
43 69 7
43 70 177
43 71 160
43 72 142
43 73 192
43 74 146
43 75 82
43 76 147
43 77 198
43 78 114
43 79 125
43 80 48
43 81 75
43 82 97
43 83 196
43 84 77
43 85 123
43 86 120
43 87 34
43 88 191
43 89 131
43 90 152
43 91 23
43 92 98
43 93 5
43 94 106
43 95 188
43 96 153
43 97 68
43 98 33
43 99 156
44 45 169
44 46 31
44 47 161
44 48 15
44 49 159
44 50 6
44 51 65
44 52 36
44 53 188
44 54 131
44 55 50
44 56 97
44 57 138
44 58 176
44 59 19
44 60 33
44 61 59
44 62 24
44 63 32
44 64 175
44 65 29
44 66 35
44 67 53
44 68 4
44 69 164
44 70 145
44 71 163
44 72 65
44 73 105
44 74 0
44 75 84
44 76 56
44 77 115
44 78 151
44 79 30
44 80 153
44 81 199
44 82 93
44 83 172
44 84 63
44 85 15
44 86 35
44 87 112
44 88 47
44 89 133
44 90 12
44 91 145
44 92 159
44 93 176
44 94 26
44 95 190
44 96 199
44 97 47
44 98 5
44 99 137
45 46 174
45 47 102
45 48 150
45 49 180
45 50 7
45 51 73
45 52 147
45 53 45
45 54 141
45 55 29
45 56 24
45 57 200
45 58 174
45 59 161
45 60 43
45 61 117
45 62 104
45 63 61
45 64 145
45 65 162
45 66 42
45 67 195
45 68 172
45 69 200
45 70 101
45 71 56
45 72 63
45 73 9
45 74 134
45 75 192
45 76 21
45 77 3
45 78 168
45 79 47
45 80 114
45 81 148
45 82 162
45 83 106
45 84 95
45 85 137
45 86 29
45 87 57
45 88 106
45 89 54
45 90 126
45 91 38
45 92 90
45 93 132
45 94 73
45 95 38
45 96 81
45 97 9
45 98 50
45 99 44
46 47 132
46 48 62
46 49 18
46 50 124
46 51 69
46 52 162
46 53 113
46 54 80
46 55 119
46 56 149
46 57 153
46 58 29
46 59 158
46 60 180
46 61 186
46 62 175
46 63 27
46 64 30
46 65 155
46 66 188
46 67 172
46 68 76
46 69 174
46 70 152
46 71 62
46 72 147
46 73 62
46 74 86
46 75 60
46 76 45
46 77 36
46 78 7
46 79 15
46 80 53
46 81 114
46 82 85
46 83 125
46 84 2
46 85 27
46 86 66
46 87 72
46 88 145
46 89 24
46 90 22
46 91 175
46 92 190
46 93 74
46 94 89
46 95 143
46 96 123
46 97 90
46 98 72
46 99 200
47 48 20
47 49 65
47 50 27
47 51 164
47 52 109
47 53 179
47 54 29
47 55 192
47 56 8
47 57 115
47 58 198
47 59 2
47 60 80
47 61 167
47 62 48
47 63 156
47 64 41
47 65 149
47 66 160
47 67 169
47 68 40
47 69 9
47 70 78
47 71 103
47 72 164
47 73 194
47 74 120
47 75 163
47 76 191
47 77 133
47 78 39
47 79 37
47 80 91
47 81 92
47 82 29
47 83 109
47 84 138
47 85 31
47 86 64
47 87 58
47 88 19
47 89 132
47 90 30
47 91 93
47 92 109
47 93 96
47 94 54
47 95 84
47 96 181
47 97 110
47 98 6
47 99 156
48 49 151
48 50 20
48 51 55
48 52 103
48 53 45
48 54 174
48 55 176
48 56 120
48 57 137
48 58 112
48 59 92
48 60 165
48 61 182
48 62 71
48 63 32
48 64 10
48 65 10
48 66 193
48 67 136
48 68 186
48 69 121
48 70 14
48 71 156
48 72 170
48 73 142
48 74 46
48 75 172
48 76 90
48 77 161
48 78 101
48 79 7
48 80 9
48 81 196
48 82 36
48 83 180
48 84 98
48 85 85
48 86 86
48 87 152
48 88 137
48 89 32
48 90 110
48 91 193
48 92 117
48 93 113
48 94 41
48 95 38
48 96 80
48 97 96
48 98 199
48 99 108
49 50 11
49 51 75
49 52 100
49 53 3
49 54 143
49 55 72
49 56 92
49 57 103
49 58 46
49 59 89
49 60 149
49 61 15
49 62 63
49 63 68
49 64 21
49 65 114
49 66 105
49 67 114
49 68 35
49 69 22
49 70 56
49 71 71
49 72 126
49 73 90
49 74 14
49 75 198
49 76 20
49 77 198
49 78 132
49 79 79
49 80 74
49 81 128
49 82 27
49 83 40
49 84 128
49 85 45
49 86 170
49 87 60
49 88 80
49 89 104
49 90 127
49 91 39
49 92 115
49 93 173
49 94 145
49 95 151
49 96 7
49 97 187
49 98 26
49 99 52
50 51 142
50 52 104
50 53 39
50 54 178
50 55 71
50 56 197
50 57 179
50 58 155
50 59 55
50 60 181
50 61 96
50 62 101
50 63 189
50 64 113
50 65 178
50 66 74
50 67 179
50 68 56
50 69 136
50 70 93
50 71 92
50 72 147
50 73 118
50 74 75
50 75 41
50 76 34
50 77 171
50 78 157
50 79 197
50 80 81
50 81 82
50 82 102
50 83 136
50 84 199
50 85 146
50 86 160
50 87 134
50 88 72
50 89 14
50 90 46
50 91 123
50 92 101
50 93 31
50 94 64
50 95 178
50 96 111
50 97 174
50 98 81
50 99 31
51 52 14
51 53 167
51 54 71
51 55 93
51 56 200
51 57 57
51 58 91
51 59 192
51 60 2
51 61 150
51 62 137
51 63 123
51 64 155
51 65 2
51 66 85
51 67 158
51 68 123
51 69 127
51 70 16
51 71 133
51 72 183
51 73 142
51 74 63
51 75 96
51 76 3
51 77 126
51 78 77
51 79 65
51 80 128
51 81 142
51 82 86
51 83 139
51 84 196
51 85 180
51 86 20
51 87 8
51 88 115
51 89 104
51 90 14
51 91 71
51 92 34
51 93 185
51 94 97
51 95 63
51 96 43
51 97 107
51 98 128
51 99 147
52 53 29
52 54 112
52 55 198
52 56 40
52 57 30
52 58 104
52 59 194
52 60 12
52 61 40
52 62 9
52 63 4
52 64 187
52 65 42
52 66 57
52 67 92
52 68 4
52 69 47
52 70 121
52 71 172
52 72 30
52 73 6
52 74 55
52 75 175
52 76 151
52 77 40
52 78 194
52 79 110
52 80 96
52 81 93
52 82 9
52 83 30
52 84 112
52 85 98
52 86 35
52 87 165
52 88 21
52 89 18
52 90 188
52 91 113
52 92 197
52 93 88
52 94 44
52 95 50
52 96 139
52 97 112
52 98 54
52 99 34
53 54 62
53 55 91
53 56 139
53 57 169
53 58 168
53 59 116
53 60 45
53 61 121
53 62 109
53 63 48
53 64 139
53 65 155
53 66 96
53 67 25
53 68 114
53 69 58
53 70 24
53 71 60
53 72 90
53 73 166
53 74 73
53 75 91
53 76 58
53 77 94
53 78 53
53 79 44
53 80 36
53 81 134
53 82 118
53 83 35
53 84 67
53 85 53
53 86 32
53 87 199
53 88 116
53 89 28
53 90 115
53 91 70
53 92 44
53 93 79
53 94 31
53 95 109
53 96 64
53 97 198
53 98 167
53 99 132
54 55 139
54 56 37
54 57 108
54 58 75
54 59 170
54 60 73
54 61 192
54 62 63
54 63 193
54 64 43
54 65 71
54 66 144
54 67 31
54 68 16
54 69 186
54 70 61
54 71 23
54 72 188
54 73 159
54 74 113
54 75 169
54 76 111
54 77 145
54 78 180
54 79 28
54 80 29
54 81 118
54 82 85
54 83 25
54 84 171
54 85 105
54 86 173
54 87 73
54 88 23
54 89 78
54 90 102
54 91 96
54 92 162
54 93 193
54 94 104
54 95 0
54 96 99
54 97 120
54 98 24
54 99 172
55 56 58
55 57 165
55 58 194
55 59 177
55 60 180
55 61 54
55 62 156
55 63 86
55 64 77
55 65 134
55 66 22
55 67 52
55 68 112
55 69 154
55 70 151
55 71 105
55 72 0
55 73 172
55 74 167
55 75 198
55 76 91
55 77 72
55 78 4
55 79 73
55 80 33
55 81 108
55 82 195
55 83 153
55 84 20
55 85 108
55 86 157
55 87 109
55 88 54
55 89 87
55 90 31
55 91 186
55 92 64
55 93 147
55 94 173
55 95 170
55 96 52
55 97 50
55 98 79
55 99 38
56 57 50
56 58 34
56 59 149
56 60 4
56 61 65
56 62 124
56 63 173
56 64 71
56 65 108
56 66 166
56 67 50
56 68 95
56 69 92
56 70 161
56 71 60
56 72 123
56 73 186
56 74 146
56 75 172
56 76 136
56 77 144
56 78 199
56 79 94
56 80 46
56 81 168
56 82 79
56 83 167
56 84 122
56 85 164
56 86 76
56 87 121
56 88 2
56 89 86
56 90 152
56 91 133
56 92 27
56 93 18
56 94 97
56 95 30
56 96 0
56 97 150
56 98 176
56 99 20
57 58 91
57 59 9
57 60 94
57 61 8
57 62 121
57 63 165
57 64 61
57 65 97
57 66 104
57 67 146
57 68 22
57 69 15
57 70 39
57 71 186
57 72 42
57 73 66
57 74 195
57 75 200
57 76 198
57 77 54
57 78 15
57 79 188
57 80 107
57 81 65
57 82 114
57 83 134
57 84 66
57 85 114
57 86 105
57 87 193
57 88 90
57 89 38
57 90 7
57 91 150
57 92 25
57 93 105
57 94 168
57 95 198
57 96 39
57 97 188
57 98 100
57 99 80
58 59 124
58 60 92
58 61 38
58 62 180
58 63 144
58 64 30
58 65 77
58 66 107
58 67 97
58 68 77
58 69 43
58 70 200
58 71 111
58 72 162
58 73 63
58 74 53
58 75 137
58 76 139
58 77 173
58 78 181
58 79 195
58 80 41
58 81 22
58 82 32
58 83 39
58 84 189
58 85 123
58 86 131
58 87 113
58 88 163
58 89 98
58 90 112
58 91 132
58 92 138
58 93 199
58 94 122
58 95 150
58 96 129
58 97 14
58 98 166
58 99 18
59 60 158
59 61 63
59 62 49
59 63 58
59 64 181
59 65 122
59 66 151
59 67 117
59 68 93
59 69 126
59 70 105
59 71 117
59 72 154
59 73 91
59 74 153
59 75 162
59 76 128
59 77 48
59 78 26
59 79 71
59 80 168
59 81 90
59 82 71
59 83 160
59 84 196
59 85 144
59 86 134
59 87 176
59 88 175
59 89 13
59 90 38
59 91 66
59 92 126
59 93 146
59 94 161
59 95 156
59 96 103
59 97 65
59 98 115
59 99 112
60 61 89
60 62 30
60 63 149
60 64 194
60 65 144
60 66 23
60 67 72
60 68 50
60 69 57
60 70 54
60 71 61
60 72 126
60 73 134
60 74 124
60 75 14
60 76 159
60 77 19
60 78 82
60 79 3
60 80 171
60 81 61
60 82 139
60 83 85
60 84 188
60 85 193
60 86 49
60 87 52
60 88 3
60 89 51
60 90 185
60 91 120
60 92 187
60 93 190
60 94 80
60 95 38
60 96 120
60 97 175
60 98 182
60 99 90
61 62 15
61 63 101
61 64 33
61 65 10
61 66 161
61 67 6
61 68 193
61 69 37
61 70 181
61 71 105
61 72 169
61 73 190
61 74 24
61 75 4
61 76 184
61 77 16
61 78 162
61 79 128
61 80 197
61 81 87
61 82 139
61 83 16
61 84 193
61 85 182
61 86 40
61 87 113
61 88 168
61 89 33
61 90 96
61 91 146
61 92 155
61 93 15
61 94 191
61 95 9
61 96 79
61 97 183
61 98 88
61 99 164
62 63 167
62 64 166
62 65 71
62 66 178
62 67 65
62 68 184
62 69 177
62 70 34
62 71 58
62 72 49
62 73 143
62 74 86
62 75 192
62 76 96
62 77 128
62 78 163
62 79 50
62 80 115
62 81 69
62 82 198
62 83 172
62 84 85
62 85 148
62 86 82
62 87 127
62 88 57
62 89 87
62 90 57
62 91 163
62 92 100
62 93 108
62 94 25
62 95 107
62 96 169
62 97 19
62 98 197
62 99 191
63 64 190
63 65 18
63 66 8
63 67 155
63 68 162
63 69 174
63 70 7
63 71 196
63 72 52
63 73 188
63 74 183
63 75 147
63 76 60
63 77 89
63 78 72
63 79 25
63 80 129
63 81 188
63 82 82
63 83 35
63 84 134
63 85 3
63 86 48
63 87 134
63 88 91
63 89 26
63 90 91
63 91 103
63 92 184
63 93 197
63 94 72
63 95 121
63 96 93
63 97 121
63 98 99
63 99 0
64 65 157
64 66 94
64 67 178
64 68 6
64 69 163
64 70 49
64 71 81
64 72 23
64 73 7
64 74 182
64 75 123
64 76 35
64 77 77
64 78 124
64 79 160
64 80 72
64 81 124
64 82 14
64 83 195
64 84 67
64 85 88
64 86 133
64 87 30
64 88 161
64 89 159
64 90 19
64 91 166
64 92 30
64 93 99
64 94 44
64 95 27
64 96 153
64 97 136
64 98 27
64 99 157
65 66 119
65 67 50
65 68 147
65 69 25
65 70 182
65 71 69
65 72 90
65 73 12
65 74 173
65 75 109
65 76 108
65 77 122
65 78 175
65 79 26
65 80 129
65 81 138
65 82 197
65 83 177
65 84 199
65 85 6
65 86 0
65 87 90
65 88 199
65 89 17
65 90 6
65 91 57
65 92 171
65 93 77
65 94 17
65 95 51
65 96 165
65 97 144
65 98 182
65 99 124
66 67 177
66 68 85
66 69 170
66 70 18
66 71 74
66 72 65
66 73 136
66 74 123
66 75 57
66 76 101
66 77 46
66 78 46
66 79 95
66 80 124
66 81 16
66 82 138
66 83 59
66 84 172
66 85 186
66 86 90
66 87 90
66 88 116
66 89 111
66 90 166
66 91 126
66 92 134
66 93 92
66 94 67
66 95 24
66 96 90
66 97 136
66 98 113
66 99 144
67 68 25
67 69 191
67 70 58
67 71 37
67 72 149
67 73 25
67 74 56
67 75 58
67 76 20
67 77 68
67 78 32
67 79 54
67 80 56
67 81 88
67 82 110
67 83 126
67 84 81
67 85 127
67 86 8
67 87 99
67 88 161
67 89 169
67 90 122
67 91 81
67 92 84
67 93 183
67 94 3
67 95 34
67 96 58
67 97 140
67 98 59
67 99 29
68 69 92
68 70 98
68 71 188
68 72 89
68 73 13
68 74 80
68 75 88
68 76 83
68 77 177
68 78 75
68 79 58
68 80 40
68 81 73
68 82 0
68 83 116
68 84 38
68 85 34
68 86 176
68 87 60
68 88 171
68 89 88
68 90 158
68 91 83
68 92 163
68 93 35
68 94 107
68 95 113
68 96 65
68 97 119
68 98 10
68 99 107
69 70 123
69 71 56
69 72 158
69 73 112
69 74 117
69 75 180
69 76 6
69 77 178
69 78 21
69 79 93
69 80 130
69 81 131
69 82 18
69 83 181
69 84 175
69 85 22
69 86 78
69 87 59
69 88 153
69 89 178
69 90 158
69 91 54
69 92 15
69 93 174
69 94 121
69 95 166
69 96 6
69 97 118
69 98 156
69 99 127
70 71 180
70 72 155
70 73 20
70 74 190
70 75 20
70 76 62
70 77 6
70 78 133
70 79 160
70 80 26
70 81 181
70 82 174
70 83 143
70 84 91
70 85 85
70 86 171
70 87 75
70 88 66
70 89 167
70 90 8
70 91 30
70 92 8
70 93 71
70 94 157
70 95 173
70 96 20
70 97 30
70 98 35
70 99 94
71 72 21
71 73 43
71 74 74
71 75 19
71 76 174
71 77 118
71 78 5
71 79 92
71 80 33
71 81 135
71 82 50
71 83 98
71 84 13
71 85 72
71 86 79
71 87 133
71 88 114
71 89 166
71 90 160
71 91 15
71 92 21
71 93 188
71 94 1
71 95 174
71 96 170
71 97 110
71 98 82
71 99 124
72 73 158
72 74 35
72 75 46
72 76 181
72 77 184
72 78 134
72 79 102
72 80 78
72 81 125
72 82 138
72 83 184
72 84 131
72 85 34
72 86 31
72 87 118
72 88 91
72 89 174
72 90 38
72 91 66
72 92 2
72 93 146
72 94 79
72 95 127
72 96 179
72 97 118
72 98 107
72 99 152
73 74 41
73 75 11
73 76 10
73 77 1
73 78 28
73 79 177
73 80 18
73 81 45
73 82 125
73 83 57
73 84 47
73 85 105
73 86 95
73 87 17
73 88 92
73 89 77
73 90 120
73 91 61
73 92 100
73 93 179
73 94 44
73 95 42
73 96 51
73 97 91
73 98 111
73 99 1
74 75 99
74 76 158
74 77 73
74 78 155
74 79 179
74 80 67
74 81 83
74 82 59
74 83 82
74 84 118
74 85 177
74 86 131
74 87 184
74 88 24
74 89 112
74 90 32
74 91 15
74 92 54
74 93 176
74 94 119
74 95 133
74 96 70
74 97 42
74 98 32
74 99 95
75 76 139
75 77 185
75 78 19
75 79 100
75 80 18
75 81 26
75 82 69
75 83 145
75 84 60
75 85 198
75 86 119
75 87 142
75 88 117
75 89 24
75 90 0
75 91 162
75 92 75
75 93 132
75 94 140
75 95 23
75 96 102
75 97 62
75 98 4
75 99 73
76 77 191
76 78 170
76 79 32
76 80 185
76 81 104
76 82 92
76 83 8
76 84 50
76 85 105
76 86 106
76 87 27
76 88 132
76 89 7
76 90 42
76 91 158
76 92 11
76 93 93
76 94 26
76 95 124
76 96 142
76 97 55
76 98 123
76 99 44
77 78 166
77 79 33
77 80 128
77 81 129
77 82 94
77 83 145
77 84 67
77 85 125
77 86 52
77 87 89
77 88 8
77 89 49
77 90 64
77 91 82
77 92 50
77 93 152
77 94 111
77 95 75
77 96 31
77 97 50
77 98 28
77 99 177
78 79 1
78 80 78
78 81 62
78 82 175
78 83 125
78 84 40
78 85 136
78 86 83
78 87 86
78 88 119
78 89 77
78 90 115
78 91 83
78 92 133
78 93 159
78 94 122
78 95 27
78 96 132
78 97 130
78 98 156
78 99 48
79 80 78
79 81 179
79 82 69
79 83 47
79 84 117
79 85 127
79 86 171
79 87 160
79 88 87
79 89 127
79 90 58
79 91 123
79 92 174
79 93 109
79 94 99
79 95 60
79 96 126
79 97 4
79 98 159
79 99 153
80 81 24
80 82 150
80 83 87
80 84 123
80 85 172
80 86 149
80 87 112
80 88 187
80 89 137
80 90 12
80 91 81
80 92 80
80 93 56
80 94 77
80 95 130
80 96 94
80 97 99
80 98 156
80 99 172
81 82 3
81 83 90
81 84 46
81 85 158
81 86 183
81 87 173
81 88 120
81 89 35
81 90 41
81 91 191
81 92 28
81 93 113
81 94 14
81 95 63
81 96 199
81 97 8
81 98 28
81 99 100
82 83 68
82 84 59
82 85 93
82 86 76
82 87 159
82 88 29
82 89 3
82 90 42
82 91 112
82 92 109
82 93 44
82 94 45
82 95 84
82 96 170
82 97 190
82 98 134
82 99 144
83 84 77
83 85 47
83 86 81
83 87 171
83 88 5
83 89 56
83 90 27
83 91 50
83 92 58
83 93 112
83 94 130
83 95 152
83 96 7
83 97 18
83 98 82
83 99 60
84 85 150
84 86 17
84 87 7
84 88 106
84 89 152
84 90 44
84 91 176
84 92 119
84 93 200
84 94 157
84 95 47
84 96 123
84 97 182
84 98 157
84 99 197
