100 3297
0 1 184
0 2 185
0 3 140
0 4 144
0 5 159
0 6 83
0 7 156
0 8 188
0 9 105
0 10 135
0 11 135
0 12 146
0 13 50
0 14 91
0 15 17
0 16 153
0 17 198
0 18 178
0 19 133
0 20 117
0 21 33
0 22 41
0 23 138
0 24 111
0 25 199
0 26 127
0 27 18
0 28 37
0 29 36
0 30 165
0 31 50
0 32 7
0 33 136
0 34 35
0 35 164
0 36 156
0 37 35
0 38 196
0 39 81
0 40 42
0 41 137
0 42 128
0 43 57
0 44 11
0 45 66
0 46 160
0 47 73
0 48 72
0 49 135
0 50 122
0 51 105
0 52 42
0 53 7
0 54 147
0 55 195
0 56 19
0 57 95
0 58 71
0 59 97
0 60 29
0 61 159
0 62 128
0 63 55
0 64 93
0 65 95
0 66 107
0 67 144
0 68 87
0 69 192
0 70 140
0 71 3
0 72 104
0 73 85
0 74 178
0 75 127
0 76 77
0 77 163
0 78 190
0 79 198
0 80 76
0 81 137
0 82 32
0 83 26
0 84 92
0 85 199
0 86 131
0 87 50
0 88 48
0 89 146
0 90 96
0 91 191
0 92 156
0 93 64
0 94 57
0 95 12
0 96 182
0 97 103
0 98 38
0 99 151
1 2 84
1 3 24
1 4 101
1 5 65
1 6 132
1 7 31
1 8 159
1 9 43
1 10 122
1 11 105
1 12 42
1 13 111
1 14 62
1 15 53
1 16 31
1 17 193
1 18 175
1 19 141
1 20 139
1 21 28
1 22 192
1 23 133
1 24 195
1 25 9
1 26 108
1 27 175
1 28 125
1 29 138
1 30 73
1 31 56
1 32 56
1 33 156
1 34 151
1 35 114
1 36 184
1 37 141
1 38 83
1 39 126
1 40 178
1 41 154
1 42 46
1 43 112
1 44 160
1 45 101
1 46 148
1 47 73
1 48 199
1 49 52
1 50 67
1 51 6
1 52 174
1 53 106
1 54 155
1 55 45
1 56 84
1 57 48
1 58 157
1 59 83
1 60 82
1 61 162
1 62 131
1 63 138
1 64 178
1 65 61
1 66 94
1 67 132
1 68 74
1 69 13
1 70 128
1 71 2
1 72 21
1 73 43
1 74 137
1 75 11
1 76 4
1 77 152
1 78 44
1 79 81
1 80 70
1 81 116
1 82 156
1 83 81
1 84 53
1 85 155
1 86 42
1 87 151
1 88 35
1 89 40
1 90 67
1 91 36
1 92 191
1 93 52
1 94 36
1 95 106
1 96 196
1 97 134
1 98 168
1 99 129
2 3 135
2 4 181
2 5 21
2 6 41
2 7 125
2 8 142
2 9 11
2 10 149
2 11 120
2 12 148
2 13 71
2 14 51
2 15 170
2 16 45
2 17 8
2 18 162
2 19 25
2 20 97
2 21 143
2 22 170
2 23 91
2 24 139
2 25 28
2 26 191
2 27 51
2 28 100
2 29 42
2 30 155
2 31 131
2 32 183
2 33 71
2 34 7
2 35 48
2 36 83
2 37 164
2 38 50
2 39 139
2 40 151
2 41 152
2 42 155
2 43 195
2 44 80
2 45 48
2 46 161
2 47 85
2 48 193
2 49 166
2 50 151
2 51 144
2 52 117
2 53 19
2 54 61
2 55 179
2 56 165
2 57 100
2 58 32
2 59 76
2 60 196
2 61 132
2 62 89
2 63 184
2 64 99
2 65 169
2 66 62
2 67 179
2 68 16
2 69 118
2 70 42
2 71 139
2 72 143
2 73 39
2 74 160
2 75 68
2 76 156
2 77 101
2 78 24
2 79 133
2 80 189
2 81 165
2 82 49
2 83 47
2 84 58
2 85 117
2 86 118
2 87 156
2 88 20
2 89 33
2 90 70
2 91 16
2 92 24
2 93 184
2 94 163
2 95 195
2 96 119
2 97 152
2 98 169
2 99 156
3 4 116
3 5 91
3 6 194
3 7 127
3 8 38
3 9 81
3 10 58
3 11 117
3 12 50
3 13 18
3 14 188
3 15 50
3 16 145
3 17 9
3 18 172
3 19 28
3 20 67
3 21 165
3 22 43
3 23 13
3 24 129
3 25 162
3 26 103
3 27 76
3 28 110
3 29 110
3 30 82
3 31 18
3 32 103
3 33 191
3 34 44
3 35 200
3 36 173
3 37 159
3 38 184
3 39 158
3 40 68
3 41 175
3 42 150
3 43 54
3 44 161
3 45 155
3 46 100
3 47 41
3 48 43
3 49 122
3 50 3
3 51 97
3 52 132
3 53 180
3 54 93
3 55 151
3 56 181
3 57 92
3 58 42
3 59 10
3 60 186
3 61 125
3 62 153
3 63 22
3 64 64
3 65 103
3 66 172
3 67 68
3 68 107
3 69 139
3 70 161
3 71 46
3 72 93
3 73 178
3 74 105
3 75 42
3 76 124
3 77 178
3 78 46
3 79 71
3 80 146
3 81 177
3 82 152
3 83 146
3 84 172
3 85 41
3 86 69
3 87 127
3 88 115
3 89 117
3 90 77
3 91 55
3 92 15
3 93 70
3 94 92
3 95 54
3 96 197
3 97 137
3 98 60
3 99 123
4 5 133
4 6 136
4 7 152
4 8 140
4 9 88
4 10 120
4 11 16
4 12 152
4 13 129
4 14 195
4 15 108
4 16 171
4 17 172
4 18 180
4 19 81
4 20 200
4 21 132
4 22 3
4 23 135
4 24 88
4 25 142
4 26 138
4 27 27
4 28 15
4 29 178
4 30 92
4 31 76
4 32 48
4 33 76
4 34 182
4 35 117
4 36 151
4 37 189
4 38 149
4 39 146
4 40 62
4 41 198
4 42 145
4 43 117
4 44 27
4 45 169
4 46 97
4 47 75
4 48 161
4 49 27
4 50 53
4 51 109
4 52 87
4 53 181
4 54 117
4 55 138
4 56 34
4 57 112
4 58 130
4 59 79
4 60 96
4 61 175
4 62 142
4 63 41
4 64 121
4 65 196
4 66 16
4 67 18
4 68 13
4 69 5
4 70 27
4 71 196
4 72 169
4 73 107
4 74 151
4 75 125
4 76 114
4 77 82
4 78 12
4 79 112
4 80 176
4 81 6
4 82 96
4 83 175
4 84 119
4 85 137
4 86 160
4 87 188
4 88 27
4 89 56
4 90 167
4 91 27
4 92 153
4 93 42
4 94 43
4 95 168
4 96 34
4 97 193
4 98 5
4 99 116
5 6 178
5 7 64
5 8 139
5 9 197
5 10 138
5 11 97
5 12 106
5 13 128
5 14 169
5 15 48
5 16 170
5 17 146
5 18 40
5 19 1
5 20 86
5 21 78
5 22 101
5 23 81
5 24 173
5 25 2
5 26 73
5 27 177
5 28 159
5 29 118
5 30 2
5 31 114
5 32 173
5 33 90
5 34 197
5 35 46
5 36 84
5 37 58
5 38 143
5 39 153
5 40 136
5 41 149
5 42 80
5 43 103
5 44 181
5 45 87
5 46 84
5 47 15
5 48 186
5 49 108
5 50 57
5 51 124
5 52 55
5 53 65
5 54 55
5 55 141
5 56 22
5 57 49
5 58 114
5 59 108
5 60 166
5 61 49
5 62 126
5 63 148
5 64 39
5 65 159
5 66 79
5 67 125
5 68 10
5 69 137
5 70 7
5 71 105
5 72 43
5 73 116
5 74 177
5 75 86
5 76 125
5 77 47
5 78 195
5 79 195
5 80 115
5 81 132
5 82 61
5 83 166
5 84 182
5 85 168
5 86 7
5 87 196
5 88 195
5 89 125
5 90 33
5 91 34
5 92 77
5 93 124
5 94 56
5 95 191
5 96 138
5 97 91
5 98 20
5 99 139
6 7 161
6 8 120
6 9 84
6 10 4
6 11 66
6 12 183
6 13 56
6 14 1
6 15 114
6 16 9
6 17 90
6 18 89
6 19 82
6 20 100
6 21 68
6 22 30
6 23 43
6 24 117
6 25 159
6 26 0
6 27 102
6 28 15
6 29 87
6 30 168
6 31 128
6 32 86
6 33 140
6 34 156
6 35 190
6 36 130
6 37 179
6 38 10
6 39 188
6 40 159
6 41 165
6 42 122
6 43 127
6 44 36
6 45 188
6 46 161
6 47 28
6 48 91
6 49 53
6 50 60
6 51 87
6 52 47
6 53 104
6 54 88
6 55 146
6 56 90
6 57 20
6 58 143
6 59 93
6 60 8
6 61 200
6 62 62
6 63 71
6 64 88
6 65 114
6 66 122
6 67 102
6 68 59
6 69 107
6 70 143
6 71 68
6 72 108
6 73 114
6 74 200
6 75 199
6 76 2
6 77 103
6 78 90
6 79 30
6 80 100
6 81 32
6 82 133
6 83 136
6 84 16
6 85 57
6 86 195
6 87 48
6 88 127
6 89 117
6 90 65
6 91 11
6 92 33
6 93 164
6 94 185
6 95 189
6 96 114
6 97 33
6 98 10
6 99 198
7 8 104
7 9 42
7 10 152
7 11 26
7 12 131
7 13 168
7 14 177
7 15 160
7 16 41
7 17 78
7 18 155
7 19 16
7 20 79
7 21 97
7 22 16
7 23 73
7 24 191
7 25 23
7 26 106
7 27 107
7 28 160
7 29 115
7 30 116
7 31 181
7 32 38
7 33 21
7 34 37
7 35 105
7 36 101
7 37 73
7 38 76
7 39 112
7 40 131
7 41 130
7 42 26
7 43 154
7 44 9
7 45 146
7 46 102
7 47 194
7 48 186
7 49 128
7 50 175
7 51 5
7 52 197
7 53 47
7 54 182
7 55 37
7 56 42
7 57 124
7 58 174
7 59 108
7 60 89
7 61 144
7 62 132
7 63 58
7 64 194
7 65 17
7 66 12
7 67 75
7 68 126
7 69 54
7 70 2
7 71 78
7 72 195
7 73 24
7 74 54
7 75 46
7 76 167
7 77 148
7 78 17
7 79 75
7 80 168
7 81 60
7 82 111
7 83 168
7 84 184
7 85 194
7 86 115
7 87 137
7 88 186
7 89 192
7 90 194
7 91 75
7 92 87
7 93 146
7 94 154
7 95 191
7 96 82
7 97 12
7 98 33
7 99 139
8 9 50
8 10 43
8 11 180
8 12 5
8 13 3
8 14 144
8 15 164
8 16 93
8 17 127
8 18 200
8 19 157
8 20 74
8 21 200
8 22 12
8 23 73
8 24 101
8 25 55
8 26 127
8 27 94
8 28 181
8 29 114
8 30 149
8 31 78
8 32 110
8 33 85
8 34 95
8 35 121
8 36 188
8 37 64
8 38 87
8 39 20
8 40 161
8 41 62
8 42 108
8 43 29
8 44 41
8 45 122
8 46 163
8 47 21
8 48 100
8 49 166
8 50 144
8 51 16
8 52 62
8 53 17
8 54 107
8 55 118
8 56 66
8 57 74
8 58 90
8 59 190
8 60 50
8 61 96
8 62 90
8 63 163
8 64 39
8 65 161
8 66 122
8 67 61
8 68 100
8 69 14
8 70 66
8 71 139
8 72 8
8 73 32
8 74 187
8 75 175
8 76 63
8 77 68
8 78 85
8 79 27
8 80 174
8 81 169
8 82 194
8 83 19
8 84 175
8 85 146
8 86 1
8 87 30
8 88 144
8 89 190
8 90 59
8 91 13
8 92 47
8 93 77
8 94 131
8 95 60
8 96 144
8 97 192
8 98 85
8 99 47
9 10 99
9 11 190
9 12 39
9 13 57
9 14 185
9 15 99
9 16 118
9 17 67
9 18 150
9 19 168
9 20 118
9 21 81
9 22 7
9 23 110
9 24 165
9 25 186
9 26 82
9 27 59
9 28 74
9 29 51
9 30 55
9 31 133
9 32 136
9 33 92
9 34 40
9 35 69
9 36 122
9 37 194
9 38 94
9 39 142
9 40 194
9 41 113
9 42 130
9 43 178
9 44 118
9 45 77
9 46 25
9 47 25
9 48 71
9 49 20
9 50 160
9 51 73
9 52 122
9 53 62
9 54 78
9 55 11
9 56 64
9 57 119
9 58 58
9 59 148
9 60 105
9 61 160
9 62 197
9 63 189
9 64 185
9 65 43
9 66 159
9 67 14
9 68 109
9 69 17
9 70 120
9 71 128
9 72 5
9 73 173
9 74 49
9 75 41
9 76 30
9 77 40
9 78 144
9 79 156
9 80 68
9 81 89
9 82 117
9 83 36
9 84 100
9 85 157
9 86 57
9 87 86
9 88 24
9 89 37
9 90 178
9 91 149
9 92 44
9 93 36
9 94 126
9 95 151
9 96 83
9 97 192
9 98 153
9 99 146
10 11 114
10 12 148
10 13 100
10 14 42
10 15 80
10 16 189
10 17 36
10 18 108
10 19 96
10 20 129
10 21 163
10 22 97
10 23 78
10 24 90
10 25 10
10 26 196
10 27 191
10 28 79
10 29 11
10 30 139
10 31 14
10 32 153
10 33 136
10 34 193
10 35 42
10 36 13
10 37 105
10 38 141
10 39 43
10 40 75
10 41 155
10 42 170
10 43 142
10 44 140
10 45 76
10 46 28
10 47 178
10 48 14
10 49 188
10 50 179
10 51 102
10 52 163
10 53 52
10 54 8
10 55 179
10 56 164
10 57 96
10 58 194
10 59 30
10 60 71
10 61 56
10 62 32
10 63 87
10 64 56
10 65 144
10 66 122
10 67 82
10 68 197
10 69 8
10 70 170
10 71 140
10 72 31
10 73 23
10 74 47
10 75 99
10 76 127
10 77 169
10 78 95
10 79 85
10 80 71
10 81 74
10 82 146
10 83 101
10 84 57
10 85 47
10 86 63
10 87 111
10 88 31
10 89 160
10 90 63
10 91 131
10 92 136
10 93 134
10 94 114
10 95 182
10 96 147
10 97 106
10 98 105
10 99 46
11 12 187
11 13 56
11 14 152
11 15 98
11 16 41
11 17 56
11 18 114
11 19 48
11 20 144
11 21 65
11 22 93
11 23 81
11 24 66
11 25 145
11 26 8
11 27 66
11 28 95
11 29 112
11 30 141
11 31 142
11 32 116
11 33 55
11 34 101
11 35 46
11 36 15
11 37 11
11 38 127
11 39 198
11 40 29
11 41 92
11 42 102
11 43 40
11 44 160
11 45 160
11 46 156
11 47 99
11 48 172
11 49 196
11 50 175
11 51 106
11 52 192
11 53 101
11 54 192
11 55 26
11 56 7
11 57 67
11 58 128
11 59 127
11 60 198
11 61 118
11 62 0
11 63 181
11 64 27
11 65 195
11 66 68
11 67 68
11 68 152
11 69 186
11 70 58
11 71 111
11 72 174
11 73 3
11 74 196
11 75 63
11 76 79
11 77 94
11 78 35
11 79 12
11 80 39
11 81 184
11 82 5
11 83 53
11 84 116
11 85 1
11 86 192
11 87 59
11 88 149
11 89 33
11 90 147
11 91 173
11 92 157
11 93 7
11 94 132
11 95 70
11 96 128
11 97 32
11 98 52
11 99 88
12 13 120
12 14 95
12 15 151
12 16 124
12 17 188
12 18 46
12 19 161
12 20 135
12 21 138
12 22 131
12 23 48
12 24 136
12 25 54
12 26 88
12 27 15
12 28 58
12 29 104
12 30 157
12 31 22
12 32 129
12 33 98
12 34 103
12 35 31
12 36 137
12 37 135
12 38 97
12 39 86
12 40 57
12 41 135
12 42 104
12 43 55
12 44 76
12 45 7
12 46 22
12 47 138
12 48 97
12 49 145
12 50 113
12 51 159
12 52 192
12 53 47
12 54 18
12 55 95
12 56 173
12 57 54
12 58 55
12 59 45
12 60 22
12 61 57
12 62 140
12 63 27
12 64 197
12 65 38
12 66 149
12 67 95
12 68 38
12 69 66
12 70 151
12 71 45
12 72 188
12 73 60
12 74 66
12 75 167
12 76 26
12 77 116
12 78 54
12 79 170
12 80 8
12 81 139
12 82 31
12 83 187
12 84 74
12 85 197
12 86 134
12 87 47
12 88 129
12 89 119
12 90 90
12 91 36
12 92 95
12 93 142
12 94 155
12 95 8
12 96 131
12 97 119
12 98 137
12 99 124
13 14 182
13 15 162
13 16 134
13 17 186
13 18 129
13 19 134
13 20 170
13 21 171
13 22 124
13 23 73
13 24 115
13 25 136
13 26 187
13 27 30
13 28 119
13 29 108
13 30 24
13 31 103
13 32 108
13 33 119
13 34 158
13 35 119
13 36 32
13 37 134
13 38 184
13 39 0
13 40 139
13 41 24
13 42 157
13 43 124
13 44 124
13 45 171
13 46 159
13 47 147
13 48 89
13 49 117
13 50 193
13 51 131
13 52 15
13 53 180
13 54 118
13 55 99
13 56 126
13 57 186
13 58 116
13 59 113
13 60 146
13 61 99
13 62 177
13 63 157
13 64 188
13 65 8
13 66 41
13 67 120
13 68 174
13 69 71
13 70 190
13 71 31
13 72 20
13 73 195
13 74 33
13 75 142
13 76 56
13 77 81
13 78 16
13 79 176
13 80 147
13 81 176
13 82 179
13 83 4
13 84 74
13 85 121
13 86 136
13 87 118
13 88 3
13 89 158
13 90 52
13 91 143
13 92 125
13 93 78
13 94 147
13 95 88
13 96 180
13 97 3
13 98 142
13 99 163
14 15 162
14 16 160
14 17 200
14 18 73
14 19 162
14 20 197
14 21 110
14 22 96
14 23 175
14 24 99
14 25 127
14 26 172
14 27 43
14 28 165
14 29 4
14 30 185
14 31 138
14 32 99
14 33 54
14 34 161
14 35 36
14 36 135
14 37 126
14 38 97
14 39 110
14 40 67
14 41 83
14 42 37
14 43 64
14 44 188
14 45 151
14 46 11
14 47 131
14 48 8
14 49 143
14 50 89
14 51 100
14 52 4
14 53 89
14 54 47
14 55 53
14 56 181
14 57 3
14 58 117
14 59 91
14 60 159
14 61 53
14 62 36
14 63 37
14 64 92
14 65 27
14 66 2
14 67 173
14 68 173
14 69 122
14 70 79
14 71 194
14 72 175
14 73 179
14 74 120
14 75 160
14 76 16
14 77 181
14 78 146
14 79 179
14 80 22
14 81 95
14 82 196
14 83 3
14 84 68
14 85 81
14 86 53
14 87 149
14 88 137
14 89 43
14 90 195
14 91 1
14 92 129
14 93 5
14 94 130
14 95 134
14 96 7
14 97 161
14 98 85
14 99 50
15 16 115
15 17 92
15 18 13
15 19 189
15 20 33
15 21 115
15 22 103
15 23 59
15 24 137
15 25 109
15 26 145
15 27 117
15 28 118
15 29 180
15 30 157
15 31 140
15 32 29
15 33 187
15 34 135
15 35 15
15 36 59
15 37 153
15 38 166
15 39 152
15 40 167
15 41 54
15 42 148
15 43 172
15 44 43
15 45 7
15 46 132
15 47 88
15 48 65
15 49 32
15 50 96
15 51 130
15 52 119
15 53 163
15 54 103
15 55 112
15 56 82
15 57 176
15 58 87
15 59 109
15 60 46
15 61 149
15 62 117
15 63 135
15 64 3
15 65 126
15 66 28
15 67 26
15 68 192
15 69 117
15 70 113
15 71 62
15 72 45
15 73 151
15 74 106
15 75 189
15 76 133
15 77 116
15 78 76
15 79 48
15 80 183
15 81 114
15 82 171
15 83 24
15 84 143
15 85 93
15 86 158
15 87 77
15 88 198
15 89 103
15 90 115
15 91 106
15 92 8
15 93 44
15 94 47
15 95 189
15 96 148
15 97 88
15 98 141
15 99 99
16 17 138
16 18 60
16 19 57
16 20 88
16 21 30
16 22 147
16 23 114
16 24 163
16 25 13
16 26 186
16 27 45
16 28 94
16 29 47
16 30 33
16 31 10
16 32 27
16 33 122
16 34 59
16 35 11
16 36 155
16 37 139
16 38 18
16 39 113
16 40 53
16 41 68
16 42 74
16 43 20
16 44 90
16 45 57
16 46 165
16 47 124
16 48 82
16 49 104
16 50 42
16 51 83
16 52 77
16 53 166
16 54 126
16 55 89
16 56 122
16 57 31
16 58 72
16 59 190
16 60 31
16 61 157
16 62 136
16 63 140
16 64 177
16 65 135
16 66 170
16 67 70
16 68 122
16 69 182
16 70 176
16 71 134
16 72 121
16 73 167
16 74 89
16 75 1
16 76 87
16 77 31
16 78 31
16 79 59
16 80 162
16 81 17
16 82 29
16 83 83
16 84 40
16 85 149
16 86 35
16 87 69
16 88 172
16 89 178
16 90 26
16 91 105
16 92 160
16 93 91
16 94 53
16 95 155
16 96 11
16 97 126
16 98 165
16 99 11
17 18 25
17 19 24
17 20 196
17 21 58
17 22 24
17 23 167
17 24 79
17 25 29
17 26 115
17 27 191
17 28 175
17 29 148
17 30 162
17 31 138
17 32 176
17 33 171
17 34 61
17 35 129
17 36 190
17 37 15
17 38 66
17 39 4
17 40 4
17 41 199
17 42 153
17 43 183
17 44 163
17 45 40
17 46 189
17 47 101
17 48 184
17 49 139
17 50 88
17 51 51
17 52 121
17 53 75
17 54 189
17 55 97
17 56 161
17 57 81
17 58 111
17 59 119
17 60 176
17 61 99
17 62 32
17 63 62
17 64 157
17 65 127
17 66 161
17 67 117
17 68 193
17 69 30
17 70 47
17 71 79
17 72 66
17 73 39
17 74 63
17 75 60
17 76 174
17 77 30
17 78 20
17 79 145
17 80 118
17 81 32
17 82 145
17 83 138
17 84 57
17 85 96
17 86 175
17 87 38
17 88 149
17 89 111
17 90 3
17 91 49
17 92 121
17 93 123
17 94 185
17 95 146
17 96 185
17 97 77
17 98 58
17 99 42
18 19 13
18 20 86
18 21 180
18 22 143
18 23 49
18 24 102
18 25 53
18 26 6
18 27 15
18 28 81
18 29 49
18 30 149
18 31 20
18 32 99
18 33 3
18 34 129
18 35 131
18 36 88
18 37 186
18 38 38
18 39 92
18 40 162
18 41 0
18 42 145
18 43 70
18 44 103
18 45 149
18 46 152
18 47 94
18 48 54
18 49 64
18 50 190
18 51 115
18 52 55
18 53 81
18 54 65
18 55 93
18 56 135
18 57 43
18 58 8
18 59 18
18 60 157
18 61 20
18 62 163
18 63 4
18 64 173
18 65 108
18 66 10
18 67 47
18 68 112
18 69 170
18 70 7
18 71 161
18 72 143
18 73 11
18 74 81
18 75 189
18 76 2
18 77 79
18 78 167
18 79 61
18 80 15
18 81 40
18 82 67
18 83 104
18 84 180
18 85 195
18 86 17
18 87 21
18 88 54
18 89 184
18 90 198
18 91 144
18 92 67
18 93 39
18 94 50
18 95 138
18 96 186
18 97 67
18 98 37
18 99 168
19 20 107
19 21 49
19 22 170
19 23 33
19 24 79
19 25 186
19 26 158
19 27 42
19 28 121
19 29 59
19 30 126
19 31 32
19 32 88
19 33 120
19 34 193
19 35 135
19 36 35
19 37 82
19 38 161
19 39 63
19 40 167
19 41 63
19 42 115
19 43 47
19 44 82
19 45 14
19 46 146
19 47 73
19 48 106
19 49 171
19 50 193
19 51 86
19 52 192
19 53 54
19 54 143
19 55 16
19 56 142
19 57 2
19 58 167
19 59 41
19 60 151
19 61 93
19 62 65
19 63 114
19 64 167
19 65 6
19 66 127
19 67 145
19 68 63
19 69 192
19 70 111
19 71 102
19 72 154
19 73 192
19 74 148
19 75 96
19 76 22
19 77 35
19 78 105
19 79 47
19 80 155
19 81 143
19 82 171
19 83 17
19 84 126
19 85 120
19 86 193
19 87 123
19 88 4
19 89 4
19 90 177
19 91 155
19 92 83
19 93 47
19 94 164
19 95 82
19 96 122
19 97 190
19 98 23
19 99 55
20 21 170
20 22 64
20 23 174
20 24 142
20 25 195
20 26 10
20 27 110
20 28 159
20 29 45
20 30 19
20 31 76
20 32 115
20 33 128
20 34 37
20 35 27
20 36 161
20 37 143
20 38 129
20 39 198
20 40 139
20 41 98
20 42 68
20 43 188
20 44 117
20 45 50
20 46 108
20 47 127
20 48 62
20 49 154
20 50 48
20 51 84
20 52 29
20 53 88
20 54 192
20 55 15
20 56 97
20 57 199
20 58 87
20 59 61
20 60 111
20 61 137
20 62 30
20 63 169
20 64 92
20 65 115
20 66 156
20 67 105
20 68 74
20 69 80
20 70 172
20 71 126
20 72 59
20 73 46
20 74 68
20 75 158
20 76 96
20 77 20
20 78 151
20 79 132
20 80 169
20 81 186
20 82 14
20 83 124
20 84 58
20 85 53
20 86 193
20 87 102
20 88 161
20 89 65
20 90 88
20 91 80
20 92 37
20 93 50
20 94 36
20 95 188
20 96 96
20 97 41
20 98 1
20 99 7
21 22 70
21 23 181
21 24 101
21 25 168
21 26 45
21 27 167
21 28 28
21 29 143
21 30 35
21 31 12
21 32 147
21 33 93
21 34 181
21 35 137
21 36 165
21 37 45
21 38 19
21 39 49
21 40 35
21 41 103
21 42 164
21 43 63
21 44 152
21 45 146
21 46 180
21 47 154
21 48 170
21 49 112
21 50 104
21 51 151
21 52 182
21 53 129
21 54 164
21 55 161
21 56 21
21 57 7
21 58 132
21 59 136
21 60 151
21 61 94
21 62 85
21 63 140
21 64 109
21 65 15
21 66 38
21 67 51
21 68 4
21 69 4
21 70 183
21 71 0
21 72 183
21 73 178
21 74 76
21 75 18
21 76 151
21 77 56
21 78 175
21 79 58
21 80 188
21 81 135
21 82 185
21 83 51
21 84 63
21 85 192
21 86 51
21 87 181
21 88 122
21 89 12
21 90 54
21 91 119
21 92 143
21 93 139
21 94 173
21 95 53
21 96 170
21 97 26
21 98 132
21 99 45
22 23 19
22 24 196
22 25 38
22 26 143
22 27 135
22 28 47
22 29 50
22 30 193
22 31 179
22 32 168
22 33 5
22 34 115
22 35 155
22 36 3
22 37 76
22 38 38
22 39 193
22 40 73
22 41 90
22 42 31
22 43 87
22 44 104
22 45 100
22 46 133
22 47 7
22 48 0
22 49 152
22 50 171
22 51 36
22 52 118
22 53 46
22 54 144
22 55 8
22 56 65
22 57 19
22 58 170
22 59 138
22 60 193
22 61 105
22 62 82
22 63 3
22 64 185
22 65 178
22 66 65
22 67 159
22 68 182
22 69 166
22 70 111
22 71 29
22 72 125
22 73 79
22 74 120
22 75 153
22 76 174
22 77 19
22 78 8
22 79 98
22 80 174
22 81 19
22 82 148
22 83 68
22 84 64
22 85 30
22 86 187
22 87 198
22 88 25
22 89 103
22 90 198
22 91 176
22 92 155
22 93 58
22 94 165
22 95 173
22 96 128
22 97 32
22 98 36
22 99 112
23 24 190
23 25 14
23 26 61
23 27 125
23 28 8
23 29 106
23 30 177
23 31 135
23 32 56
23 33 197
23 34 192
23 35 35
23 36 152
23 37 101
23 38 116
23 39 3
23 40 149
23 41 19
23 42 165
23 43 25
23 44 94
23 45 3
23 46 133
23 47 139
23 48 150
23 49 184
23 50 77
23 51 50
23 52 68
23 53 115
23 54 4
23 55 55
23 56 119
23 57 148
23 58 154
23 59 136
23 60 42
23 61 131
23 62 75
23 63 74
23 64 171
23 65 125
23 66 56
23 67 60
23 68 61
23 69 24
23 70 130
23 71 10
23 72 45
23 73 1
23 74 122
23 75 58
23 76 65
23 77 115
23 78 126
23 79 194
23 80 11
23 81 188
23 82 67
23 83 72
23 84 146
23 85 84
23 86 42
23 87 113
23 88 96
23 89 83
23 90 113
23 91 176
23 92 160
23 93 155
23 94 1
23 95 107
23 96 139
23 97 75
23 98 35
23 99 57
24 25 176
24 26 68
24 27 62
24 28 15
24 29 8
24 30 79
24 31 107
24 32 21
24 33 32
24 34 100
24 35 95
24 36 120
24 37 31
24 38 182
24 39 96
24 40 189
24 41 120
24 42 92
24 43 165
24 44 152
24 45 81
24 46 21
24 47 96
24 48 184
24 49 46
24 50 65
24 51 156
24 52 44
24 53 75
24 54 95
24 55 109
24 56 137
24 57 49
24 58 108
24 59 132
24 60 135
24 61 122
24 62 166
24 63 36
24 64 17
24 65 100
24 66 7
24 67 29
24 68 105
24 69 2
24 70 98
24 71 20
24 72 172
24 73 42
24 74 35
24 75 76
24 76 176
24 77 24
24 78 43
24 79 25
24 80 16
24 81 98
24 82 30
24 83 172
24 84 56
24 85 46
24 86 182
24 87 74
24 88 110
24 89 56
24 90 139
24 91 40
24 92 2
24 93 63
24 94 84
24 95 121
24 96 94
24 97 48
24 98 70
24 99 67
25 26 127
25 27 75
25 28 53
25 29 63
25 30 88
25 31 19
25 32 91
25 33 132
25 34 119
25 35 94
25 36 173
25 37 153
25 38 113
25 39 131
25 40 81
25 41 0
25 42 89
25 43 60
25 44 125
25 45 27
25 46 78
25 47 107
25 48 46
25 49 176
25 50 45
25 51 162
25 52 13
25 53 195
25 54 126
25 55 20
25 56 160
25 57 91
25 58 13
25 59 20
25 60 111
25 61 143
25 62 31
25 63 45
25 64 16
25 65 127
25 66 73
25 67 187
25 68 90
25 69 79
25 70 136
25 71 20
25 72 34
25 73 126
25 74 137
25 75 47
25 76 35
25 77 48
25 78 192
25 79 198
25 80 132
25 81 138
25 82 22
25 83 11
25 84 29
25 85 17
25 86 41
25 87 99
25 88 178
25 89 55
25 90 36
25 91 98
25 92 127
25 93 2
25 94 23
25 95 33
25 96 10
25 97 156
25 98 148
25 99 68
26 27 69
26 28 139
26 29 137
26 30 48
26 31 76
26 32 196
26 33 81
26 34 75
26 35 31
26 36 108
26 37 84
26 38 148
26 39 111
26 40 147
26 41 26
26 42 141
26 43 63
26 44 115
26 45 58
26 46 117
26 47 199
26 48 95
26 49 159
26 50 144
26 51 24
26 52 136
26 53 163
26 54 1
26 55 196
26 56 156
26 57 96
26 58 73
26 59 41
26 60 60
26 61 174
26 62 82
26 63 189
26 64 199
26 65 24
26 66 182
26 67 25
26 68 149
26 69 161
26 70 193
26 71 127
26 72 93
26 73 180
26 74 180
26 75 60
26 76 83
26 77 175
26 78 198
26 79 8
26 80 191
26 81 70
26 82 174
26 83 77
26 84 63
26 85 70
26 86 54
26 87 140
26 88 197
26 89 67
26 90 1
26 91 198
26 92 127
26 93 4
26 94 77
26 95 17
26 96 160
26 97 65
26 98 41
26 99 13
27 28 156
27 29 14
27 30 87
27 31 125
27 32 113
27 33 8
27 34 54
27 35 61
27 36 185
27 37 40
27 38 100
27 39 193
27 40 38
27 41 124
27 42 59
27 43 194
27 44 169
27 45 158
27 46 128
27 47 155
27 48 110
27 49 147
27 50 101
27 51 171
27 52 71
27 53 156
27 54 142
27 55 101
27 56 62
27 57 178
27 58 115
27 59 190
27 60 140
27 61 59
27 62 135
27 63 67
27 64 192
27 65 40
27 66 107
27 67 8
27 68 179
27 69 96
27 70 102
27 71 168
27 72 188
27 73 116
27 74 103
27 75 70
27 76 9
27 77 23
27 78 57
27 79 89
27 80 157
27 81 14
27 82 128
27 83 130
27 84 36
27 85 74
27 86 54
27 87 160
27 88 128
27 89 79
27 90 191
27 91 67
27 92 194
27 93 139
27 94 85
27 95 169
27 96 1
27 97 116
27 98 61
27 99 100
28 29 28
28 30 28
28 31 33
28 32 131
28 33 36
28 34 114
28 35 16
28 36 184
28 37 34
28 38 178
28 39 3
28 40 22
28 41 27
28 42 87
28 43 112
28 44 170
28 45 182
28 46 65
28 47 27
28 48 28
28 49 110
28 50 45
28 51 22
28 52 158
28 53 48
28 54 7
28 55 11
28 56 185
28 57 77
28 58 136
28 59 134
28 60 193
28 61 63
28 62 176
28 63 104
28 64 5
28 65 138
28 66 173
28 67 45
28 68 73
28 69 190
28 70 133
28 71 135
28 72 108
28 73 166
28 74 194
28 75 100
28 76 74
28 77 80
28 78 87
28 79 85
28 80 162
28 81 0
28 82 26
28 83 156
28 84 160
28 85 13
28 86 123
28 87 72
28 88 41
28 89 122
28 90 125
28 91 73
28 92 170
28 93 30
28 94 49
28 95 124
28 96 30
28 97 103
28 98 98
28 99 68
29 30 63
29 31 27
29 32 23
29 33 47
29 34 82
29 35 48
29 36 40
29 37 9
29 38 25
29 39 183
29 40 126
29 41 70
29 42 39
29 43 106
29 44 121
29 45 65
29 46 81
29 47 152
29 48 148
29 49 13
29 50 26
29 51 22
29 52 149
29 53 162
29 54 67
29 55 42
29 56 96
29 57 104
29 58 103
29 59 47
29 60 75
29 61 34
29 62 2
29 63 195
29 64 75
29 65 98
29 66 154
29 67 157
29 68 16
29 69 111
29 70 10
29 71 135
29 72 103
29 73 143
29 74 12
29 75 86
29 76 186
29 77 138
29 78 23
29 79 144
29 80 129
29 81 88
29 82 138
29 83 142
29 84 25
29 85 112
29 86 2
29 87 187
29 88 74
29 89 30
29 90 78
29 91 100
29 92 156
29 93 57
29 94 60
29 95 31
29 96 33
29 97 112
29 98 11
29 99 18
30 31 106
30 32 189
30 33 123
30 34 116
30 35 134
30 36 36
30 37 125
30 38 190
30 39 149
30 40 181
30 41 49
30 42 98
30 43 19
30 44 129
30 45 108
30 46 187
30 47 155
30 48 148
30 49 104
30 50 165
30 51 82
30 52 40
30 53 99
30 54 193
30 55 37
30 56 9
30 57 87
30 58 111
30 59 128
30 60 72
30 61 21
30 62 37
30 63 10
30 64 149
30 65 199
30 66 52
30 67 147
30 68 4
30 69 128
30 70 112
30 71 113
30 72 61
30 73 87
30 74 0
30 75 70
30 76 99
30 77 29
30 78 98
30 79 160
30 80 49
30 81 1
30 82 157
30 83 60
30 84 195
30 85 88
30 86 52
30 87 97
30 88 119
30 89 79
30 90 32
30 91 79
30 92 58
30 93 131
30 94 187
30 95 85
30 96 127
30 97 187
30 98 163
30 99 7
31 32 97
31 33 178
31 34 31
31 35 124
31 36 126
31 37 43
31 38 181
31 39 93
31 40 132
31 41 75
31 42 10
31 43 19
31 44 60
31 45 194
31 46 55
31 47 113
31 48 175
31 49 52
31 50 64
31 51 196
31 52 12
31 53 4
31 54 169
31 55 198
31 56 161
31 57 57
31 58 65
31 59 68
31 60 171
31 61 24
31 62 84
31 63 169
31 64 37
31 65 81
31 66 156
31 67 110
31 68 193
31 69 146
31 70 153
31 71 176
31 72 54
31 73 20
31 74 69
31 75 199
31 76 88
31 77 116
31 78 99
31 79 15
31 80 99
31 81 20
31 82 168
31 83 129
31 84 136
31 85 145
31 86 192
31 87 56
31 88 78
31 89 157
31 90 140
31 91 20
31 92 35
31 93 120
31 94 111
31 95 3
31 96 43
31 97 131
31 98 63
31 99 160
32 33 68
32 34 134
32 35 103
32 36 47
32 37 189
32 38 199
32 39 117
32 40 6
32 41 32
32 42 145
32 43 61
32 44 57
32 45 59
32 46 92
32 47 65
32 48 143
32 49 54
32 50 91
32 51 145
32 52 62
32 53 144
32 54 27
32 55 0
32 56 141
32 57 156
32 58 172
32 59 73
32 60 179
32 61 195
32 62 179
32 63 69
32 64 55
32 65 62
32 66 68
32 67 69
32 68 60
32 69 87
32 70 43
32 71 121
32 72 17
32 73 150
32 74 31
32 75 183
32 76 114
32 77 189
32 78 188
32 79 9
32 80 85
32 81 23
32 82 28
32 83 160
32 84 173
32 85 159
32 86 33
32 87 33
32 88 151
32 89 45
32 90 123
32 91 183
32 92 81
32 93 157
32 94 15
32 95 185
32 96 46
32 97 197
32 98 118
32 99 87
33 34 72
33 35 146
33 36 132
33 37 55
33 38 133
33 39 60
33 40 132
33 41 38
33 42 89
33 43 23
33 44 118
33 45 112
33 46 39
33 47 1
33 48 86
33 49 90
33 50 173
33 51 103
33 52 3
33 53 35
33 54 186
33 55 133
33 56 176
33 57 97
33 58 4
33 59 85
33 60 181
33 61 93
33 62 47
33 63 110
33 64 162
33 65 107
33 66 8
33 67 146
33 68 79
33 69 11
33 70 36
33 71 53
33 72 109
33 73 179
33 74 34
33 75 67
33 76 33
33 77 187
33 78 135
33 79 147
33 80 93
33 81 51
33 82 113
33 83 59
33 84 85
33 85 65
33 86 140
33 87 8
33 88 179
33 89 160
33 90 118
33 91 80
33 92 79
33 93 4
33 94 137
33 95 77
33 96 28
33 97 101
33 98 135
33 99 166
34 35 57
34 36 108
34 37 144
34 38 21
34 39 28
34 40 82
34 41 16
34 42 160
34 43 156
34 44 129
34 45 130
34 46 160
34 47 37
34 48 102
34 49 58
34 50 200
34 51 94
34 52 71
34 53 126
34 54 96
34 55 118
34 56 137
34 57 36
34 58 82
34 59 164
34 60 77
34 61 118
34 62 60
34 63 163
34 64 79
34 65 25
34 66 148
34 67 107
34 68 194
34 69 168
34 70 24
34 71 121
34 72 158
34 73 39
34 74 135
34 75 94
34 76 90
34 77 187
34 78 43
34 79 182
34 80 133
34 81 20
34 82 122
34 83 63
34 84 9
34 85 5
34 86 34
34 87 127
34 88 70
34 89 58
34 90 148
34 91 1
34 92 76
34 93 124
34 94 88
34 95 93
34 96 113
34 97 63
34 98 39
34 99 65
35 36 101
35 37 50
35 38 133
35 39 133
35 40 95
35 41 143
35 42 92
35 43 17
35 44 133
35 45 52
35 46 66
35 47 70
35 48 124
35 49 3
35 50 55
35 51 170
35 52 52
35 53 105
35 54 126
35 55 38
35 56 50
35 57 4
35 58 37
35 59 155
35 60 1
35 61 195
35 62 115
35 63 16
35 64 62
35 65 200
35 66 122
35 67 79
35 68 109
35 69 65
35 70 183
35 71 26
35 72 44
35 73 96
35 74 117
35 75 27
35 76 53
35 77 67
35 78 31
35 79 127
35 80 69
35 81 52
35 82 65
35 83 199
35 84 125
35 85 62
35 86 157
35 87 155
35 88 190
35 89 162
35 90 101
35 91 38
35 92 23
35 93 64
35 94 7
35 95 173
35 96 37
35 97 137
35 98 152
35 99 108
36 37 6
36 38 23
36 39 173
36 40 193
36 41 20
36 42 51
36 43 77
36 44 199
36 45 165
36 46 135
36 47 153
36 48 142
36 49 114
36 50 60
36 51 136
36 52 182
36 53 0
36 54 170
36 55 50
36 56 185
36 57 78
36 58 141
36 59 140
36 60 82
36 61 160
36 62 81
36 63 0
36 64 170
36 65 0
36 66 146
36 67 71
36 68 193
36 69 185
36 70 83
36 71 53
36 72 108
36 73 188
36 74 103
36 75 132
36 76 80
36 77 139
36 78 50
36 79 77
36 80 163
36 81 10
36 82 139
36 83 180
36 84 102
36 85 115
36 86 65
36 87 176
36 88 2
36 89 55
36 90 145
36 91 138
36 92 181
36 93 153
36 94 173
36 95 151
36 96 123
36 97 12
36 98 46
36 99 51
37 38 159
37 39 65
37 40 183
37 41 168
37 42 85
37 43 117
37 44 137
37 45 62
37 46 38
37 47 132
37 48 82
37 49 190
37 50 165
37 51 186
37 52 188
37 53 75
37 54 26
37 55 5
37 56 59
37 57 164
37 58 93
37 59 188
37 60 36
37 61 125
37 62 151
37 63 0
37 64 157
37 65 170
37 66 115
37 67 19
37 68 142
37 69 183
37 70 88
37 71 111
37 72 200
37 73 82
37 74 116
37 75 42
37 76 24
37 77 162
37 78 189
37 79 91
37 80 136
37 81 92
37 82 161
37 83 88
37 84 4
37 85 156
37 86 120
37 87 91
37 88 75
37 89 173
37 90 127
37 91 20
37 92 93
37 93 36
37 94 82
37 95 166
37 96 183
37 97 174
37 98 100
37 99 21
38 39 180
38 40 199
38 41 75
38 42 99
38 43 143
38 44 9
38 45 23
38 46 9
38 47 32
38 48 86
38 49 31
38 50 89
38 51 175
38 52 153
38 53 143
38 54 2
38 55 181
38 56 19
38 57 173
38 58 105
38 59 88
38 60 20
38 61 56
38 62 56
38 63 57
38 64 161
38 65 115
38 66 47
38 67 193
38 68 83
38 69 89
38 70 32
38 71 39
38 72 26
38 73 14
38 74 47
38 75 41
38 76 196
38 77 177
38 78 156
38 79 114
38 80 39
38 81 31
38 82 196
38 83 30
38 84 163
38 85 91
38 86 128
38 87 99
38 88 15
38 89 199
38 90 123
38 91 170
38 92 165
38 93 12
38 94 180
38 95 167
38 96 18
38 97 141
38 98 49
38 99 29
39 40 106
39 41 1
39 42 136
39 43 139
39 44 167
39 45 92
39 46 3
39 47 118
39 48 51
39 49 184
39 50 95
39 51 66
39 52 175
39 53 166
39 54 24
39 55 101
39 56 128
39 57 176
39 58 192
39 59 0
39 60 171
39 61 154
39 62 3
39 63 78
39 64 56
39 65 10
39 66 77
39 67 116
39 68 188
39 69 47
39 70 136
39 71 20
39 72 166
39 73 164
39 74 46
39 75 151
39 76 43
39 77 200
39 78 94
39 79 154
39 80 200
39 81 127
39 82 70
39 83 112
39 84 174
39 85 73
39 86 122
39 87 156
39 88 92
39 89 152
39 90 82
39 91 53
39 92 159
39 93 89
39 94 6
39 95 63
39 96 156
39 97 116
39 98 122
39 99 166
40 41 83
40 42 59
40 43 193
40 44 83
40 45 24
40 46 137
40 47 169
40 48 78
40 49 158
40 50 192
40 51 125
40 52 56
40 53 145
40 54 5
40 55 88
40 56 34
40 57 170
40 58 145
40 59 141
40 60 58
40 61 172
40 62 63
40 63 94
40 64 28
40 65 19
40 66 69
40 67 139
40 68 80
40 69 32
40 70 198
40 71 41
40 72 70
40 73 75
40 74 83
40 75 127
40 76 167
40 77 153
40 78 7
40 79 181
40 80 53
40 81 10
40 82 124
40 83 161
40 84 153
40 85 86
40 86 161
40 87 133
40 88 51
40 89 184
40 90 162
40 91 136
40 92 18
40 93 105
40 94 138
40 95 80
40 96 168
40 97 92
40 98 199
40 99 137
41 42 42
41 43 117
41 44 33
41 45 151
41 46 194
41 47 52
41 48 20
41 49 61
41 50 119
41 51 107
41 52 123
41 53 164
41 54 26
41 55 176
41 56 137
41 57 143
41 58 40
41 59 191
41 60 169
41 61 58
41 62 17
41 63 147
41 64 121
41 65 21
41 66 44
41 67 19
41 68 110
41 69 125
41 70 176
41 71 197
41 72 129
41 73 146
41 74 33
41 75 45
41 76 114
41 77 178
41 78 23
41 79 6
41 80 85
41 81 22
41 82 105
41 83 14
41 84 73
41 85 117
41 86 28
41 87 135
41 88 88
41 89 44
41 90 115
41 91 45
41 92 138
41 93 32
41 94 89
41 95 119
41 96 4
41 97 113
41 98 140
41 99 68
