100 4004
0 1 30
0 2 162
0 3 110
0 4 37
0 5 176
0 6 176
0 7 9
0 8 70
0 9 154
0 10 176
0 11 199
0 12 104
0 13 158
0 14 128
0 15 38
0 16 135
0 17 108
0 18 194
0 19 14
0 20 6
0 21 46
0 22 112
0 23 192
0 24 194
0 25 53
0 26 32
0 27 14
0 28 58
0 29 29
0 30 27
0 31 65
0 32 172
0 33 200
0 34 14
0 35 153
0 36 118
0 37 153
0 38 163
0 39 197
0 40 30
0 41 75
0 42 166
0 43 118
0 44 160
0 45 120
0 46 89
0 47 47
0 48 165
0 49 10
0 50 171
0 51 105
0 52 117
0 53 148
0 54 72
0 55 34
0 56 23
0 57 197
0 58 107
0 59 16
0 60 169
0 61 51
0 62 132
0 63 46
0 64 49
0 65 150
0 66 70
0 67 13
0 68 9
0 69 79
0 70 40
0 71 166
0 72 62
0 73 102
0 74 36
0 75 85
0 76 195
0 77 115
0 78 15
0 79 108
0 80 117
0 81 98
0 82 58
0 83 131
0 84 136
0 85 158
0 86 80
0 87 105
0 88 196
0 89 186
0 90 95
0 91 33
0 92 131
0 93 175
0 94 188
0 95 147
0 96 179
0 97 9
0 98 66
0 99 94
1 2 160
1 3 103
1 4 114
1 5 176
1 6 4
1 7 10
1 8 172
1 9 91
1 10 131
1 11 169
1 12 62
1 13 190
1 14 161
1 15 137
1 16 54
1 17 178
1 18 104
1 19 70
1 20 25
1 21 169
1 22 22
1 23 156
1 24 155
1 25 96
1 26 92
1 27 75
1 28 83
1 29 163
1 30 61
1 31 51
1 32 106
1 33 84
1 34 164
1 35 92
1 36 28
1 37 25
1 38 181
1 39 113
1 40 170
1 41 185
1 42 48
1 43 195
1 44 69
1 45 141
1 46 187
1 47 107
1 48 18
1 49 35
1 50 157
1 51 7
1 52 100
1 53 66
1 54 181
1 55 198
1 56 16
1 57 82
1 58 146
1 59 77
1 60 9
1 61 25
1 62 103
1 63 189
1 64 67
1 65 165
1 66 186
1 67 84
1 68 181
1 69 59
1 70 64
1 71 5
1 72 183
1 73 187
1 74 21
1 75 59
1 76 186
1 77 156
1 78 131
1 79 130
1 80 7
1 81 173
1 82 34
1 83 36
1 84 93
1 85 101
1 86 0
1 87 162
1 88 153
1 89 27
1 90 119
1 91 161
1 92 70
1 93 168
1 94 33
1 95 190
1 96 129
1 97 9
1 98 176
1 99 1
2 3 158
2 4 181
2 5 174
2 6 162
2 7 112
2 8 195
2 9 135
2 10 133
2 11 38
2 12 52
2 13 108
2 14 37
2 15 180
2 16 41
2 17 184
2 18 52
2 19 17
2 20 104
2 21 37
2 22 9
2 23 15
2 24 37
2 25 49
2 26 34
2 27 70
2 28 43
2 29 53
2 30 128
2 31 189
2 32 64
2 33 1
2 34 118
2 35 169
2 36 152
2 37 192
2 38 87
2 39 114
2 40 19
2 41 105
2 42 112
2 43 134
2 44 26
2 45 196
2 46 121
2 47 2
2 48 19
2 49 19
2 50 8
2 51 174
2 52 108
2 53 156
2 54 189
2 55 129
2 56 83
2 57 196
2 58 169
2 59 193
2 60 99
2 61 145
2 62 169
2 63 177
2 64 132
2 65 177
2 66 174
2 67 153
2 68 0
2 69 76
2 70 120
2 71 100
2 72 62
2 73 18
2 74 29
2 75 66
2 76 119
2 77 119
2 78 122
2 79 160
2 80 200
2 81 144
2 82 0
2 83 137
2 84 166
2 85 50
2 86 118
2 87 28
2 88 49
2 89 61
2 90 3
2 91 191
2 92 197
2 93 116
2 94 77
2 95 177
2 96 139
2 97 66
2 98 61
2 99 23
3 4 140
3 5 64
3 6 183
3 7 35
3 8 19
3 9 50
3 10 97
3 11 180
3 12 179
3 13 199
3 14 122
3 15 140
3 16 53
3 17 41
3 18 140
3 19 19
3 20 192
3 21 200
3 22 35
3 23 28
3 24 52
3 25 17
3 26 26
3 27 75
3 28 110
3 29 8
3 30 126
3 31 25
3 32 98
3 33 190
3 34 107
3 35 42
3 36 3
3 37 14
3 38 98
3 39 155
3 40 2
3 41 28
3 42 140
3 43 172
3 44 17
3 45 137
3 46 8
3 47 164
3 48 27
3 49 133
3 50 37
3 51 7
3 52 77
3 53 103
3 54 193
3 55 179
3 56 99
3 57 166
3 58 19
3 59 144
3 60 63
3 61 169
3 62 134
3 63 83
3 64 5
3 65 198
3 66 181
3 67 187
3 68 134
3 69 143
3 70 103
3 71 7
3 72 15
3 73 42
3 74 108
3 75 172
3 76 134
3 77 96
3 78 112
3 79 135
3 80 85
3 81 75
3 82 170
3 83 40
3 84 90
3 85 178
3 86 27
3 87 167
3 88 72
3 89 176
3 90 195
3 91 120
3 92 152
3 93 99
3 94 181
3 95 0
3 96 68
3 97 114
3 98 126
3 99 18
4 5 64
4 6 93
4 7 37
4 8 171
4 9 74
4 10 88
4 11 139
4 12 108
4 13 89
4 14 21
4 15 96
4 16 156
4 17 77
4 18 107
4 19 33
4 20 169
4 21 169
4 22 141
4 23 42
4 24 61
4 25 85
4 26 60
4 27 88
4 28 54
4 29 175
4 30 51
4 31 158
4 32 131
4 33 10
4 34 86
4 35 104
4 36 139
4 37 80
4 38 40
4 39 15
4 40 183
4 41 34
4 42 128
4 43 113
4 44 95
4 45 120
4 46 117
4 47 68
4 48 106
4 49 151
4 50 125
4 51 200
4 52 59
4 53 113
4 54 50
4 55 100
4 56 132
4 57 80
4 58 106
4 59 19
4 60 196
4 61 194
4 62 178
4 63 23
4 64 104
4 65 54
4 66 147
4 67 165
4 68 152
4 69 181
4 70 108
4 71 72
4 72 126
4 73 132
4 74 69
4 75 86
4 76 20
4 77 130
4 78 168
4 79 94
4 80 135
4 81 180
4 82 78
4 83 61
4 84 44
4 85 109
4 86 167
4 87 38
4 88 109
4 89 102
4 90 101
4 91 21
4 92 190
4 93 105
4 94 125
4 95 150
4 96 79
4 97 54
4 98 8
4 99 50
5 6 144
5 7 41
5 8 36
5 9 20
5 10 185
5 11 62
5 12 153
5 13 46
5 14 24
5 15 9
5 16 4
5 17 122
5 18 152
5 19 187
5 20 190
5 21 195
5 22 5
5 23 167
5 24 173
5 25 200
5 26 173
5 27 21
5 28 118
5 29 20
5 30 47
5 31 76
5 32 157
5 33 125
5 34 168
5 35 52
5 36 10
5 37 83
5 38 78
5 39 73
5 40 105
5 41 58
5 42 107
5 43 195
5 44 113
5 45 77
5 46 95
5 47 171
5 48 137
5 49 17
5 50 15
5 51 61
5 52 123
5 53 48
5 54 170
5 55 147
5 56 124
5 57 8
5 58 85
5 59 149
5 60 136
5 61 71
5 62 141
5 63 64
5 64 116
5 65 60
5 66 14
5 67 127
5 68 90
5 69 124
5 70 83
5 71 36
5 72 190
5 73 169
5 74 126
5 75 161
5 76 133
5 77 6
5 78 199
5 79 141
5 80 198
5 81 100
5 82 151
5 83 183
5 84 129
5 85 29
5 86 26
5 87 26
5 88 109
5 89 150
5 90 90
5 91 27
5 92 97
5 93 167
5 94 30
5 95 196
5 96 113
5 97 32
5 98 29
5 99 42
6 7 41
6 8 154
6 9 68
6 10 70
6 11 126
6 12 61
6 13 146
6 14 104
6 15 53
6 16 2
6 17 15
6 18 137
6 19 163
6 20 97
6 21 195
6 22 104
6 23 129
6 24 181
6 25 65
6 26 159
6 27 131
6 28 150
6 29 157
6 30 139
6 31 36
6 32 99
6 33 147
6 34 132
6 35 174
6 36 104
6 37 59
6 38 136
6 39 142
6 40 56
6 41 167
6 42 115
6 43 182
6 44 5
6 45 189
6 46 12
6 47 99
6 48 154
6 49 128
6 50 118
6 51 57
6 52 162
6 53 7
6 54 15
6 55 39
6 56 157
6 57 170
6 58 108
6 59 121
6 60 154
6 61 166
6 62 55
6 63 153
6 64 52
6 65 88
6 66 84
6 67 7
6 68 12
6 69 108
6 70 190
6 71 66
6 72 110
6 73 189
6 74 81
6 75 93
6 76 169
6 77 31
6 78 103
6 79 191
6 80 135
6 81 144
6 82 191
6 83 94
6 84 100
6 85 93
6 86 144
6 87 146
6 88 170
6 89 26
6 90 12
6 91 79
6 92 186
6 93 160
6 94 136
6 95 49
6 96 12
6 97 5
6 98 23
6 99 127
7 8 26
7 9 57
7 10 159
7 11 158
7 12 151
7 13 8
7 14 13
7 15 16
7 16 47
7 17 18
7 18 156
7 19 71
7 20 117
7 21 120
7 22 117
7 23 57
7 24 188
7 25 172
7 26 41
7 27 12
7 28 117
7 29 104
7 30 24
7 31 166
7 32 28
7 33 74
7 34 133
7 35 43
7 36 81
7 37 184
7 38 88
7 39 16
7 40 177
7 41 176
7 42 95
7 43 22
7 44 77
7 45 157
7 46 101
7 47 173
7 48 102
7 49 4
7 50 50
7 51 11
7 52 59
7 53 65
7 54 39
7 55 28
7 56 200
7 57 151
7 58 185
7 59 21
7 60 154
7 61 115
7 62 197
7 63 75
7 64 154
7 65 131
7 66 137
7 67 154
7 68 11
7 69 185
7 70 45
7 71 186
7 72 58
7 73 144
7 74 184
7 75 138
7 76 131
7 77 187
7 78 166
7 79 88
7 80 113
7 81 183
7 82 162
7 83 4
7 84 193
7 85 149
7 86 22
7 87 48
7 88 28
7 89 191
7 90 148
7 91 197
7 92 157
7 93 137
7 94 38
7 95 136
7 96 4
7 97 114
7 98 170
7 99 83
8 9 167
8 10 72
8 11 24
8 12 42
8 13 62
8 14 116
8 15 16
8 16 164
8 17 98
8 18 138
8 19 187
8 20 187
8 21 25
8 22 105
8 23 176
8 24 176
8 25 59
8 26 86
8 27 10
8 28 148
8 29 59
8 30 4
8 31 140
8 32 146
8 33 93
8 34 36
8 35 53
8 36 137
8 37 81
8 38 141
8 39 136
8 40 152
8 41 114
8 42 131
8 43 142
8 44 106
8 45 37
8 46 188
8 47 0
8 48 27
8 49 172
8 50 199
8 51 178
8 52 41
8 53 82
8 54 173
8 55 183
8 56 121
8 57 165
8 58 24
8 59 74
8 60 86
8 61 165
8 62 198
8 63 110
8 64 195
8 65 20
8 66 149
8 67 198
8 68 89
8 69 30
8 70 149
8 71 154
8 72 128
8 73 84
8 74 1
8 75 183
8 76 80
8 77 143
8 78 191
8 79 12
8 80 39
8 81 94
8 82 193
8 83 127
8 84 114
8 85 29
8 86 152
8 87 195
8 88 14
8 89 11
8 90 48
8 91 142
8 92 83
8 93 178
8 94 129
8 95 41
8 96 33
8 97 150
8 98 30
8 99 184
9 10 92
9 11 168
9 12 176
9 13 48
9 14 173
9 15 140
9 16 83
9 17 99
9 18 101
9 19 199
9 20 61
9 21 86
9 22 39
9 23 20
9 24 26
9 25 3
9 26 110
9 27 186
9 28 151
9 29 10
9 30 57
9 31 200
9 32 24
9 33 55
9 34 149
9 35 79
9 36 128
9 37 181
9 38 60
9 39 112
9 40 89
9 41 70
9 42 16
9 43 72
9 44 7
9 45 97
9 46 135
9 47 140
9 48 120
9 49 20
9 50 21
9 51 73
9 52 36
9 53 2
9 54 49
9 55 178
9 56 1
9 57 118
9 58 61
9 59 191
9 60 196
9 61 94
9 62 7
9 63 75
9 64 116
9 65 115
9 66 103
9 67 3
9 68 45
9 69 185
9 70 43
9 71 97
9 72 57
9 73 190
9 74 23
9 75 116
9 76 128
9 77 94
9 78 171
9 79 95
9 80 11
9 81 192
9 82 33
9 83 52
9 84 37
9 85 189
9 86 142
9 87 180
9 88 80
9 89 116
9 90 70
9 91 29
9 92 30
9 93 157
9 94 124
9 95 90
9 96 84
9 97 155
9 98 11
9 99 16
10 11 18
10 12 11
10 13 64
10 14 15
10 15 44
10 16 171
10 17 7
10 18 113
10 19 20
10 20 98
10 21 109
10 22 193
10 23 173
10 24 110
10 25 30
10 26 110
10 27 168
10 28 179
10 29 64
10 30 75
10 31 52
10 32 185
10 33 100
10 34 88
10 35 163
10 36 183
10 37 158
10 38 96
10 39 8
10 40 55
10 41 166
10 42 171
10 43 44
10 44 13
10 45 198
10 46 81
10 47 85
10 48 110
10 49 98
10 50 36
10 51 140
10 52 121
10 53 58
10 54 172
10 55 60
10 56 89
10 57 79
10 58 140
10 59 23
10 60 164
10 61 159
10 62 61
10 63 147
10 64 19
10 65 189
10 66 119
10 67 93
10 68 189
10 69 176
10 70 168
10 71 53
10 72 73
10 73 90
10 74 137
10 75 154
10 76 33
10 77 195
10 78 96
10 79 74
10 80 173
10 81 37
10 82 52
10 83 185
10 84 32
10 85 136
10 86 102
10 87 180
10 88 70
10 89 147
10 90 28
10 91 13
10 92 98
10 93 189
10 94 183
10 95 30
10 96 34
10 97 42
10 98 52
10 99 106
11 12 75
11 13 67
11 14 77
11 15 161
11 16 134
11 17 83
11 18 120
11 19 181
11 20 32
11 21 113
11 22 154
11 23 1
11 24 63
11 25 105
11 26 41
11 27 136
11 28 20
11 29 105
11 30 66
11 31 19
11 32 67
11 33 44
11 34 91
11 35 141
11 36 25
11 37 45
11 38 165
11 39 145
11 40 148
11 41 49
11 42 179
11 43 37
11 44 3
11 45 32
11 46 6
11 47 68
11 48 154
11 49 191
11 50 170
11 51 122
11 52 110
11 53 81
11 54 38
11 55 39
11 56 164
11 57 42
11 58 169
11 59 12
11 60 29
11 61 117
11 62 135
11 63 156
11 64 146
11 65 100
11 66 190
11 67 182
11 68 18
11 69 159
11 70 191
11 71 200
11 72 14
11 73 72
11 74 133
11 75 116
11 76 129
11 77 64
11 78 65
11 79 26
11 80 131
11 81 160
11 82 15
11 83 59
11 84 82
11 85 3
11 86 171
11 87 114
11 88 23
11 89 168
11 90 171
11 91 169
11 92 186
11 93 90
11 94 21
11 95 85
11 96 18
11 97 17
11 98 171
11 99 57
12 13 10
12 14 70
12 15 199
12 16 79
12 17 80
12 18 88
12 19 138
12 20 18
12 21 156
12 22 110
12 23 187
12 24 41
12 25 154
12 26 135
12 27 188
12 28 49
12 29 193
12 30 68
12 31 178
12 32 0
12 33 112
12 34 111
12 35 122
12 36 113
12 37 105
12 38 176
12 39 75
12 40 110
12 41 93
12 42 36
12 43 114
12 44 162
12 45 70
12 46 199
12 47 29
12 48 23
12 49 190
12 50 171
12 51 101
12 52 76
12 53 51
12 54 49
12 55 164
12 56 128
12 57 29
12 58 131
12 59 187
12 60 60
12 61 115
12 62 166
12 63 36
12 64 154
12 65 69
12 66 166
12 67 5
12 68 151
12 69 156
12 70 63
12 71 80
12 72 144
12 73 117
12 74 193
12 75 163
12 76 135
12 77 120
12 78 172
12 79 29
12 80 3
12 81 139
12 82 23
12 83 2
12 84 73
12 85 4
12 86 163
12 87 54
12 88 79
12 89 85
12 90 129
12 91 106
12 92 178
12 93 197
12 94 64
12 95 38
12 96 1
12 97 158
12 98 57
12 99 66
13 14 10
13 15 141
13 16 86
13 17 86
13 18 80
13 19 17
13 20 108
13 21 97
13 22 56
13 23 151
13 24 75
13 25 132
13 26 153
13 27 151
13 28 14
13 29 48
13 30 190
13 31 15
13 32 35
13 33 10
13 34 126
13 35 162
13 36 17
13 37 13
13 38 3
13 39 182
13 40 182
13 41 97
13 42 18
13 43 72
13 44 98
13 45 163
13 46 145
13 47 149
13 48 56
13 49 181
13 50 41
13 51 105
13 52 103
13 53 124
13 54 41
13 55 185
13 56 123
13 57 200
13 58 137
13 59 117
13 60 100
13 61 53
13 62 126
13 63 169
13 64 50
13 65 147
13 66 89
13 67 63
13 68 31
13 69 132
13 70 60
13 71 34
13 72 199
13 73 1
13 74 88
13 75 50
13 76 162
13 77 17
13 78 58
13 79 132
13 80 60
13 81 133
13 82 120
13 83 133
13 84 41
13 85 137
13 86 166
13 87 116
13 88 123
13 89 54
13 90 33
13 91 91
13 92 80
13 93 14
13 94 160
13 95 150
13 96 35
13 97 92
13 98 182
13 99 130
14 15 62
14 16 195
14 17 132
14 18 24
14 19 123
14 20 198
14 21 144
14 22 51
14 23 198
14 24 96
14 25 95
14 26 64
14 27 138
14 28 49
14 29 10
14 30 183
14 31 56
14 32 76
14 33 199
14 34 78
14 35 56
14 36 86
14 37 90
14 38 148
14 39 119
14 40 114
14 41 72
14 42 183
14 43 163
14 44 102
14 45 117
14 46 156
14 47 46
14 48 147
14 49 57
14 50 142
14 51 108
14 52 191
14 53 130
14 54 49
14 55 139
14 56 65
14 57 13
14 58 26
14 59 91
14 60 13
14 61 62
14 62 61
14 63 89
14 64 163
14 65 126
14 66 119
14 67 143
14 68 138
14 69 100
14 70 175
14 71 68
14 72 22
14 73 38
14 74 13
14 75 14
14 76 136
14 77 190
14 78 165
14 79 191
14 80 56
14 81 7
14 82 156
14 83 31
14 84 184
14 85 97
14 86 49
14 87 177
14 88 144
14 89 35
14 90 89
14 91 149
14 92 33
14 93 98
14 94 112
14 95 95
14 96 49
14 97 45
14 98 93
14 99 137
15 16 166
15 17 6
15 18 22
15 19 184
15 20 71
15 21 6
15 22 103
15 23 196
15 24 73
15 25 70
15 26 184
15 27 76
15 28 99
15 29 20
15 30 195
15 31 17
15 32 3
15 33 155
15 34 52
15 35 157
15 36 121
15 37 112
15 38 144
15 39 17
15 40 129
15 41 18
15 42 48
15 43 150
15 44 172
15 45 78
15 46 191
15 47 129
15 48 185
15 49 158
15 50 124
15 51 168
15 52 147
15 53 25
15 54 55
15 55 118
15 56 44
15 57 115
15 58 193
15 59 60
15 60 16
15 61 157
15 62 83
15 63 73
15 64 6
15 65 195
15 66 105
15 67 120
15 68 166
15 69 13
15 70 100
15 71 87
15 72 33
15 73 43
15 74 133
15 75 122
15 76 161
15 77 186
15 78 0
15 79 19
15 80 154
15 81 71
15 82 121
15 83 16
15 84 8
15 85 162
15 86 196
15 87 200
15 88 3
15 89 2
15 90 176
15 91 79
15 92 17
15 93 173
15 94 33
15 95 54
15 96 114
15 97 143
15 98 110
15 99 97
16 17 173
16 18 141
16 19 52
16 20 128
16 21 79
16 22 172
16 23 6
16 24 22
16 25 126
16 26 131
16 27 1
16 28 102
16 29 2
16 30 46
16 31 132
16 32 41
16 33 185
16 34 146
16 35 59
16 36 121
16 37 123
16 38 37
16 39 43
16 40 192
16 41 162
16 42 25
16 43 183
16 44 141
16 45 28
16 46 193
16 47 131
16 48 165
16 49 110
16 50 4
16 51 176
16 52 183
16 53 125
16 54 19
16 55 10
16 56 61
16 57 181
16 58 26
16 59 0
16 60 133
16 61 30
16 62 30
16 63 46
16 64 94
16 65 66
16 66 65
16 67 173
16 68 36
16 69 167
16 70 59
16 71 85
16 72 143
16 73 194
16 74 199
16 75 177
16 76 122
16 77 8
16 78 170
16 79 64
16 80 57
16 81 136
16 82 130
16 83 130
16 84 12
16 85 160
16 86 91
16 87 182
16 88 54
16 89 40
16 90 177
16 91 93
16 92 86
16 93 129
16 94 162
16 95 43
16 96 129
16 97 157
16 98 184
16 99 159
17 18 128
17 19 47
17 20 166
17 21 178
17 22 24
17 23 190
17 24 79
17 25 45
17 26 80
17 27 54
17 28 51
17 29 186
17 30 62
17 31 175
17 32 138
17 33 138
17 34 58
17 35 91
17 36 137
17 37 161
17 38 171
17 39 21
17 40 40
17 41 85
17 42 69
17 43 0
17 44 197
17 45 40
17 46 177
17 47 56
17 48 24
17 49 40
17 50 185
17 51 186
17 52 73
17 53 1
17 54 25
17 55 183
17 56 33
17 57 177
17 58 79
17 59 155
17 60 58
17 61 70
17 62 65
17 63 95
17 64 2
17 65 30
17 66 44
17 67 147
17 68 1
17 69 39
17 70 74
17 71 137
17 72 194
17 73 66
17 74 33
17 75 52
17 76 76
17 77 155
17 78 200
17 79 145
17 80 151
17 81 191
17 82 159
17 83 15
17 84 132
17 85 57
17 86 125
17 87 108
17 88 71
17 89 75
17 90 169
17 91 4
17 92 12
17 93 153
17 94 151
17 95 187
17 96 93
17 97 164
17 98 80
17 99 143
18 19 151
18 20 152
18 21 25
18 22 126
18 23 98
18 24 196
18 25 73
18 26 17
18 27 196
18 28 68
18 29 125
18 30 50
18 31 6
18 32 99
18 33 159
18 34 77
18 35 111
18 36 33
18 37 95
18 38 62
18 39 128
18 40 194
18 41 198
18 42 172
18 43 118
18 44 162
18 45 71
18 46 176
18 47 128
18 48 72
18 49 32
18 50 134
18 51 13
18 52 26
18 53 52
18 54 72
18 55 97
18 56 142
18 57 149
18 58 174
18 59 199
18 60 13
18 61 190
18 62 55
18 63 8
18 64 60
18 65 11
18 66 122
18 67 50
18 68 111
18 69 29
18 70 145
18 71 101
18 72 53
18 73 58
18 74 44
18 75 49
18 76 147
18 77 10
18 78 61
18 79 176
18 80 21
18 81 98
18 82 180
18 83 143
18 84 11
18 85 82
18 86 108
18 87 0
18 88 194
18 89 145
18 90 11
18 91 200
18 92 158
18 93 71
18 94 133
18 95 47
18 96 10
18 97 67
18 98 34
18 99 112
19 20 173
19 21 140
19 22 98
19 23 112
19 24 61
19 25 126
19 26 103
19 27 148
19 28 57
19 29 118
19 30 18
19 31 178
19 32 199
19 33 7
19 34 137
19 35 61
19 36 165
19 37 96
19 38 40
19 39 178
19 40 127
19 41 192
19 42 120
19 43 71
19 44 38
19 45 27
19 46 129
19 47 10
19 48 143
19 49 21
19 50 90
19 51 130
19 52 131
19 53 16
19 54 136
19 55 166
19 56 99
19 57 76
19 58 121
19 59 49
19 60 1
19 61 82
19 62 18
19 63 108
19 64 52
19 65 129
19 66 196
19 67 160
19 68 78
19 69 67
19 70 72
19 71 199
19 72 182
19 73 7
19 74 138
19 75 157
19 76 66
19 77 96
19 78 58
19 79 39
19 80 31
19 81 30
19 82 150
19 83 126
19 84 71
19 85 138
19 86 141
19 87 125
19 88 30
19 89 195
19 90 59
19 91 169
19 92 78
19 93 32
19 94 61
19 95 43
19 96 31
19 97 159
19 98 149
19 99 127
20 21 1
20 22 41
20 23 196
20 24 119
20 25 4
20 26 189
20 27 59
20 28 56
20 29 37
20 30 173
20 31 108
20 32 68
20 33 18
20 34 172
20 35 40
20 36 37
20 37 73
20 38 137
20 39 72
20 40 144
20 41 90
20 42 10
20 43 60
20 44 134
20 45 50
20 46 59
20 47 62
20 48 163
20 49 23
20 50 125
20 51 119
20 52 194
20 53 8
20 54 164
20 55 126
20 56 130
20 57 45
20 58 81
20 59 169
20 60 146
20 61 47
20 62 34
20 63 70
20 64 7
20 65 41
20 66 91
20 67 148
20 68 90
20 69 7
20 70 75
20 71 187
20 72 149
20 73 22
20 74 35
20 75 107
20 76 35
20 77 40
20 78 73
20 79 51
20 80 15
20 81 139
20 82 56
20 83 174
20 84 45
20 85 111
20 86 172
20 87 162
20 88 41
20 89 164
20 90 136
20 91 90
20 92 188
20 93 38
20 94 82
20 95 105
20 96 30
20 97 60
20 98 91
20 99 133
21 22 176
21 23 64
21 24 75
21 25 61
21 26 74
21 27 12
21 28 154
21 29 136
21 30 187
21 31 43
21 32 184
21 33 20
21 34 147
21 35 105
21 36 72
21 37 3
21 38 42
21 39 184
21 40 190
21 41 74
21 42 78
21 43 128
21 44 172
21 45 151
21 46 111
21 47 98
21 48 84
21 49 1
21 50 74
21 51 129
21 52 110
21 53 106
21 54 25
21 55 57
21 56 20
21 57 161
21 58 175
21 59 2
21 60 163
21 61 111
21 62 43
21 63 145
21 64 61
21 65 173
21 66 154
21 67 160
21 68 30
21 69 34
21 70 129
21 71 25
21 72 114
21 73 9
21 74 69
21 75 96
21 76 7
21 77 146
21 78 34
21 79 3
21 80 27
21 81 121
21 82 171
21 83 140
21 84 62
21 85 21
21 86 66
21 87 21
21 88 31
21 89 24
21 90 180
21 91 122
21 92 175
21 93 116
21 94 47
21 95 129
21 96 0
21 97 107
21 98 58
21 99 115
22 23 169
22 24 62
22 25 93
22 26 179
22 27 150
22 28 27
22 29 189
22 30 96
22 31 86
22 32 9
22 33 100
22 34 63
22 35 53
22 36 105
22 37 127
22 38 78
22 39 36
22 40 165
22 41 17
22 42 37
22 43 173
22 44 127
22 45 66
22 46 150
22 47 140
22 48 49
22 49 16
22 50 62
22 51 70
22 52 86
22 53 87
22 54 166
22 55 146
22 56 77
22 57 187
22 58 26
22 59 28
22 60 155
22 61 121
22 62 12
22 63 48
22 64 6
22 65 67
22 66 198
22 67 118
22 68 192
22 69 136
22 70 74
22 71 115
22 72 193
22 73 61
22 74 39
22 75 23
22 76 196
22 77 37
22 78 162
22 79 28
22 80 179
22 81 17
22 82 52
22 83 43
22 84 12
22 85 103
22 86 117
22 87 60
22 88 152
22 89 115
22 90 176
22 91 12
22 92 180
22 93 71
22 94 77
22 95 67
22 96 134
22 97 119
22 98 80
22 99 134
23 24 194
23 25 85
23 26 38
23 27 33
23 28 143
23 29 179
23 30 88
23 31 50
23 32 17
23 33 120
23 34 25
23 35 3
23 36 8
23 37 47
23 38 119
23 39 31
23 40 150
23 41 192
23 42 115
23 43 167
23 44 5
23 45 88
23 46 175
23 47 21
23 48 160
23 49 164
23 50 48
23 51 46
23 52 159
23 53 173
23 54 112
23 55 134
23 56 166
23 57 121
23 58 3
23 59 169
23 60 166
23 61 81
23 62 3
23 63 37
23 64 1
23 65 160
23 66 120
23 67 102
23 68 144
23 69 80
23 70 53
23 71 74
23 72 156
23 73 57
23 74 42
23 75 58
23 76 85
23 77 178
23 78 42
23 79 12
23 80 44
23 81 23
23 82 43
23 83 62
23 84 94
23 85 122
23 86 49
23 87 128
23 88 154
23 89 47
23 90 64
23 91 149
23 92 124
23 93 160
23 94 189
23 95 103
23 96 63
23 97 116
23 98 53
23 99 103
24 25 120
24 26 1
24 27 192
24 28 117
24 29 141
24 30 136
24 31 145
24 32 84
24 33 24
24 34 124
24 35 95
24 36 10
24 37 79
24 38 50
24 39 1
24 40 107
24 41 48
24 42 47
24 43 153
24 44 164
24 45 176
24 46 134
24 47 19
24 48 5
24 49 58
24 50 6
24 51 99
24 52 171
24 53 133
24 54 61
24 55 162
24 56 179
24 57 93
24 58 96
24 59 192
24 60 185
24 61 36
24 62 100
24 63 155
24 64 195
24 65 93
24 66 125
24 67 105
24 68 84
24 69 157
24 70 200
24 71 89
24 72 184
24 73 117
24 74 2
24 75 105
24 76 118
24 77 87
24 78 66
24 79 172
24 80 148
24 81 141
24 82 117
24 83 37
24 84 164
24 85 124
24 86 146
24 87 133
24 88 78
24 89 186
24 90 23
24 91 55
24 92 121
24 93 120
24 94 85
24 95 104
24 96 176
24 97 192
24 98 82
24 99 159
25 26 146
25 27 59
25 28 158
25 29 49
25 30 124
25 31 60
25 32 121
25 33 150
25 34 194
25 35 47
25 36 139
25 37 64
25 38 75
25 39 143
25 40 7
25 41 165
25 42 175
25 43 196
25 44 90
25 45 45
25 46 94
25 47 102
25 48 158
25 49 128
25 50 7
25 51 49
25 52 134
25 53 40
25 54 97
25 55 98
25 56 138
25 57 147
25 58 171
25 59 30
25 60 110
25 61 160
25 62 20
25 63 121
25 64 32
25 65 194
25 66 194
25 67 182
25 68 157
25 69 179
25 70 169
25 71 135
25 72 135
25 73 24
25 74 66
25 75 130
25 76 66
25 77 164
25 78 131
25 79 6
25 80 93
25 81 77
25 82 197
25 83 7
25 84 150
25 85 55
25 86 15
25 87 144
25 88 120
25 89 57
25 90 117
25 91 68
25 92 196
25 93 137
25 94 67
25 95 137
25 96 58
25 97 40
25 98 21
25 99 88
26 27 175
26 28 122
26 29 168
26 30 156
26 31 38
26 32 2
26 33 32
26 34 39
26 35 0
26 36 97
26 37 129
26 38 178
26 39 113
26 40 157
26 41 92
26 42 72
26 43 158
26 44 158
26 45 35
26 46 25
26 47 99
26 48 108
26 49 118
26 50 3
26 51 90
26 52 46
26 53 189
26 54 14
26 55 181
26 56 0
26 57 167
26 58 190
26 59 23
26 60 147
26 61 15
26 62 57
26 63 187
26 64 94
26 65 76
26 66 111
26 67 30
26 68 121
26 69 75
26 70 188
26 71 144
26 72 45
26 73 99
26 74 185
26 75 148
26 76 183
26 77 74
26 78 147
26 79 63
26 80 133
26 81 174
26 82 179
26 83 161
26 84 7
26 85 123
26 86 125
26 87 47
26 88 89
26 89 105
26 90 94
26 91 102
26 92 19
26 93 90
26 94 69
26 95 77
26 96 38
26 97 41
26 98 194
26 99 118
27 28 24
27 29 19
27 30 116
27 31 183
27 32 49
27 33 92
27 34 190
27 35 30
27 36 26
27 37 1
27 38 34
27 39 192
27 40 72
27 41 117
27 42 13
27 43 33
27 44 130
27 45 192
27 46 9
27 47 64
27 48 180
27 49 96
27 50 97
27 51 25
27 52 56
27 53 72
27 54 64
27 55 68
27 56 78
27 57 152
27 58 164
27 59 105
27 60 106
27 61 50
27 62 95
27 63 25
27 64 167
27 65 176
27 66 4
27 67 116
27 68 120
27 69 103
27 70 166
27 71 43
27 72 88
27 73 175
27 74 188
27 75 156
27 76 30
27 77 160
27 78 13
27 79 79
27 80 172
27 81 27
27 82 120
27 83 74
27 84 169
27 85 105
27 86 110
27 87 137
27 88 39
27 89 164
27 90 38
27 91 71
27 92 99
27 93 98
27 94 19
27 95 79
27 96 98
27 97 140
27 98 154
27 99 82
28 29 47
28 30 200
28 31 30
28 32 71
28 33 44
28 34 108
28 35 192
28 36 108
28 37 61
28 38 165
28 39 10
28 40 129
28 41 75
28 42 117
28 43 152
28 44 188
28 45 153
28 46 188
28 47 15
28 48 69
28 49 176
28 50 96
28 51 121
28 52 144
28 53 51
28 54 68
28 55 165
28 56 171
28 57 58
28 58 130
28 59 86
28 60 171
28 61 164
28 62 86
28 63 34
28 64 116
28 65 47
28 66 142
28 67 75
28 68 154
28 69 38
28 70 194
28 71 21
28 72 31
28 73 196
28 74 164
28 75 90
28 76 89
28 77 20
28 78 71
28 79 125
28 80 156
28 81 62
28 82 155
28 83 60
28 84 175
28 85 127
28 86 146
28 87 104
28 88 173
28 89 157
28 90 153
28 91 81
28 92 144
28 93 51
28 94 94
28 95 30
28 96 110
28 97 136
28 98 64
28 99 148
29 30 80
29 31 107
29 32 6
29 33 106
29 34 178
29 35 181
29 36 6
29 37 138
29 38 26
29 39 130
29 40 68
29 41 175
29 42 65
29 43 16
29 44 177
29 45 96
29 46 75
29 47 71
29 48 102
29 49 122
29 50 54
29 51 48
29 52 76
29 53 155
29 54 152
29 55 163
29 56 175
29 57 78
29 58 17
29 59 147
29 60 102
29 61 197
29 62 193
29 63 82
29 64 159
29 65 36
29 66 75
29 67 64
29 68 141
29 69 135
29 70 116
29 71 13
29 72 106
29 73 37
29 74 123
29 75 169
29 76 14
29 77 141
29 78 157
29 79 140
29 80 158
29 81 72
29 82 155
29 83 26
29 84 180
29 85 21
29 86 147
29 87 179
29 88 40
29 89 198
29 90 105
29 91 152
29 92 117
29 93 52
29 94 40
29 95 14
29 96 52
29 97 27
29 98 36
29 99 132
30 31 66
30 32 16
30 33 28
30 34 145
30 35 119
30 36 65
30 37 123
30 38 192
30 39 39
30 40 187
30 41 16
30 42 104
30 43 35
30 44 126
30 45 55
30 46 57
30 47 103
30 48 171
30 49 24
30 50 152
30 51 171
30 52 189
30 53 111
30 54 101
30 55 29
30 56 59
30 57 92
30 58 11
30 59 165
30 60 124
30 61 111
30 62 54
30 63 68
30 64 32
30 65 129
30 66 108
30 67 185
30 68 29
30 69 34
30 70 16
30 71 191
30 72 35
30 73 3
30 74 134
30 75 47
30 76 175
30 77 39
30 78 197
30 79 140
30 80 10
30 81 166
30 82 135
30 83 65
30 84 46
30 85 70
30 86 139
30 87 61
30 88 9
30 89 22
30 90 155
30 91 38
30 92 156
30 93 65
30 94 9
30 95 168
30 96 89
30 97 178
30 98 143
30 99 173
31 32 33
31 33 64
31 34 185
31 35 152
31 36 17
31 37 22
31 38 36
31 39 76
31 40 21
31 41 183
31 42 2
31 43 129
31 44 98
31 45 25
31 46 71
31 47 43
31 48 63
31 49 34
31 50 92
31 51 182
31 52 31
31 53 81
31 54 76
31 55 78
31 56 89
31 57 4
31 58 41
31 59 46
31 60 67
31 61 133
31 62 198
31 63 10
31 64 81
31 65 175
31 66 68
31 67 56
31 68 41
31 69 184
31 70 192
31 71 25
31 72 26
31 73 194
31 74 70
31 75 154
31 76 30
31 77 148
31 78 179
31 79 23
31 80 144
31 81 65
31 82 156
31 83 14
31 84 17
31 85 118
31 86 82
31 87 139
31 88 113
31 89 16
31 90 181
31 91 116
31 92 135
31 93 9
31 94 118
31 95 61
31 96 153
31 97 0
31 98 125
31 99 132
32 33 57
32 34 17
32 35 30
32 36 40
32 37 158
32 38 176
32 39 48
32 40 14
32 41 61
32 42 100
32 43 114
32 44 61
32 45 62
32 46 21
32 47 144
32 48 22
32 49 69
32 50 95
32 51 87
32 52 128
32 53 26
32 54 95
32 55 161
32 56 199
32 57 149
32 58 37
32 59 1
32 60 189
32 61 108
32 62 18
32 63 169
32 64 185
32 65 90
32 66 44
32 67 64
32 68 88
32 69 143
32 70 170
32 71 156
32 72 133
32 73 62
32 74 93
32 75 102
32 76 113
32 77 125
32 78 109
32 79 101
32 80 127
32 81 24
32 82 81
32 83 148
32 84 119
32 85 70
32 86 22
32 87 97
32 88 94
32 89 186
32 90 10
32 91 134
32 92 169
32 93 16
32 94 109
32 95 189
32 96 93
32 97 115
32 98 83
32 99 32
33 34 46
33 35 17
33 36 50
33 37 115
33 38 91
33 39 184
33 40 111
33 41 31
33 42 65
33 43 10
33 44 48
33 45 32
33 46 150
33 47 197
33 48 112
33 49 165
33 50 137
33 51 12
33 52 71
33 53 200
33 54 193
33 55 152
33 56 162
33 57 165
33 58 152
33 59 6
33 60 177
33 61 36
33 62 149
33 63 169
33 64 129
33 65 154
33 66 112
33 67 23
33 68 172
33 69 71
33 70 144
33 71 172
33 72 13
33 73 36
33 74 106
33 75 136
33 76 1
33 77 166
33 78 20
33 79 107
33 80 125
33 81 37
33 82 14
33 83 146
33 84 142
33 85 7
33 86 174
33 87 128
33 88 4
33 89 140
33 90 117
33 91 152
33 92 181
33 93 88
33 94 149
33 95 18
33 96 61
33 97 165
33 98 176
33 99 139
34 35 174
34 36 21
34 37 110
34 38 80
34 39 85
34 40 137
34 41 69
34 42 134
34 43 7
34 44 180
34 45 6
34 46 165
34 47 7
34 48 6
34 49 13
34 50 80
34 51 138
34 52 86
34 53 38
34 54 46
34 55 96
34 56 128
34 57 160
34 58 172
34 59 66
34 60 191
34 61 106
34 62 61
34 63 0
34 64 190
34 65 46
34 66 172
34 67 48
34 68 98
34 69 24
34 70 79
34 71 21
34 72 7
34 73 78
34 74 121
34 75 185
34 76 82
34 77 20
34 78 21
34 79 48
34 80 146
34 81 192
34 82 171
34 83 179
34 84 149
34 85 193
34 86 169
34 87 108
34 88 1
34 89 75
34 90 154
34 91 4
34 92 155
34 93 78
34 94 193
34 95 28
34 96 0
34 97 156
34 98 22
34 99 42
35 36 98
35 37 26
35 38 83
35 39 42
35 40 91
35 41 187
35 42 141
35 43 192
35 44 25
35 45 34
35 46 118
35 47 119
35 48 17
35 49 71
35 50 83
35 51 161
35 52 11
35 53 159
35 54 187
35 55 152
35 56 67
35 57 81
35 58 130
35 59 198
35 60 16
35 61 185
35 62 99
35 63 144
35 64 178
35 65 75
35 66 131
35 67 69
35 68 123
35 69 115
35 70 124
35 71 159
35 72 106
35 73 140
35 74 134
35 75 34
35 76 80
35 77 45
35 78 147
35 79 153
35 80 164
35 81 161
35 82 50
35 83 131
35 84 54
35 85 63
35 86 130
35 87 106
35 88 172
35 89 16
35 90 116
35 91 111
35 92 60
35 93 180
35 94 60
35 95 76
35 96 59
35 97 74
35 98 193
35 99 152
36 37 158
36 38 81
36 39 91
36 40 4
36 41 199
36 42 96
36 43 74
36 44 95
36 45 98
36 46 81
36 47 109
36 48 110
36 49 124
36 50 174
36 51 66
36 52 24
36 53 67
36 54 144
36 55 44
36 56 118
36 57 67
36 58 118
36 59 18
36 60 43
36 61 17
36 62 127
36 63 153
36 64 196
36 65 59
36 66 53
36 67 97
36 68 145
36 69 133
36 70 187
36 71 131
36 72 88
36 73 124
36 74 130
36 75 190
36 76 73
36 77 104
36 78 165
36 79 16
36 80 199
36 81 65
36 82 36
36 83 111
36 84 19
36 85 10
36 86 36
36 87 29
36 88 5
36 89 50
36 90 98
36 91 137
36 92 52
36 93 155
36 94 47
36 95 105
36 96 117
36 97 50
36 98 0
36 99 150
37 38 165
37 39 197
37 40 110
37 41 38
37 42 13
37 43 21
37 44 28
37 45 9
37 46 30
37 47 81
37 48 66
37 49 26
37 50 37
37 51 101
37 52 63
37 53 24
37 54 7
37 55 174
37 56 175
37 57 130
37 58 100
37 59 150
37 60 59
37 61 159
37 62 199
37 63 136
37 64 35
37 65 61
37 66 97
37 67 97
37 68 49
37 69 5
37 70 60
37 71 6
37 72 175
37 73 173
37 74 171
37 75 188
37 76 194
37 77 15
37 78 195
37 79 19
37 80 35
37 81 66
37 82 65
37 83 40
37 84 53
37 85 175
37 86 60
37 87 181
37 88 152
37 89 191
37 90 3
37 91 123
37 92 155
37 93 189
37 94 184
37 95 0
37 96 70
37 97 22
37 98 25
37 99 62
38 39 170
38 40 63
38 41 18
38 42 133
38 43 40
38 44 80
38 45 199
38 46 93
38 47 67
38 48 178
38 49 145
38 50 14
38 51 91
38 52 53
38 53 118
38 54 27
38 55 16
38 56 21
38 57 182
38 58 96
38 59 82
38 60 59
38 61 155
38 62 134
38 63 106
38 64 38
38 65 150
38 66 20
38 67 113
38 68 196
38 69 141
38 70 177
38 71 166
38 72 190
38 73 175
38 74 35
38 75 44
38 76 153
38 77 109
38 78 71
38 79 193
38 80 41
38 81 4
38 82 118
38 83 123
38 84 73
38 85 185
38 86 117
38 87 28
38 88 54
38 89 53
38 90 153
38 91 23
38 92 155
38 93 20
38 94 99
38 95 89
38 96 146
38 97 121
38 98 98
38 99 2
39 40 87
39 41 142
39 42 45
39 43 79
39 44 197
39 45 6
39 46 4
39 47 113
39 48 176
39 49 188
39 50 4
39 51 167
39 52 66
39 53 38
39 54 141
39 55 63
39 56 168
39 57 92
39 58 130
39 59 60
39 60 47
39 61 186
39 62 33
39 63 23
39 64 52
39 65 123
39 66 2
39 67 192
39 68 89
39 69 167
39 70 32
39 71 171
39 72 128
39 73 9
39 74 97
39 75 61
39 76 16
39 77 40
39 78 188
39 79 88
39 80 196
39 81 31
39 82 187
39 83 57
39 84 94
39 85 198
39 86 71
39 87 55
39 88 55
39 89 55
39 90 7
39 91 70
39 92 177
39 93 168
39 94 51
39 95 80
39 96 186
39 97 80
39 98 164
39 99 43
40 41 74
40 42 68
40 43 33
40 44 88
40 45 35
40 46 4
40 47 39
40 48 42
40 49 47
40 50 48
40 51 21
40 52 152
40 53 132
40 54 183
40 55 17
40 56 24
40 57 73
40 58 47
40 59 112
40 60 116
40 61 101
40 62 181
40 63 132
40 64 55
40 65 176
40 66 163
40 67 122
40 68 51
40 69 8
40 70 186
40 71 168
40 72 95
40 73 119
40 74 95
40 75 149
40 76 123
40 77 120
40 78 170
40 79 107
40 80 150
40 81 119
40 82 132
40 83 197
40 84 152
40 85 68
40 86 0
40 87 66
40 88 101
40 89 166
40 90 150
40 91 188
40 92 134
40 93 71
40 94 194
40 95 103
40 96 52
40 97 151
40 98 34
40 99 162
41 42 80
41 43 35
41 44 92
41 45 166
41 46 38
41 47 24
41 48 58
41 49 158
41 50 116
41 51 37
41 52 45
41 53 22
41 54 164
41 55 89
41 56 154
41 57 17
41 58 3
41 59 94
41 60 65
41 61 56
41 62 59
41 63 140
41 64 140
41 65 133
41 66 103
41 67 110
41 68 121
41 69 78
41 70 154
41 71 180
41 72 82
41 73 41
41 74 153
41 75 66
41 76 138
41 77 174
41 78 66
41 79 113
41 80 40
41 81 176
41 82 124
41 83 181
41 84 40
41 85 149
41 86 196
41 87 39
41 88 122
41 89 84
41 90 100
41 91 147
41 92 164
41 93 141
41 94 27
41 95 177
41 96 151
41 97 120
41 98 191
41 99 157
42 43 24
42 44 151
42 45 131
42 46 184
42 47 158
42 48 7
42 49 25
42 50 146
42 51 56
42 52 156
42 53 88
42 54 92
42 55 91
42 56 69
42 57 16
42 58 16
42 59 142
42 60 127
42 61 81
42 62 195
42 63 75
42 64 193
42 65 13
42 66 172
42 67 36
42 68 114
42 69 183
42 70 167
42 71 123
42 72 190
42 73 138
42 74 196
42 75 58
42 76 28
42 77 196
42 78 195
42 79 37
42 80 77
42 81 23
42 82 65
42 83 146
42 84 172
42 85 180
42 86 158
42 87 130
42 88 10
42 89 138
42 90 129
42 91 61
42 92 163
42 93 133
42 94 172
42 95 34
42 96 74
42 97 124
42 98 155
42 99 195
43 44 74
43 45 134
43 46 43
43 47 179
43 48 163
43 49 36
43 50 106
43 51 12
43 52 109
43 53 113
43 54 57
43 55 112
43 56 178
43 57 24
43 58 100
43 59 108
43 60 190
43 61 83
43 62 200
43 63 196
43 64 38
43 65 159
43 66 155
43 67 161
43 68 106
43 69 7
43 70 198
43 71 19
43 72 75
43 73 143
43 74 50
43 75 38
43 76 145
43 77 88
43 78 152
43 79 23
43 80 39
43 81 7
43 82 100
43 83 58
43 84 182
43 85 173
43 86 145
43 87 120
43 88 163
43 89 50
43 90 172
43 91 133
43 92 119
43 93 98
43 94 104
43 95 45
43 96 0
43 97 139
43 98 9
43 99 82
44 45 71
44 46 139
44 47 164
44 48 198
44 49 64
44 50 168
44 51 184
44 52 83
44 53 49
44 54 163
44 55 56
44 56 17
44 57 196
44 58 146
44 59 183
44 60 192
44 61 98
44 62 189
44 63 52
44 64 172
44 65 134
44 66 20
44 67 21
44 68 161
44 69 111
44 70 181
44 71 190
44 72 94
44 73 57
44 74 167
44 75 117
44 76 18
44 77 66
44 78 62
44 79 151
44 80 64
44 81 22
44 82 54
44 83 166
44 84 194
44 85 45
44 86 94
44 87 198
44 88 58
44 89 106
44 90 21
44 91 92
44 92 194
44 93 107
44 94 3
44 95 55
44 96 141
44 97 4
44 98 162
44 99 125
45 46 90
45 47 2
45 48 72
45 49 110
45 50 4
45 51 197
45 52 139
45 53 49
45 54 120
45 55 143
45 56 92
45 57 31
45 58 81
45 59 28
45 60 44
45 61 89
45 62 91
45 63 28
45 64 33
45 65 23
45 66 56
45 67 56
45 68 109
45 69 0
45 70 166
45 71 20
45 72 36
45 73 25
45 74 119
45 75 53
45 76 165
45 77 102
45 78 50
45 79 3
45 80 51
45 81 134
45 82 98
45 83 10
45 84 36
45 85 105
45 86 13
45 87 158
45 88 8
45 89 107
45 90 118
45 91 11
45 92 60
45 93 60
45 94 171
45 95 117
45 96 151
45 97 193
45 98 26
45 99 124
46 47 123
46 48 25
46 49 59
46 50 97
46 51 51
46 52 179
46 53 17
46 54 130
46 55 146
46 56 178
46 57 193
46 58 14
46 59 33
46 60 43
46 61 45
46 62 78
46 63 58
46 64 175
46 65 41
46 66 90
46 67 69
46 68 129
46 69 12
46 70 144
46 71 183
46 72 117
46 73 8
46 74 168
46 75 155
46 76 132
46 77 120
46 78 57
46 79 0
46 80 85
46 81 58
46 82 151
46 83 59
46 84 186
46 85 76
46 86 155
46 87 95
46 88 76
46 89 73
46 90 42
46 91 108
46 92 20
46 93 138
46 94 167
46 95 10
46 96 92
46 97 135
46 98 173
46 99 200
47 48 27
47 49 84
47 50 65
47 51 70
47 52 9
47 53 71
47 54 119
47 55 171
47 56 185
47 57 174
47 58 104
47 59 6
47 60 113
47 61 68
47 62 9
47 63 4
47 64 124
47 65 45
47 66 166
47 67 172
47 68 168
47 69 113
47 70 129
47 71 68
47 72 34
47 73 10
47 74 76
47 75 134
47 76 195
47 77 182
47 78 45
47 79 0
47 80 104
47 81 76
47 82 3
47 83 147
47 84 173
47 85 169
47 86 138
47 87 75
47 88 57
47 89 150
47 90 66
47 91 71
47 92 167
47 93 65
47 94 97
47 95 11
47 96 1
47 97 10
47 98 27
47 99 46
48 49 57
48 50 98
48 51 129
48 52 198
48 53 14
48 54 183
48 55 168
48 56 118
48 57 152
48 58 9
48 59 104
48 60 0
48 61 128
48 62 50
48 63 78
48 64 94
48 65 58
48 66 103
48 67 140
48 68 14
48 69 130
48 70 103
48 71 161
48 72 111
48 73 148
48 74 24
48 75 30
48 76 48
48 77 130
48 78 106
48 79 103
48 80 197
48 81 71
48 82 139
48 83 170
48 84 55
48 85 95
48 86 71
48 87 0
48 88 154
48 89 161
48 90 102
48 91 65
48 92 165
48 93 54
48 94 117
48 95 29
48 96 41
48 97 41
48 98 175
48 99 25
49 50 72
49 51 106
49 52 130
49 53 62
49 54 147
49 55 12
49 56 138
49 57 178
49 58 65
49 59 34
49 60 73
49 61 115
49 62 143
49 63 30
49 64 38
49 65 36
49 66 157
49 67 165
49 68 76
49 69 132
49 70 174
49 71 178
49 72 133
49 73 30
49 74 49
49 75 144
49 76 85
49 77 134
49 78 175
49 79 28
49 80 29
49 81 111
49 82 107
49 83 148
49 84 191
49 85 140
49 86 18
49 87 141
49 88 33
49 89 125
49 90 55
49 91 46
49 92 77
49 93 18
49 94 111
49 95 87
49 96 117
49 97 100
49 98 109
49 99 98
50 51 69
50 52 28
50 53 195
50 54 121
50 55 42
50 56 192
50 57 9
50 58 7
50 59 59
50 60 56
50 61 16
50 62 21
50 63 125
50 64 109
50 65 51
50 66 99
50 67 153
50 68 183
50 69 16
50 70 115
50 71 121
50 72 102
50 73 11
50 74 48
50 75 99
50 76 144
50 77 24
50 78 89
50 79 140
50 80 164
50 81 193
50 82 64
50 83 135
50 84 104
50 85 84
50 86 7
50 87 168
50 88 50
50 89 147
50 90 120
50 91 193
50 92 4
50 93 5
50 94 154
50 95 171
50 96 189
50 97 154
50 98 150
50 99 200
51 52 76
51 53 114
51 54 102
51 55 112
51 56 60
51 57 131
51 58 107
51 59 79
51 60 7
51 61 128
51 62 61
51 63 190
51 64 28
51 65 63
51 66 65
51 67 43
51 68 71
51 69 185
51 70 112
51 71 157
51 72 163
51 73 185
51 74 78
51 75 80
51 76 29
51 77 14
51 78 165
51 79 91
51 80 52
51 81 57
51 82 64
51 83 158
51 84 106
51 85 166
51 86 116
51 87 130
51 88 187
51 89 26
51 90 12
51 91 196
51 92 47
51 93 115
51 94 18
51 95 129
51 96 146
51 97 50
51 98 75
51 99 93
52 53 22
52 54 105
52 55 136
52 56 125
52 57 52
52 58 109
52 59 61
52 60 136
52 61 108
52 62 76
52 63 158
52 64 29
52 65 198
52 66 197
52 67 105
52 68 160
52 69 75
52 70 102
52 71 98
52 72 197
52 73 170
52 74 135
52 75 134
52 76 134
52 77 164
52 78 8
52 79 36
52 80 2
52 81 110
52 82 117
52 83 135
52 84 154
52 85 81
52 86 63
52 87 200
52 88 28
52 89 88
52 90 61
52 91 96
52 92 165
52 93 80
52 94 151
52 95 98
52 96 48
52 97 181
52 98 50
52 99 102
53 54 35
53 55 119
53 56 21
53 57 149
53 58 170
53 59 85
53 60 105
53 61 158
53 62 165
53 63 28
53 64 177
53 65 21
53 66 92
53 67 180
53 68 29
53 69 73
53 70 140
53 71 128
53 72 163
53 73 7
53 74 15
53 75 32
53 76 46
53 77 139
53 78 148
53 79 141
53 80 92
53 81 176
53 82 21
53 83 52
53 84 33
53 85 6
53 86 18
53 87 58
53 88 9
53 89 54
53 90 106
53 91 33
53 92 161
53 93 75
53 94 89
53 95 98
53 96 95
53 97 25
53 98 138
53 99 90
54 55 46
54 56 61
54 57 95
54 58 129
54 59 72
54 60 180
54 61 83
54 62 178
54 63 108
54 64 60
54 65 177
54 66 65
54 67 124
54 68 100
54 69 21
54 70 43
54 71 123
54 72 24
54 73 182
54 74 135
54 75 104
54 76 71
54 77 105
54 78 141
54 79 126
54 80 8
54 81 25
54 82 198
54 83 193
54 84 78
54 85 170
54 86 172
54 87 122
54 88 174
54 89 135
54 90 197
54 91 131
54 92 43
54 93 109
54 94 19
54 95 48
54 96 3
54 97 30
54 98 109
54 99 32
55 56 13
55 57 128
55 58 140
55 59 179
55 60 131
55 61 50
55 62 79
55 63 89
55 64 44
55 65 63
55 66 173
55 67 25
55 68 198
55 69 169
55 70 3
55 71 144
55 72 134
55 73 1
55 74 34
55 75 92
55 76 33
55 77 28
55 78 9
55 79 126
55 80 195
55 81 135
55 82 136
55 83 179
55 84 85
55 85 39
55 86 127
55 87 157
55 88 78
55 89 7
55 90 36
55 91 105
55 92 84
55 93 78
55 94 141
55 95 193
55 96 129
55 97 140
55 98 46
55 99 153
