300
202 205
94 97
62 65
272 275
277 280
64 67
211 214
69 72
160 163
269 272
254 257
14 17
168 171
96 99
127 130
189 192
91 94
77 80
42 45
80 83
142 145
214 217
104 107
162 165
33 36
123 126
219 222
38 41
78 81
148 151
102 105
2 5
147 150
188 191
270 273
60 63
222 225
4 7
137 140
217 220
286 289
139 142
288 291
248 251
178 181
28 31
154 157
226 229
84 87
253 256
153 156
19 22
93 96
6 9
87 90
282 285
167 170
122 125
11 14
141 144
210 213
68 71
31 34
119 122
15 18
61 64
133 136
98 101
231 234
284 287
65 68
34 37
225 228
79 82
44 47
186 189
230 233
111 114
121 124
115 118
118 121
213 216
29 32
5 8
40 43
112 115
135 138
132 135
266 269
204 207
215 218
49 52
285 288
152 155
238 241
177 180
13 16
175 178
218 221
220 223
242 245
113 116
107 110
234 237
195 198
223 226
47 50
244 247
138 141
258 261
86 89
199 202
246 249
136 139
81 84
194 197
12 15
17 20
22 25
52 55
66 69
106 109
291 294
108 111
198 201
197 200
182 185
184 187
57 60
143 146
262 265
283 286
292 295
32 35
26 29
110 113
276 279
296 299
39 42
164 167
174 177
85 88
114 117
140 143
232 235
156 159
176 179
200 203
89 92
99 102
247 250
298 301
73 76
261 264
46 49
240 243
7 10
145 148
126 129
82 85
271 274
75 78
67 70
216 219
130 133
30 33
228 231
239 242
27 30
70 73
117 120
172 175
21 24
252 255
37 40
161 164
51 54
150 153
120 123
23 26
185 188
9 12
88 91
206 209
35 38
155 158
0 3
103 106
101 104
256 259
59 62
128 131
196 199
241 244
129 132
294 297
208 211
293 296
18 21
260 263
134 137
83 86
149 152
290 293
25 28
264 267
257 260
170 173
109 112
58 61
221 224
203 206
183 186
53 56
144 147
92 95
233 236
50 53
255 258
41 44
187 190
159 162
146 149
191 194
297 300
224 227
229 232
56 59
124 127
151 154
166 169
279 282
179 182
158 161
173 176
265 268
295 298
171 174
74 77
274 277
205 208
201 204
249 252
235 238
289 292
237 240
190 193
16 19
227 230
251 254
209 212
263 266
97 100
8 11
281 284
287 290
63 66
3 6
71 74
250 253
193 196
43 46
116 119
280 283
243 246
212 215
125 128
165 168
105 108
90 93
55 58
95 98
267 270
192 195
268 271
163 166
72 75
169 172
20 23
10 13
299 302
48 51
180 183
273 276
54 57
76 79
100 103
181 184
45 48
24 27
207 210
131 134
1 4
157 160
236 239
36 39
259 262
275 278
245 248
278 281
