710
491 494
276 279
117 120
255 258
556 559
162 165
462 465
189 192
201 204
330 333
359 362
300 303
592 595
6 9
548 551
13 16
96 99
137 140
558 561
233 236
398 401
209 212
672 675
561 564
5 8
42 45
704 707
699 702
455 458
399 402
585 588
532 535
478 481
703 706
71 74
271 274
384 387
277 280
238 241
388 391
367 370
168 171
224 227
496 499
579 582
246 249
10 13
8 11
299 302
560 563
358 361
144 147
343 346
339 342
695 698
511 514
37 40
480 483
153 156
100 103
219 222
349 352
370 373
376 379
686 689
643 646
217 220
182 185
403 406
616 619
166 169
9 12
634 637
544 547
536 539
284 287
386 389
30 33
213 216
160 163
498 501
549 552
483 486
673 676
700 703
121 124
470 473
427 430
58 61
307 310
570 573
543 546
583 586
507 510
353 356
654 657
225 228
662 665
689 692
454 457
562 565
402 405
574 577
425 428
267 270
559 562
53 56
474 477
152 155
421 424
418 421
410 413
534 537
409 412
193 196
210 213
354 357
522 525
302 305
60 63
181 184
94 97
434 437
406 409
668 671
288 291
319 322
514 517
407 410
582 585
545 548
118 121
222 225
90 93
81 84
637 640
701 704
463 466
476 479
661 664
394 397
75 78
89 92
431 434
471 474
663 666
336 339
126 129
567 570
331 334
693 696
469 472
252 255
223 226
467 470
270 273
315 318
254 257
179 182
648 651
696 699
23 26
396 399
345 348
140 143
652 655
611 614
352 355
438 441
647 650
234 237
368 371
501 504
435 438
314 317
171 174
199 202
119 122
25 28
540 543
385 388
80 83
517 520
207 210
605 608
95 98
15 18
395 398
667 670
3 6
423 426
69 72
130 133
273 276
617 620
448 451
120 123
688 691
645 648
484 487
237 240
566 569
450 453
138 141
644 647
274 277
280 283
279 282
687 690
629 632
382 385
342 345
230 233
473 476
685 688
264 267
107 110
442 445
428 431
573 576
104 107
93 96
445 448
350 353
124 127
659 662
414 417
241 244
411 414
374 377
303 306
518 521
576 579
157 160
305 308
633 636
86 89
649 652
103 106
355 358
651 654
599 602
41 44
226 229
294 297
2 5
70 73
196 199
366 369
650 653
465 468
59 62
131 134
26 29
136 139
596 599
318 321
111 114
312 315
613 616
27 30
665 668
106 109
691 694
129 132
586 589
453 456
297 300
333 336
594 597
413 416
671 674
527 530
508 511
460 463
91 94
165 168
239 242
387 390
289 292
97 100
565 568
658 661
459 462
99 102
282 285
631 634
135 138
54 57
329 332
332 335
19 22
380 383
404 407
393 396
581 584
593 596
211 214
159 162
535 538
571 574
295 298
268 271
439 442
63 66
328 331
206 209
551 554
369 372
546 549
170 173
679 682
444 447
486 489
28 31
323 326
443 446
61 64
610 613
618 621
122 125
46 49
48 51
62 65
204 207
655 658
327 330
433 436
432 435
167 170
322 325
351 354
344 347
456 459
1 4
361 364
533 536
392 395
228 231
627 630
308 311
76 79
78 81
105 108
626 629
479 482
298 301
194 197
335 338
641 644
597 600
503 506
43 46
338 341
378 381
127 130
436 439
177 180
348 351
77 80
287 290
372 375
66 69
550 553
642 645
420 423
275 278
656 659
499 502
208 211
180 183
341 344
215 218
245 248
64 67
184 187
526 529
505 508
192 195
269 272
34 37
158 161
83 86
698 701
601 604
489 492
101 104
401 404
154 157
227 230
236 239
694 697
187 190
371 374
609 612
506 509
188 191
248 251
666 669
115 118
519 522
190 193
708 711
149 152
379 382
521 524
21 24
31 34
132 135
612 615
488 491
635 638
653 656
20 23
146 149
174 177
114 117
235 238
510 513
512 515
391 394
306 309
563 566
33 36
265 268
253 256
502 505
134 137
263 266
523 526
624 627
452 455
257 260
457 460
397 400
178 181
65 68
290 293
283 286
262 265
706 709
0 3
242 245
373 376
197 200
477 480
72 75
309 312
587 590
198 201
249 252
142 145
316 319
175 178
232 235
346 349
82 85
417 420
320 323
244 247
202 205
678 681
569 572
147 150
125 128
49 52
292 295
212 215
590 593
55 58
383 386
108 111
580 583
47 50
52 55
630 633
325 328
195 198
419 422
429 432
639 642
426 429
602 605
324 327
156 159
608 611
98 101
466 469
680 683
73 76
578 581
677 680
389 392
591 594
143 146
520 523
557 560
449 452
259 262
553 556
702 705
614 617
45 48
638 641
675 678
363 366
555 558
683 686
285 288
504 507
247 250
524 527
12 15
705 708
218 221
11 14
256 259
29 32
304 307
400 403
577 580
278 281
110 113
568 571
492 495
220 223
468 471
412 415
39 42
472 475
490 493
40 43
56 59
32 35
622 625
173 176
92 95
531 534
530 533
347 350
128 131
293 296
334 337
408 411
600 603
664 667
595 598
430 433
240 243
437 440
422 425
589 592
360 363
625 628
572 575
657 660
310 313
51 54
145 148
112 115
172 175
38 41
375 378
84 87
14 17
109 112
150 153
607 610
362 365
337 340
272 275
164 167
381 384
57 60
487 490
494 497
475 478
441 444
231 234
35 38
481 484
603 606
67 70
22 25
682 685
203 206
640 643
18 21
214 217
424 427
390 393
17 20
447 450
291 294
461 464
554 557
4 7
16 19
161 164
513 516
684 687
493 496
377 380
68 71
24 27
464 467
50 53
539 542
221 224
676 679
7 10
674 677
74 77
528 531
251 254
588 591
405 408
619 622
446 449
88 91
87 90
620 623
646 649
598 601
357 360
286 289
632 635
485 488
116 119
500 503
102 105
250 253
615 618
584 587
141 144
537 540
123 126
340 343
243 246
604 607
44 47
681 684
623 626
155 158
575 578
313 316
515 518
497 500
525 528
191 194
564 567
552 555
697 700
205 208
311 314
538 541
301 304
660 663
415 418
326 329
186 189
281 284
529 532
440 443
260 263
148 151
606 609
183 186
356 359
482 485
416 419
365 368
151 154
185 188
509 512
690 693
216 219
317 320
200 203
296 299
266 269
261 264
516 519
139 142
621 624
169 172
692 695
636 639
451 454
458 461
670 673
541 544
163 166
229 232
707 710
669 672
542 545
36 39
547 550
628 631
85 88
79 82
113 116
495 498
364 367
133 136
709 712
321 324
258 261
176 179
