890
729 732
62 65
85 88
279 282
372 375
854 857
445 448
342 345
811 814
219 222
241 244
350 353
526 529
770 773
584 587
459 462
59 62
603 606
249 252
402 405
532 535
84 87
364 367
790 793
834 837
28 31
848 851
345 348
218 221
410 413
8 11
660 663
792 795
194 197
386 389
545 548
743 746
136 139
300 303
150 153
588 591
881 884
161 164
447 450
672 675
392 395
555 558
684 687
33 36
688 691
744 747
243 246
732 735
266 269
557 560
1 4
523 526
542 545
367 370
560 563
419 422
634 637
185 188
295 298
344 347
414 417
289 292
313 316
391 394
246 249
250 253
296 299
238 241
709 712
193 196
777 780
349 352
499 502
669 672
105 108
704 707
468 471
88 91
438 441
680 683
726 729
306 309
736 739
814 817
718 721
707 710
340 343
131 134
330 333
389 392
228 231
354 357
67 70
280 283
670 673
855 858
632 635
502 505
125 128
93 96
42 45
235 238
547 550
49 52
687 690
746 749
122 125
102 105
178 181
778 781
619 622
310 313
448 451
631 634
629 632
73 76
485 488
614 617
832 835
64 67
474 477
608 611
357 360
462 465
224 227
352 355
839 842
698 701
365 368
757 760
835 838
647 650
204 207
651 654
212 215
187 190
264 267
95 98
620 623
0 3
263 266
609 612
640 643
325 328
213 216
294 297
728 731
119 122
347 350
244 247
412 415
682 685
808 811
768 771
322 325
135 138
24 27
512 515
851 854
697 700
712 715
167 170
695 698
149 152
173 176
508 511
610 613
21 24
183 186
618 621
481 484
327 330
852 855
617 620
11 14
781 784
37 40
425 428
536 539
53 56
622 625
47 50
874 877
452 455
226 229
639 642
661 664
763 766
115 118
416 419
700 703
714 717
400 403
836 839
796 799
543 546
580 583
742 745
201 204
283 286
155 158
879 882
477 480
387 390
740 743
359 362
258 261
741 744
54 57
611 614
678 681
385 388
529 532
561 564
842 845
458 461
139 142
665 668
60 63
190 193
498 501
417 420
99 102
479 482
822 825
460 463
267 270
329 332
251 254
756 759
424 427
731 734
291 294
292 295
152 155
559 562
579 582
375 378
657 660
406 409
691 694
850 853
673 676
191 194
362 365
694 697
240 243
494 497
339 342
563 566
548 551
137 140
172 175
205 208
630 633
231 234
771 774
820 823
50 53
432 435
237 240
58 61
649 652
551 554
142 145
867 870
837 840
415 418
272 275
162 165
858 861
592 595
257 260
800 803
650 653
77 80
252 255
233 236
334 337
399 402
717 720
87 90
215 218
45 48
607 610
869 872
784 787
550 553
82 85
565 568
595 598
454 457
443 446
733 736
772 775
301 304
371 374
876 879
46 49
293 296
121 124
824 827
643 646
575 578
307 310
395 398
466 469
794 797
613 616
271 274
534 537
52 55
573 576
755 758
221 224
713 716
509 512
318 321
356 359
531 534
817 820
515 518
316 319
439 442
437 440
773 776
388 391
227 230
3 6
880 883
825 828
802 805
31 34
14 17
260 263
535 538
721 724
274 277
211 214
791 794
628 631
175 178
786 789
475 478
877 880
268 271
68 71
516 519
229 232
875 878
681 684
759 762
363 366
337 340
381 384
426 429
461 464
582 585
433 436
567 570
621 624
117 120
888 891
159 162
486 489
427 430
761 764
734 737
636 639
376 379
587 590
889 892
823 826
821 824
100 103
558 561
589 592
533 536
849 852
872 875
192 195
690 693
676 679
141 144
396 399
407 410
585 588
522 525
273 276
846 849
804 807
111 114
143 146
343 346
222 225
642 645
679 682
675 678
63 66
303 306
323 326
853 856
285 288
463 466
505 508
795 798
805 808
866 869
71 74
828 831
390 393
179 182
525 528
75 78
253 256
739 742
782 785
110 113
9 12
590 593
216 219
74 77
511 514
209 212
549 552
169 172
13 16
202 205
706 709
331 334
685 688
520 523
568 571
207 210
775 778
61 64
501 504
176 179
612 615
749 752
261 264
664 667
103 106
332 335
806 809
554 557
369 372
278 281
422 425
353 356
604 607
703 706
546 549
351 354
570 573
767 770
269 272
766 769
335 338
752 755
23 26
798 801
401 404
338 341
856 859
81 84
884 887
671 674
503 506
72 75
247 250
436 439
833 836
398 401
171 174
524 527
442 445
623 626
539 542
206 209
513 516
556 559
255 258
528 531
583 586
779 782
803 806
699 702
586 589
181 184
360 363
420 423
637 640
812 815
641 644
538 541
562 565
654 657
457 460
265 268
126 129
831 834
492 495
478 481
411 414
860 863
92 95
720 723
148 151
113 116
217 220
230 233
602 605
783 786
638 641
873 876
158 161
624 627
101 104
705 708
397 400
633 636
470 473
27 30
541 544
693 696
719 722
151 154
97 100
32 35
168 171
483 486
841 844
361 364
297 300
276 279
430 433
625 628
26 29
20 23
745 748
94 97
702 705
434 437
156 159
89 92
336 339
284 287
760 763
380 383
615 618
646 649
421 424
195 198
145 148
314 317
65 68
527 530
830 833
200 203
290 293
404 407
674 677
146 149
844 847
378 381
476 479
309 312
256 259
128 131
239 242
668 671
480 483
659 662
566 569
455 458
537 540
7 10
663 666
605 608
826 829
725 728
355 358
129 132
214 217
174 177
827 830
500 503
147 150
440 443
43 46
182 185
816 819
473 476
789 792
96 99
807 810
170 173
765 768
658 661
319 322
576 579
12 15
317 320
177 180
423 426
600 603
286 289
312 315
840 843
199 202
180 183
108 111
656 659
488 491
116 119
571 574
843 846
4 7
431 434
186 189
648 651
106 109
305 308
40 43
157 160
127 130
644 647
696 699
735 738
885 888
871 874
815 818
370 373
606 609
747 750
692 695
10 13
813 816
76 79
727 730
723 726
788 791
469 472
153 156
662 665
383 386
838 841
245 248
225 228
738 741
593 596
882 885
708 711
496 499
711 714
601 604
810 813
799 802
887 890
774 777
320 323
188 191
653 656
374 377
234 237
857 860
753 756
270 273
518 521
594 597
504 507
446 449
471 474
444 447
232 235
465 468
242 245
254 257
275 278
333 336
203 206
493 496
91 94
35 38
564 567
865 868
456 459
120 123
809 812
393 396
298 301
581 584
112 115
467 470
107 110
497 500
281 284
109 112
540 543
722 725
818 821
189 192
597 600
591 594
55 58
413 416
449 452
750 753
428 431
15 18
506 509
83 86
114 117
348 351
626 629
5 8
346 349
701 704
482 485
450 453
366 369
368 371
418 421
382 385
776 779
2 5
552 555
553 556
472 475
144 147
716 719
311 314
104 107
118 121
210 213
507 510
861 864
829 832
384 387
780 783
764 767
140 143
41 44
377 380
754 757
90 93
724 727
56 59
184 187
197 200
751 754
490 493
441 444
66 69
248 251
282 285
574 577
408 411
429 432
769 772
453 456
130 133
34 37
51 54
341 344
864 867
198 201
845 848
98 101
748 751
277 280
36 39
530 533
409 412
165 168
683 686
287 290
578 581
324 327
29 32
762 765
70 73
86 89
686 689
288 291
514 517
6 9
196 199
373 376
569 572
862 865
163 166
326 329
302 305
48 51
451 454
39 42
870 873
787 790
645 648
304 307
635 638
166 169
577 580
16 19
259 262
627 630
464 467
730 733
517 520
598 601
487 490
328 331
69 72
38 41
495 498
489 492
138 141
18 21
208 211
510 513
299 302
44 47
868 871
596 599
223 226
666 669
164 167
379 382
154 157
599 602
394 397
80 83
710 713
616 619
236 239
220 223
677 680
519 522
30 33
491 494
859 862
25 28
308 311
405 408
358 361
572 575
321 324
435 438
758 761
689 692
847 850
133 136
863 866
797 800
793 796
57 60
160 163
79 82
667 670
878 881
883 886
484 487
134 137
124 127
785 788
715 718
123 126
403 406
132 135
78 81
801 804
737 740
652 655
22 25
655 658
262 265
544 547
17 20
19 22
315 318
521 524
886 889
819 822
