920
610 613
401 404
409 412
868 871
173 176
668 671
301 304
266 269
549 552
389 392
723 726
678 681
830 833
225 228
292 295
861 864
234 237
752 755
730 733
102 105
235 238
797 800
632 635
511 514
411 414
272 275
882 885
630 633
137 140
439 442
633 636
139 142
750 753
293 296
616 619
55 58
435 438
145 148
808 811
615 618
490 493
642 645
814 817
451 454
459 462
197 200
331 334
374 377
743 746
456 459
18 21
480 483
701 704
601 604
415 418
354 357
497 500
291 294
424 427
248 251
761 764
282 285
863 866
885 888
377 380
504 507
690 693
68 71
859 862
338 341
287 290
907 910
738 741
470 473
505 508
245 248
445 448
786 789
108 111
851 854
146 149
422 425
26 29
296 299
775 778
905 908
803 806
683 686
802 805
727 730
171 174
337 340
799 802
449 452
682 685
772 775
850 853
521 524
607 610
369 372
546 549
169 172
213 216
873 876
894 897
86 89
85 88
703 706
51 54
347 350
414 417
233 236
704 707
870 873
542 545
519 522
101 104
134 137
556 559
571 574
19 22
20 23
523 526
265 268
256 259
744 747
119 122
33 36
448 451
397 400
298 301
762 765
551 554
513 516
719 722
621 624
461 464
73 76
31 34
569 572
387 390
481 484
493 496
717 720
340 343
332 335
208 211
629 632
112 115
837 840
613 616
295 298
126 129
718 721
846 849
318 321
153 156
34 37
288 291
833 836
72 75
908 911
175 178
189 192
854 857
700 703
179 182
653 656
608 611
357 360
589 592
641 644
253 256
363 366
746 749
114 117
390 393
89 92
560 563
531 534
348 351
488 491
263 266
731 734
47 50
283 286
915 918
157 160
711 714
777 780
788 791
107 110
805 808
816 819
518 521
429 432
463 466
399 402
50 53
604 607
325 328
231 234
790 793
257 260
638 641
97 100
911 914
303 306
514 517
640 643
696 699
441 444
28 31
16 19
609 612
658 661
308 311
849 852
501 504
25 28
628 631
485 488
404 407
443 446
8 11
280 283
857 860
758 761
764 767
821 824
178 181
35 38
190 193
916 919
202 205
167 170
818 821
544 547
487 490
892 895
430 433
785 788
662 665
398 401
350 353
410 413
813 816
158 161
844 847
801 804
90 93
209 212
413 416
125 128
545 548
590 593
316 319
507 510
254 257
132 135
227 230
39 42
128 131
241 244
118 121
140 143
458 461
631 634
144 147
887 890
893 896
344 347
84 87
353 356
421 424
509 512
30 33
193 196
825 828
111 114
27 30
38 41
654 657
172 175
726 729
548 551
620 623
391 394
577 580
806 809
82 85
809 812
811 814
492 495
67 70
191 194
728 731
647 650
503 506
688 691
686 689
135 138
279 282
557 560
899 902
49 52
462 465
815 818
341 344
674 677
720 723
881 884
740 743
807 810
15 18
709 712
37 40
712 715
765 768
327 330
637 640
306 309
532 535
40 43
685 688
581 584
529 532
255 258
635 638
339 342
187 190
737 740
768 771
92 95
553 556
48 51
186 189
159 162
120 123
820 823
655 658
572 575
675 678
770 773
706 709
831 834
41 44
226 229
716 719
708 711
673 676
117 120
42 45
649 652
412 415
826 829
619 622
754 757
0 3
794 797
330 333
891 894
747 750
437 440
342 345
889 892
271 274
817 820
540 543
812 815
405 408
715 718
502 505
343 346
380 383
676 679
597 600
80 83
576 579
142 145
494 497
63 66
757 760
580 583
370 373
281 284
498 501
755 758
478 481
9 12
689 692
869 872
355 358
207 210
900 903
741 744
113 116
624 627
192 195
230 233
585 588
600 603
329 332
677 680
659 662
596 599
602 605
346 349
162 165
568 571
558 561
284 287
239 242
423 426
400 403
778 781
196 199
315 318
476 479
228 231
800 803
878 881
223 226
252 255
508 511
614 617
133 136
665 668
428 431
426 429
906 909
76 79
848 851
582 585
12 15
909 912
496 499
322 325
394 397
64 67
58 61
721 724
691 694
79 82
515 518
565 568
539 542
129 132
537 540
903 906
552 555
395 398
302 305
784 787
219 222
622 625
648 651
566 569
583 586
304 307
185 188
839 842
559 562
381 384
759 762
160 163
578 581
21 24
586 589
174 177
105 108
713 716
591 594
32 35
258 261
791 794
307 310
313 316
323 326
74 77
336 339
593 596
679 682
416 419
52 55
10 13
564 567
44 47
382 385
150 153
769 772
570 573
584 587
466 469
698 701
62 65
360 363
855 858
278 281
644 647
365 368
533 536
913 916
751 754
661 664
823 826
78 81
587 590
776 779
457 460
181 184
215 218
669 672
871 874
522 525
838 841
286 289
99 102
352 355
275 278
143 146
760 763
875 878
671 674
314 317
358 361
383 386
4 7
310 313
2 5
536 539
783 786
795 798
898 901
148 151
376 379
319 322
270 273
666 669
749 752
606 609
116 119
896 899
912 915
473 476
244 247
707 710
17 20
427 430
499 502
384 387
452 455
618 621
650 653
890 893
474 477
455 458
229 232
164 167
876 879
684 687
526 529
866 869
822 825
856 859
623 626
356 359
781 784
305 308
842 845
660 663
109 112
592 595
779 782
599 602
524 527
782 785
56 59
417 420
667 670
406 409
562 565
70 73
66 69
294 297
914 917
732 735
205 208
249 252
767 770
154 157
214 217
392 395
131 134
798 801
297 300
5 8
379 382
543 546
372 375
884 887
745 748
852 855
1 4
152 155
277 280
334 337
645 648
194 197
57 60
36 39
106 109
827 830
447 450
373 376
877 880
486 489
267 270
396 399
176 179
6 9
22 25
829 832
874 877
438 441
262 265
61 64
617 620
261 264
180 183
24 27
573 576
847 850
407 410
748 751
333 336
220 223
897 900
54 57
149 152
246 249
222 225
901 904
83 86
467 470
464 467
733 736
603 606
81 84
495 498
378 381
450 453
753 756
643 646
534 537
468 471
444 447
362 365
88 91
910 913
311 314
75 78
29 32
446 449
269 272
695 698
442 445
862 865
454 457
161 164
290 293
224 227
104 107
865 868
714 717
729 732
853 856
742 745
127 130
574 577
368 371
612 615
236 239
13 16
471 474
773 776
11 14
247 250
60 63
880 883
195 198
550 553
517 520
138 141
273 276
320 323
276 279
289 292
858 861
100 103
879 882
250 253
919 922
351 354
361 364
326 329
482 485
124 127
177 180
385 388
792 795
824 827
130 133
436 439
472 475
725 728
736 739
489 492
594 597
710 713
199 202
366 369
95 98
483 486
845 848
203 206
793 796
735 738
694 697
349 352
393 396
188 191
611 614
328 331
166 169
65 68
636 639
516 519
575 578
309 312
465 468
883 886
240 243
528 531
835 838
91 94
3 6
221 224
335 338
917 920
840 843
408 411
259 262
670 673
268 271
96 99
110 113
170 173
232 235
264 267
588 591
771 774
156 159
359 362
864 867
14 17
598 601
201 204
705 708
460 463
155 158
860 863
626 629
664 667
625 628
115 118
163 166
541 544
300 303
796 799
432 435
479 482
567 570
500 503
216 219
627 630
237 240
212 215
147 150
98 101
918 921
651 654
453 456
217 220
243 246
77 80
87 90
43 46
46 49
469 472
841 844
510 513
692 695
418 421
535 538
699 702
561 564
646 649
198 201
121 124
634 637
774 777
431 434
242 245
554 557
274 277
321 324
367 370
702 705
299 302
260 263
672 675
787 790
324 327
364 367
734 737
122 125
843 846
403 406
512 515
53 56
251 254
491 494
756 759
434 437
656 659
218 221
484 487
402 405
639 642
538 541
440 443
605 608
652 655
136 139
182 185
836 839
506 509
555 558
425 428
804 807
579 582
687 690
141 144
238 241
375 378
184 187
832 835
71 74
520 523
7 10
345 348
103 106
475 478
210 213
739 742
663 666
530 533
183 186
789 792
810 813
23 26
94 97
168 171
780 783
151 154
867 870
206 209
904 907
200 203
547 550
420 423
724 727
59 62
419 422
681 684
45 48
69 72
886 889
285 288
888 891
211 214
563 566
123 126
766 769
722 725
477 480
312 315
527 530
828 831
819 822
895 898
165 168
872 875
525 528
371 374
657 660
204 207
902 905
433 436
388 391
763 766
834 837
697 700
317 320
693 696
386 389
595 598
93 96
680 683
