210
176 179
76 79
89 92
151 154
191 194
130 133
186 189
156 159
53 56
18 21
15 18
106 109
58 61
56 59
112 115
5 8
181 184
28 31
170 173
85 88
82 85
14 17
179 182
43 46
41 44
27 30
35 38
49 52
208 211
139 142
101 104
162 165
136 139
83 86
172 175
155 158
81 84
144 147
194 197
132 135
167 170
110 113
9 12
165 168
84 87
74 77
207 210
163 166
209 212
12 15
135 138
171 174
11 14
137 140
71 74
196 199
54 57
30 33
57 60
141 144
157 160
148 151
138 141
124 127
113 116
44 47
206 209
183 186
55 58
36 39
118 121
45 48
22 25
164 167
67 70
203 206
189 192
188 191
94 97
7 10
66 69
13 16
92 95
174 177
111 114
193 196
1 4
51 54
21 24
103 106
68 71
19 22
168 171
169 172
142 145
62 65
99 102
2 5
128 131
200 203
117 120
4 7
161 164
93 96
50 53
134 137
48 51
39 42
38 41
96 99
59 62
166 169
23 26
197 200
87 90
61 64
149 152
121 124
114 117
187 190
184 187
63 66
129 132
158 161
80 83
33 36
178 181
72 75
146 149
20 23
70 73
195 198
17 20
97 100
152 155
143 146
192 195
24 27
6 9
175 178
25 28
150 153
120 123
98 101
52 55
201 204
65 68
73 76
77 80
202 205
140 143
16 19
198 201
34 37
37 40
185 188
125 128
126 129
0 3
8 11
159 162
26 29
105 108
173 176
133 136
115 118
42 45
90 93
3 6
108 111
109 112
104 107
160 163
86 89
123 126
122 125
64 67
100 103
205 208
10 13
119 122
177 180
29 32
145 148
153 156
46 49
40 43
102 105
180 183
199 202
147 150
47 50
91 94
75 78
190 193
78 81
31 34
127 130
107 110
79 82
88 91
131 134
95 98
32 35
69 72
60 63
154 157
204 207
116 119
182 185
