430
379 382
254 257
264 267
211 214
243 246
315 318
213 216
72 75
118 121
114 117
38 41
139 142
85 88
398 401
113 116
292 295
380 383
222 225
305 308
120 123
194 197
207 210
47 50
359 362
310 313
245 248
189 192
128 131
283 286
40 43
155 158
396 399
111 114
192 195
177 180
108 111
428 431
342 345
82 85
330 333
75 78
44 47
382 385
174 177
277 280
403 406
339 342
270 273
162 165
265 268
198 201
252 255
425 428
276 279
124 127
426 429
238 241
8 11
186 189
241 244
126 129
104 107
358 361
410 413
234 237
214 217
74 77
150 153
331 334
204 207
78 81
318 321
282 285
12 15
226 229
261 264
96 99
374 377
136 139
42 45
409 412
303 306
149 152
272 275
251 254
350 353
411 414
402 405
143 146
284 287
344 347
294 297
327 330
68 71
197 200
217 220
90 93
313 316
366 369
141 144
35 38
280 283
79 82
386 389
123 126
341 344
59 62
127 130
256 259
377 380
399 402
21 24
2 5
88 91
144 147
101 104
4 7
416 419
135 138
371 374
365 368
363 366
49 52
278 281
307 310
200 203
179 182
356 359
210 213
22 25
329 332
390 393
11 14
221 224
324 327
7 10
406 409
160 163
299 302
274 277
205 208
193 196
378 381
328 331
357 360
375 378
176 179
66 69
269 272
131 134
215 218
391 394
298 301
311 314
368 371
115 118
32 35
102 105
227 230
9 12
178 181
165 168
383 386
289 292
64 67
203 206
206 209
250 253
27 30
43 46
400 403
405 408
58 61
95 98
130 133
246 249
117 120
323 326
293 296
345 348
369 372
355 358
1 4
370 373
337 340
54 57
33 36
51 54
71 74
349 352
98 101
199 202
209 212
308 311
297 300
116 119
247 250
132 135
285 288
257 260
212 215
413 416
232 235
55 58
45 48
326 329
259 262
100 103
312 315
92 95
76 79
388 391
157 160
228 231
6 9
86 89
190 193
171 174
161 164
306 309
346 349
273 276
70 73
80 83
360 363
236 239
364 367
384 387
244 247
61 64
181 184
154 157
50 53
218 221
334 337
15 18
91 94
103 106
322 325
30 33
188 191
304 307
31 34
110 113
427 430
415 418
429 432
19 22
291 294
354 357
230 233
138 141
201 204
219 222
267 270
316 319
60 63
309 312
320 323
48 51
393 396
424 427
351 354
191 194
172 175
266 269
255 258
34 37
84 87
248 251
29 32
46 49
10 13
140 143
5 8
109 112
224 227
223 226
89 92
231 234
53 56
134 137
376 379
263 266
83 86
343 346
28 31
362 365
347 350
73 76
348 351
166 169
164 167
301 304
14 17
63 66
119 122
419 422
335 338
296 299
13 16
146 149
107 110
158 161
106 109
148 151
20 23
361 364
170 173
152 155
275 278
325 328
156 159
300 303
302 305
99 102
332 335
151 154
279 282
183 186
225 228
208 211
237 240
258 261
184 187
395 398
249 252
262 265
319 322
153 156
65 68
69 72
372 375
94 97
373 376
333 336
36 39
389 392
287 290
242 245
52 55
87 90
77 80
288 291
112 115
168 171
412 415
392 395
352 355
385 388
81 84
423 426
321 324
142 145
180 183
408 411
145 148
268 271
421 424
420 423
185 188
240 243
353 356
18 21
340 343
167 170
317 320
56 59
41 44
367 370
105 108
23 26
93 96
129 132
24 27
422 425
253 256
187 190
414 417
407 410
3 6
202 205
394 397
137 140
39 42
37 40
314 317
125 128
418 421
122 125
404 407
397 400
387 390
121 124
290 293
336 339
271 274
67 70
260 263
133 136
159 162
62 65
163 166
169 172
338 341
239 242
17 20
286 289
235 238
57 60
381 384
401 404
0 3
233 236
26 29
25 28
220 223
195 198
281 284
97 100
216 219
295 298
175 178
229 232
147 150
196 199
16 19
173 176
182 185
417 420
