540
17 20
381 384
390 393
469 472
307 310
460 463
453 456
532 535
527 530
40 43
296 299
270 273
237 240
379 382
350 353
207 210
137 140
54 57
141 144
271 274
459 462
416 419
335 338
339 342
264 267
123 126
149 152
421 424
114 117
319 322
511 514
102 105
282 285
273 276
65 68
112 115
341 344
482 485
387 390
111 114
280 283
110 113
234 237
429 432
258 261
467 470
119 122
251 254
499 502
491 494
300 303
33 36
356 359
442 445
331 334
66 69
169 172
472 475
14 17
230 233
496 499
239 242
342 345
185 188
73 76
344 347
305 308
471 474
56 59
216 219
173 176
449 452
200 203
386 389
11 14
329 332
252 255
63 66
1 4
464 467
413 416
92 95
104 107
129 132
35 38
124 127
312 315
188 191
297 300
174 177
127 130
22 25
225 228
373 376
93 96
117 120
529 532
79 82
18 21
9 12
250 253
59 62
497 500
178 181
272 275
492 495
136 139
94 97
485 488
308 311
324 327
461 464
362 365
418 421
430 433
517 520
194 197
195 198
222 225
417 420
53 56
486 489
523 526
131 134
495 498
520 523
180 183
295 298
77 80
113 116
283 286
257 260
249 252
171 174
220 223
292 295
284 287
247 250
277 280
431 434
279 282
13 16
204 207
406 409
367 370
223 226
103 106
410 413
337 340
420 423
434 437
348 351
291 294
226 229
91 94
501 504
49 52
133 136
391 394
32 35
474 477
404 407
437 440
61 64
287 290
198 201
4 7
533 536
259 262
88 91
288 291
168 171
241 244
466 469
458 461
476 479
301 304
167 170
0 3
197 200
369 372
483 486
85 88
328 331
132 135
376 379
245 248
521 524
354 357
118 121
27 30
332 335
86 89
265 268
463 466
392 395
398 401
334 337
323 326
179 182
260 263
450 453
375 378
29 32
399 402
440 443
165 168
152 155
106 109
534 537
105 108
199 202
436 439
343 346
505 508
175 178
525 528
506 509
98 101
313 316
371 374
424 427
183 186
432 435
478 481
400 403
34 37
303 306
244 247
107 110
39 42
289 292
12 15
60 63
473 476
419 422
498 501
454 457
364 367
407 410
393 396
57 60
8 11
502 505
468 471
290 293
41 44
315 318
389 392
422 425
218 221
150 153
528 531
210 213
46 49
181 184
206 209
321 324
489 492
396 399
522 525
512 515
30 33
243 246
47 50
96 99
266 269
526 529
314 317
160 163
435 438
452 455
462 465
298 301
531 534
228 231
26 29
248 251
52 55
481 484
143 146
215 218
509 512
97 100
537 540
536 539
428 431
138 141
519 522
232 235
513 516
299 302
503 506
120 123
67 70
405 408
445 448
135 138
95 98
231 234
504 507
479 482
224 227
155 158
388 391
139 142
50 53
21 24
233 236
10 13
163 166
217 220
69 72
409 412
159 162
507 510
538 541
443 446
28 31
19 22
338 341
320 323
365 368
357 360
351 354
281 284
326 329
293 296
186 189
423 426
209 212
269 272
126 129
515 518
140 143
177 180
203 206
196 199
275 278
158 161
144 147
38 41
142 145
70 73
317 320
274 277
221 224
189 192
219 222
530 533
349 352
490 493
439 442
311 314
31 34
246 249
76 79
172 175
394 397
306 309
182 185
214 217
99 102
263 266
451 454
80 83
395 398
385 388
116 119
414 417
518 521
402 405
184 187
322 325
316 319
261 264
446 449
151 154
240 243
366 369
256 259
426 429
81 84
383 386
427 430
20 23
510 513
347 350
285 288
68 71
425 428
340 343
44 47
43 46
213 216
190 193
82 85
48 51
438 441
318 321
493 496
212 215
205 208
488 491
384 387
310 313
355 358
130 133
455 458
145 148
101 104
16 19
109 112
201 204
267 270
148 151
45 48
235 238
162 165
157 160
108 111
115 118
236 239
121 124
37 40
345 348
75 78
411 414
401 404
176 179
25 28
253 256
408 411
336 339
71 74
361 364
480 483
433 436
368 371
456 459
2 5
325 328
360 363
125 128
309 312
524 527
192 195
238 241
193 196
242 245
156 159
187 190
6 9
327 330
170 173
333 336
494 497
359 362
51 54
78 81
382 385
477 480
227 230
211 214
208 211
330 333
514 517
5 8
72 75
134 137
447 450
89 92
255 258
276 279
363 366
353 356
147 150
444 447
154 157
278 281
42 45
535 538
166 169
457 460
516 519
15 18
302 305
164 167
304 307
64 67
36 39
7 10
378 381
161 164
87 90
153 156
268 271
370 373
128 131
487 490
397 400
83 86
377 380
100 103
122 125
294 297
346 349
74 77
415 418
484 487
191 194
84 87
539 542
3 6
500 503
380 383
352 355
441 444
412 415
90 93
358 361
23 26
465 468
262 265
475 478
286 289
374 377
229 232
24 27
58 61
470 473
403 406
508 511
202 205
62 65
55 58
254 257
448 451
146 149
372 375
