970
813 816
953 956
612 615
544 547
527 530
313 316
509 512
902 905
746 749
820 823
183 186
93 96
568 571
180 183
915 918
871 874
281 284
890 893
503 506
682 685
398 401
959 962
927 930
919 922
821 824
834 837
825 828
405 408
459 462
759 762
731 734
469 472
926 929
777 780
492 495
633 636
327 330
76 79
1 4
146 149
75 78
671 674
376 379
20 23
757 760
597 600
755 758
700 703
217 220
882 885
169 172
153 156
382 385
484 487
445 448
524 527
518 521
37 40
738 741
762 765
290 293
563 566
335 338
761 764
391 394
324 327
473 476
69 72
584 587
617 620
516 519
295 298
315 318
677 680
193 196
97 100
354 357
690 693
50 53
457 460
737 740
199 202
838 841
604 607
802 805
213 216
711 714
423 426
511 514
541 544
117 120
7 10
716 719
72 75
170 173
223 226
792 795
951 954
839 842
208 211
875 878
446 449
143 146
732 735
421 424
854 857
103 106
435 438
656 659
579 582
878 881
319 322
592 595
659 662
340 343
490 493
262 265
722 725
957 960
929 932
252 255
798 801
395 398
373 376
358 361
718 721
781 784
314 317
422 425
256 259
547 550
107 110
110 113
846 849
630 633
18 21
610 613
725 728
594 597
955 958
174 177
872 875
353 356
940 943
756 759
229 232
647 650
714 717
789 792
466 469
35 38
600 603
869 872
84 87
428 431
514 517
965 968
133 136
61 64
87 90
461 464
841 844
936 939
662 665
420 423
561 564
453 456
216 219
418 421
939 942
562 565
374 377
54 57
288 291
680 683
566 569
480 483
642 645
512 515
118 121
210 213
368 371
380 383
203 206
702 705
43 46
577 580
185 188
859 862
819 822
593 596
45 48
537 540
879 882
545 548
551 554
812 815
27 30
57 60
227 230
250 253
808 811
426 429
19 22
660 663
101 104
485 488
386 389
280 283
585 588
743 746
94 97
345 348
352 355
828 831
279 282
691 694
390 393
343 346
889 892
122 125
500 503
752 755
92 95
770 773
190 193
771 774
866 869
724 727
70 73
194 197
727 730
528 531
339 342
415 418
136 139
456 459
16 19
300 303
580 583
308 311
897 900
619 622
29 32
42 45
25 28
322 325
356 359
224 227
220 223
284 287
730 733
624 627
155 158
249 252
436 439
618 621
638 641
900 903
47 50
896 899
794 797
255 258
611 614
233 236
304 307
809 812
394 397
417 420
297 300
498 501
517 520
513 516
73 76
675 678
442 445
32 35
311 314
849 852
549 552
251 254
842 845
504 507
287 290
796 799
916 919
637 640
689 692
128 131
644 647
0 3
11 14
331 334
735 738
800 803
502 505
489 492
272 275
712 715
276 279
627 630
211 214
877 880
302 305
326 329
625 628
773 776
441 444
811 814
851 854
669 672
286 289
334 337
564 567
293 296
536 539
907 910
268 271
10 13
337 340
95 98
407 410
506 509
799 802
688 691
360 363
364 367
729 732
535 538
515 518
587 590
24 27
317 320
646 649
928 931
449 452
835 838
3 6
599 602
868 871
694 697
918 921
523 526
886 889
221 224
157 160
840 843
626 629
48 51
739 742
546 549
715 718
65 68
236 239
760 763
499 502
202 205
764 767
222 225
173 176
486 489
666 669
160 163
237 240
505 508
595 598
657 660
253 256
956 959
189 192
53 56
801 804
909 912
578 581
768 771
608 611
49 52
292 295
177 180
26 29
238 241
931 934
440 443
482 485
9 12
275 278
950 953
412 415
710 713
569 572
105 108
96 99
165 168
791 794
708 711
962 965
753 756
350 353
52 55
332 335
507 510
788 791
464 467
434 437
583 586
344 347
410 413
323 326
56 59
741 744
888 891
444 447
679 682
349 352
460 463
156 159
581 584
826 829
474 477
525 528
844 847
179 182
964 967
750 753
4 7
191 194
664 667
598 601
837 840
119 122
860 863
720 723
232 235
772 775
783 786
257 260
307 310
645 648
885 888
695 698
416 419
696 699
960 963
863 866
887 890
635 638
258 261
151 154
60 63
201 204
67 70
147 150
200 203
246 249
451 454
463 466
377 380
240 243
215 218
406 409
214 217
948 951
616 619
602 605
747 750
15 18
277 280
852 855
754 757
387 390
560 563
438 441
778 781
375 378
613 616
601 604
495 498
954 957
125 128
606 609
555 558
591 594
853 856
935 938
168 171
33 36
154 157
884 887
475 478
913 916
148 151
291 294
944 947
961 964
922 925
158 161
411 414
658 661
648 651
41 44
46 49
530 533
265 268
309 312
719 722
102 105
827 830
59 62
833 836
372 375
774 777
192 195
318 321
496 499
282 285
241 244
455 458
949 952
433 436
904 907
40 43
134 137
83 86
68 71
152 155
166 169
161 164
728 731
141 144
740 743
938 941
396 399
529 532
493 496
903 906
745 748
497 500
550 553
707 710
653 656
430 433
388 391
12 15
779 782
127 130
891 894
89 92
810 813
362 365
114 117
831 834
78 81
342 345
263 266
967 970
576 579
655 658
187 190
683 686
98 101
163 166
39 42
539 542
858 861
797 800
408 411
333 336
804 807
780 783
245 248
776 779
766 769
565 568
439 442
17 20
266 269
785 788
749 752
582 585
640 643
409 412
113 116
242 245
402 405
552 555
713 716
427 430
920 923
663 666
914 917
832 835
371 374
623 626
744 747
305 308
77 80
341 344
123 126
235 238
521 524
589 592
447 450
575 578
668 671
121 124
596 599
570 573
615 618
574 577
847 850
137 140
23 26
726 729
132 135
336 339
553 556
673 676
830 833
138 141
805 808
454 457
299 302
686 689
303 306
270 273
81 84
351 354
397 400
186 189
921 924
758 761
176 179
44 47
431 434
494 497
572 575
542 545
58 61
817 820
355 358
651 654
674 677
969 972
911 914
432 435
856 859
628 631
369 372
448 451
2 5
803 806
937 940
865 868
709 712
205 208
641 644
140 143
226 229
381 384
558 561
135 138
274 277
403 406
219 222
717 720
652 655
605 608
393 396
385 388
924 927
379 382
873 876
636 639
855 858
901 904
413 416
294 297
312 315
120 123
672 675
34 37
247 250
932 935
269 272
259 262
228 231
261 264
958 961
483 486
814 817
139 142
649 652
367 370
678 681
182 185
767 770
321 324
254 257
196 199
467 470
62 65
836 839
6 9
301 304
212 215
685 688
365 368
586 589
861 864
491 494
21 24
676 679
207 210
522 525
378 381
164 167
945 948
477 480
5 8
910 913
816 819
225 228
28 31
736 739
697 700
763 766
264 267
419 422
195 198
234 237
178 181
478 481
603 606
328 331
348 351
329 332
930 933
631 634
807 810
966 969
787 790
167 170
786 789
325 328
384 387
968 971
703 706
109 112
389 392
8 11
131 134
501 504
472 475
184 187
723 726
488 491
316 319
687 690
912 915
450 453
670 673
908 911
452 455
923 926
71 74
86 89
946 949
898 901
88 91
843 846
400 403
963 966
115 118
632 635
142 145
243 246
526 529
458 461
399 402
99 102
64 67
881 884
609 612
248 251
540 543
370 373
893 896
470 473
359 362
607 610
298 301
363 366
63 66
554 557
361 364
289 292
85 88
698 701
283 286
347 350
175 178
437 440
144 147
357 360
947 950
614 617
543 546
864 867
650 653
273 276
465 468
822 825
198 201
392 395
129 132
126 129
733 736
705 708
590 593
742 745
181 184
892 895
548 551
116 119
721 724
188 191
38 41
706 709
74 77
704 707
13 16
130 133
271 274
171 174
346 349
338 341
51 54
218 221
925 928
31 34
401 404
533 536
942 945
111 114
425 428
366 369
260 263
172 175
66 69
559 562
654 657
476 479
534 537
108 111
667 670
876 879
104 107
734 737
124 127
145 148
244 247
471 474
857 860
556 559
481 484
557 560
934 937
538 541
933 936
404 407
775 778
91 94
267 270
510 513
209 212
815 818
661 664
100 103
943 946
693 696
874 877
479 482
629 632
748 751
905 908
230 233
681 684
867 870
620 623
106 109
790 793
850 853
818 821
941 944
310 313
824 827
231 234
531 534
278 281
204 207
883 886
906 909
519 522
880 883
665 668
782 785
701 704
159 162
532 535
80 83
383 386
36 39
639 642
870 873
82 85
571 574
862 865
90 93
320 323
952 955
112 115
793 796
643 646
414 417
30 33
306 309
692 695
769 772
848 851
573 576
699 702
823 826
468 471
285 288
55 58
894 897
765 768
784 787
567 570
795 798
197 200
917 920
79 82
296 299
150 153
622 625
751 754
845 848
14 17
149 152
895 898
239 242
621 624
462 465
806 809
424 427
634 637
429 432
206 209
508 511
330 333
443 446
684 687
588 591
22 25
899 902
829 832
487 490
520 523
162 165
