450
367 370
91 94
73 76
246 249
64 67
193 196
190 193
272 275
170 173
283 286
122 125
168 171
147 150
33 36
164 167
53 56
366 369
434 437
205 208
449 452
90 93
55 58
360 363
113 116
330 333
70 73
162 165
255 258
355 358
375 378
106 109
344 347
422 425
17 20
185 188
136 139
339 342
396 399
179 182
240 243
181 184
263 266
16 19
342 345
320 323
337 340
302 305
192 195
51 54
323 326
95 98
260 263
336 339
356 359
370 373
30 33
346 349
23 26
230 233
391 394
253 256
381 384
148 151
46 49
448 451
359 362
166 169
197 200
236 239
380 383
79 82
301 304
21 24
65 68
371 374
27 30
198 201
195 198
310 313
428 431
129 132
89 92
115 118
275 278
149 152
135 138
6 9
297 300
442 445
156 159
180 183
291 294
10 13
226 229
268 271
404 407
285 288
32 35
433 436
107 110
127 130
1 4
237 240
36 39
182 185
12 15
35 38
105 108
97 100
386 389
142 145
191 194
247 250
186 189
183 186
103 106
98 101
210 213
239 242
313 316
45 48
14 17
423 426
76 79
401 404
44 47
159 162
393 396
234 237
87 90
243 246
204 207
305 308
412 415
37 40
321 324
143 146
331 334
216 219
353 356
25 28
49 52
369 372
316 319
374 377
403 406
68 71
212 215
71 74
92 95
389 392
42 45
407 410
281 284
345 348
207 210
399 402
102 105
373 376
3 6
258 261
341 344
101 104
387 390
163 166
333 336
214 217
231 234
288 291
155 158
161 164
22 25
112 115
81 84
75 78
20 23
145 148
406 409
175 178
382 385
352 355
326 329
251 254
294 297
249 252
287 290
244 247
378 381
325 328
398 401
388 391
358 361
169 172
160 163
13 16
109 112
225 228
167 170
184 187
220 223
242 245
200 203
252 255
172 175
314 317
96 99
94 97
349 352
121 124
146 149
72 75
394 397
152 155
114 117
60 63
80 83
217 220
409 412
261 264
78 81
177 180
269 272
83 86
194 197
377 380
150 153
332 335
125 128
232 235
110 113
15 18
327 330
383 386
270 273
120 123
445 448
123 126
39 42
347 350
154 157
219 222
259 262
290 293
424 427
417 420
400 403
61 64
306 309
390 393
250 253
59 62
104 107
292 295
66 69
343 346
254 257
307 310
224 227
317 320
410 413
213 216
395 398
265 268
88 91
440 443
364 367
397 400
118 121
229 232
174 177
201 204
418 421
431 434
298 301
43 46
262 265
117 120
8 11
278 281
19 22
99 102
256 259
340 343
41 44
368 371
133 136
199 202
178 181
425 428
282 285
208 211
137 140
299 302
52 55
202 205
402 405
411 414
48 51
187 190
31 34
303 306
421 424
286 289
57 60
77 80
295 298
157 160
189 192
300 303
304 307
140 143
4 7
267 270
206 209
116 119
56 59
171 174
40 43
436 439
312 315
274 277
7 10
384 387
426 429
111 114
124 127
338 341
361 364
324 327
319 322
93 96
329 332
248 251
28 31
279 282
446 449
385 388
351 354
432 435
318 321
158 161
128 131
173 176
24 27
335 338
257 260
408 411
444 447
100 103
414 417
438 441
228 231
131 134
139 142
67 70
354 357
289 292
63 66
18 21
365 368
54 57
47 50
11 14
9 12
435 438
233 236
130 133
74 77
34 37
2 5
441 444
293 296
0 3
238 241
437 440
277 280
176 179
215 218
273 276
392 395
82 85
86 89
144 147
241 244
126 129
209 212
227 230
309 312
379 382
153 156
188 191
38 41
211 214
108 111
427 430
322 325
357 360
315 318
363 366
284 287
405 408
362 365
296 299
141 144
223 226
429 432
372 375
419 422
245 248
276 279
328 331
151 154
266 269
308 311
84 87
218 221
69 72
376 379
416 419
311 314
413 416
430 433
62 65
334 337
235 238
420 423
264 267
29 32
415 418
348 351
221 224
165 168
280 283
443 446
222 225
138 141
350 353
271 274
26 29
132 135
85 88
203 206
5 8
58 61
447 450
439 442
134 137
50 53
196 199
119 122
