720
120 123
47 50
327 330
50 53
135 138
639 642
489 492
626 629
310 313
270 273
704 707
703 706
330 333
505 508
392 395
653 656
166 169
471 474
620 623
536 539
651 654
696 699
533 536
395 398
466 469
297 300
605 608
594 597
256 259
89 92
136 139
67 70
668 671
339 342
109 112
204 207
493 496
414 417
333 336
482 485
381 384
678 681
492 495
587 590
609 612
97 100
583 586
618 621
439 442
598 601
610 613
417 420
433 436
569 572
41 44
711 714
46 49
76 79
131 134
319 322
230 233
383 386
140 143
416 419
164 167
165 168
712 715
241 244
11 14
410 413
236 239
409 412
432 435
298 301
535 538
673 676
43 46
78 81
16 19
312 315
233 236
530 533
224 227
64 67
68 71
638 641
559 562
542 545
101 104
405 408
306 309
547 550
1 4
564 567
556 559
281 284
186 189
209 212
189 192
329 332
259 262
0 3
364 367
83 86
65 68
299 302
640 643
74 77
666 669
61 64
682 685
245 248
262 265
105 108
457 460
272 275
636 639
647 650
240 243
57 60
706 709
603 606
307 310
649 652
669 672
563 566
248 251
282 285
129 132
257 260
577 580
2 5
283 286
386 389
357 360
194 197
616 619
119 122
715 718
510 513
408 411
126 129
252 255
464 467
585 588
584 587
73 76
359 362
411 414
5 8
234 237
435 438
550 553
277 280
198 201
28 31
163 166
152 155
216 219
124 127
454 457
94 97
156 159
555 558
517 520
6 9
469 472
565 568
295 298
487 490
155 158
362 365
235 238
378 381
518 521
641 644
264 267
581 584
192 195
699 702
187 190
7 10
302 305
385 388
677 680
242 245
304 307
138 141
206 209
250 253
484 487
106 109
55 58
431 434
348 351
182 185
553 556
659 662
371 374
463 466
77 80
499 502
498 501
562 565
263 266
544 547
506 509
588 591
196 199
441 444
227 230
128 131
468 471
18 21
608 611
595 598
514 517
255 258
208 211
39 42
253 256
459 462
139 142
48 51
440 443
90 93
665 668
340 343
305 308
631 634
453 456
662 665
617 620
568 571
369 372
285 288
100 103
286 289
602 605
664 667
197 200
114 117
460 463
426 429
322 325
384 387
373 376
112 115
474 477
391 394
98 101
178 181
203 206
404 407
613 616
85 88
370 373
183 186
174 177
220 223
10 13
244 247
401 404
561 564
541 544
652 655
200 203
571 574
456 459
154 157
108 111
315 318
705 708
167 170
123 126
317 320
265 268
656 659
502 505
346 349
698 701
434 437
681 684
27 30
147 150
444 447
438 441
654 657
181 184
560 563
707 710
380 383
117 120
366 369
212 215
176 179
558 561
661 664
674 677
406 409
40 43
701 704
615 618
412 415
646 649
258 261
219 222
634 637
428 431
590 593
271 274
292 295
321 324
345 348
344 347
633 636
512 515
151 154
599 602
58 61
342 345
675 678
684 687
462 465
567 570
347 350
226 229
352 355
427 430
143 146
179 182
445 448
529 532
470 473
422 425
525 528
421 424
102 105
316 319
205 208
452 455
387 390
475 478
520 523
125 128
680 683
628 631
690 693
660 663
623 626
350 353
334 337
708 711
576 579
604 607
275 278
586 589
223 226
611 614
172 175
328 331
239 242
477 480
311 314
389 392
397 400
578 581
20 23
467 470
279 282
237 240
288 291
573 576
551 554
66 69
695 698
33 36
614 617
601 604
331 334
110 113
199 202
84 87
309 312
495 498
632 635
637 640
335 338
676 679
363 366
75 78
338 341
692 695
697 700
171 174
552 555
415 418
491 494
375 378
177 180
148 151
478 481
621 624
679 682
447 450
490 493
580 583
534 537
25 28
540 543
180 183
133 136
146 149
127 130
337 340
672 675
570 573
269 272
170 173
407 410
481 484
718 721
524 527
30 33
657 660
546 549
368 371
476 479
69 72
630 633
354 357
596 599
625 628
511 514
716 719
95 98
52 55
448 451
663 666
591 594
689 692
508 511
356 359
80 83
486 489
343 346
173 176
54 57
228 231
400 403
612 615
215 218
418 421
537 540
361 364
232 235
449 452
168 171
4 7
103 106
619 622
261 264
500 503
51 54
644 647
670 673
702 705
185 188
607 610
56 59
274 277
503 506
531 534
643 646
539 542
217 220
683 686
184 187
157 160
38 41
358 361
210 213
420 423
59 62
111 114
436 439
388 391
532 535
325 328
150 153
225 228
579 582
437 440
382 385
222 225
593 596
504 507
280 283
572 575
36 39
221 224
425 428
62 65
118 121
267 270
494 497
360 363
527 530
694 697
622 625
507 510
526 529
575 578
276 279
268 271
53 56
691 694
130 133
301 304
249 252
246 249
528 531
278 281
367 370
290 293
554 557
423 426
291 294
71 74
9 12
516 519
398 401
336 339
175 178
169 172
303 306
313 316
479 482
642 645
81 84
121 124
582 585
667 670
635 638
60 63
549 552
211 214
483 486
116 119
162 165
8 11
538 541
153 156
190 193
17 20
658 661
341 344
399 402
513 516
446 449
461 464
402 405
515 518
650 653
379 382
284 287
24 27
160 163
34 37
142 145
686 689
332 335
229 232
289 292
372 375
161 164
29 32
323 326
308 311
545 548
159 162
509 512
63 66
91 94
501 504
442 445
294 297
592 595
31 34
14 17
149 152
3 6
247 250
629 632
273 276
700 703
320 323
648 651
293 296
709 712
687 690
218 221
93 96
719 722
488 491
714 717
87 90
260 263
645 648
26 29
377 380
627 630
42 45
376 379
88 91
455 458
600 603
318 321
589 592
419 422
365 368
713 716
104 107
92 95
300 303
685 688
430 433
403 406
82 85
390 393
396 399
296 299
107 110
606 609
79 82
70 73
19 22
624 627
521 524
394 397
548 551
566 569
355 358
122 125
115 118
191 194
574 577
145 148
473 476
465 468
23 26
188 191
429 432
44 47
451 454
45 48
671 674
496 499
349 352
207 210
353 356
693 696
543 546
13 16
15 18
22 25
72 75
96 99
214 217
254 257
201 204
251 254
231 234
32 35
523 526
557 560
266 269
450 453
413 416
49 52
193 196
132 135
238 241
458 461
717 720
393 396
519 522
497 500
144 147
202 205
141 144
21 24
326 329
324 327
213 216
314 317
113 116
351 354
37 40
443 446
424 427
374 377
158 161
522 525
86 89
472 475
485 488
710 713
12 15
99 102
195 198
287 290
480 483
137 140
35 38
243 246
134 137
597 600
688 691
655 658
