850
154 157
405 408
751 754
519 522
179 182
734 737
171 174
193 196
364 367
157 160
165 168
492 495
596 599
156 159
167 170
90 93
828 831
554 557
631 634
775 778
557 560
542 545
595 598
634 637
47 50
359 362
530 533
538 541
597 600
742 745
770 773
18 21
313 316
826 829
718 721
369 372
493 496
207 210
435 438
824 827
540 543
94 97
52 55
9 12
628 631
644 647
754 757
60 63
457 460
112 115
498 501
275 278
100 103
212 215
293 296
848 851
235 238
354 357
78 81
398 401
832 835
829 832
332 335
520 523
8 11
41 44
43 46
392 395
388 391
816 819
226 229
61 64
810 813
475 478
146 149
436 439
687 690
20 23
98 101
478 481
717 720
71 74
757 760
195 198
458 461
243 246
107 110
730 733
800 803
350 353
479 482
516 519
93 96
807 810
208 211
211 214
218 221
448 451
646 649
741 744
584 587
382 385
784 787
81 84
572 575
35 38
338 341
345 348
39 42
128 131
629 632
168 171
263 266
735 738
304 307
563 566
580 583
31 34
827 830
689 692
24 27
441 444
783 786
151 154
459 462
544 547
700 703
564 567
283 286
334 337
442 445
601 604
456 459
490 493
507 510
831 834
225 228
494 497
53 56
662 665
30 33
771 774
472 475
399 402
528 531
5 8
837 840
825 828
529 532
344 347
803 806
655 658
706 709
802 805
328 331
607 610
690 693
636 639
533 536
19 22
736 739
715 718
155 158
357 360
566 569
240 243
346 349
473 476
63 66
136 139
407 410
553 556
585 588
408 411
808 811
49 52
306 309
329 332
291 294
822 825
670 673
260 263
517 520
417 420
823 826
440 443
101 104
12 15
611 614
830 833
353 356
681 684
427 430
406 409
45 48
697 700
626 629
37 40
231 234
474 477
691 694
22 25
307 310
444 447
608 611
108 111
661 664
750 753
606 609
746 749
84 87
692 695
365 368
788 791
141 144
577 580
252 255
250 253
180 183
643 646
140 143
40 43
645 648
654 657
28 31
541 544
794 797
504 507
342 345
609 612
233 236
598 601
129 132
186 189
242 245
709 712
220 223
391 394
619 622
546 549
797 800
740 743
782 785
764 767
652 655
287 290
460 463
590 593
77 80
693 696
198 201
420 423
38 41
688 691
51 54
32 35
495 498
547 550
434 437
83 86
664 667
612 615
729 732
801 804
268 271
390 393
305 308
518 521
288 291
588 591
58 61
331 334
522 525
604 607
267 270
793 796
149 152
481 484
791 794
704 707
562 565
102 105
139 142
769 772
178 181
62 65
552 555
799 802
840 843
109 112
779 782
56 59
261 264
804 807
838 841
366 369
360 363
463 466
650 653
561 564
173 176
506 509
14 17
17 20
663 666
698 701
622 625
381 384
415 418
386 389
294 297
844 847
301 304
705 708
202 205
4 7
815 818
236 239
13 16
548 551
847 850
70 73
632 635
361 364
196 199
621 624
247 250
160 163
159 162
64 67
67 70
817 820
182 185
213 216
748 751
55 58
806 809
153 156
230 233
223 226
429 432
565 568
671 674
126 129
121 124
657 660
185 188
131 134
539 542
76 79
394 397
91 94
574 577
158 161
637 640
525 528
846 849
99 102
744 747
216 219
732 735
821 824
115 118
340 343
374 377
389 392
615 618
1 4
343 346
227 230
48 51
412 415
820 823
363 366
582 585
470 473
758 761
114 117
222 225
162 165
443 446
217 220
378 381
409 412
244 247
749 752
723 726
137 140
425 428
640 643
462 465
170 173
347 350
259 262
29 32
206 209
776 779
559 562
676 679
701 704
639 642
335 338
805 808
143 146
370 373
713 716
355 358
256 259
672 675
653 656
264 267
438 441
695 698
627 630
796 799
397 400
683 686
603 606
720 723
23 26
772 775
265 268
845 848
152 155
786 789
680 683
452 455
87 90
745 748
404 407
135 138
780 783
550 553
762 765
421 424
733 736
6 9
320 323
322 325
333 336
756 759
318 321
73 76
811 814
581 584
255 258
33 36
142 145
297 300
191 194
787 790
792 795
113 116
57 60
813 816
176 179
257 260
739 742
536 539
403 406
95 98
396 399
469 472
665 668
296 299
439 442
842 845
337 340
376 379
371 374
761 764
451 454
616 619
239 242
591 594
570 573
309 312
125 128
778 781
767 770
325 328
466 469
499 502
819 822
471 474
489 492
3 6
641 644
532 535
514 517
419 422
618 621
485 488
727 730
579 582
164 167
384 387
66 69
738 741
2 5
755 758
510 513
777 780
836 839
249 252
728 731
0 3
839 842
169 172
25 28
602 605
118 121
172 175
74 77
278 281
673 676
659 662
445 448
163 166
133 136
59 62
509 512
221 224
508 511
583 586
116 119
635 638
707 710
433 436
92 95
523 526
82 85
613 616
511 514
513 516
737 740
266 269
560 563
46 49
722 725
843 846
455 458
711 714
269 272
103 106
625 628
724 727
610 613
725 728
402 405
638 641
379 382
679 682
505 508
326 329
124 127
228 231
416 419
166 169
383 386
246 249
437 440
215 218
254 257
201 204
569 572
424 427
578 581
65 68
515 518
339 342
272 275
685 688
594 597
431 434
781 784
358 361
352 355
42 45
258 261
284 287
190 193
464 467
277 280
69 72
674 677
731 734
282 285
428 431
377 380
199 202
214 217
245 248
105 108
410 413
200 203
110 113
372 375
281 284
224 227
308 311
486 489
512 515
303 306
189 192
432 435
666 669
763 766
785 788
299 302
835 838
537 540
10 13
450 453
814 817
531 534
453 456
395 398
248 251
119 122
401 404
699 702
480 483
841 844
16 19
184 187
144 147
197 200
710 713
302 305
188 191
203 206
280 283
285 288
753 756
295 298
558 561
694 697
633 636
599 602
219 222
614 617
702 705
834 837
556 559
34 37
624 627
719 722
675 678
274 277
476 479
27 30
314 317
237 240
589 592
576 579
497 500
68 71
21 24
300 303
765 768
535 538
150 153
503 506
617 620
50 53
192 195
524 527
423 426
262 265
759 762
183 186
833 836
79 82
795 798
234 237
696 699
177 180
551 554
54 57
543 546
798 801
238 241
484 487
600 603
500 503
181 184
7 10
175 178
122 125
454 457
411 414
134 137
273 276
549 552
521 524
36 39
96 99
321 324
72 75
488 491
468 471
147 150
298 301
491 494
414 417
752 755
319 322
592 595
44 47
422 425
708 711
393 396
418 421
380 383
270 273
669 672
336 339
586 589
686 689
721 724
161 164
316 319
660 663
106 109
447 450
292 295
289 292
620 623
323 326
527 530
80 83
373 376
743 746
251 254
703 706
571 574
368 371
534 537
253 256
849 852
86 89
241 244
467 470
575 578
483 486
229 232
312 315
714 717
88 91
26 29
327 330
568 571
310 313
716 719
132 135
315 318
426 429
789 792
446 449
482 485
341 344
15 18
677 680
684 687
413 416
324 327
649 652
311 314
809 812
790 793
123 126
623 626
682 685
117 120
774 777
385 388
747 750
477 480
317 320
75 78
668 671
120 123
647 650
286 289
174 177
545 548
766 769
348 351
656 659
768 771
461 464
501 504
648 651
587 590
567 570
205 208
818 821
760 763
812 815
667 670
194 197
210 213
104 107
232 235
204 207
330 333
276 279
726 729
89 92
11 14
658 661
502 505
605 608
630 633
145 148
351 354
487 490
593 596
526 529
465 468
187 190
496 499
642 645
573 576
138 141
271 274
430 433
209 212
349 352
712 715
290 293
651 654
148 151
279 282
375 378
362 365
678 681
97 100
127 130
400 403
130 133
555 558
449 452
85 88
367 370
773 776
356 359
111 114
387 390
