930
9 12
725 728
397 400
50 53
174 177
97 100
514 517
749 752
367 370
801 804
539 542
145 148
181 184
21 24
371 374
339 342
737 740
289 292
771 774
480 483
51 54
305 308
307 310
870 873
826 829
176 179
623 626
924 927
815 818
686 689
838 841
47 50
41 44
316 319
295 298
883 886
800 803
374 377
297 300
825 828
387 390
346 349
627 630
421 424
652 655
792 795
13 16
639 642
487 490
684 687
265 268
790 793
676 679
887 890
849 852
34 37
392 395
583 586
406 409
185 188
311 314
12 15
23 26
813 816
348 351
422 425
726 729
384 387
608 611
910 913
466 469
845 848
680 683
804 807
408 411
841 844
149 152
300 303
67 70
450 453
117 120
377 380
264 267
767 770
882 885
277 280
268 271
453 456
247 250
249 252
524 527
160 163
546 549
366 369
528 531
191 194
131 134
211 214
459 462
228 231
695 698
193 196
720 723
517 520
65 68
855 858
365 368
343 346
223 226
552 555
814 817
568 571
402 405
418 421
510 513
557 560
707 710
879 882
206 209
862 865
712 715
897 900
241 244
63 66
116 119
650 653
636 639
735 738
59 62
818 821
352 355
705 708
584 587
812 815
461 464
885 888
823 826
19 22
266 269
381 384
187 190
868 871
419 422
6 9
658 661
717 720
570 573
714 717
28 31
99 102
477 480
194 197
816 819
286 289
279 282
920 923
292 295
195 198
22 25
412 415
118 121
590 593
400 403
685 688
455 458
218 221
331 334
262 265
732 735
580 583
744 747
638 641
575 578
518 521
245 248
564 567
746 749
271 274
159 162
314 317
376 379
157 160
613 616
167 170
310 313
57 60
104 107
183 186
154 157
739 742
781 784
77 80
328 331
390 393
793 796
698 701
258 261
927 930
730 733
460 463
894 897
49 52
903 906
916 919
865 868
434 437
867 870
83 86
326 329
470 473
922 925
776 779
152 155
213 216
200 203
368 371
509 512
891 894
791 794
834 837
861 864
736 739
72 75
661 664
881 884
87 90
217 220
410 413
851 854
630 633
208 211
304 307
787 790
498 501
293 296
715 718
499 502
904 907
427 430
775 778
275 278
525 528
478 481
413 416
513 516
219 222
693 696
370 373
164 167
151 154
102 105
734 737
436 439
642 645
811 814
106 109
20 23
465 468
255 258
188 191
928 931
602 605
753 756
435 438
226 229
495 498
671 674
263 266
874 877
30 33
443 446
646 649
592 595
859 862
317 320
703 706
463 466
107 110
777 780
542 545
494 497
783 786
588 591
923 926
379 382
482 485
633 636
127 130
576 579
420 423
507 510
220 223
473 476
399 402
391 394
240 243
654 657
523 526
184 187
288 291
906 909
756 759
329 332
925 928
464 467
547 550
678 681
729 732
778 781
212 215
395 398
257 260
221 224
287 290
338 341
681 684
679 682
105 108
664 667
708 711
173 176
38 41
182 185
186 189
716 719
669 672
696 699
347 350
109 112
350 353
819 822
506 509
871 874
541 544
582 585
32 35
603 606
799 802
42 45
481 484
126 129
349 352
566 569
11 14
312 315
35 38
872 875
549 552
276 279
75 78
84 87
806 809
457 460
843 846
139 142
529 532
748 751
479 482
196 199
204 207
490 493
103 106
215 218
398 401
926 929
315 318
653 656
225 228
404 407
758 761
380 383
358 361
738 741
119 122
318 321
890 893
895 898
45 48
560 563
682 685
491 494
210 213
876 879
475 478
489 492
567 570
68 71
302 305
497 500
538 541
55 58
829 832
322 325
363 366
353 356
866 869
48 51
433 436
172 175
142 145
388 391
516 519
282 285
581 584
253 256
163 166
917 920
354 357
657 660
33 36
728 731
830 833
166 169
769 772
647 650
269 272
898 901
869 872
199 202
177 180
321 324
303 306
125 128
795 798
656 659
555 558
632 635
863 866
760 763
918 921
192 195
10 13
123 126
79 82
508 511
430 433
284 287
797 800
908 911
659 662
294 297
80 83
37 40
526 529
550 553
701 704
143 146
291 294
66 69
527 530
362 365
431 434
31 34
452 455
130 133
147 150
60 63
912 915
52 55
794 797
606 609
162 165
364 367
70 73
764 767
765 768
135 138
437 440
515 518
853 856
424 427
94 97
394 397
672 675
565 568
207 210
559 562
577 580
115 118
754 757
451 454
551 554
599 602
161 164
637 640
761 764
706 709
655 658
323 326
719 722
82 85
92 95
254 257
700 703
165 168
355 358
704 707
454 457
687 690
561 564
847 850
878 881
742 745
201 204
640 643
688 691
784 787
359 362
114 117
319 322
308 311
471 474
476 479
73 76
61 64
246 249
850 853
342 345
396 399
660 663
677 680
16 19
96 99
534 537
81 84
571 574
896 899
569 572
5 8
231 234
95 98
44 47
357 360
283 286
805 808
574 577
662 665
822 825
472 475
833 836
751 754
601 604
598 601
405 408
536 539
205 208
128 131
600 603
629 632
448 451
504 507
385 388
648 651
58 61
423 426
98 101
272 275
150 153
320 323
360 363
624 627
905 908
628 631
780 783
921 924
168 171
403 406
900 903
332 335
389 392
615 618
573 576
836 839
854 857
595 598
445 448
554 557
785 788
432 435
531 534
766 769
556 559
697 700
511 514
336 339
540 543
179 182
333 336
586 589
848 851
835 838
860 863
393 396
763 766
842 845
722 725
306 309
485 488
839 842
634 637
64 67
7 10
699 702
132 135
591 594
301 304
71 74
668 671
770 773
229 232
256 259
798 801
723 726
579 582
745 748
111 114
409 412
857 860
718 721
645 648
327 330
345 348
505 508
877 880
670 673
543 546
458 461
202 205
675 678
915 918
113 116
234 237
743 746
281 284
238 241
324 327
248 251
889 892
611 614
36 39
493 496
873 876
880 883
807 810
76 79
884 887
585 588
189 192
373 376
864 867
203 206
691 694
237 240
122 125
141 144
913 916
721 724
278 281
3 6
2 5
91 94
469 472
341 344
169 172
171 174
907 910
17 20
428 431
788 791
298 301
440 443
425 428
414 417
824 827
170 173
449 452
285 288
502 505
893 896
299 302
198 201
643 646
4 7
631 634
625 628
750 753
609 612
344 347
710 713
43 46
622 625
274 277
626 629
89 92
665 668
803 806
532 535
610 613
846 849
335 338
837 840
484 487
108 111
666 669
619 622
587 590
261 264
197 200
252 255
180 183
759 762
483 486
39 42
411 414
909 912
593 596
673 676
250 253
260 263
69 72
578 581
244 247
242 245
831 834
768 771
86 89
902 905
416 419
503 506
426 429
467 470
100 103
852 855
468 471
858 861
773 776
144 147
694 697
755 758
243 246
74 77
446 449
85 88
239 242
270 273
501 504
589 592
901 904
757 760
875 878
614 617
90 93
442 445
597 600
313 316
840 843
522 525
683 686
817 820
222 225
772 775
762 765
709 712
733 736
156 159
14 17
153 156
259 262
558 561
0 3
796 799
496 499
386 389
233 236
372 375
18 21
533 536
227 230
337 340
545 548
369 372
382 385
148 151
93 96
110 113
24 27
782 785
779 782
351 354
26 29
774 777
810 813
25 28
663 666
251 254
267 270
821 824
649 652
911 914
356 359
112 115
334 337
129 132
713 716
548 551
617 620
892 895
486 489
158 161
747 750
456 459
27 30
8 11
674 677
727 730
216 219
140 143
235 238
530 533
230 233
232 235
572 575
53 56
604 607
820 823
438 441
190 193
134 137
512 515
273 276
886 889
724 727
492 495
474 477
407 410
740 743
54 57
562 565
439 442
417 420
441 444
375 378
500 503
383 386
827 830
15 18
641 644
844 847
620 623
919 922
596 599
605 608
1 4
214 217
378 381
447 450
521 524
888 891
124 127
178 181
488 491
101 104
856 859
209 212
929 932
635 638
121 124
120 123
325 328
401 404
544 547
136 139
133 136
290 293
741 744
537 540
731 734
309 312
899 902
914 917
612 615
809 812
330 333
520 523
175 178
689 692
535 538
594 597
692 695
618 621
56 59
88 91
752 755
616 619
563 566
690 693
789 792
429 432
236 239
667 670
786 789
29 32
828 831
280 283
702 705
361 364
155 158
62 65
711 714
444 447
462 465
553 556
802 805
621 624
651 654
40 43
607 610
138 141
644 647
415 418
78 81
340 343
808 811
146 149
519 522
832 835
224 227
137 140
46 49
296 299
