240
221 224
156 159
126 129
189 192
239 242
65 68
215 218
165 168
154 157
219 222
76 79
88 91
9 12
75 78
230 233
107 110
175 178
1 4
150 153
218 221
80 83
58 61
127 130
32 35
167 170
12 15
93 96
201 204
16 19
59 62
57 60
193 196
235 238
28 31
111 114
216 219
83 86
115 118
236 239
122 125
36 39
186 189
223 226
118 121
172 175
84 87
168 171
137 140
3 6
217 220
98 101
178 181
192 195
55 58
129 132
166 169
141 144
112 115
123 126
77 80
132 135
158 161
104 107
19 22
69 72
160 163
42 45
49 52
101 104
152 155
144 147
103 106
6 9
14 17
7 10
51 54
227 230
4 7
199 202
114 117
120 123
231 234
34 37
24 27
78 81
237 240
94 97
214 217
159 162
25 28
157 160
8 11
143 146
92 95
212 215
37 40
174 177
203 206
87 90
213 216
23 26
179 182
41 44
5 8
185 188
97 100
162 165
139 142
70 73
125 128
202 205
169 172
61 64
50 53
171 174
232 235
233 236
48 51
188 191
73 76
200 203
208 211
205 208
238 241
226 229
13 16
121 124
71 74
68 71
117 120
145 148
29 32
138 141
2 5
43 46
74 77
91 94
54 57
209 212
181 184
63 66
99 102
134 137
196 199
183 186
151 154
182 185
105 108
177 180
225 228
64 67
195 198
35 38
110 113
173 176
198 201
39 42
133 136
26 29
116 119
220 223
67 70
135 138
106 109
60 63
18 21
170 173
228 231
147 150
86 89
187 190
47 50
194 197
44 47
153 156
136 139
163 166
155 158
164 167
197 200
148 151
17 20
149 152
184 187
90 93
100 103
142 145
109 112
190 193
89 92
82 85
15 18
10 13
11 14
161 164
211 214
22 25
204 207
108 111
53 56
56 59
222 225
40 43
234 237
229 232
27 30
96 99
113 116
81 84
38 41
31 34
0 3
52 55
130 133
191 194
176 179
119 122
128 131
66 69
79 82
62 65
140 143
85 88
207 210
46 49
180 183
33 36
95 98
146 149
21 24
72 75
206 209
102 105
124 127
45 48
30 33
210 213
131 134
20 23
224 227
