180
139 142
77 80
126 129
92 95
118 121
132 135
89 92
150 153
72 75
136 139
13 16
54 57
40 43
151 154
103 106
141 144
18 21
30 33
156 159
74 77
144 147
116 119
23 26
79 82
24 27
36 39
82 85
113 116
104 107
153 156
133 136
37 40
162 165
164 167
11 14
9 12
143 146
60 63
175 178
38 41
22 25
93 96
32 35
53 56
142 145
39 42
76 79
152 155
100 103
62 65
67 70
112 115
12 15
33 36
114 117
78 81
174 177
44 47
99 102
10 13
61 64
16 19
88 91
101 104
137 140
140 143
81 84
102 105
110 113
123 126
47 50
3 6
45 48
155 158
5 8
149 152
122 125
105 108
51 54
127 130
95 98
6 9
86 89
8 11
55 58
27 30
107 110
98 101
42 45
35 38
145 148
158 161
50 53
121 124
73 76
83 86
171 174
71 74
7 10
134 137
56 59
177 180
154 157
108 111
176 179
52 55
157 160
168 171
165 168
31 34
85 88
109 112
119 122
48 51
19 22
58 61
25 28
131 134
90 93
70 73
17 20
170 173
21 24
159 162
124 127
129 132
125 128
97 100
46 49
172 175
59 62
41 44
147 150
65 68
96 99
14 17
120 123
91 94
166 169
57 60
84 87
167 170
148 151
87 90
15 18
161 164
146 149
2 5
68 71
64 67
75 78
135 138
94 97
138 141
49 52
34 37
117 120
173 176
111 114
178 181
106 109
66 69
128 131
0 3
80 83
179 182
163 166
4 7
1 4
160 163
169 172
115 118
43 46
26 29
69 72
29 32
130 133
63 66
28 31
20 23
