510
259 262
242 245
245 248
327 330
436 439
465 468
151 154
25 28
329 332
107 110
247 250
253 256
239 242
215 218
319 322
474 477
77 80
112 115
271 274
243 246
355 358
509 512
359 362
280 283
173 176
315 318
201 204
487 490
254 257
93 96
68 71
437 440
214 217
416 419
48 51
364 367
246 249
97 100
63 66
478 481
122 125
412 415
441 444
116 119
336 339
149 152
24 27
166 169
368 371
484 487
17 20
404 407
182 185
220 223
41 44
257 260
494 497
440 443
296 299
393 396
157 160
480 483
170 173
505 508
197 200
210 213
266 269
338 341
78 81
433 436
403 406
84 87
432 435
32 35
332 335
386 389
301 304
279 282
495 498
209 212
308 311
497 500
251 254
51 54
367 370
399 402
429 432
104 107
202 205
283 286
235 238
4 7
286 289
79 82
366 369
321 324
211 214
401 404
191 194
21 24
263 266
287 290
52 55
196 199
353 356
10 13
361 364
410 413
105 108
343 346
407 410
267 270
377 380
402 405
133 136
409 412
96 99
339 342
87 90
376 379
305 308
310 313
131 134
481 484
464 467
391 394
54 57
153 156
357 360
294 297
498 501
193 196
40 43
154 157
431 434
434 437
222 225
331 334
9 12
120 123
249 252
463 466
89 92
150 153
396 399
447 450
231 234
492 495
258 261
177 180
415 418
476 479
288 291
135 138
506 509
115 118
427 430
39 42
405 408
90 93
356 359
6 9
12 15
304 307
299 302
380 383
362 365
307 310
348 351
369 372
22 25
374 377
66 69
250 253
309 312
499 502
459 462
11 14
234 237
37 40
469 472
230 233
442 445
125 128
385 388
155 158
127 130
99 102
174 177
103 106
129 132
300 303
232 235
281 284
282 285
31 34
424 427
485 488
16 19
460 463
314 317
101 104
65 68
276 279
83 86
316 319
273 276
421 424
290 293
270 273
413 416
138 141
184 187
88 91
289 292
252 255
233 236
341 344
471 474
145 148
419 422
272 275
244 247
194 197
334 337
430 433
85 88
60 63
94 97
238 241
7 10
475 478
47 50
3 6
56 59
2 5
62 65
43 46
58 61
142 145
311 314
379 382
15 18
216 219
23 26
19 22
418 421
44 47
423 426
240 243
397 400
388 391
13 16
86 89
72 75
255 258
491 494
454 457
455 458
350 353
264 267
217 220
472 475
274 277
203 206
438 441
262 265
175 178
295 298
342 345
70 73
160 163
132 135
425 428
35 38
221 224
486 489
28 31
306 309
458 461
206 209
187 190
417 420
241 244
285 288
451 454
82 85
291 294
183 186
502 505
501 504
488 491
123 126
92 95
146 149
453 456
111 114
100 103
136 139
167 170
446 449
346 349
428 431
148 151
507 510
121 124
176 179
69 72
205 208
130 133
390 393
503 506
30 33
38 41
199 202
55 58
81 84
493 496
156 159
328 331
67 70
382 385
114 117
225 228
219 222
414 417
349 352
126 129
500 503
50 53
371 374
426 429
165 168
117 120
204 207
5 8
226 229
73 76
59 62
161 164
293 296
284 287
118 121
256 259
237 240
224 227
27 30
326 329
462 465
190 193
57 60
406 409
508 511
422 425
489 492
229 232
180 183
228 231
171 174
449 452
381 384
372 375
218 221
208 211
320 323
18 21
452 455
443 446
75 78
387 390
466 469
312 315
439 442
278 281
26 29
207 210
76 79
461 464
268 271
147 150
375 378
34 37
248 251
408 411
457 460
365 368
344 347
236 239
297 300
435 438
110 113
302 305
168 171
411 414
1 4
337 340
444 447
317 320
124 127
158 161
275 278
383 386
445 448
140 143
113 116
178 181
223 226
91 94
450 453
141 144
303 306
0 3
36 39
323 326
33 36
46 49
378 381
269 272
298 301
477 480
340 343
420 423
143 146
49 52
29 32
185 188
134 137
395 398
169 172
504 507
172 175
95 98
373 376
483 486
325 328
80 83
61 64
128 131
164 167
496 499
318 321
159 162
277 280
45 48
195 198
152 155
384 387
468 471
8 11
163 166
186 189
363 366
137 140
119 122
188 191
392 395
106 109
470 473
456 459
347 350
162 165
398 401
192 195
313 316
479 482
400 403
482 485
490 493
74 77
20 23
98 101
14 17
358 361
108 111
260 263
335 338
333 336
213 216
42 45
200 203
345 348
473 476
448 451
354 357
212 215
352 355
198 201
265 268
227 230
360 363
370 373
179 182
394 397
181 184
71 74
144 147
324 327
102 105
64 67
189 192
109 112
292 295
261 264
139 142
330 333
467 470
351 354
322 325
53 56
389 392
