560
555 558
62 65
120 123
140 143
126 129
329 332
302 305
0 3
54 57
145 148
142 145
10 13
265 268
274 277
127 130
266 269
433 436
115 118
321 324
389 392
330 333
483 486
354 357
520 523
342 345
158 161
401 404
139 142
432 435
373 376
1 4
544 547
188 191
123 126
459 462
507 510
92 95
338 341
412 415
214 217
427 430
511 514
308 311
334 337
226 229
199 202
57 60
366 369
449 452
392 395
28 31
91 94
154 157
383 386
305 308
80 83
464 467
280 283
422 425
204 207
397 400
43 46
221 224
364 367
186 189
247 250
551 554
407 410
309 312
133 136
31 34
108 111
361 364
363 366
517 520
403 406
455 458
382 385
235 238
207 210
554 557
428 431
408 411
421 424
201 204
532 535
473 476
215 218
88 91
272 275
503 506
237 240
452 455
229 232
7 10
82 85
402 405
249 252
304 307
216 219
172 175
100 103
539 542
176 179
360 363
471 474
336 339
493 496
171 174
311 314
362 365
546 549
447 450
105 108
129 132
233 236
547 550
47 50
119 122
444 447
518 521
417 420
448 451
371 374
81 84
203 206
69 72
220 223
516 519
456 459
501 504
312 315
251 254
87 90
61 64
303 306
414 417
160 163
472 475
481 484
279 282
48 51
477 480
202 205
509 512
317 320
359 362
224 227
349 352
20 23
273 276
332 335
504 507
248 251
337 340
413 416
526 529
347 350
387 390
322 325
325 328
231 234
335 338
267 270
423 426
300 303
522 525
327 330
134 137
494 497
410 413
163 166
380 383
404 407
78 81
169 172
324 327
155 158
538 541
242 245
131 134
463 466
103 106
101 104
454 457
479 482
102 105
328 331
32 35
21 24
114 117
388 391
264 267
9 12
22 25
124 127
358 361
177 180
339 342
348 351
50 53
259 262
75 78
181 184
368 371
269 272
206 209
351 354
51 54
505 508
525 528
167 170
44 47
187 190
175 178
271 274
118 121
243 246
222 225
234 237
77 80
476 479
475 478
257 260
508 511
378 381
16 19
528 531
365 368
453 456
182 185
290 293
250 253
500 503
183 186
429 432
514 517
394 397
369 372
549 552
55 58
86 89
484 487
240 243
540 543
316 319
56 59
45 48
230 233
439 442
426 429
238 241
146 149
180 183
286 289
536 539
492 495
466 469
488 491
246 249
438 441
239 242
529 532
30 33
287 290
111 114
442 445
190 193
524 527
465 468
132 135
236 239
104 107
252 255
73 76
223 226
343 346
93 96
499 502
406 409
253 256
13 16
254 257
52 55
434 437
67 70
64 67
299 302
416 419
437 440
225 228
534 537
297 300
474 477
19 22
96 99
168 171
179 182
98 101
198 201
357 360
296 299
37 40
431 434
381 384
15 18
376 379
314 317
283 286
490 493
440 443
298 301
333 336
285 288
147 150
109 112
545 548
130 133
399 402
496 499
420 423
291 294
218 221
460 463
196 199
166 169
122 125
245 248
161 164
84 87
458 461
450 453
24 27
409 412
530 533
97 100
310 313
141 144
49 52
418 421
559 562
33 36
268 271
72 75
281 284
385 388
23 26
523 526
386 389
282 285
74 77
375 378
395 398
116 119
59 62
99 102
443 446
217 220
41 44
451 454
411 414
53 56
209 212
485 488
445 448
531 534
3 6
457 460
533 536
184 187
128 131
232 235
491 494
71 74
107 110
405 408
377 380
289 292
390 393
110 113
293 296
200 203
165 168
260 263
174 177
210 213
29 32
550 553
227 230
258 261
470 473
326 329
205 208
276 279
295 298
535 538
68 71
318 321
527 530
156 159
278 281
482 485
148 151
34 37
244 247
548 551
2 5
213 216
313 316
512 515
143 146
14 17
152 155
320 323
425 428
489 492
60 63
164 167
211 214
468 471
12 15
11 14
400 403
469 472
495 498
89 92
65 68
372 375
192 195
552 555
42 45
208 211
79 82
162 165
379 382
396 399
558 561
70 73
543 546
255 258
331 334
301 304
462 465
288 291
35 38
537 540
446 449
521 524
506 509
241 244
553 556
18 21
138 141
83 86
306 309
353 356
144 147
374 377
150 153
159 162
519 522
345 348
355 358
191 194
4 7
542 545
541 544
66 69
228 231
85 88
125 128
346 349
149 152
106 109
157 160
137 140
194 197
424 427
262 265
256 259
17 20
370 373
5 8
136 139
307 310
270 273
284 287
26 29
356 359
319 322
173 176
384 387
415 418
113 116
219 222
189 192
556 559
25 28
135 138
153 156
352 355
467 470
350 353
36 39
435 438
263 266
294 297
393 396
40 43
90 93
292 295
436 439
112 115
151 154
497 500
344 347
121 124
275 278
478 481
38 41
480 483
8 11
487 490
6 9
315 318
340 343
367 370
419 422
193 196
27 30
391 394
513 516
195 198
178 181
39 42
557 560
212 215
185 188
441 444
261 264
117 120
486 489
76 79
170 173
197 200
398 401
277 280
94 97
430 433
46 49
95 98
323 326
502 505
498 501
58 61
510 513
461 464
515 518
63 66
341 344
