640
569 572
619 622
215 218
18 21
520 523
95 98
174 177
480 483
574 577
186 189
334 337
567 570
193 196
67 70
246 249
268 271
376 379
277 280
459 462
192 195
502 505
286 289
68 71
610 613
197 200
467 470
620 623
390 393
583 586
326 329
90 93
104 107
0 3
509 512
622 625
560 563
588 591
72 75
248 251
616 619
231 234
401 404
323 326
188 191
283 286
161 164
310 313
381 384
13 16
243 246
4 7
477 480
278 281
10 13
33 36
600 603
457 460
94 97
577 580
325 328
463 466
315 318
233 236
530 533
247 250
137 140
230 233
321 324
103 106
491 494
313 316
223 226
44 47
632 635
85 88
237 240
535 538
59 62
134 137
572 575
256 259
124 127
65 68
529 532
21 24
549 552
598 601
279 282
250 253
307 310
561 564
494 497
406 409
267 270
111 114
414 417
371 374
106 109
421 424
344 347
169 172
550 553
346 349
296 299
538 541
282 285
557 560
263 266
337 340
75 78
592 595
330 333
176 179
519 522
181 184
79 82
379 382
135 138
212 215
127 130
9 12
442 445
536 539
606 609
172 175
50 53
354 357
573 576
69 72
14 17
98 101
471 474
309 312
265 268
349 352
539 542
333 336
20 23
455 458
71 74
398 401
213 216
389 392
235 238
123 126
547 550
55 58
303 306
173 176
114 117
47 50
531 534
433 436
377 380
116 119
207 210
203 206
570 573
439 442
217 220
410 413
472 475
8 11
399 402
151 154
405 408
510 513
497 500
208 211
469 472
255 258
112 115
15 18
361 364
225 228
624 627
599 602
70 73
99 102
211 214
375 378
273 276
612 615
40 43
359 362
504 507
626 629
419 422
589 592
345 348
19 22
58 61
368 371
155 158
580 583
357 360
245 248
298 301
164 167
238 241
130 133
240 243
605 608
179 182
466 469
304 307
285 288
322 325
56 59
3 6
458 461
297 300
533 536
221 224
548 551
232 235
446 449
257 260
482 485
443 446
16 19
314 317
254 257
395 398
618 621
372 375
43 46
324 327
6 9
229 232
564 567
133 136
51 54
571 574
391 394
358 361
219 222
516 519
102 105
206 209
386 389
445 448
597 600
362 365
195 198
93 96
48 51
528 531
541 544
32 35
166 169
92 95
189 192
145 148
204 207
167 170
635 638
584 587
609 612
474 477
623 626
385 388
141 144
431 434
128 131
311 314
150 153
524 527
450 453
184 187
22 25
475 478
198 201
76 79
448 451
615 618
413 416
27 30
154 157
576 579
636 639
74 77
201 204
168 171
336 339
100 103
514 517
136 139
436 439
234 237
159 162
110 113
551 554
249 252
177 180
513 516
432 435
511 514
526 529
505 508
115 118
45 48
383 386
486 489
178 181
308 311
218 221
633 636
562 565
262 265
429 432
317 320
423 426
339 342
180 183
348 351
603 606
634 637
563 566
427 430
122 125
515 518
139 142
199 202
329 332
485 488
294 297
340 343
241 244
593 596
464 467
216 219
202 205
162 165
222 225
209 212
343 346
41 44
360 363
453 456
105 108
316 319
629 632
42 45
462 465
476 479
412 415
452 455
259 262
73 76
506 509
507 510
555 558
289 292
34 37
493 496
614 617
302 305
369 372
113 116
87 90
335 338
585 588
478 481
353 356
120 123
608 611
554 557
287 290
512 515
441 444
101 104
60 63
582 585
484 487
182 185
300 303
29 32
224 227
403 406
617 620
366 369
517 520
347 350
631 634
525 528
61 64
220 223
117 120
138 141
586 589
402 405
49 52
146 149
36 39
54 57
236 239
91 94
320 323
131 134
319 322
53 56
210 213
140 143
356 359
483 486
11 14
370 373
437 440
239 242
388 391
565 568
341 344
191 194
508 511
440 443
473 476
566 569
328 331
365 368
590 593
449 452
96 99
132 135
393 396
196 199
332 335
175 178
627 630
227 230
611 614
338 341
587 590
270 273
378 381
276 279
244 247
295 298
434 437
546 549
291 294
384 387
501 504
306 309
374 377
205 208
342 345
447 450
522 525
158 161
78 81
37 40
274 277
465 468
299 302
12 15
523 526
468 471
281 284
251 254
521 524
425 428
422 425
628 631
543 546
430 433
183 186
258 261
252 255
518 521
64 67
604 607
228 231
89 92
97 100
556 559
39 42
63 66
288 291
380 383
1 4
364 367
327 330
575 578
409 412
532 535
438 441
387 390
107 110
373 376
503 506
147 150
591 594
527 530
630 633
426 429
417 420
118 121
542 545
272 275
625 628
318 321
129 132
165 168
581 584
397 400
185 188
579 582
293 296
82 85
411 414
400 403
84 87
552 555
499 502
595 598
26 29
350 353
38 41
5 8
613 616
108 111
367 370
80 83
121 124
261 264
639 642
404 407
487 490
25 28
77 80
190 193
596 599
17 20
392 395
301 304
157 160
109 112
602 605
260 263
2 5
396 399
428 431
461 464
544 547
280 283
214 217
170 173
537 540
290 293
125 128
488 491
187 190
30 33
578 581
496 499
312 315
160 163
331 334
28 31
601 604
594 597
242 245
253 256
83 86
142 145
284 287
200 203
363 366
163 166
62 65
489 492
553 556
415 418
351 354
153 156
81 84
305 308
407 410
88 91
495 498
435 438
559 562
416 419
460 463
271 274
607 610
418 421
46 49
266 269
492 495
408 411
149 152
540 543
144 147
638 641
444 447
545 548
424 427
152 155
481 484
490 493
292 295
156 159
479 482
119 122
394 397
534 537
558 561
7 10
451 454
226 229
24 27
269 272
86 89
355 358
621 624
126 129
23 26
454 457
568 571
171 174
35 38
31 34
143 146
352 355
194 197
52 55
66 69
500 503
148 151
57 60
456 459
275 278
470 473
637 640
498 501
382 385
264 267
420 423
