670
299 302
123 126
206 209
359 362
44 47
657 660
575 578
18 21
646 649
54 57
152 155
401 404
475 478
550 553
296 299
238 241
269 272
620 623
564 567
147 150
260 263
325 328
275 278
154 157
30 33
549 552
398 401
344 347
160 163
256 259
211 214
179 182
600 603
189 192
56 59
655 658
458 461
523 526
369 372
615 618
129 132
487 490
518 521
625 628
255 258
562 565
25 28
26 29
365 368
164 167
215 218
291 294
12 15
246 249
182 185
153 156
341 344
317 320
420 423
287 290
127 130
497 500
133 136
541 544
185 188
19 22
602 605
253 256
490 493
455 458
106 109
542 545
21 24
27 30
500 503
113 116
340 343
6 9
85 88
642 645
461 464
530 533
560 563
224 227
117 120
446 449
665 668
120 123
427 430
76 79
223 226
90 93
454 457
522 525
437 440
57 60
186 189
480 483
492 495
601 604
276 279
351 354
563 566
407 410
203 206
234 237
350 353
102 105
511 514
528 531
607 610
367 370
109 112
318 321
413 416
263 266
68 71
45 48
594 597
288 291
265 268
442 445
217 220
339 342
347 350
254 257
584 587
115 118
577 580
638 641
151 154
377 380
41 44
111 114
457 460
300 303
80 83
569 572
277 280
32 35
495 498
98 101
381 384
302 305
202 205
483 486
327 330
50 53
342 345
172 175
240 243
158 161
626 629
545 548
91 94
264 267
313 316
273 276
336 339
561 564
426 429
544 547
4 7
554 557
374 377
214 217
474 477
364 367
507 510
387 390
486 489
434 437
406 409
503 506
645 648
58 61
567 570
346 349
386 389
262 265
556 559
619 622
617 620
241 244
505 508
194 197
656 659
294 297
623 626
104 107
328 331
383 386
258 261
144 147
23 26
463 466
279 282
664 667
220 223
303 306
449 452
149 152
230 233
312 315
323 326
267 270
652 655
11 14
668 671
156 159
226 229
74 77
582 585
354 357
247 250
618 621
290 293
384 387
499 502
292 295
101 104
157 160
86 89
168 171
433 436
108 111
326 329
552 555
435 438
392 395
66 69
431 434
596 599
122 125
208 211
441 444
352 355
225 228
578 581
73 76
494 497
139 142
414 417
485 488
146 149
581 584
178 181
605 608
128 131
647 650
305 308
488 491
558 561
271 274
391 394
526 529
586 589
453 456
200 203
559 562
114 117
624 627
65 68
304 307
659 662
415 418
637 640
585 588
252 255
666 669
479 482
592 595
424 427
616 619
310 313
36 39
309 312
259 262
443 446
87 90
88 91
519 522
397 400
464 467
635 638
135 138
538 541
644 647
43 46
604 607
472 475
196 199
512 515
316 319
249 252
125 128
514 517
39 42
236 239
546 549
71 74
658 661
489 492
283 286
9 12
95 98
533 536
243 246
70 73
404 407
588 591
315 318
298 301
116 119
425 428
450 453
314 317
173 176
440 443
222 225
371 374
162 165
370 373
466 469
33 36
504 507
555 558
388 391
451 454
198 201
59 62
396 399
509 512
366 369
14 17
565 568
412 415
295 298
20 23
167 170
118 121
444 447
456 459
42 45
266 269
353 356
580 583
591 594
357 360
8 11
633 636
141 144
491 494
636 639
529 532
570 573
3 6
285 288
306 309
272 275
447 450
432 435
307 310
81 84
201 204
75 78
375 378
193 196
62 65
521 524
399 402
324 327
77 80
477 480
362 365
481 484
248 251
251 254
589 592
628 631
355 358
385 388
395 398
48 51
174 177
92 95
82 85
462 465
235 238
165 168
498 501
177 180
175 178
244 247
334 337
320 323
17 20
650 653
229 232
422 425
195 198
429 432
190 193
390 393
308 311
508 511
105 108
188 191
553 556
358 361
166 169
372 375
24 27
622 625
476 479
124 127
379 382
29 32
204 207
2 5
13 16
423 426
55 58
534 537
46 49
0 3
250 253
551 554
219 222
227 230
89 92
667 670
468 471
611 614
373 376
416 419
332 335
183 186
630 633
662 665
653 656
64 67
143 146
242 245
393 396
187 190
496 499
103 106
93 96
502 505
280 283
148 151
430 433
47 50
380 383
613 616
634 637
661 664
282 285
61 64
348 351
643 646
15 18
445 448
237 240
606 609
231 234
571 574
281 284
469 472
459 462
96 99
83 86
419 422
603 606
614 617
583 586
286 289
40 43
382 385
212 215
537 540
389 392
268 271
631 634
333 336
484 487
22 25
78 81
639 642
16 19
568 571
207 210
640 643
539 542
548 551
7 10
37 40
232 235
34 37
470 473
535 538
49 52
669 672
506 509
345 348
233 236
112 115
418 421
284 287
213 216
473 476
297 300
520 523
159 162
654 657
100 103
649 652
293 296
51 54
53 56
52 55
210 213
28 31
192 195
598 601
439 442
338 341
597 600
335 338
319 322
110 113
169 172
1 4
221 224
513 516
448 451
465 468
438 441
400 403
590 593
97 100
209 212
599 602
363 366
137 140
94 97
536 539
163 166
150 153
138 141
482 485
132 135
612 615
170 173
576 579
566 569
99 102
330 333
184 187
510 513
572 575
322 325
361 364
79 82
72 75
136 139
130 133
460 463
524 527
648 651
360 363
343 346
63 66
515 518
531 534
274 277
409 412
663 666
261 264
337 340
417 420
31 34
134 137
84 87
467 470
621 624
573 576
527 530
218 221
436 439
595 598
239 242
517 520
180 183
378 381
421 424
321 324
140 143
411 414
579 582
532 535
525 528
119 122
557 560
121 124
574 577
257 260
216 219
35 38
471 474
540 543
245 248
356 359
311 314
331 334
408 411
228 231
60 63
69 72
593 596
205 208
609 612
660 663
478 481
501 504
67 70
38 41
278 281
145 148
516 519
270 273
5 8
547 550
629 632
181 184
126 129
428 431
493 496
651 654
410 413
608 611
10 13
171 174
199 202
587 590
452 455
176 179
403 406
543 546
107 110
161 164
329 332
402 405
610 613
627 630
289 292
368 371
376 379
197 200
349 352
142 145
191 194
405 408
641 644
394 397
301 304
155 158
131 134
632 635
