810
140 143
535 538
540 543
749 752
479 482
15 18
299 302
404 407
617 620
442 445
64 67
646 649
561 564
518 521
126 129
223 226
25 28
250 253
757 760
556 559
101 104
329 332
484 487
30 33
205 208
419 422
68 71
62 65
148 151
77 80
704 707
324 327
552 555
733 736
325 328
377 380
649 652
665 668
675 678
453 456
352 355
745 748
492 495
520 523
285 288
679 682
277 280
245 248
392 395
397 400
705 708
335 338
347 350
159 162
491 494
89 92
411 414
9 12
475 478
221 224
626 629
328 331
233 236
756 759
662 665
69 72
489 492
43 46
271 274
806 809
400 403
487 490
71 74
367 370
560 563
132 135
368 371
36 39
432 435
784 787
267 270
264 267
559 562
170 173
428 431
216 219
654 657
581 584
804 807
130 133
451 454
422 425
7 10
762 765
685 688
29 32
359 362
795 798
463 466
590 593
260 263
797 800
799 802
201 204
222 225
802 805
538 541
656 659
304 307
605 608
238 241
466 469
175 178
259 262
210 213
606 609
589 592
401 404
365 368
92 95
563 566
198 201
273 276
457 460
429 432
595 598
235 238
195 198
526 529
70 73
726 729
620 623
72 75
801 804
791 794
202 205
246 249
231 234
684 687
550 553
551 554
602 605
742 745
110 113
241 244
399 402
578 581
229 232
536 539
627 630
311 314
173 176
579 582
166 169
306 309
35 38
782 785
711 714
744 747
640 643
497 500
93 96
445 448
180 183
587 590
572 575
22 25
471 474
779 782
794 797
244 247
547 550
395 398
108 111
87 90
4 7
714 717
519 522
294 297
616 619
162 165
527 530
125 128
135 138
339 342
381 384
226 229
84 87
187 190
200 203
47 50
34 37
65 68
465 468
503 506
53 56
530 533
702 705
727 730
5 8
292 295
544 547
234 237
472 475
380 383
78 81
326 329
90 93
184 187
573 576
33 36
793 796
224 227
55 58
496 499
0 3
682 685
67 70
772 775
628 631
236 239
657 660
17 20
219 222
179 182
408 411
164 167
669 672
604 607
611 614
407 410
103 106
650 653
133 136
413 416
631 634
278 281
97 100
446 449
83 86
651 654
1 4
766 769
790 793
183 186
600 603
574 577
139 142
566 569
490 493
405 408
724 727
671 674
256 259
48 51
272 275
287 290
433 436
240 243
412 415
274 277
370 373
197 200
316 319
406 409
218 221
334 337
242 245
558 561
676 679
751 754
128 131
778 781
637 640
379 382
730 733
314 317
303 306
694 697
588 591
141 144
668 671
612 615
543 546
719 722
747 750
712 715
622 625
632 635
728 731
296 299
696 699
308 311
117 120
698 701
441 444
707 710
652 655
46 49
312 315
262 265
542 545
701 704
570 573
23 26
295 298
58 61
105 108
96 99
575 578
385 388
785 788
21 24
386 389
305 308
361 364
12 15
486 489
537 540
172 175
322 325
150 153
188 191
663 666
592 595
789 792
293 296
142 145
343 346
647 650
391 394
576 579
206 209
348 351
511 514
151 154
629 632
567 570
690 693
753 756
692 695
350 353
608 611
642 645
528 531
129 132
189 192
215 218
91 94
32 35
754 757
286 289
136 139
10 13
660 663
323 326
796 799
76 79
138 141
383 386
49 52
154 157
38 41
805 808
773 776
783 786
439 442
525 528
741 744
720 723
127 130
521 524
94 97
99 102
687 690
725 728
321 324
633 636
743 746
354 357
721 724
512 515
596 599
243 246
774 777
599 602
340 343
482 485
389 392
777 780
697 700
372 375
645 648
362 365
157 160
524 527
315 318
767 770
212 215
758 761
583 586
79 82
109 112
387 390
269 272
761 764
59 62
639 642
619 622
153 156
735 738
661 664
522 525
268 271
736 739
123 126
275 278
358 361
501 504
531 534
342 345
88 91
788 791
493 496
111 114
270 273
715 718
792 795
174 177
355 358
666 669
6 9
337 340
710 713
144 147
636 639
199 202
670 673
156 159
643 646
764 767
717 720
672 675
557 560
228 231
402 405
673 676
351 354
230 233
209 212
732 735
414 417
116 119
700 703
134 137
444 447
562 565
178 181
571 574
532 535
330 333
680 683
755 758
281 284
155 158
505 508
283 286
11 14
357 360
610 613
716 719
374 377
120 123
181 184
607 610
220 223
366 369
382 385
678 681
597 600
317 320
57 60
193 196
333 336
706 709
320 323
798 801
434 437
169 172
430 433
100 103
541 544
137 140
421 424
297 300
37 40
403 406
529 532
681 684
803 806
203 206
192 195
346 349
261 264
168 171
255 258
160 163
213 216
593 596
196 199
554 557
145 148
177 180
360 363
693 696
449 452
319 322
494 497
257 260
394 397
569 572
118 121
341 344
723 726
252 255
161 164
163 166
211 214
655 658
523 526
420 423
737 740
515 518
586 589
376 379
630 633
615 618
613 616
167 170
119 122
713 716
85 88
18 21
332 335
653 656
185 188
708 711
248 251
393 396
249 252
106 109
378 381
56 59
191 194
356 359
19 22
81 84
763 766
112 115
748 751
384 387
481 484
477 480
461 464
8 11
266 269
564 567
568 571
488 491
435 438
176 179
149 152
618 621
517 520
114 117
410 413
280 283
95 98
469 472
467 470
409 412
146 149
291 294
513 516
443 446
448 451
485 488
450 453
623 626
459 462
548 551
807 810
265 268
207 210
667 670
254 257
41 44
40 43
44 47
253 256
217 220
464 467
739 742
688 691
208 211
373 376
301 304
298 301
398 401
336 339
158 161
436 439
771 774
113 116
775 778
644 647
152 155
780 783
204 207
307 310
107 110
39 42
440 443
474 477
769 772
26 29
143 146
635 638
284 287
638 641
27 30
73 76
104 107
310 313
709 712
480 483
288 291
483 486
61 64
425 428
424 427
722 725
768 771
331 334
364 367
546 549
225 228
731 734
787 790
533 536
423 426
458 461
171 174
279 282
677 680
609 612
251 254
478 481
555 558
227 230
500 503
664 667
468 471
695 698
674 677
508 511
20 23
14 17
689 692
45 48
426 429
115 118
431 434
290 293
683 686
634 637
703 706
686 689
455 458
699 702
3 6
539 542
190 193
60 63
594 597
147 150
214 217
781 784
300 303
52 55
585 588
598 601
509 512
349 352
232 235
456 459
577 580
415 418
417 420
318 321
182 185
276 279
239 242
786 789
75 78
194 197
86 89
498 501
13 16
504 507
282 285
752 755
601 604
499 502
375 378
396 399
447 450
549 552
800 803
729 732
437 440
31 34
82 85
237 240
776 779
390 393
24 27
565 568
506 509
740 743
514 517
309 312
66 69
51 54
746 749
691 694
516 519
98 101
345 348
338 341
363 366
476 479
74 77
584 587
50 53
302 305
659 662
591 594
510 513
765 768
327 330
738 741
102 105
545 548
770 773
460 463
131 134
54 57
247 250
454 457
427 430
263 266
186 189
353 356
438 441
2 5
553 556
502 505
734 737
621 624
582 585
603 606
625 628
16 19
121 124
462 465
473 476
718 721
658 661
122 125
534 537
624 627
750 753
760 763
648 651
452 455
371 374
470 473
258 261
80 83
418 421
759 762
614 617
63 66
808 811
507 510
42 45
388 391
641 644
495 498
313 316
289 292
416 419
369 372
124 127
165 168
809 812
344 347
580 583
28 31
