740
212 215
290 293
373 376
523 526
616 619
128 131
711 714
458 461
217 220
657 660
428 431
49 52
688 691
50 53
178 181
423 426
44 47
154 157
434 437
250 253
563 566
320 323
126 129
167 170
171 174
316 319
570 573
201 204
76 79
295 298
659 662
72 75
587 590
192 195
444 447
218 221
621 624
724 727
519 522
722 725
365 368
409 412
721 724
431 434
466 469
436 439
541 544
681 684
561 564
78 81
75 78
622 625
232 235
623 626
341 344
699 702
540 543
356 359
299 302
416 419
582 585
700 703
630 633
65 68
453 456
169 172
517 520
270 273
564 567
40 43
559 562
35 38
391 394
71 74
292 295
31 34
731 734
551 554
199 202
293 296
349 352
503 506
247 250
268 271
175 178
350 353
20 23
25 28
68 71
176 179
669 672
619 622
121 124
42 45
506 509
223 226
264 267
253 256
543 546
516 519
95 98
662 665
36 39
127 130
194 197
685 688
43 46
489 492
1 4
546 549
30 33
432 435
469 472
342 345
481 484
85 88
677 680
157 160
463 466
374 377
285 288
634 637
462 465
696 699
240 243
55 58
648 651
132 135
645 648
230 233
655 658
184 187
549 552
101 104
271 274
589 592
726 729
602 605
608 611
259 262
351 354
496 499
592 595
278 281
112 115
593 596
735 738
236 239
708 711
437 440
208 211
492 495
120 123
174 177
627 630
479 482
52 55
717 720
172 175
390 393
552 555
204 207
382 385
91 94
315 318
401 404
222 225
272 275
300 303
135 138
284 287
598 601
220 223
148 151
27 30
360 363
719 722
235 238
513 516
325 328
103 106
601 604
2 5
402 405
398 401
584 587
443 446
219 222
69 72
119 122
282 285
231 234
326 329
385 388
353 356
19 22
732 735
337 340
227 230
5 8
427 430
209 212
473 476
213 216
21 24
408 411
534 537
585 588
53 56
141 144
603 606
495 498
651 654
147 150
105 108
663 666
670 673
179 182
676 679
275 278
467 470
375 378
625 628
225 228
554 557
640 643
257 260
237 240
533 536
647 650
629 632
618 621
261 264
181 184
366 369
66 69
340 343
641 644
560 563
449 452
289 292
142 145
255 258
364 367
94 97
228 231
573 576
475 478
490 493
727 730
134 137
501 504
146 149
136 139
421 424
106 109
190 193
702 705
539 542
713 716
569 572
125 128
303 306
527 530
294 297
512 515
357 360
276 279
177 180
7 10
412 415
183 186
258 261
338 341
609 612
266 269
682 685
725 728
214 217
403 406
97 100
692 695
524 527
107 110
399 402
525 528
509 512
344 347
67 70
311 314
624 627
704 707
631 634
33 36
562 565
29 32
173 176
387 390
520 523
581 584
153 156
116 119
500 503
305 308
605 608
330 333
680 683
579 582
384 387
64 67
435 438
650 653
646 649
304 307
511 514
422 425
269 272
195 198
26 29
336 339
693 696
611 614
369 372
274 277
450 453
396 399
267 270
283 286
82 85
664 667
45 48
355 358
129 132
291 294
494 497
118 121
211 214
32 35
226 229
397 400
56 59
626 629
206 209
34 37
70 73
448 451
215 218
352 355
310 313
483 486
207 210
17 20
591 594
362 365
522 525
203 206
170 173
200 203
389 392
691 694
671 674
644 647
137 140
393 396
734 737
239 242
159 162
47 50
346 349
37 40
59 62
707 710
705 708
73 76
454 457
22 25
414 417
718 721
286 289
144 147
526 529
339 342
505 508
0 3
502 505
531 534
243 246
359 362
386 389
15 18
161 164
636 639
455 458
555 558
694 697
323 326
138 141
491 494
452 455
418 421
187 190
383 386
477 480
198 201
115 118
510 513
426 429
544 547
273 276
656 659
600 603
361 364
131 134
348 351
459 462
572 575
599 602
612 615
553 556
673 676
182 185
425 428
358 361
697 700
653 656
242 245
380 383
279 282
256 259
430 433
8 11
471 474
730 733
109 112
96 99
482 485
413 416
638 641
102 105
24 27
637 640
550 553
729 732
405 408
122 125
411 414
538 541
162 165
233 236
80 83
433 436
150 153
441 444
4 7
628 631
205 208
440 443
617 620
703 706
18 21
610 613
329 332
695 698
478 481
354 357
596 599
583 586
542 545
504 507
164 167
690 693
46 49
508 511
515 518
486 489
675 678
296 299
594 597
143 146
635 638
679 682
54 57
668 671
530 533
419 422
16 19
11 14
480 483
548 551
465 468
738 741
371 374
567 570
312 315
156 159
197 200
642 645
104 107
249 252
714 717
152 155
51 54
93 96
100 103
720 723
98 101
262 265
332 335
41 44
168 171
710 713
297 300
737 740
63 66
665 668
133 136
410 413
216 219
484 487
254 257
568 571
468 471
347 350
140 143
376 379
736 739
246 249
83 86
343 346
328 331
193 196
485 488
712 715
686 689
333 336
39 42
474 477
575 578
557 560
245 248
620 623
565 568
287 290
3 6
464 467
196 199
327 330
678 681
446 449
10 13
298 301
28 31
87 90
420 423
643 646
86 89
6 9
652 655
61 64
451 454
590 593
476 479
487 490
498 501
580 583
445 448
535 538
715 718
606 609
649 652
660 663
709 712
191 194
238 241
429 432
145 148
507 510
706 709
81 84
701 704
307 310
322 325
345 348
698 701
488 491
155 158
12 15
400 403
331 334
439 442
139 142
528 531
23 26
313 316
733 736
57 60
457 460
114 117
614 617
90 93
180 183
388 391
210 213
308 311
497 500
319 322
189 192
370 373
577 580
687 690
461 464
595 598
314 317
324 327
158 161
367 370
566 569
424 427
58 61
607 610
9 12
536 539
381 384
265 268
404 407
576 579
221 224
92 95
62 65
288 291
407 410
472 475
588 591
661 664
493 496
224 227
442 445
251 254
518 521
248 251
38 41
639 642
586 589
89 92
163 166
202 205
99 102
60 63
574 577
632 635
108 111
244 247
302 305
666 669
460 463
604 607
456 459
277 280
334 337
166 169
252 255
14 17
415 418
658 661
186 189
739 742
654 657
417 420
514 517
229 232
185 188
165 168
48 51
363 366
723 726
234 237
395 398
613 616
124 127
74 77
615 618
689 692
281 284
241 244
578 581
667 670
674 677
77 80
684 687
160 163
149 152
558 561
532 535
111 114
318 321
113 116
368 371
438 441
88 91
547 550
13 16
392 395
683 686
377 380
499 502
110 113
537 540
447 450
672 675
335 338
372 375
597 600
79 82
309 312
728 731
633 636
379 382
317 320
84 87
263 266
545 548
716 719
556 559
378 381
301 304
521 524
529 532
470 473
130 133
260 263
123 126
188 191
571 574
117 120
306 309
151 154
406 409
394 397
321 324
280 283
