700
469 472
278 281
248 251
118 121
414 417
666 669
75 78
339 342
208 211
442 445
61 64
650 653
78 81
5 8
87 90
433 436
88 91
645 648
294 297
432 435
340 343
681 684
314 317
496 499
178 181
682 685
232 235
670 673
31 34
499 502
635 638
525 528
283 286
187 190
259 262
117 120
643 646
14 17
35 38
19 22
690 693
243 246
500 503
0 3
156 159
147 150
464 467
24 27
170 173
483 486
287 290
282 285
204 207
679 682
26 29
656 659
241 244
462 465
216 219
242 245
471 474
510 513
349 352
65 68
174 177
562 565
74 77
446 449
647 650
675 678
612 615
336 339
535 538
220 223
633 636
167 170
671 674
30 33
617 620
306 309
345 348
387 390
659 662
179 182
427 430
634 637
107 110
68 71
526 529
229 232
239 242
116 119
664 667
49 52
402 405
502 505
599 602
382 385
276 279
374 377
113 116
501 504
77 80
610 613
70 73
329 332
131 134
41 44
146 149
648 651
50 53
530 533
91 94
381 384
683 686
210 213
195 198
440 443
124 127
275 278
689 692
40 43
343 346
699 702
460 463
569 572
507 510
527 530
326 329
93 96
416 419
541 544
413 416
540 543
379 382
180 183
542 545
640 643
486 489
611 614
2 5
516 519
250 253
51 54
346 349
206 209
121 124
181 184
693 696
485 488
600 603
22 25
405 408
28 31
351 354
594 597
597 600
412 415
631 634
543 546
175 178
120 123
449 452
303 306
557 560
468 471
601 604
134 137
260 263
357 360
378 381
47 50
198 201
256 259
300 303
488 491
459 462
398 401
17 20
328 331
439 442
584 587
641 644
544 547
587 590
619 622
153 156
230 233
299 302
102 105
534 537
237 240
576 579
324 327
539 542
202 205
352 355
484 487
182 185
209 212
574 577
44 47
614 617
546 549
152 155
472 475
422 425
366 369
423 426
33 36
183 186
128 131
37 40
430 433
199 202
559 562
538 541
419 422
325 328
150 153
46 49
592 595
135 138
13 16
20 23
417 420
63 66
355 358
547 550
257 260
203 206
593 596
470 473
476 479
273 276
81 84
678 681
696 699
342 345
662 665
254 257
580 583
106 109
401 404
39 42
293 296
59 62
568 571
86 89
312 315
162 165
186 189
316 319
335 338
388 391
214 217
403 406
197 200
604 607
96 99
110 113
393 396
595 598
315 318
264 267
552 555
58 61
434 437
84 87
301 304
334 337
139 142
517 520
53 56
688 691
654 657
218 221
191 194
494 497
359 362
480 483
481 484
10 13
126 129
652 655
578 581
127 130
477 480
400 403
521 524
262 265
3 6
309 312
157 160
196 199
225 228
219 222
125 128
608 611
686 689
669 672
444 447
531 534
390 393
456 459
270 273
424 427
673 676
520 523
479 482
192 195
279 282
240 243
8 11
123 126
515 518
615 618
429 432
271 274
441 444
263 266
408 411
310 313
627 630
605 608
443 446
651 654
573 576
493 496
171 174
224 227
672 675
71 74
223 226
556 559
364 367
680 683
478 481
566 569
226 229
292 295
60 63
618 621
453 456
358 361
506 509
190 193
29 32
173 176
636 639
380 383
154 157
579 582
498 501
665 668
555 558
465 468
98 101
420 423
589 592
238 241
436 439
64 67
109 112
277 280
452 455
25 28
350 353
397 400
205 208
491 494
6 9
45 48
473 476
62 65
43 46
658 661
676 679
169 172
129 132
448 451
553 556
149 152
163 166
523 526
319 322
97 100
588 591
369 372
621 624
72 75
151 154
495 498
461 464
467 470
347 350
466 469
475 478
537 540
231 234
311 314
371 374
145 148
685 688
482 485
56 59
504 507
418 421
105 108
320 323
577 580
399 402
101 104
646 649
373 376
565 568
437 440
165 168
365 368
15 18
201 204
140 143
122 125
505 508
447 450
304 307
487 490
661 664
142 145
244 247
185 188
598 601
48 51
691 694
497 500
385 388
395 398
52 55
286 289
136 139
655 658
79 82
138 141
166 169
383 386
297 300
4 7
327 330
16 19
411 414
549 552
227 230
698 701
194 197
591 594
212 215
620 623
114 117
245 248
322 325
603 606
321 324
428 431
550 553
389 392
586 589
268 271
425 428
450 453
57 60
133 136
528 531
560 563
404 407
317 320
602 605
38 41
200 203
426 429
567 570
252 255
513 516
639 642
289 292
410 413
616 619
508 511
386 389
585 588
73 76
215 218
529 532
625 628
396 399
285 288
697 700
305 308
274 277
536 539
642 645
503 506
455 458
265 268
454 457
558 561
684 687
89 92
95 98
233 236
111 114
280 283
112 115
563 566
148 151
144 147
160 163
213 216
189 192
9 12
514 517
445 448
141 144
55 58
69 72
457 460
177 180
66 69
632 635
628 631
330 333
34 37
363 366
522 525
519 522
23 26
368 371
258 261
356 359
407 410
295 298
571 574
100 103
235 238
360 363
376 379
115 118
674 677
638 641
581 584
267 270
85 88
323 326
172 175
524 527
341 344
159 162
234 237
246 249
415 418
67 70
451 454
119 122
361 364
421 424
83 86
677 680
288 291
694 697
313 316
36 39
255 258
222 225
548 551
613 616
108 111
236 239
161 164
624 627
211 214
176 179
266 269
392 395
302 305
649 652
12 15
667 670
137 140
155 158
545 548
90 93
607 610
630 633
532 535
307 310
657 660
367 370
291 294
609 612
103 106
354 357
463 466
623 626
622 625
168 171
132 135
490 493
247 250
377 380
188 191
333 336
687 690
583 586
94 97
561 564
384 387
637 640
82 85
76 79
511 514
570 573
582 585
104 107
518 521
251 254
158 161
249 252
668 671
164 167
221 224
489 492
660 663
217 220
269 272
551 554
554 557
458 461
370 373
533 536
7 10
590 593
644 647
492 495
261 264
653 656
18 21
348 351
626 629
272 275
207 210
394 397
692 695
474 477
338 341
572 575
54 57
406 409
337 340
372 375
606 609
353 356
11 14
1 4
193 196
575 578
80 83
695 698
409 412
362 365
375 378
143 146
332 335
564 567
331 334
431 434
509 512
344 347
284 287
42 45
27 30
596 599
318 321
290 293
663 666
32 35
308 311
298 301
184 187
130 133
92 95
296 299
99 102
228 231
253 256
21 24
435 438
512 515
629 632
438 441
391 394
281 284
