360
77 80
39 42
142 145
183 186
196 199
168 171
222 225
36 39
318 321
60 63
262 265
172 175
337 340
324 327
6 9
231 234
349 352
163 166
157 160
254 257
216 219
31 34
269 272
149 152
90 93
338 341
136 139
200 203
117 120
65 68
43 46
169 172
186 189
322 325
0 3
120 123
235 238
354 357
122 125
255 258
170 173
55 58
287 290
82 85
4 7
138 141
260 263
278 281
56 59
249 252
18 21
242 245
147 150
92 95
317 320
201 204
69 72
119 122
182 185
110 113
356 359
284 287
355 358
105 108
126 129
108 111
252 255
307 310
12 15
87 90
38 41
106 109
132 135
67 70
331 334
351 354
165 168
286 289
247 250
123 126
159 162
347 350
52 55
41 44
281 284
352 355
221 224
228 231
185 188
359 362
174 177
124 127
210 213
280 283
285 288
153 156
50 53
333 336
140 143
115 118
48 51
135 138
241 244
160 163
214 217
22 25
42 45
341 344
223 226
111 114
24 27
270 273
320 323
248 251
37 40
339 342
93 96
217 220
263 266
89 92
32 35
234 237
27 30
8 11
150 153
313 316
176 179
295 298
118 121
44 47
345 348
353 356
328 331
66 69
237 240
240 243
68 71
104 107
112 115
64 67
213 216
14 17
98 101
207 210
323 326
79 82
148 151
343 346
188 191
5 8
288 291
206 209
85 88
283 286
129 132
30 33
166 169
276 279
308 311
15 18
121 124
297 300
74 77
301 304
219 222
305 308
80 83
326 329
130 133
162 165
330 333
99 102
181 184
63 66
40 43
332 335
184 187
310 313
358 361
257 260
161 164
314 317
268 271
303 306
258 261
340 343
292 295
272 275
61 64
25 28
309 312
344 347
9 12
256 259
195 198
336 339
116 119
144 147
250 253
265 268
72 75
199 202
212 215
239 242
71 74
28 31
47 50
156 159
342 345
218 221
229 232
177 180
17 20
190 193
73 76
97 100
57 60
348 351
70 73
16 19
273 276
26 29
13 16
208 211
193 196
267 270
158 161
230 233
294 297
321 324
143 146
194 197
146 149
290 293
296 299
45 48
274 277
246 249
198 201
298 301
329 332
107 110
202 205
266 269
205 208
192 195
145 148
311 314
19 22
7 10
139 142
101 104
179 182
78 81
211 214
35 38
335 338
304 307
187 190
277 280
21 24
54 57
91 94
251 254
271 274
88 91
209 212
3 6
151 154
164 167
227 230
203 206
191 194
11 14
46 49
225 228
244 247
215 218
49 52
233 236
75 78
293 296
175 178
259 262
133 136
103 106
109 112
243 246
10 13
197 200
131 134
232 235
291 294
315 318
152 155
114 117
127 130
173 176
128 131
29 32
33 36
53 56
302 305
84 87
137 140
319 322
180 183
58 61
189 192
96 99
34 37
325 328
171 174
167 170
154 157
282 285
134 137
23 26
299 302
204 207
62 65
312 315
316 319
300 303
253 256
76 79
20 23
346 349
289 292
81 84
264 267
279 282
59 62
357 360
1 4
155 158
220 223
226 229
350 353
141 144
178 181
95 98
102 105
334 337
86 89
236 239
2 5
306 309
83 86
224 227
245 248
51 54
113 116
327 330
94 97
100 103
261 264
238 241
125 128
275 278
