1000
536 539
455 458
818 821
689 692
417 420
382 385
777 780
546 549
808 811
197 200
436 439
693 696
280 283
314 317
994 997
496 499
454 457
66 69
32 35
443 446
277 280
558 561
179 182
705 708
130 133
757 760
308 311
617 620
36 39
613 616
881 884
701 704
159 162
294 297
57 60
347 350
264 267
935 938
849 852
803 806
377 380
833 836
253 256
266 269
692 695
238 241
796 799
726 729
96 99
644 647
729 732
101 104
886 889
148 151
936 939
656 659
434 437
12 15
877 880
615 618
373 376
674 677
915 918
166 169
522 525
939 942
409 412
411 414
11 14
807 810
918 921
328 331
341 344
594 597
300 303
41 44
530 533
123 126
631 634
633 636
560 563
420 423
671 674
395 398
636 639
898 901
590 593
878 881
55 58
210 213
645 648
911 914
460 463
518 521
876 879
383 386
91 94
735 738
989 992
502 505
217 220
267 270
810 813
619 622
23 26
138 141
820 823
301 304
517 520
709 712
853 856
133 136
489 492
202 205
664 667
917 920
642 645
531 534
52 55
756 759
83 86
193 196
960 963
424 427
618 621
99 102
544 547
703 706
423 426
120 123
823 826
654 657
993 996
259 262
813 816
379 382
322 325
607 610
741 744
449 452
925 928
19 22
168 171
804 807
167 170
38 41
685 688
429 432
958 961
861 864
461 464
673 676
327 330
255 258
472 475
85 88
221 224
169 172
0 3
754 757
34 37
763 766
175 178
192 195
521 524
95 98
523 526
39 42
981 984
76 79
999 1002
353 356
572 575
425 428
289 292
533 536
851 854
176 179
742 745
195 198
634 637
185 188
127 130
122 125
600 603
648 651
787 790
555 558
591 594
508 511
191 194
751 754
477 480
948 951
27 30
491 494
640 643
394 397
651 654
711 714
243 246
714 717
774 777
153 156
295 298
882 885
793 796
649 652
819 822
532 535
857 860
650 653
725 728
468 471
606 609
976 979
107 110
334 337
951 954
924 927
947 950
716 719
694 697
187 190
526 529
371 374
753 756
589 592
974 977
457 460
559 562
351 354
378 381
912 915
324 327
114 117
331 334
772 775
43 46
927 930
744 747
588 591
336 339
274 277
487 490
363 366
177 180
691 694
412 415
867 870
891 894
279 282
790 793
250 253
520 523
730 733
388 391
760 763
452 455
33 36
847 850
682 685
746 749
257 260
79 82
762 765
700 703
561 564
717 720
453 456
836 839
909 912
638 641
512 515
212 215
812 815
565 568
868 871
875 878
660 663
207 210
128 131
462 465
30 33
306 309
439 442
632 635
282 285
923 926
712 715
136 139
431 434
545 548
375 378
7 10
339 342
335 338
738 741
442 445
816 819
86 89
542 545
957 960
737 740
676 679
659 662
59 62
540 543
639 642
134 137
870 873
234 237
407 410
964 967
626 629
824 827
550 553
835 838
393 396
6 9
451 454
747 750
672 675
992 995
71 74
486 489
543 546
406 409
998 1001
246 249
219 222
720 723
713 716
380 383
188 191
850 853
873 876
196 199
216 219
503 506
315 318
704 707
575 578
889 892
233 236
46 49
171 174
584 587
884 887
683 686
186 189
797 800
392 395
31 34
126 129
596 599
608 611
444 447
48 51
338 341
117 120
63 66
311 314
686 689
145 148
775 778
137 140
620 623
386 389
276 279
733 736
945 948
435 438
610 613
115 118
972 975
894 897
50 53
356 359
926 929
385 388
261 264
827 830
403 406
562 565
869 872
119 122
204 207
888 891
985 988
695 698
421 424
129 132
475 478
710 713
871 874
151 154
904 907
14 17
399 402
256 259
895 898
106 109
64 67
681 684
495 498
271 274
346 349
211 214
263 266
539 542
965 968
776 779
374 377
450 453
98 101
628 631
226 229
319 322
930 933
104 107
326 329
235 238
872 875
852 855
51 54
585 588
349 352
16 19
773 776
164 167
553 556
155 158
189 192
494 497
841 844
251 254
946 949
831 834
748 751
272 275
893 896
108 111
320 323
938 941
902 905
65 68
321 324
622 625
481 484
621 624
500 503
330 333
359 362
458 461
484 487
480 483
718 721
9 12
962 965
581 584
942 945
627 630
45 48
158 161
77 80
446 449
144 147
896 899
899 902
842 845
647 650
275 278
426 429
237 240
258 261
396 399
228 231
829 832
551 554
653 656
688 691
504 507
490 493
149 152
162 165
194 197
215 218
260 263
172 175
474 477
445 448
437 440
766 769
469 472
697 700
879 882
254 257
822 825
147 150
761 764
652 655
37 40
35 38
323 326
943 946
25 28
367 370
416 419
844 847
954 957
513 516
854 857
87 90
201 204
473 476
10 13
305 308
690 693
988 991
515 518
944 947
732 735
26 29
587 590
143 146
198 201
292 295
959 962
905 908
736 739
535 538
404 407
21 24
995 998
15 18
798 801
637 640
968 971
8 11
89 92
47 50
678 681
333 336
698 701
527 530
248 251
687 690
241 244
299 302
287 290
29 32
511 514
448 451
493 496
304 307
616 619
139 142
832 835
845 848
5 8
564 567
53 56
586 589
791 794
329 332
302 305
570 573
441 444
20 23
624 627
381 384
131 134
231 234
103 106
72 75
273 276
880 883
802 805
247 250
977 980
372 375
727 730
44 47
184 187
862 865
366 369
921 924
497 500
160 163
684 687
459 462
843 846
806 809
354 357
592 595
903 906
914 917
218 221
203 206
361 364
978 981
506 509
4 7
858 861
281 284
866 869
278 281
919 922
413 416
270 273
109 112
722 725
18 21
440 443
856 859
630 633
987 990
837 840
984 987
478 481
368 371
74 77
967 970
1 4
165 168
161 164
61 64
534 537
799 802
183 186
479 482
784 787
667 670
313 316
669 672
49 52
364 367
284 287
932 935
200 203
979 982
595 598
28 31
677 680
719 722
199 202
901 904
205 208
809 812
70 73
156 159
885 888
897 900
910 913
142 145
113 116
830 833
262 265
401 404
940 943
907 910
208 211
679 682
537 540
350 353
661 664
303 306
663 666
970 973
739 742
740 743
525 528
792 795
955 958
69 72
783 786
509 512
519 522
602 605
538 541
360 363
778 781
834 837
173 176
547 550
598 601
516 519
759 762
582 585
568 571
956 959
578 581
848 851
180 183
604 607
102 105
922 925
298 301
908 911
376 379
488 491
548 551
583 586
178 181
887 890
408 411
213 216
157 160
702 705
966 969
316 319
949 952
312 315
84 87
105 108
507 510
3 6
566 569
182 185
749 752
612 615
433 436
110 113
100 103
696 699
864 867
362 365
384 387
288 291
680 683
369 372
996 999
874 877
466 469
146 149
971 974
470 473
997 1000
132 135
209 212
121 124
821 824
577 580
116 119
780 783
343 346
245 248
786 789
398 401
285 288
88 91
296 299
675 678
269 272
770 773
969 972
345 348
549 552
721 724
24 27
655 658
467 470
387 390
840 843
94 97
641 644
141 144
22 25
529 532
340 343
524 527
731 734
505 508
665 668
75 78
814 817
937 940
838 841
795 798
666 669
344 347
953 956
752 755
352 355
124 127
265 268
699 702
80 83
556 559
800 803
40 43
933 936
414 417
755 758
605 608
244 247
348 351
428 431
438 441
646 649
309 312
670 673
471 474
125 128
579 582
514 517
447 450
745 748
706 709
229 232
307 310
236 239
611 614
982 985
771 774
569 572
839 842
635 638
863 866
483 486
370 373
708 711
13 16
239 242
464 467
767 770
916 919
291 294
170 173
801 804
355 358
990 993
400 403
163 166
883 886
597 600
181 184
913 916
432 435
865 868
593 596
214 217
952 955
118 121
397 400
758 761
963 966
463 466
723 726
890 893
222 225
501 504
389 392
465 468
805 808
574 577
811 814
242 245
580 583
817 820
567 570
240 243
788 791
961 964
828 831
224 227
290 293
81 84
860 863
456 459
541 544
765 768
92 95
249 252
97 100
232 235
498 501
418 421
283 286
855 858
789 792
986 989
60 63
929 932
318 321
724 727
342 345
750 753
419 422
332 335
601 604
390 393
190 193
90 93
973 976
779 782
609 612
82 85
743 746
492 495
252 255
78 81
781 784
563 566
174 177
357 360
975 978
2 5
571 574
658 661
42 45
983 986
485 488
614 617
17 20
625 628
931 934
629 632
206 209
941 944
528 531
892 895
482 485
112 115
934 937
552 555
325 328
785 788
657 660
643 646
62 65
68 71
499 502
405 408
230 233
317 320
715 718
56 59
427 430
980 983
54 57
599 602
391 394
286 289
603 606
410 413
227 230
576 579
825 828
415 418
623 626
310 313
734 737
707 710
297 300
402 405
430 433
358 361
93 96
668 671
764 767
111 114
67 70
476 479
337 340
928 931
662 665
510 513
422 425
859 862
557 560
220 223
554 557
906 909
950 953
225 228
846 849
900 903
815 818
140 143
154 157
768 771
573 576
826 829
152 155
920 923
728 731
769 772
223 226
365 368
150 153
794 797
293 296
782 785
268 271
58 61
73 76
991 994
135 138
