760
123 126
36 39
185 188
650 653
217 220
690 693
70 73
153 156
601 604
538 541
67 70
237 240
64 67
0 3
533 536
739 742
610 613
414 417
479 482
686 689
470 473
133 136
466 469
84 87
516 519
111 114
342 345
720 723
558 561
500 503
313 316
107 110
751 754
360 363
47 50
205 208
189 192
255 258
736 739
238 241
641 644
253 256
633 636
459 462
256 259
630 633
683 686
364 367
4 7
120 123
260 263
551 554
59 62
465 468
100 103
576 579
680 683
307 310
627 630
269 272
490 493
161 164
623 626
666 669
82 85
144 147
170 173
691 694
91 94
581 584
416 419
606 609
114 117
318 321
450 453
550 553
637 640
125 128
178 181
149 152
473 476
30 33
451 454
604 607
520 523
670 673
216 219
692 695
276 279
429 432
741 744
734 737
572 575
615 618
704 707
648 651
544 547
272 275
16 19
541 544
66 69
726 729
485 488
669 672
284 287
207 210
112 115
642 645
27 30
288 291
420 423
366 369
358 361
664 667
448 451
411 414
26 29
612 615
560 563
651 654
85 88
426 429
31 34
335 338
157 160
287 290
561 564
231 234
290 293
388 391
559 562
14 17
397 400
418 421
689 692
528 531
356 359
246 249
385 388
531 534
652 655
68 71
370 373
361 364
432 435
321 324
602 605
350 353
608 611
646 649
234 237
316 319
283 286
543 546
695 698
365 368
401 404
580 583
251 254
169 172
213 216
599 602
311 314
712 715
535 538
57 60
647 650
46 49
701 704
134 137
267 270
127 130
362 365
336 339
719 722
376 379
439 442
487 490
191 194
756 759
254 257
347 350
611 614
753 756
575 578
565 568
71 74
555 558
413 416
684 687
204 207
42 45
235 238
678 681
379 382
363 366
294 297
620 623
122 125
348 351
467 470
590 593
697 700
182 185
546 549
83 86
381 384
687 690
329 332
530 533
545 548
110 113
512 515
337 340
101 104
603 606
557 560
563 566
181 184
132 135
614 617
594 597
521 524
146 149
117 120
28 31
3 6
588 591
225 228
243 246
536 539
40 43
708 711
359 362
330 333
325 328
240 243
409 412
197 200
721 724
18 21
274 277
645 648
173 176
210 213
442 445
507 510
513 516
672 675
9 12
706 709
700 703
391 394
328 331
568 571
619 622
740 743
51 54
402 405
223 226
43 46
60 63
631 634
415 418
579 582
5 8
247 250
142 145
492 495
537 540
166 169
163 166
503 506
386 389
175 178
147 150
10 13
461 464
282 285
137 140
655 658
481 484
98 101
115 118
511 514
475 478
722 725
339 342
332 335
69 72
525 528
7 10
184 187
456 459
352 355
302 305
344 347
375 378
286 289
755 758
208 211
13 16
155 158
433 436
331 334
221 224
694 697
632 635
501 504
685 688
622 625
214 217
29 32
514 517
341 344
583 586
453 456
280 283
369 372
2 5
63 66
589 592
326 329
242 245
202 205
232 235
139 142
20 23
403 406
249 252
99 102
593 596
458 461
80 83
198 201
140 143
659 662
73 76
534 537
383 386
317 320
562 565
441 444
119 122
549 552
424 427
423 426
8 11
281 284
224 227
578 581
201 204
263 266
346 349
377 380
663 666
87 90
607 610
304 307
244 247
211 214
156 159
333 336
735 738
343 346
159 162
102 105
586 589
327 330
371 374
584 587
494 497
305 308
446 449
454 457
165 168
595 598
270 273
398 401
389 392
634 637
412 415
405 408
688 691
37 40
469 472
609 612
643 646
574 577
367 370
373 376
289 292
667 670
265 268
200 203
482 485
480 483
713 716
257 260
547 550
124 127
502 505
45 48
489 492
404 407
33 36
233 236
582 585
474 477
552 555
705 708
598 601
605 608
703 706
164 167
496 499
714 717
195 198
434 437
707 710
665 668
19 22
108 111
56 59
273 276
49 52
639 642
334 337
308 311
499 502
406 409
696 699
11 14
577 580
437 440
711 714
752 755
131 134
151 154
279 282
209 212
194 197
430 433
452 455
457 460
657 660
222 225
618 621
268 271
654 657
471 474
143 146
523 526
699 702
298 301
399 402
573 576
55 58
248 251
349 352
710 713
658 661
616 619
226 229
724 727
679 682
478 481
509 512
410 413
436 439
518 521
600 603
72 75
258 261
728 731
312 315
462 465
228 231
79 82
737 740
508 511
754 757
421 424
510 513
571 574
219 222
292 295
749 752
715 718
506 509
266 269
417 420
129 132
236 239
635 638
497 500
320 323
428 431
50 53
515 518
491 494
44 47
220 223
427 430
498 501
447 450
261 264
455 458
526 529
675 678
357 360
206 209
252 255
188 191
758 761
116 119
296 299
443 446
444 447
628 631
212 215
186 189
306 309
113 116
322 325
126 129
464 467
61 64
668 671
128 131
393 396
196 199
293 296
592 595
52 55
733 736
505 508
259 262
278 281
419 422
74 77
625 628
522 525
41 44
656 659
310 313
39 42
309 312
484 487
435 438
681 684
275 278
86 89
150 153
519 522
723 726
747 750
152 155
303 306
53 56
97 100
25 28
136 139
109 112
524 527
148 151
145 148
673 676
93 96
90 93
121 124
438 441
104 107
540 543
621 624
463 466
374 377
738 741
504 507
390 393
660 663
160 163
368 371
167 170
671 674
636 639
271 274
682 685
554 557
35 38
264 267
77 80
566 569
190 193
297 300
613 616
76 79
354 357
48 51
118 121
431 434
32 35
617 620
21 24
230 233
130 133
591 594
177 180
488 491
392 395
299 302
748 751
314 317
745 748
78 81
493 496
649 652
199 202
750 753
638 641
624 627
477 480
183 186
95 98
585 588
315 318
172 175
486 489
702 705
742 745
1 4
179 182
372 375
187 190
138 141
323 326
468 471
218 221
725 728
422 425
262 265
564 567
759 762
570 573
460 463
162 165
88 91
75 78
527 530
718 721
382 385
345 348
517 520
171 174
351 354
106 109
395 398
58 61
629 632
732 735
676 679
743 746
387 390
174 177
542 545
239 242
757 760
229 232
556 559
717 720
396 399
539 542
285 288
12 15
65 68
727 730
445 448
141 144
626 629
746 749
744 747
353 356
250 253
587 590
54 57
103 106
92 95
241 244
693 696
192 195
729 732
180 183
38 41
154 157
709 712
730 733
674 677
640 643
338 341
81 84
553 556
24 27
34 37
6 9
319 322
716 719
300 303
597 600
425 428
227 230
295 298
567 570
158 161
245 248
89 92
653 656
94 97
62 65
400 403
472 475
340 343
449 452
407 410
23 26
277 280
483 486
22 25
731 734
15 18
17 20
193 196
548 551
644 647
698 701
440 443
495 498
324 327
105 108
215 218
532 535
96 99
408 411
168 171
176 179
203 206
384 387
677 680
662 665
301 304
529 532
380 383
476 479
569 572
135 138
355 358
394 397
291 294
661 664
596 599
378 381
