350
94 97
314 317
25 28
251 254
9 12
209 212
75 78
41 44
118 121
245 248
19 22
250 253
43 46
229 232
181 184
302 305
200 203
305 308
61 64
2 5
257 260
104 107
237 240
217 220
4 7
275 278
233 236
115 118
206 209
333 336
53 56
158 161
22 25
322 325
178 181
328 331
263 266
67 70
86 89
340 343
60 63
10 13
282 285
153 156
112 115
319 322
308 311
260 263
228 231
176 179
58 61
150 153
323 326
160 163
247 250
248 251
140 143
317 320
47 50
157 160
125 128
98 101
141 144
69 72
346 349
285 288
32 35
249 252
186 189
136 139
347 350
48 51
174 177
114 117
97 100
119 122
37 40
321 324
45 48
171 174
295 298
215 218
320 323
193 196
40 43
212 215
225 228
17 20
11 14
232 235
190 193
307 310
280 283
108 111
188 191
121 124
163 166
348 351
151 154
210 213
70 73
255 258
8 11
284 287
51 54
139 142
324 327
46 49
84 87
231 234
21 24
123 126
162 165
242 245
35 38
266 269
274 277
149 152
29 32
291 294
262 265
192 195
88 91
82 85
111 114
71 74
230 233
83 86
204 207
134 137
338 341
288 291
311 314
254 257
142 145
1 4
28 31
113 116
100 103
80 83
216 219
12 15
205 208
175 178
130 133
196 199
344 347
336 339
56 59
164 167
109 112
135 138
299 302
89 92
14 17
145 148
286 289
244 247
290 293
79 82
6 9
343 346
90 93
154 157
337 340
246 249
220 223
168 171
18 21
107 110
271 274
165 168
183 186
131 134
184 187
218 221
128 131
26 29
258 261
39 42
296 299
129 132
198 201
92 95
300 303
329 332
77 80
170 173
102 105
341 344
187 190
116 119
167 170
197 200
287 290
137 140
120 123
261 264
252 255
27 30
342 345
3 6
208 211
44 47
66 69
180 183
236 239
78 81
202 205
91 94
68 71
182 185
221 224
138 141
38 41
85 88
101 104
268 271
20 23
273 276
239 242
50 53
63 66
106 109
156 159
169 172
177 180
144 147
194 197
191 194
95 98
76 79
133 136
313 316
146 149
195 198
259 262
306 309
64 67
339 342
304 307
278 281
99 102
74 77
24 27
189 192
7 10
127 130
124 127
276 279
122 125
269 272
272 275
293 296
155 158
105 108
132 135
325 328
207 210
334 337
57 60
93 96
110 113
277 280
223 226
330 333
16 19
253 256
327 330
13 16
256 259
49 52
5 8
87 90
345 348
126 129
298 301
312 315
81 84
289 292
332 335
224 227
301 304
203 206
214 217
59 62
73 76
34 37
143 146
147 150
222 225
213 216
55 58
303 306
267 270
219 222
279 282
243 246
54 57
234 237
281 284
326 329
335 338
52 55
36 39
185 188
294 297
148 151
318 321
103 106
315 318
23 26
211 214
265 268
96 99
240 243
161 164
199 202
159 162
62 65
310 313
152 155
264 267
201 204
72 75
65 68
309 312
166 169
0 3
241 244
297 300
117 120
179 182
283 286
227 230
270 273
331 334
349 352
226 229
31 34
316 319
235 238
15 18
30 33
292 295
42 45
172 175
173 176
33 36
238 241
