230
52 55
209 212
127 130
221 224
102 105
219 222
36 39
76 79
67 70
49 52
72 75
1 4
57 60
131 134
194 197
70 73
90 93
139 142
202 205
86 89
125 128
138 141
168 171
208 211
81 84
155 158
184 187
187 190
193 196
185 188
162 165
98 101
161 164
74 77
223 226
217 220
15 18
228 231
35 38
37 40
212 215
79 82
44 47
213 216
215 218
55 58
110 113
73 76
106 109
146 149
156 159
40 43
122 125
83 86
133 136
29 32
105 108
58 61
32 35
24 27
142 145
200 203
45 48
144 147
224 227
46 49
177 180
10 13
119 122
164 167
173 176
13 16
134 137
93 96
117 120
197 200
104 107
180 183
214 217
186 189
9 12
198 201
87 90
31 34
201 204
91 94
182 185
6 9
116 119
192 195
195 198
4 7
62 65
128 131
69 72
103 106
169 172
179 182
140 143
71 74
11 14
28 31
199 202
63 66
2 5
27 30
171 174
132 135
51 54
47 50
174 177
153 156
113 116
126 129
204 207
167 170
82 85
95 98
78 81
154 157
56 59
183 186
50 53
120 123
143 146
43 46
211 214
64 67
68 71
5 8
225 228
97 100
218 221
19 22
96 99
222 225
108 111
124 127
112 115
205 208
141 144
59 62
203 206
147 150
207 210
123 126
92 95
25 28
33 36
20 23
84 87
196 199
38 41
41 44
42 45
48 51
14 17
80 83
216 219
53 56
191 194
129 132
160 163
30 33
26 29
85 88
88 91
0 3
21 24
39 42
148 151
135 138
17 20
7 10
100 103
94 97
101 104
23 26
109 112
130 133
206 209
181 184
172 175
107 110
118 121
210 213
170 173
12 15
137 140
145 148
220 223
175 178
158 161
166 169
61 64
165 168
136 139
89 92
190 193
151 154
149 152
3 6
176 179
226 229
229 232
152 155
189 192
111 114
66 69
227 230
8 11
114 117
65 68
150 153
159 162
16 19
22 25
178 181
99 102
54 57
163 166
188 191
121 124
157 160
18 21
60 63
115 118
34 37
75 78
77 80
