500
353 356
270 273
425 428
397 400
488 491
474 477
387 390
268 271
18 21
323 326
341 344
319 322
478 481
188 191
66 69
9 12
86 89
399 402
291 294
207 210
487 490
103 106
67 70
355 358
204 207
457 460
429 432
271 274
330 333
436 439
64 67
177 180
342 345
218 221
385 388
416 419
52 55
479 482
481 484
248 251
443 446
165 168
141 144
185 188
477 480
391 394
49 52
409 412
173 176
101 104
29 32
329 332
306 309
178 181
138 141
251 254
451 454
54 57
96 99
69 72
118 121
53 56
365 368
462 465
10 13
377 380
252 255
2 5
41 44
214 217
247 250
46 49
468 471
398 401
20 23
253 256
427 430
3 6
79 82
184 187
80 83
300 303
224 227
219 222
161 164
40 43
303 306
216 219
473 476
444 447
22 25
379 382
225 228
37 40
221 224
423 426
350 353
344 347
283 286
261 264
73 76
413 416
389 392
168 171
343 346
35 38
326 329
72 75
113 116
152 155
267 270
262 265
366 369
97 100
203 206
465 468
5 8
418 421
333 336
155 158
126 129
28 31
401 404
405 408
437 440
358 361
59 62
16 19
459 462
402 405
24 27
374 377
196 199
148 151
130 133
422 425
124 127
298 301
111 114
335 338
233 236
470 473
34 37
314 317
450 453
150 153
76 79
357 360
102 105
445 448
17 20
47 50
359 362
175 178
250 253
121 124
15 18
312 315
217 220
466 469
302 305
458 461
231 234
99 102
346 349
212 215
38 41
223 226
296 299
453 456
115 118
159 162
238 241
56 59
213 216
108 111
279 282
117 120
395 398
98 101
81 84
136 139
109 112
226 229
269 272
243 246
384 387
25 28
157 160
166 169
36 39
174 177
123 126
426 429
92 95
50 53
100 103
485 488
381 384
452 455
339 342
135 138
258 261
406 409
202 205
91 94
58 61
348 351
280 283
215 218
362 365
328 331
74 77
498 501
164 167
77 80
179 182
351 354
43 46
112 115
239 242
163 166
228 231
448 451
496 499
70 73
206 209
411 414
65 68
210 213
227 230
195 198
105 108
295 298
360 363
419 422
264 267
249 252
42 45
315 318
313 316
57 60
287 290
489 492
499 502
84 87
275 278
209 212
6 9
421 424
95 98
305 308
133 136
274 277
276 279
368 371
160 163
400 403
63 66
235 238
311 314
1 4
197 200
242 245
396 399
435 438
432 435
176 179
273 276
476 479
442 445
282 285
0 3
158 161
483 486
464 467
392 395
187 190
205 208
414 417
110 113
55 58
85 88
200 203
246 249
376 379
394 397
93 96
403 406
149 152
131 134
88 91
463 466
493 496
447 450
441 444
153 156
137 140
449 452
263 266
146 149
386 389
284 287
27 30
375 378
11 14
349 352
378 381
390 393
132 135
260 263
194 197
211 214
492 495
208 211
255 258
259 262
491 494
8 11
14 17
371 374
334 337
412 415
45 48
245 248
331 334
417 420
484 487
222 225
13 16
90 93
151 154
120 123
293 296
230 233
424 427
317 320
388 391
486 489
322 325
198 201
182 185
144 147
338 341
494 497
363 366
495 498
26 29
220 223
454 457
229 232
415 418
32 35
39 42
129 132
139 142
460 463
61 64
404 407
428 431
183 186
369 372
472 475
234 237
89 92
373 376
240 243
78 81
87 90
382 385
162 165
75 78
193 196
320 323
192 195
156 159
278 281
301 304
370 373
186 189
71 74
281 284
30 33
471 474
7 10
114 117
497 500
292 295
364 367
372 375
277 280
48 51
461 464
434 437
122 125
361 364
469 472
297 300
244 247
480 483
171 174
310 313
128 131
383 386
33 36
127 130
318 321
83 86
104 107
145 148
254 257
21 24
316 319
272 275
304 307
181 184
60 63
94 97
147 150
294 297
332 335
119 122
106 109
12 15
309 312
4 7
241 244
367 370
325 328
290 293
307 310
439 442
285 288
68 71
440 443
336 339
236 239
237 240
420 423
107 110
354 357
134 137
125 128
51 54
327 330
180 183
475 478
321 324
288 291
172 175
199 202
407 410
393 396
340 343
23 26
337 340
266 269
324 327
299 302
345 348
455 458
116 119
154 157
19 22
352 355
289 292
232 235
170 173
433 436
482 485
490 493
446 449
31 34
257 260
456 459
44 47
201 204
308 311
356 359
190 193
410 413
467 470
191 194
142 145
431 434
143 146
256 259
286 289
167 170
62 65
265 268
82 85
189 192
438 441
430 433
140 143
347 350
169 172
408 411
380 383
