440
153 156
267 270
347 350
415 418
221 224
386 389
263 266
292 295
334 337
197 200
134 137
376 379
66 69
150 153
149 152
390 393
293 296
384 387
300 303
236 239
298 301
381 384
34 37
127 130
7 10
203 206
370 373
319 322
230 233
89 92
106 109
261 264
196 199
161 164
211 214
97 100
29 32
165 168
394 397
255 258
192 195
412 415
314 317
423 426
113 116
118 121
63 66
246 249
414 417
285 288
437 440
224 227
328 331
366 369
284 287
110 113
167 170
330 333
4 7
67 70
114 117
281 284
417 420
254 257
349 352
53 56
64 67
299 302
115 118
425 428
405 408
31 34
205 208
235 238
0 3
198 201
40 43
418 421
68 71
163 166
41 44
259 262
287 290
344 347
392 395
318 321
148 151
373 376
111 114
350 353
80 83
309 312
268 271
406 409
402 405
117 120
218 221
59 62
204 207
393 396
6 9
332 335
316 319
266 269
36 39
178 181
20 23
207 210
16 19
354 357
116 119
305 308
421 424
262 265
295 298
123 126
395 398
160 163
397 400
249 252
369 372
132 135
321 324
128 131
10 13
86 89
131 134
429 432
49 52
383 386
21 24
52 55
195 198
279 282
257 260
439 442
214 217
44 47
42 45
241 244
70 73
140 143
432 435
242 245
358 361
222 225
377 380
411 414
95 98
13 16
166 169
290 293
351 354
361 364
403 406
431 434
217 220
135 138
303 306
101 104
240 243
333 336
145 148
179 182
9 12
216 219
435 438
19 22
96 99
8 11
46 49
250 253
171 174
73 76
120 123
320 323
56 59
22 25
24 27
137 140
155 158
286 289
72 75
193 196
311 314
331 334
420 423
337 340
317 320
47 50
177 180
310 313
438 441
81 84
342 345
15 18
391 394
28 31
103 106
315 318
340 343
107 110
32 35
238 241
109 112
326 329
400 403
30 33
380 383
87 90
124 127
99 102
43 46
426 429
352 355
159 162
237 240
270 273
385 388
18 21
185 188
172 175
341 344
367 370
69 72
278 281
399 402
436 439
243 246
252 255
11 14
382 385
296 299
12 15
121 124
325 328
379 382
78 81
157 160
82 85
348 351
232 235
339 342
304 307
401 404
152 155
162 165
122 125
210 213
422 425
139 142
372 375
189 192
212 215
90 93
428 431
100 103
138 141
336 339
307 310
244 247
345 348
182 185
176 179
427 430
125 128
104 107
17 20
71 74
273 276
133 136
323 326
231 234
5 8
65 68
38 41
184 187
147 150
288 291
93 96
233 236
251 254
141 144
404 407
356 359
186 189
190 193
387 390
294 297
154 157
396 399
92 95
105 108
272 275
1 4
260 263
119 122
126 129
151 154
408 411
158 161
289 292
199 202
335 338
256 259
275 278
253 256
398 401
215 218
74 77
202 205
209 212
180 183
174 177
181 184
248 251
194 197
35 38
264 267
276 279
79 82
228 231
324 327
83 86
54 57
434 437
322 325
280 283
94 97
144 147
375 378
61 64
297 300
362 365
48 51
26 29
271 274
201 204
258 261
2 5
169 172
343 346
274 277
25 28
175 178
108 111
208 211
220 223
407 410
355 358
45 48
229 232
301 304
225 228
84 87
327 330
389 392
313 316
57 60
329 332
409 412
433 436
245 248
91 94
360 363
3 6
213 216
430 433
371 374
265 268
102 105
291 294
58 61
368 371
363 366
227 230
200 203
359 362
374 377
239 242
247 250
156 159
50 53
219 222
410 413
85 88
357 360
234 237
112 115
14 17
55 58
191 194
353 356
338 341
365 368
142 145
187 190
27 30
282 285
62 65
413 416
146 149
60 63
168 171
424 427
306 309
129 132
173 176
346 349
88 91
277 280
378 381
364 367
170 173
419 422
130 133
136 139
23 26
98 101
283 286
226 229
51 54
416 419
33 36
188 191
75 78
388 391
302 305
223 226
206 209
183 186
77 80
308 311
164 167
269 272
312 315
143 146
76 79
37 40
39 42
