130
12 15
88 91
123 126
39 42
80 83
91 94
67 70
104 107
42 45
74 77
21 24
65 68
28 31
75 78
26 29
47 50
52 55
60 63
1 4
41 44
125 128
30 33
53 56
90 93
15 18
61 64
97 100
50 53
13 16
6 9
98 101
121 124
112 115
49 52
119 122
126 129
107 110
31 34
57 60
122 125
81 84
46 49
111 114
37 40
7 10
56 59
110 113
118 121
51 54
86 89
23 26
79 82
115 118
22 25
69 72
100 103
9 12
34 37
59 62
54 57
72 75
92 95
5 8
19 22
55 58
82 85
117 120
105 108
76 79
108 111
73 76
127 130
10 13
84 87
17 20
2 5
128 131
48 51
11 14
96 99
18 21
71 74
25 28
3 6
99 102
16 19
0 3
64 67
29 32
58 61
8 11
87 90
38 41
62 65
93 96
85 88
89 92
4 7
83 86
109 112
78 81
33 36
44 47
68 71
66 69
40 43
43 46
36 39
113 116
116 119
101 104
106 109
95 98
70 73
63 66
27 30
35 38
24 27
94 97
102 105
20 23
120 123
77 80
129 132
14 17
103 106
114 117
124 127
45 48
32 35
