770
30 33
610 613
97 100
232 235
463 466
726 729
326 329
700 703
367 370
585 588
40 43
71 74
569 572
185 188
54 57
153 156
656 659
73 76
335 338
433 436
660 663
763 766
236 239
594 597
449 452
110 113
514 517
705 708
290 293
306 309
179 182
382 385
715 718
545 548
351 354
717 720
187 190
718 721
85 88
14 17
454 457
341 344
482 485
436 439
273 276
638 641
740 743
99 102
757 760
188 191
444 447
674 677
530 533
493 496
378 381
101 104
483 486
553 556
139 142
460 463
253 256
764 767
37 40
756 759
12 15
736 739
573 576
612 615
708 711
79 82
207 210
24 27
383 386
695 698
659 662
400 403
408 411
631 634
616 619
470 473
370 373
299 302
292 295
597 600
640 643
692 695
589 592
20 23
325 328
162 165
480 483
18 21
395 398
199 202
361 364
580 583
584 587
257 260
64 67
531 534
286 289
588 591
693 696
266 269
308 311
571 574
739 742
278 281
48 51
277 280
240 243
354 357
268 271
136 139
765 768
472 475
246 249
133 136
524 527
10 13
284 287
59 62
505 508
409 412
148 151
574 577
128 131
109 112
329 332
164 167
118 121
141 144
129 132
434 437
165 168
197 200
387 390
105 108
709 712
176 179
658 661
167 170
168 171
107 110
194 197
238 241
206 209
104 107
138 141
716 719
376 379
440 443
332 335
502 505
156 159
355 358
47 50
137 140
321 324
663 666
264 267
83 86
446 449
391 394
203 206
7 10
745 748
680 683
293 296
461 464
68 71
475 478
677 680
88 91
317 320
2 5
766 769
219 222
262 265
522 525
552 555
89 92
604 607
669 672
665 668
180 183
401 404
627 630
506 509
498 501
424 427
657 660
392 395
682 685
229 232
251 254
488 491
49 52
155 158
279 282
44 47
5 8
33 36
98 101
342 345
507 510
747 750
704 707
397 400
371 374
63 66
315 318
96 99
590 593
481 484
403 406
363 366
9 12
166 169
324 327
340 343
318 321
497 500
208 211
398 401
198 201
540 543
45 48
510 513
563 566
316 319
725 728
65 68
753 756
330 333
228 231
425 428
767 770
602 605
196 199
526 529
130 133
599 602
186 189
743 746
31 34
486 489
417 420
394 397
637 640
22 25
67 70
670 673
359 362
380 383
53 56
606 609
57 60
191 194
147 150
1 4
189 192
754 757
653 656
218 221
241 244
70 73
384 387
719 722
261 264
683 686
288 291
230 233
142 145
579 582
731 734
450 453
66 69
761 764
119 122
333 336
568 571
760 763
117 120
222 225
422 425
368 371
724 727
161 164
388 391
160 163
457 460
646 649
679 682
60 63
327 330
244 247
671 674
15 18
613 616
710 713
686 689
220 223
314 317
503 506
741 744
466 469
528 531
225 228
143 146
151 154
193 196
247 250
294 297
513 516
399 402
227 230
345 348
735 738
441 444
611 614
213 216
487 490
685 688
170 173
205 208
492 495
519 522
443 446
587 590
115 118
654 657
738 741
469 472
495 498
586 589
426 429
95 98
28 31
681 684
322 325
560 563
343 346
242 245
192 195
438 441
239 242
603 606
298 301
601 604
121 124
713 716
78 81
733 736
8 11
515 518
131 134
622 625
377 380
406 409
697 700
445 448
570 573
171 174
628 631
608 611
666 669
661 664
350 353
664 667
81 84
226 229
258 261
349 352
202 205
648 651
456 459
759 762
521 524
307 310
311 314
572 575
43 46
689 692
366 369
265 268
542 545
281 284
291 294
195 198
347 350
517 520
722 725
596 599
313 316
231 234
302 305
428 431
310 313
80 83
758 761
465 468
473 476
561 564
427 430
442 445
269 272
159 162
132 135
358 361
55 58
429 432
0 3
500 503
581 584
86 89
592 595
300 303
344 347
29 32
272 275
494 497
547 550
617 620
114 117
17 20
271 274
633 636
252 255
275 278
135 138
562 565
413 416
508 511
435 438
484 487
122 125
72 75
120 123
593 596
729 732
365 368
152 155
94 97
381 384
282 285
479 482
750 753
702 705
372 375
678 681
701 704
3 6
41 44
319 322
567 570
694 697
51 54
490 493
255 258
614 617
209 212
447 450
558 561
707 710
183 186
25 28
145 148
752 755
673 676
201 204
312 315
126 129
672 675
178 181
723 726
415 418
566 569
629 632
644 647
565 568
416 419
56 59
642 645
184 187
578 581
543 546
26 29
249 252
212 215
190 193
437 440
712 715
554 557
353 356
639 642
623 626
84 87
414 417
337 340
285 288
123 126
76 79
742 745
357 360
591 594
34 37
549 552
459 462
635 638
662 665
245 248
746 749
304 307
467 470
386 389
305 308
274 277
485 488
583 586
61 64
200 203
477 480
730 733
511 514
621 624
112 115
468 471
523 526
6 9
501 504
546 549
303 306
607 610
58 61
338 341
27 30
215 218
211 214
320 323
100 103
744 747
769 772
518 521
301 304
698 701
248 251
556 559
204 207
254 257
630 633
655 658
92 95
668 671
181 184
575 578
19 22
35 38
297 300
420 423
127 130
618 621
267 270
688 691
714 717
276 279
74 77
636 639
675 678
323 326
421 424
32 35
90 93
557 560
536 539
50 53
280 283
173 176
163 166
216 219
538 541
124 127
690 693
699 702
346 349
393 396
615 618
410 413
691 694
38 41
283 286
550 553
11 14
576 579
464 467
632 635
116 119
431 434
676 679
419 422
175 178
13 16
336 339
525 528
158 161
471 474
625 628
174 177
234 237
732 735
749 752
331 334
755 758
46 49
432 435
369 372
154 157
62 65
620 623
532 535
402 405
605 608
418 421
727 730
544 547
157 160
375 378
535 538
296 299
221 224
534 537
373 376
295 298
404 407
42 45
407 410
140 143
652 655
555 558
77 80
439 442
52 55
458 461
509 512
237 240
111 114
256 259
259 262
430 433
539 542
125 128
134 137
36 39
374 377
762 765
582 585
87 90
243 246
360 363
559 562
748 751
102 105
113 116
706 709
144 147
287 290
396 399
452 455
149 152
609 612
696 699
364 367
737 740
516 519
474 477
411 414
4 7
289 292
520 523
82 85
476 479
491 494
768 771
69 72
103 106
650 653
548 551
577 580
352 355
390 393
146 149
385 388
720 723
23 26
504 507
751 754
728 731
106 109
423 426
177 180
334 337
489 492
339 342
645 648
233 236
412 415
462 465
362 365
309 312
703 706
649 652
499 502
624 627
600 603
235 238
389 392
448 451
634 637
643 646
527 530
223 226
250 253
356 359
651 654
551 554
270 273
16 19
379 382
182 185
260 263
224 227
455 458
169 172
451 454
667 670
687 690
348 351
150 153
684 687
405 408
453 456
619 622
529 532
214 217
734 737
512 515
210 213
533 536
626 629
93 96
91 94
598 601
647 650
496 499
39 42
217 220
75 78
595 598
541 544
711 714
537 540
263 266
328 331
108 111
172 175
21 24
564 567
641 644
478 481
721 724
