800
57 60
255 258
209 212
684 687
294 297
449 452
196 199
262 265
64 67
76 79
129 132
797 800
505 508
342 345
496 499
283 286
639 642
72 75
186 189
60 63
75 78
526 529
570 573
566 569
783 786
407 410
382 385
721 724
221 224
99 102
553 556
55 58
556 559
8 11
10 13
573 576
653 656
743 746
163 166
745 748
58 61
434 437
521 524
325 328
261 264
765 768
459 462
548 551
475 478
706 709
188 191
676 679
20 23
522 525
298 301
257 260
339 342
755 758
97 100
445 448
28 31
618 621
304 307
249 252
21 24
739 742
205 208
599 602
396 399
584 587
502 505
598 601
148 151
664 667
454 457
115 118
308 311
798 801
207 210
632 635
177 180
44 47
67 70
400 403
451 454
781 784
728 731
648 651
699 702
692 695
214 217
1 4
352 355
696 699
166 169
172 175
48 51
395 398
265 268
334 337
546 549
722 725
124 127
408 411
726 729
735 738
200 203
303 306
219 222
510 513
381 384
662 665
78 81
455 458
113 116
384 387
162 165
794 797
672 675
791 794
86 89
70 73
125 128
479 482
140 143
54 57
239 242
23 26
425 428
74 77
602 605
497 500
589 592
95 98
351 354
515 518
344 347
703 706
474 477
378 381
560 563
300 303
15 18
686 689
51 54
266 269
293 296
450 453
772 775
180 183
756 759
71 74
607 610
610 613
778 781
120 123
392 395
269 272
220 223
619 622
723 726
389 392
754 757
620 623
694 697
170 173
100 103
167 170
471 474
417 420
330 333
193 196
733 736
501 504
685 688
789 792
467 470
126 129
391 394
782 785
288 291
554 557
192 195
287 290
628 631
742 745
237 240
766 769
518 521
370 373
480 483
35 38
690 693
575 578
715 718
436 439
652 655
178 181
30 33
390 393
213 216
452 455
103 106
622 625
33 36
600 603
708 711
26 29
43 46
189 192
473 476
625 628
583 586
683 686
127 130
433 436
429 432
259 262
243 246
331 334
770 773
161 164
750 753
717 720
580 583
68 71
65 68
460 463
256 259
641 644
792 795
431 434
621 624
245 248
757 760
165 168
94 97
499 502
563 566
528 531
604 607
567 570
538 541
385 388
319 322
512 515
14 17
322 325
329 332
661 664
110 113
134 137
41 44
788 791
626 629
731 734
232 235
720 723
66 69
359 362
775 778
673 676
780 783
122 125
87 90
132 135
285 288
637 640
24 27
744 747
786 789
338 341
403 406
150 153
438 441
201 204
217 220
796 799
160 163
421 424
635 638
179 182
627 630
524 527
586 589
776 779
513 516
264 267
795 798
271 274
145 148
767 770
404 407
655 658
228 231
62 65
500 503
691 694
169 172
297 300
268 271
367 370
462 465
45 48
181 184
593 596
702 705
674 677
787 790
361 364
80 83
216 219
681 684
713 716
182 185
762 765
311 314
736 739
712 715
85 88
53 56
631 634
244 247
531 534
0 3
633 636
273 276
468 471
426 429
668 671
636 639
709 712
654 657
13 16
306 309
277 280
272 275
279 282
749 752
701 704
514 517
582 585
135 138
423 426
230 233
275 278
574 577
540 543
369 372
394 397
603 606
469 472
88 91
333 336
251 254
561 564
90 93
682 685
643 646
364 367
611 614
291 294
724 727
422 425
284 287
49 52
418 421
250 253
373 376
69 72
477 480
199 202
174 177
157 160
104 107
609 612
608 611
337 340
777 780
401 404
572 575
240 243
424 427
441 444
52 55
458 461
746 749
218 221
143 146
258 261
93 96
374 377
39 42
354 357
427 430
634 637
657 660
171 174
77 80
412 415
225 228
432 435
771 774
211 214
700 703
136 139
525 528
393 396
435 438
532 535
292 295
290 293
108 111
149 152
552 555
689 692
453 456
725 728
233 236
732 735
605 608
37 40
768 771
350 353
362 365
523 526
549 552
227 230
630 633
19 22
629 632
623 626
316 319
42 45
785 788
741 744
660 663
406 409
494 497
7 10
647 650
442 445
206 209
484 487
246 249
420 423
380 383
587 590
102 105
478 481
16 19
36 39
614 617
534 537
212 215
650 653
409 412
544 547
248 251
96 99
615 618
106 109
343 346
315 318
411 414
557 560
799 802
118 121
624 627
107 110
153 156
375 378
536 539
152 155
112 115
92 95
466 469
710 713
464 467
671 674
601 604
399 402
516 519
222 225
5 8
446 449
419 422
226 229
644 647
356 359
693 696
564 567
493 496
642 645
405 408
444 447
376 379
185 188
208 211
260 263
760 763
793 796
590 593
729 732
659 662
236 239
718 721
299 302
210 213
529 532
56 59
50 53
398 401
117 120
581 584
142 145
194 197
89 92
318 321
175 178
555 558
281 284
678 681
591 594
309 312
440 443
368 371
638 641
519 522
195 198
485 488
665 668
509 512
332 335
46 49
545 548
576 579
577 580
313 316
527 530
687 690
645 648
11 14
784 787
748 751
231 234
414 417
640 643
121 124
116 119
461 464
617 620
321 324
247 250
155 158
278 281
727 730
203 206
763 766
751 754
415 418
320 323
91 94
270 273
551 554
154 157
711 714
666 669
675 678
597 600
543 546
517 520
229 232
569 572
507 510
571 574
539 542
336 339
280 283
695 698
790 793
465 468
542 545
677 680
669 672
428 431
204 207
463 466
347 350
457 460
470 473
486 489
504 507
130 133
646 649
349 352
358 361
537 540
680 683
456 459
81 84
252 255
197 200
443 446
63 66
340 343
341 344
606 609
224 227
773 776
377 380
147 150
235 238
159 162
410 413
31 34
483 486
592 595
98 101
151 154
482 485
737 740
651 654
6 9
302 305
133 136
84 87
613 616
22 25
704 707
448 451
357 360
253 256
386 389
503 506
508 511
535 538
740 743
738 741
310 313
324 327
366 369
119 122
114 117
530 533
327 330
345 348
296 299
202 205
176 179
190 193
730 733
558 561
18 21
550 553
670 673
138 141
476 479
616 619
183 186
495 498
612 615
402 405
585 588
314 317
533 536
747 750
714 717
489 492
490 493
492 495
764 767
365 368
317 320
487 490
263 266
328 331
716 719
565 568
387 390
430 433
506 509
131 134
27 30
274 277
267 270
562 565
295 298
761 764
697 700
511 514
312 315
4 7
146 149
141 144
168 171
3 6
40 43
242 245
388 391
335 338
707 710
156 159
254 257
769 772
578 581
191 194
547 550
59 62
17 20
568 571
34 37
105 108
758 761
282 285
38 41
383 386
144 147
348 351
223 226
128 131
187 190
397 400
488 491
47 50
734 737
667 670
25 28
234 237
372 375
595 598
276 279
658 661
579 582
137 140
301 304
73 76
286 289
83 86
759 762
698 701
439 442
559 562
12 15
663 666
241 244
2 5
416 419
82 85
379 382
719 722
371 374
437 440
305 308
215 218
705 708
491 494
447 450
61 64
520 523
679 682
353 356
481 484
184 187
363 366
164 167
32 35
588 591
541 544
355 358
173 176
413 416
109 112
9 12
123 126
323 326
111 114
649 652
596 599
238 241
198 201
139 142
346 349
307 310
79 82
753 756
656 659
779 782
158 161
688 691
752 755
29 32
498 501
289 292
594 597
774 777
472 475
326 329
360 363
101 104
