600
595 598
434 437
395 398
250 253
53 56
256 259
135 138
409 412
552 555
101 104
446 449
318 321
104 107
588 591
543 546
591 594
186 189
433 436
86 89
253 256
97 100
195 198
502 505
277 280
88 91
458 461
85 88
219 222
197 200
336 339
314 317
308 311
322 325
20 23
404 407
554 557
208 211
401 404
24 27
90 93
292 295
157 160
388 391
343 346
459 462
380 383
477 480
146 149
503 506
515 518
233 236
429 432
185 188
243 246
557 560
259 262
387 390
376 379
96 99
413 416
590 593
530 533
143 146
154 157
568 571
408 411
558 561
383 386
122 125
319 322
11 14
93 96
334 337
465 468
145 148
115 118
559 562
289 292
565 568
156 159
540 543
441 444
216 219
296 299
121 124
506 509
9 12
295 298
432 435
212 215
428 431
585 588
155 158
445 448
147 150
575 578
254 257
548 551
189 192
599 602
449 452
77 80
349 352
489 492
217 220
269 272
516 519
398 401
501 504
297 300
32 35
498 501
450 453
496 499
426 429
244 247
237 240
70 73
56 59
440 443
367 370
511 514
236 239
275 278
273 276
65 68
161 164
504 507
74 77
541 544
164 167
36 39
108 111
47 50
124 127
491 494
280 283
312 315
375 378
194 197
42 45
179 182
361 364
325 328
23 26
531 534
396 399
483 486
411 414
8 11
505 508
358 361
60 63
270 273
475 478
535 538
592 595
283 286
21 24
370 373
551 554
107 110
451 454
476 479
28 31
17 20
437 440
198 201
389 392
335 338
169 172
264 267
191 194
231 234
290 293
572 575
527 530
113 116
416 419
488 491
353 356
73 76
419 422
116 119
553 556
291 294
40 43
359 362
2 5
51 54
412 415
67 70
188 191
150 153
394 397
76 79
570 573
415 418
321 324
251 254
528 531
25 28
313 316
205 208
331 334
490 493
344 347
148 151
228 231
176 179
182 185
594 597
248 251
576 579
538 541
174 177
549 552
301 304
327 330
173 176
564 567
69 72
406 409
64 67
537 540
421 424
478 481
27 30
340 343
443 446
178 181
462 465
45 48
204 207
285 288
118 121
435 438
479 482
442 445
363 366
199 202
230 233
221 224
454 457
158 161
227 230
392 395
110 113
400 403
162 165
425 428
66 69
207 210
61 64
268 271
211 214
166 169
119 122
105 108
338 341
315 318
457 460
550 553
84 87
187 190
547 550
126 129
279 282
103 106
19 22
234 237
571 574
258 261
509 512
246 249
242 245
26 29
563 566
81 84
303 306
448 451
481 484
132 135
569 572
512 515
567 570
206 209
72 75
44 47
6 9
524 527
365 368
98 101
99 102
379 382
131 134
469 472
452 455
410 413
332 335
369 372
200 203
399 402
106 109
560 563
354 357
34 37
282 285
486 489
209 212
58 61
294 297
482 485
7 10
276 279
473 476
91 94
337 340
323 326
239 242
333 336
494 497
495 498
586 589
175 178
598 601
111 114
142 145
134 137
464 467
226 229
345 348
170 173
125 128
263 266
328 331
311 314
471 474
46 49
587 590
342 345
225 228
165 168
0 3
579 582
235 238
172 175
589 592
68 71
238 241
261 264
92 95
326 329
144 147
521 524
341 344
405 408
163 166
160 163
522 525
507 510
364 367
167 170
71 74
430 433
320 323
272 275
366 369
267 270
304 307
136 139
493 496
49 52
393 396
309 312
534 537
192 195
330 333
245 248
348 351
284 287
278 281
351 354
360 363
128 131
31 34
347 350
470 473
500 503
597 600
87 90
355 358
112 115
137 140
215 218
474 477
55 58
350 353
12 15
302 305
555 558
439 442
196 199
485 488
382 385
561 564
316 319
257 260
377 380
518 521
385 388
16 19
519 522
444 447
307 310
57 60
229 232
356 359
596 599
472 475
584 587
183 186
422 425
18 21
420 423
545 548
403 406
480 483
54 57
371 374
514 517
466 469
127 130
287 290
390 393
109 112
241 244
123 126
1 4
95 98
37 40
582 585
10 13
3 6
467 470
577 580
381 384
374 377
153 156
83 86
14 17
117 120
232 235
525 528
373 376
453 456
407 410
397 400
513 516
138 141
424 427
517 520
417 420
281 284
352 355
427 430
533 536
418 421
556 559
402 405
438 441
202 205
447 450
180 183
266 269
252 255
378 381
484 487
461 464
578 581
532 535
220 223
487 490
159 162
4 7
201 204
293 296
286 289
89 92
82 85
255 258
299 302
260 263
508 511
362 365
193 196
151 154
129 132
177 180
536 539
133 136
75 78
223 226
59 62
39 42
271 274
562 565
300 303
190 193
357 360
262 265
130 133
41 44
149 152
324 327
274 277
265 268
203 206
306 309
539 542
372 375
48 51
339 342
456 459
310 313
100 103
171 174
431 434
120 123
526 529
218 221
573 576
423 426
141 144
30 33
63 66
184 187
574 577
492 495
386 389
546 549
288 291
52 55
29 32
368 371
593 596
152 155
523 526
43 46
80 83
305 308
468 471
566 569
181 184
210 213
168 171
214 217
140 143
22 25
224 227
5 8
213 216
391 394
35 38
583 586
50 53
94 97
317 320
463 466
581 584
62 65
529 532
33 36
460 463
222 225
13 16
520 523
298 301
15 18
38 41
580 583
79 82
510 513
240 243
102 105
436 439
542 545
139 142
247 250
384 387
544 547
249 252
329 332
455 458
499 502
497 500
414 417
78 81
114 117
346 349
