260
14 17
180 183
140 143
162 165
168 171
156 159
5 8
10 13
174 177
240 243
88 91
65 68
230 233
48 51
94 97
176 179
132 135
64 67
56 59
169 172
46 49
82 85
79 82
93 96
206 209
4 7
259 262
217 220
28 31
158 161
45 48
203 206
83 86
166 169
99 102
35 38
165 168
154 157
199 202
157 160
85 88
247 250
146 149
150 153
133 136
89 92
245 248
91 94
112 115
23 26
149 152
84 87
184 187
173 176
32 35
118 121
126 129
194 197
233 236
189 192
113 116
152 155
179 182
8 11
73 76
109 112
258 261
181 184
87 90
27 30
95 98
221 224
175 178
75 78
196 199
236 239
22 25
104 107
139 142
100 103
242 245
74 77
190 193
135 138
227 230
54 57
49 52
67 70
238 241
66 69
41 44
161 164
31 34
201 204
257 260
7 10
53 56
164 167
232 235
248 251
121 124
252 255
244 247
33 36
16 19
195 198
151 154
142 145
172 175
107 110
15 18
160 163
128 131
143 146
80 83
193 196
103 106
144 147
40 43
177 180
223 226
141 144
96 99
218 221
52 55
116 119
192 195
228 231
249 252
219 222
61 64
250 253
214 217
134 137
102 105
204 207
255 258
117 120
29 32
43 46
213 216
55 58
30 33
155 158
205 208
78 81
197 200
58 61
106 109
246 249
212 215
207 210
222 225
185 188
147 150
120 123
136 139
63 66
37 40
44 47
178 181
188 191
101 104
125 128
62 65
224 227
81 84
105 108
254 257
186 189
191 194
129 132
234 237
229 232
171 174
170 173
114 117
127 130
220 223
0 3
24 27
138 141
122 125
1 4
237 240
17 20
115 118
131 134
6 9
110 113
69 72
57 60
42 45
148 151
226 229
216 219
200 203
86 89
153 156
97 100
36 39
182 185
68 71
215 218
108 111
21 24
90 93
13 16
25 28
98 101
3 6
167 170
70 73
71 74
253 256
198 201
235 238
210 213
47 50
243 246
123 126
231 234
239 242
38 41
111 114
12 15
130 133
20 23
241 244
18 21
256 259
50 53
2 5
9 12
209 212
119 122
251 254
163 166
145 148
76 79
183 186
72 75
59 62
137 140
34 37
159 162
92 95
211 214
19 22
11 14
208 211
60 63
26 29
77 80
39 42
51 54
225 228
187 190
124 127
202 205
