990
368 371
439 442
677 680
892 895
210 213
452 455
388 391
871 874
749 752
180 183
934 937
40 43
807 810
894 897
422 425
193 196
434 437
704 707
406 409
576 579
327 330
897 900
123 126
340 343
695 698
352 355
985 988
53 56
672 675
326 329
236 239
104 107
371 374
660 663
215 218
45 48
849 852
496 499
815 818
532 535
93 96
678 681
412 415
279 282
432 435
467 470
924 927
619 622
296 299
609 612
360 363
772 775
582 585
429 432
656 659
3 6
185 188
77 80
468 471
64 67
473 476
718 721
960 963
361 364
264 267
87 90
186 189
276 279
240 243
181 184
724 727
705 708
284 287
187 190
183 186
206 209
601 604
476 479
332 335
125 128
12 15
637 640
889 892
486 489
706 709
946 949
375 378
550 553
663 666
623 626
399 402
2 5
780 783
920 923
542 545
472 475
272 275
383 386
888 891
777 780
212 215
249 252
274 277
669 672
912 915
570 573
967 970
847 850
515 518
970 973
124 127
661 664
81 84
494 497
207 210
577 580
373 376
384 387
579 582
758 761
440 443
483 486
266 269
28 31
565 568
216 219
566 569
907 910
940 943
522 525
469 472
850 853
490 493
62 65
719 722
121 124
717 720
848 851
286 289
201 204
421 424
24 27
555 558
314 317
524 527
800 803
448 451
489 492
535 538
914 917
919 922
273 276
50 53
783 786
324 327
694 697
321 324
299 302
169 172
813 816
911 914
223 226
403 406
614 617
812 815
119 122
756 759
904 907
154 157
231 234
876 879
808 811
127 130
256 259
636 639
417 420
557 560
431 434
562 565
810 813
304 307
316 319
33 36
543 546
258 261
798 801
34 37
479 482
477 480
599 602
325 328
809 812
263 266
742 745
902 905
294 297
869 872
855 858
519 522
723 726
363 366
79 82
986 989
49 52
283 286
567 570
73 76
789 792
817 820
289 292
625 628
253 256
604 607
402 405
692 695
167 170
15 18
510 513
318 321
768 771
596 599
755 758
593 596
574 577
72 75
184 187
217 220
147 150
335 338
942 945
782 785
511 514
394 397
323 326
771 774
66 69
485 488
547 550
639 642
54 57
642 645
41 44
964 967
226 229
114 117
9 12
896 899
525 528
927 930
208 211
248 251
517 520
544 547
322 325
829 832
588 591
943 946
416 419
379 382
369 372
885 888
864 867
746 749
737 740
171 174
670 673
638 641
436 439
647 650
492 495
779 782
370 373
21 24
159 162
177 180
419 422
343 346
365 368
298 301
767 770
551 554
900 903
359 362
512 515
8 11
500 503
1 4
926 929
939 942
872 875
969 972
884 887
646 649
701 704
134 137
936 939
48 51
97 100
776 779
795 798
982 985
703 706
143 146
854 857
930 933
675 678
711 714
251 254
313 316
200 203
853 856
220 223
818 821
189 192
761 764
648 651
816 819
958 961
923 926
408 411
150 153
805 808
495 498
425 428
4 7
101 104
129 132
541 544
626 629
841 844
179 182
539 542
357 360
898 901
707 710
10 13
631 634
796 799
527 530
23 26
804 807
224 227
881 884
61 64
591 594
498 501
828 831
139 142
530 533
561 564
974 977
806 809
740 743
972 975
743 746
80 83
713 716
457 460
484 487
521 524
250 253
455 458
629 632
52 55
954 957
426 429
285 288
523 526
615 618
714 717
380 383
877 880
650 653
211 214
265 268
142 145
799 802
586 589
176 179
405 408
607 610
160 163
442 445
730 733
464 467
337 340
98 101
918 921
905 908
668 671
774 777
465 468
397 400
300 303
353 356
823 826
230 233
366 369
493 496
162 165
878 881
31 34
640 643
505 508
358 361
391 394
728 731
797 800
196 199
306 309
466 469
507 510
682 685
460 463
744 747
509 512
398 401
428 431
653 656
645 648
190 193
470 473
213 216
925 928
838 841
533 536
385 388
793 796
330 333
20 23
338 341
89 92
149 152
345 348
589 592
157 160
459 462
301 304
578 581
757 760
278 281
339 342
170 173
441 444
508 511
826 829
727 730
59 62
415 418
75 78
13 16
56 59
836 839
662 665
138 141
842 845
346 349
295 298
617 620
461 464
632 635
634 637
374 377
966 969
628 631
792 795
151 154
128 131
107 110
475 478
214 217
69 72
94 97
173 176
973 976
666 669
569 572
243 246
381 384
685 688
957 960
831 834
821 824
132 135
400 403
735 738
320 323
516 519
333 336
612 615
451 454
696 699
311 314
447 450
281 284
310 313
961 964
765 768
857 860
100 103
47 50
621 624
63 66
478 481
585 588
835 838
55 58
913 916
364 367
633 636
16 19
260 263
88 91
762 765
140 143
787 790
450 453
916 919
729 732
219 222
424 427
654 657
280 283
427 430
292 295
887 890
282 285
575 578
482 485
775 778
44 47
377 380
329 332
26 29
387 390
688 691
722 725
443 446
691 694
874 877
122 125
393 396
205 208
680 683
910 913
158 161
480 483
616 619
109 112
748 751
751 754
845 848
67 70
164 167
548 551
698 701
414 417
6 9
209 212
702 705
37 40
624 627
222 225
987 990
234 237
407 410
710 713
726 729
228 231
102 105
778 781
873 876
70 73
293 296
11 14
549 552
840 843
664 667
145 148
971 974
977 980
528 531
288 291
65 68
5 8
218 221
764 767
736 739
501 504
538 541
673 676
305 308
554 557
491 494
518 521
572 575
197 200
564 567
68 71
29 32
232 235
135 138
844 847
161 164
846 849
684 687
95 98
865 868
947 950
618 621
255 258
271 274
786 789
309 312
715 718
689 692
833 836
458 461
32 35
120 123
331 334
36 39
18 21
563 566
734 737
803 806
413 416
968 971
153 156
949 952
108 111
38 41
241 244
687 690
444 447
613 616
347 350
238 241
229 232
641 644
133 136
860 863
738 741
709 712
355 358
262 265
445 448
739 742
191 194
763 766
453 456
851 854
956 959
155 158
602 605
866 869
350 353
7 10
446 449
933 936
794 797
111 114
514 517
962 965
351 354
791 794
106 109
568 571
879 882
290 293
893 896
747 750
915 918
420 423
239 242
600 603
537 540
395 398
497 500
620 623
471 474
899 902
401 404
83 86
858 861
378 381
917 920
78 81
883 886
92 95
716 719
655 658
536 539
651 654
690 693
882 885
57 60
559 562
814 817
529 532
681 684
890 893
411 414
246 249
372 375
60 63
233 236
598 601
553 556
116 119
770 773
82 85
259 262
194 197
978 981
136 139
862 865
802 805
303 306
909 912
481 484
540 543
137 140
785 788
166 169
85 88
953 956
499 502
202 205
657 660
188 191
679 682
221 224
827 830
409 412
235 238
277 280
980 983
659 662
649 652
843 846
389 392
581 584
19 22
906 909
267 270
51 54
307 310
203 206
788 791
291 294
556 559
506 509
225 228
745 748
769 772
951 954
781 784
674 677
503 506
597 600
130 133
773 776
17 20
605 608
928 931
35 38
433 436
362 365
790 793
328 331
587 590
117 120
697 700
456 459
856 859
979 982
91 94
573 576
520 523
832 835
175 178
700 703
686 689
760 763
859 862
112 115
584 587
825 828
148 151
103 106
921 924
354 357
502 505
983 986
754 757
875 878
526 529
14 17
683 686
382 385
635 638
592 595
113 116
39 42
937 940
312 315
989 992
622 625
341 344
144 147
606 609
156 159
141 144
404 407
822 825
932 935
342 345
908 911
43 46
820 823
227 230
531 534
126 129
367 370
165 168
58 61
270 273
976 979
245 248
84 87
852 855
839 842
76 79
344 347
182 185
759 762
462 465
71 74
766 769
571 574
552 555
867 870
146 149
423 426
546 549
438 441
595 598
671 674
880 883
952 955
22 25
981 984
975 978
590 593
463 466
376 379
667 670
863 866
315 318
959 962
46 49
474 477
257 260
708 711
545 548
435 438
610 613
712 715
929 932
287 290
336 339
922 925
870 873
152 155
750 753
731 734
891 894
752 755
963 966
410 413
275 278
252 255
720 723
178 181
204 207
269 272
824 827
174 177
254 257
611 614
965 968
172 175
261 264
244 247
988 991
941 944
247 250
945 948
86 89
630 633
608 611
658 661
583 586
105 108
984 987
437 440
948 951
25 28
319 322
430 433
753 756
386 389
944 947
115 118
199 202
676 679
27 30
488 491
192 195
580 583
895 898
935 938
837 840
118 121
868 871
901 904
449 452
938 941
886 889
163 166
861 864
242 245
198 201
356 359
903 906
811 814
784 787
627 630
603 606
131 134
302 305
195 198
90 93
349 352
390 393
644 647
418 421
396 399
74 77
487 490
534 537
643 646
955 958
168 171
665 668
110 113
42 45
268 271
0 3
558 561
733 736
317 320
830 833
732 735
297 300
721 724
931 934
308 311
834 837
693 696
594 597
454 457
725 728
348 351
30 33
237 240
99 102
560 563
96 99
819 822
504 507
513 516
699 702
950 953
652 655
801 804
741 744
392 395
334 337
