280
269 272
114 117
49 52
90 93
175 178
271 274
244 247
126 129
183 186
174 177
134 137
253 256
72 75
108 111
98 101
197 200
217 220
142 145
224 227
138 141
198 201
199 202
77 80
158 161
4 7
229 232
15 18
227 230
29 32
167 170
125 128
219 222
148 151
163 166
252 255
44 47
216 219
129 132
170 173
131 134
0 3
173 176
97 100
161 164
225 228
12 15
110 113
86 89
71 74
265 268
34 37
207 210
120 123
18 21
47 50
212 215
186 189
67 70
248 251
185 188
238 241
14 17
101 104
237 240
69 72
48 51
258 261
165 168
226 229
23 26
56 59
87 90
80 83
187 190
79 82
274 277
230 233
42 45
139 142
209 212
240 243
232 235
235 238
57 60
109 112
239 242
22 25
43 46
93 96
6 9
218 221
27 30
200 203
64 67
210 213
95 98
250 253
157 160
179 182
275 278
40 43
260 263
189 192
88 91
76 79
127 130
45 48
36 39
246 249
73 76
75 78
143 146
182 185
35 38
30 33
192 195
104 107
164 167
41 44
137 140
5 8
31 34
119 122
261 264
81 84
121 124
63 66
221 224
46 49
150 153
24 27
267 270
96 99
270 273
133 136
176 179
116 119
8 11
83 86
166 169
268 271
10 13
273 276
181 184
276 279
222 225
60 63
85 88
205 208
245 248
263 266
196 199
21 24
66 69
53 56
215 218
19 22
136 139
233 236
162 165
20 23
112 115
33 36
117 120
32 35
203 206
156 159
89 92
231 234
92 95
147 150
100 103
106 109
152 155
277 280
178 181
124 127
208 211
228 231
177 180
184 187
7 10
84 87
28 31
144 147
256 259
153 156
159 162
201 204
204 207
257 260
65 68
234 237
172 175
251 254
113 116
236 239
255 258
102 105
54 57
13 16
262 265
211 214
242 245
39 42
9 12
145 148
61 64
37 40
111 114
25 28
130 133
247 250
26 29
50 53
123 126
155 158
206 209
58 61
154 157
160 163
194 197
78 81
11 14
94 97
99 102
180 183
16 19
149 152
202 205
82 85
122 125
259 262
254 257
190 193
249 252
141 144
191 194
118 121
91 94
195 198
171 174
135 138
105 108
151 154
107 110
213 216
38 41
70 73
52 55
3 6
128 131
74 77
264 267
132 135
168 171
223 226
115 118
279 282
140 143
1 4
103 106
188 191
272 275
17 20
214 217
55 58
243 246
68 71
193 196
220 223
241 244
51 54
278 281
62 65
146 149
59 62
169 172
2 5
266 269
