680
473 476
650 653
322 325
259 262
335 338
334 337
432 435
68 71
237 240
380 383
604 607
174 177
228 231
245 248
428 431
43 46
420 423
341 344
153 156
672 675
652 655
518 521
497 500
88 91
74 77
80 83
104 107
496 499
394 397
517 520
354 357
53 56
594 597
418 421
340 343
52 55
139 142
551 554
521 524
413 416
343 346
629 632
631 634
239 242
565 568
562 565
411 414
124 127
548 551
186 189
355 358
568 571
65 68
275 278
78 81
252 255
197 200
501 504
70 73
278 281
55 58
67 70
207 210
94 97
231 234
674 677
318 321
654 657
630 633
414 417
574 577
656 659
610 613
461 464
576 579
511 514
440 443
202 205
300 303
91 94
84 87
20 23
535 538
44 47
547 550
439 442
113 116
159 162
344 347
37 40
607 610
2 5
350 353
386 389
502 505
484 487
491 494
542 545
389 392
391 394
396 399
351 354
223 226
149 152
632 635
358 361
379 382
456 459
289 292
325 328
612 615
356 359
13 16
238 241
664 667
543 546
381 384
286 289
271 274
550 553
605 608
198 201
51 54
402 405
3 6
596 599
500 503
426 429
4 7
210 213
227 230
577 580
150 153
588 591
526 529
569 572
25 28
125 128
241 244
136 139
567 570
653 656
129 132
308 311
249 252
570 573
157 160
211 214
187 190
507 510
599 602
361 364
621 624
287 290
103 106
363 366
553 556
579 582
454 457
668 671
445 448
75 78
230 233
148 151
514 517
16 19
292 295
185 188
329 332
648 651
79 82
168 171
222 225
492 495
1 4
624 627
160 163
165 168
523 526
474 477
602 605
96 99
247 250
483 486
177 180
522 525
162 165
561 564
634 637
137 140
513 516
554 557
302 305
263 266
371 374
499 502
441 444
540 543
580 583
272 275
155 158
375 378
608 611
458 461
319 322
538 541
345 348
229 232
591 594
176 179
313 316
661 664
332 335
14 17
400 403
600 603
427 430
405 408
447 450
506 509
512 515
369 372
333 336
510 513
503 506
435 438
651 654
135 138
533 536
274 277
662 665
613 616
18 21
519 522
127 130
56 59
323 326
455 458
258 261
27 30
145 148
390 393
485 488
504 507
525 528
169 172
117 120
388 391
45 48
102 105
144 147
352 355
453 456
446 449
184 187
552 555
315 318
256 259
416 419
310 313
566 569
218 221
321 324
164 167
161 164
106 109
536 539
655 658
232 235
451 454
262 265
273 276
236 239
9 12
205 208
559 562
549 552
330 333
92 95
625 628
622 625
601 604
216 219
320 323
633 636
408 411
83 86
649 652
462 465
297 300
171 174
637 640
347 350
436 439
301 304
546 549
541 544
72 75
673 676
309 312
201 204
69 72
539 542
105 108
678 681
367 370
270 273
77 80
54 57
246 249
152 155
597 600
575 578
36 39
516 519
564 567
126 129
479 482
373 376
397 400
290 293
257 260
450 453
360 363
98 101
336 339
431 434
505 508
359 362
636 639
377 380
468 471
97 100
545 548
208 211
49 52
459 462
670 673
346 349
430 433
378 381
443 446
217 220
188 191
349 352
267 270
472 475
253 256
487 490
382 385
527 530
338 341
364 367
471 474
163 166
118 121
133 136
5 8
657 660
370 373
635 638
556 559
194 197
276 279
284 287
481 484
90 93
524 527
421 424
442 445
353 356
40 43
368 371
8 11
376 379
204 207
154 157
623 626
115 118
294 297
26 29
628 631
679 682
665 668
646 649
460 463
12 15
619 622
433 436
264 267
112 115
121 124
167 170
486 489
138 141
31 34
493 496
677 680
233 236
235 238
131 134
107 110
578 581
314 317
482 485
404 407
644 647
46 49
269 272
337 340
181 184
195 198
62 65
191 194
410 413
158 161
424 427
140 143
293 296
220 223
532 535
58 61
178 181
86 89
114 117
395 398
128 131
595 598
109 112
620 623
581 584
558 561
366 369
326 329
59 62
151 154
130 133
193 196
587 590
495 498
291 294
520 523
100 103
87 90
659 662
64 67
438 441
123 126
180 183
35 38
254 257
618 621
586 589
296 299
406 409
182 185
213 216
316 319
242 245
641 644
30 33
593 596
480 483
219 222
470 473
563 566
283 286
528 531
365 368
328 331
285 288
627 630
143 146
614 617
196 199
592 595
515 518
488 491
530 533
584 587
444 447
615 618
240 243
0 3
111 114
407 410
560 563
311 314
66 69
200 203
82 85
73 76
415 418
412 415
509 512
449 452
57 60
299 302
41 44
203 206
76 79
116 119
638 641
175 178
110 113
476 479
295 298
166 169
531 534
281 284
331 334
192 195
268 271
669 672
658 661
557 560
666 669
478 481
63 66
215 218
34 37
17 20
42 45
248 251
189 192
392 395
206 209
645 648
99 102
385 388
437 440
422 425
327 330
477 480
93 96
282 285
667 670
419 422
119 122
11 14
244 247
183 186
22 25
170 173
234 237
288 291
221 224
21 24
23 26
214 217
508 511
10 13
339 342
452 455
490 493
141 144
372 375
387 390
616 619
260 263
467 470
32 35
225 228
312 315
572 575
475 478
303 306
306 309
434 437
146 149
555 558
544 547
465 468
6 9
342 345
639 642
590 593
243 246
598 601
324 327
582 585
250 253
425 428
534 537
383 386
266 269
374 377
265 268
28 31
60 63
38 41
95 98
71 74
15 18
24 27
362 365
39 42
606 609
348 351
255 258
609 612
626 629
304 307
89 92
494 497
280 283
132 135
676 679
47 50
647 650
398 401
156 159
663 666
277 280
190 193
448 451
573 576
423 426
172 175
279 282
7 10
29 32
298 301
85 88
464 467
571 574
469 472
261 264
498 501
108 111
642 645
429 432
224 227
81 84
617 620
307 310
466 469
463 466
48 51
643 646
357 360
120 123
393 396
660 663
226 229
251 254
399 402
401 404
209 212
33 36
537 540
675 678
317 320
457 460
19 22
179 182
489 492
101 104
583 586
417 420
305 308
61 64
142 145
640 643
611 614
409 412
212 215
147 150
603 606
403 406
173 176
589 592
585 588
122 125
384 387
134 137
529 532
671 674
50 53
199 202
