550
143 146
291 294
173 176
317 320
137 140
149 152
416 419
289 292
17 20
350 353
191 194
499 502
434 437
240 243
314 317
30 33
5 8
177 180
81 84
231 234
354 357
469 472
283 286
161 164
343 346
482 485
292 295
400 403
69 72
105 108
484 487
120 123
489 492
349 352
465 468
429 432
392 395
223 226
542 545
210 213
290 293
330 333
203 206
273 276
233 236
468 471
532 535
55 58
424 427
322 325
206 209
366 369
122 125
512 515
198 201
401 404
455 458
261 264
263 266
88 91
486 489
214 217
525 528
201 204
435 438
144 147
279 282
160 163
472 475
254 257
450 453
174 177
287 290
460 463
128 131
68 71
172 175
93 96
74 77
8 11
92 95
296 299
540 543
195 198
202 205
169 172
353 356
504 507
178 181
162 165
382 385
70 73
79 82
139 142
523 526
77 80
477 480
321 324
53 56
461 464
25 28
28 31
480 483
132 135
501 504
352 355
245 248
391 394
125 128
341 344
136 139
413 416
247 250
102 105
116 119
46 49
506 509
514 517
249 252
95 98
481 484
163 166
389 392
286 289
180 183
27 30
141 144
399 402
360 363
397 400
384 387
48 51
436 439
284 287
150 153
305 308
248 251
271 274
536 539
396 399
146 149
503 506
107 110
199 202
129 132
259 262
364 367
51 54
114 117
13 16
549 552
310 313
101 104
430 433
293 296
323 326
439 442
324 327
356 359
67 70
361 364
59 62
58 61
492 495
298 301
357 360
78 81
337 340
490 493
423 426
275 278
340 343
221 224
441 444
85 88
488 491
285 288
313 316
190 193
478 481
225 228
336 339
381 384
288 291
4 7
232 235
300 303
369 372
256 259
515 518
142 145
462 465
234 237
479 482
109 112
179 182
87 90
331 334
509 512
309 312
12 15
418 421
333 336
398 401
376 379
281 284
414 417
487 490
29 32
485 488
440 443
208 211
385 388
41 44
193 196
124 127
66 69
387 390
6 9
334 337
294 297
20 23
182 185
295 298
473 476
374 377
449 452
97 100
517 520
363 366
244 247
239 242
76 79
7 10
278 281
316 319
252 255
200 203
355 358
463 466
42 45
541 544
378 381
417 420
211 214
329 332
516 519
498 501
522 525
266 269
500 503
49 52
426 429
451 454
368 371
470 473
242 245
394 397
377 380
375 378
133 136
212 215
115 118
467 470
338 341
428 431
425 428
176 179
9 12
2 5
130 133
302 305
204 207
497 500
222 225
495 498
187 190
215 218
121 124
183 186
253 256
153 156
246 249
524 527
110 113
3 6
0 3
217 220
432 435
483 486
299 302
345 348
23 26
127 130
241 244
192 195
493 496
538 541
533 536
502 505
437 440
151 154
237 240
466 469
40 43
243 246
267 270
370 373
420 423
531 534
10 13
216 219
44 47
65 68
112 115
312 315
83 86
159 162
303 306
94 97
60 63
415 418
518 521
318 321
404 407
332 335
103 106
264 267
90 93
534 537
371 374
218 221
189 192
320 323
421 424
448 451
24 27
297 300
220 223
38 41
260 263
406 409
422 425
196 199
277 280
181 184
268 271
138 141
148 151
123 126
383 386
34 37
535 538
117 120
22 25
380 383
447 450
511 514
475 478
304 307
474 477
274 277
408 411
63 66
386 389
419 422
251 254
409 412
445 448
82 85
86 89
351 354
507 510
84 87
395 398
319 322
72 75
537 540
209 212
496 499
158 161
505 508
393 396
402 405
16 19
508 511
431 434
527 530
276 279
194 197
342 345
325 328
96 99
35 38
328 331
118 121
164 167
339 342
32 35
119 122
327 330
365 368
464 467
453 456
47 50
258 261
513 516
171 174
544 547
446 449
373 376
50 53
126 129
403 406
52 55
157 160
36 39
491 494
262 265
405 408
545 548
57 60
61 64
547 550
528 531
197 200
344 347
165 168
228 231
543 546
526 529
311 314
530 533
236 239
348 351
315 318
457 460
154 157
272 275
111 114
456 459
379 382
64 67
188 191
224 227
359 362
135 138
452 455
227 230
33 36
308 311
19 22
476 479
459 462
347 350
91 94
73 76
134 137
89 92
184 187
21 24
100 103
31 34
270 273
548 551
390 393
62 65
43 46
372 375
226 229
301 304
1 4
238 241
458 461
230 233
269 272
185 188
326 329
155 158
521 524
520 523
156 159
358 361
37 40
442 445
529 532
335 338
145 148
411 414
265 268
131 134
443 446
438 441
282 285
257 260
140 143
56 59
26 29
255 258
80 83
54 57
175 178
18 21
280 283
147 150
166 169
444 447
427 430
362 365
14 17
235 238
471 474
207 210
98 101
186 189
106 109
45 48
152 155
75 78
168 171
11 14
99 102
219 222
433 436
250 253
15 18
454 457
510 513
108 111
213 216
407 410
546 549
346 349
39 42
539 542
494 497
388 391
104 107
170 173
113 116
71 74
167 170
519 522
306 309
367 370
307 310
410 413
205 208
229 232
412 415
