250
201 204
111 114
135 138
133 136
100 103
53 56
84 87
199 202
20 23
93 96
2 5
228 231
236 239
145 148
225 228
50 53
98 101
153 156
61 64
95 98
40 43
4 7
65 68
24 27
16 19
224 227
160 163
31 34
83 86
41 44
48 51
168 171
207 210
221 224
170 173
125 128
209 212
105 108
42 45
151 154
180 183
113 116
74 77
7 10
139 142
249 252
52 55
19 22
123 126
176 179
248 251
119 122
223 226
183 186
158 161
13 16
231 234
69 72
116 119
59 62
78 81
177 180
169 172
163 166
94 97
56 59
219 222
35 38
120 123
104 107
127 130
22 25
214 217
239 242
175 178
142 145
227 230
185 188
245 248
15 18
106 109
23 26
203 206
233 236
138 141
70 73
107 110
144 147
10 13
26 29
6 9
112 115
90 93
191 194
134 137
67 70
162 165
181 184
189 192
226 229
82 85
1 4
75 78
159 162
45 48
206 209
143 146
173 176
33 36
161 164
29 32
137 140
34 37
63 66
21 24
36 39
124 127
184 187
57 60
246 249
39 42
188 191
66 69
217 220
11 14
198 201
91 94
200 203
197 200
194 197
88 91
58 61
103 106
190 193
205 208
14 17
211 214
147 150
208 211
99 102
187 190
77 80
148 151
85 88
60 63
97 100
5 8
51 54
174 177
101 104
80 83
27 30
109 112
54 57
179 182
235 238
186 189
9 12
222 225
115 118
242 245
215 218
229 232
237 240
166 169
71 74
12 15
79 82
62 65
102 105
43 46
129 132
243 246
154 157
136 139
213 216
220 223
49 52
238 241
232 235
132 135
89 92
167 170
164 167
86 89
73 76
172 175
30 33
37 40
204 207
149 152
195 198
18 21
192 195
64 67
244 247
92 95
126 129
87 90
171 174
202 205
81 84
155 158
128 131
121 124
152 155
247 250
234 237
218 221
68 71
8 11
240 243
182 185
241 244
17 20
216 219
3 6
178 181
230 233
0 3
122 125
46 49
212 215
76 79
156 159
110 113
210 213
146 149
96 99
55 58
140 143
108 111
25 28
72 75
196 199
32 35
28 31
165 168
44 47
38 41
114 117
47 50
193 196
141 144
130 133
117 120
157 160
131 134
118 121
150 153
