330
238 241
145 148
259 262
249 252
90 93
45 48
224 227
276 279
79 82
288 291
257 260
155 158
39 42
214 217
262 265
236 239
237 240
317 320
260 263
271 274
223 226
101 104
147 150
21 24
231 234
199 202
293 296
252 255
210 213
120 123
128 131
272 275
172 175
248 251
57 60
270 273
91 94
139 142
18 21
274 277
99 102
215 218
97 100
329 332
325 328
12 15
65 68
277 280
148 151
195 198
158 161
87 90
322 325
275 278
146 149
198 201
309 312
170 173
208 211
182 185
185 188
104 107
52 55
86 89
38 41
171 174
75 78
178 181
250 253
161 164
191 194
140 143
165 168
167 170
290 293
67 70
292 295
216 219
258 261
61 64
175 178
319 322
81 84
255 258
0 3
177 180
299 302
14 17
184 187
64 67
80 83
312 315
194 197
23 26
118 121
201 204
189 192
6 9
121 124
30 33
25 28
211 214
244 247
9 12
240 243
24 27
197 200
69 72
103 106
239 242
225 228
56 59
70 73
68 71
85 88
123 126
114 117
207 210
74 77
100 103
156 159
203 206
284 287
159 162
323 326
266 269
49 52
162 165
268 271
263 266
32 35
150 153
283 286
280 283
93 96
315 318
328 331
311 314
41 44
47 50
153 156
55 58
256 259
46 49
44 47
20 23
168 171
327 330
326 329
220 223
300 303
106 109
3 6
245 248
149 152
94 97
72 75
241 244
42 45
202 205
212 215
5 8
19 22
78 81
138 141
8 11
133 136
110 113
242 245
269 272
281 284
83 86
88 91
92 95
73 76
43 46
7 10
77 80
313 316
62 65
310 313
305 308
84 87
302 305
254 257
186 189
291 294
320 323
28 31
115 118
105 108
209 212
314 317
286 289
187 190
287 290
196 199
144 147
76 79
29 32
205 208
306 309
129 132
117 120
289 292
298 301
95 98
40 43
125 128
174 177
232 235
193 196
181 184
10 13
247 250
131 134
183 186
307 310
136 139
230 233
285 288
63 66
267 270
137 140
154 157
50 53
96 99
31 34
108 111
11 14
26 29
180 183
261 264
124 127
316 319
166 169
190 193
107 110
169 172
222 225
60 63
111 114
229 232
296 299
82 85
160 163
157 160
130 133
109 112
192 195
218 221
235 238
71 74
127 130
151 154
27 30
122 125
119 122
1 4
126 129
251 254
113 116
188 191
16 19
294 297
142 145
303 306
17 20
116 119
278 281
253 256
308 311
273 276
48 51
297 300
265 268
134 137
89 92
324 327
304 307
102 105
135 138
234 237
200 203
58 61
213 216
264 267
4 7
176 179
173 176
163 166
59 62
219 222
243 246
13 16
98 101
321 324
295 298
228 231
2 5
246 249
36 39
227 230
206 209
51 54
15 18
233 236
318 321
279 282
282 285
179 182
221 224
204 207
132 135
22 25
54 57
34 37
53 56
164 167
33 36
152 155
35 38
217 220
37 40
112 115
66 69
301 304
141 144
226 229
143 146
