610
113 116
555 558
233 236
171 174
200 203
53 56
220 223
175 178
605 608
54 57
212 215
360 363
227 230
400 403
218 221
155 158
177 180
77 80
521 524
237 240
62 65
139 142
138 141
225 228
76 79
595 598
58 61
598 601
393 396
535 538
518 521
307 310
185 188
490 493
493 496
391 394
319 322
173 176
466 469
544 547
311 314
145 148
502 505
51 54
137 140
336 339
461 464
282 285
609 612
121 124
197 200
422 425
551 554
456 459
206 209
352 355
245 248
293 296
127 130
70 73
328 331
279 282
478 481
389 392
596 599
320 323
450 453
63 66
143 146
411 414
434 437
381 384
133 136
530 533
463 466
454 457
146 149
215 218
316 319
276 279
337 340
525 528
6 9
119 122
97 100
358 361
116 119
166 169
144 147
79 82
194 197
209 212
591 594
101 104
102 105
29 32
216 219
394 397
189 192
373 376
573 576
65 68
235 238
81 84
361 364
397 400
288 291
257 260
280 283
421 424
8 11
469 472
103 106
181 184
34 37
284 287
120 123
309 312
546 549
353 356
156 159
599 602
160 163
324 327
359 362
329 332
509 512
78 81
111 114
459 462
248 251
69 72
219 222
570 573
83 86
295 298
132 135
142 145
531 534
560 563
110 113
574 577
429 432
383 386
433 436
126 129
464 467
335 338
602 605
378 381
416 419
548 551
576 579
260 263
9 12
462 465
269 272
505 508
154 157
480 483
369 372
603 606
435 438
349 352
109 112
256 259
355 358
129 132
168 171
334 337
474 477
487 490
410 413
164 167
27 30
232 235
511 514
417 420
582 585
541 544
566 569
11 14
18 21
501 504
247 250
508 511
549 552
265 268
169 172
272 275
234 237
592 595
439 442
0 3
15 18
387 390
10 13
31 34
444 447
443 446
399 402
67 70
418 421
50 53
217 220
122 125
589 592
556 559
430 433
396 399
287 290
21 24
571 574
342 345
92 95
292 295
512 515
17 20
345 348
545 548
114 117
162 165
440 443
125 128
382 385
539 542
199 202
593 596
274 277
561 564
140 143
221 224
294 297
7 10
267 270
41 44
586 589
66 69
184 187
85 88
356 359
497 500
236 239
28 31
198 201
468 471
496 499
100 103
563 566
74 77
390 393
43 46
406 409
524 527
529 532
159 162
106 109
205 208
25 28
367 370
562 565
543 546
230 233
482 485
327 330
542 545
436 439
526 529
343 346
73 76
481 484
537 540
564 567
148 151
420 423
273 276
203 206
33 36
249 252
447 450
208 211
476 479
321 324
357 360
192 195
477 480
401 404
494 497
483 486
303 306
172 175
123 126
569 572
362 365
252 255
118 121
453 456
278 281
72 75
275 278
47 50
520 523
578 581
471 474
19 22
323 326
226 229
376 379
93 96
594 597
344 347
42 45
590 593
80 83
26 29
5 8
385 388
202 205
581 584
39 42
504 507
291 294
350 353
392 395
372 375
514 517
86 89
437 440
82 85
452 455
91 94
147 150
13 16
441 444
251 254
186 189
30 33
89 92
527 530
134 137
20 23
286 289
489 492
61 64
99 102
553 556
246 249
45 48
59 62
214 217
112 115
128 131
262 265
224 227
201 204
470 473
32 35
44 47
305 308
136 139
40 43
346 349
161 164
255 258
36 39
442 445
107 110
517 520
330 333
340 343
52 55
87 90
607 610
306 309
585 588
492 495
540 543
313 316
438 441
174 177
239 242
431 434
253 256
150 153
38 41
351 354
503 506
364 367
289 292
375 378
108 111
302 305
559 562
558 561
231 234
315 318
371 374
193 196
606 609
513 516
178 181
510 513
281 284
88 91
426 429
405 408
250 253
402 405
157 160
424 427
425 428
188 191
379 382
485 488
167 170
3 6
48 51
325 328
604 607
261 264
380 383
96 99
240 243
587 590
534 537
384 387
538 541
24 27
516 519
228 231
412 415
98 101
332 335
317 320
117 120
312 315
347 350
229 232
182 185
16 19
488 491
528 531
268 271
484 487
519 522
467 470
285 288
57 60
472 475
567 570
55 58
579 582
195 198
271 274
211 214
522 525
1 4
2 5
515 518
568 571
84 87
283 286
500 503
300 303
368 371
601 604
94 97
213 216
254 257
95 98
572 575
588 591
296 299
263 266
386 389
403 406
554 557
580 583
428 431
404 407
301 304
35 38
473 476
363 366
451 454
124 127
339 342
90 93
408 411
151 154
308 311
191 194
187 190
322 325
348 351
75 78
354 357
277 280
270 273
37 40
331 334
338 341
71 74
23 26
550 553
409 412
158 161
370 373
183 186
223 226
413 416
460 463
152 155
388 391
149 152
196 199
264 267
299 302
12 15
427 430
395 398
479 482
398 401
243 246
445 448
333 336
448 451
475 478
222 225
298 301
290 293
180 183
507 510
583 586
304 307
266 269
532 535
506 509
310 313
491 494
577 580
465 468
499 502
163 166
608 611
207 210
565 568
458 461
552 555
557 560
365 368
457 460
104 107
241 244
22 25
165 168
244 247
455 458
105 108
56 59
297 300
414 417
259 262
584 587
432 435
242 245
179 182
115 118
238 241
60 63
377 380
547 550
423 426
341 344
68 71
176 179
130 133
533 536
4 7
523 526
374 377
14 17
46 49
449 452
131 134
575 578
495 498
536 539
486 489
170 173
419 422
210 213
407 410
314 317
597 600
153 156
446 449
415 418
258 261
600 603
366 369
204 207
64 67
190 193
135 138
318 321
141 144
49 52
326 329
498 501
