790
514 517
133 136
459 462
162 165
326 329
354 357
221 224
650 653
302 305
533 536
120 123
219 222
259 262
384 387
550 553
226 229
376 379
432 435
410 413
530 533
495 498
685 688
206 209
575 578
0 3
443 446
721 724
760 763
480 483
182 185
365 368
456 459
587 590
591 594
112 115
37 40
450 453
783 786
691 694
723 726
380 383
90 93
181 184
350 353
284 287
74 77
509 512
92 95
446 449
178 181
707 710
137 140
420 423
382 385
180 183
396 399
489 492
24 27
110 113
558 561
282 285
242 245
753 756
516 519
747 750
175 178
231 234
617 620
344 347
454 457
171 174
29 32
702 705
649 652
752 755
490 493
604 607
7 10
772 775
547 550
498 501
675 678
65 68
315 318
340 343
619 622
627 630
168 171
5 8
413 416
87 90
334 337
656 659
45 48
439 442
189 192
333 336
387 390
94 97
648 651
348 351
170 173
4 7
381 384
447 450
142 145
270 273
484 487
272 275
448 451
289 292
283 286
560 563
787 790
273 276
337 340
532 535
654 657
647 650
780 783
571 574
386 389
389 392
525 528
695 698
146 149
561 564
687 690
671 674
167 170
634 637
42 45
407 410
186 189
371 374
715 718
577 580
749 752
165 168
345 348
71 74
375 378
317 320
370 373
296 299
234 237
496 499
212 215
173 176
377 380
314 317
598 601
342 345
254 257
393 396
19 22
347 350
39 42
494 497
586 589
451 454
218 221
379 382
238 241
41 44
346 349
557 560
563 566
556 559
531 534
719 722
589 592
286 289
622 625
263 266
148 151
725 728
102 105
637 640
697 700
467 470
367 370
262 265
692 695
153 156
419 422
705 708
774 777
716 719
264 267
710 713
435 438
91 94
214 217
69 72
523 526
176 179
248 251
172 175
441 444
357 360
786 789
408 411
618 621
328 331
294 297
23 26
683 686
492 495
488 491
552 555
684 687
96 99
134 137
202 205
73 76
13 16
653 656
611 614
748 751
502 505
123 126
504 507
676 679
255 258
580 583
415 418
232 235
188 191
177 180
144 147
497 500
682 685
486 489
708 711
163 166
11 14
190 193
423 426
372 375
79 82
57 60
267 270
642 645
265 268
368 371
482 485
280 283
124 127
184 187
132 135
609 612
592 595
66 69
460 463
425 428
643 646
200 203
458 461
402 405
554 557
698 701
70 73
606 609
369 372
135 138
539 542
638 641
437 440
581 584
781 784
201 204
223 226
158 161
313 316
412 415
322 325
630 633
355 358
305 308
742 745
126 129
276 279
320 323
624 627
669 672
21 24
505 508
483 486
306 309
225 228
297 300
764 767
765 768
471 474
278 281
64 67
461 464
778 781
191 194
277 280
477 480
706 709
508 511
784 787
230 233
744 747
138 141
733 736
457 460
257 260
500 503
32 35
251 254
417 420
304 307
330 333
388 391
673 676
319 322
250 253
139 142
730 733
236 239
327 330
501 504
473 476
553 556
401 404
689 692
258 261
422 425
121 124
548 551
540 543
77 80
18 21
568 571
694 697
28 31
229 232
633 636
392 395
709 712
585 588
476 479
429 432
275 278
515 518
667 670
623 626
543 546
475 478
569 572
104 107
651 654
524 527
351 354
56 59
83 86
398 401
452 455
756 759
9 12
616 619
535 538
610 613
442 445
444 447
639 642
431 434
341 344
572 575
76 79
85 88
246 249
312 315
311 314
538 541
106 109
745 748
758 761
464 467
44 47
541 544
88 91
46 49
714 717
665 668
789 792
185 188
544 547
717 720
353 356
445 448
193 196
545 548
493 496
266 269
506 509
428 431
405 408
418 421
645 648
78 81
89 92
204 207
299 302
696 699
244 247
542 545
528 531
249 252
383 386
271 274
113 116
130 133
360 363
82 85
129 132
785 788
362 365
103 106
737 740
295 298
481 484
663 666
356 359
208 211
117 120
479 482
564 567
777 780
61 64
291 294
359 362
213 216
574 577
10 13
583 586
414 417
16 19
713 716
298 301
95 98
487 490
27 30
522 525
237 240
105 108
136 139
47 50
3 6
788 791
766 769
256 259
274 277
640 643
43 46
361 364
440 443
374 377
728 731
731 734
646 649
233 236
704 707
599 602
84 87
614 617
433 436
750 753
210 213
600 603
519 522
661 664
199 202
63 66
658 661
287 290
216 219
217 220
60 63
288 291
681 684
349 352
722 725
763 766
364 367
115 118
157 160
770 773
268 271
590 593
285 288
469 472
118 121
336 339
279 282
114 117
579 582
198 201
101 104
307 310
310 313
534 537
197 200
771 774
373 376
81 84
701 704
659 662
615 618
411 414
385 388
740 743
621 624
239 242
245 248
468 471
511 514
53 56
15 18
269 272
40 43
613 616
674 677
438 441
625 628
261 264
699 702
601 604
720 723
474 477
466 469
688 691
179 182
521 524
712 715
757 760
321 324
72 75
775 778
520 523
35 38
672 675
436 439
159 162
17 20
164 167
767 770
680 683
588 591
150 153
363 366
603 606
566 569
67 70
98 101
211 214
318 321
140 143
595 598
570 573
678 681
631 634
636 639
228 231
761 764
343 346
679 682
93 96
644 647
107 110
629 632
632 635
782 785
205 208
220 223
316 319
26 29
463 466
166 169
652 655
169 172
207 210
152 155
693 696
703 706
430 433
97 100
743 746
187 190
323 326
478 481
303 306
20 23
779 782
50 53
390 393
768 771
485 488
421 424
620 623
209 212
426 429
657 660
690 693
131 134
58 61
195 198
427 430
395 398
726 729
512 515
332 335
366 369
397 400
507 510
635 638
25 28
243 246
403 406
536 539
55 58
14 17
664 667
686 689
567 570
739 742
125 128
470 473
499 502
51 54
582 585
325 328
22 25
513 516
149 152
34 37
290 293
754 757
352 355
434 437
735 738
143 146
700 703
641 644
252 255
48 51
584 587
324 327
75 78
293 296
49 52
174 177
626 629
769 772
472 475
227 230
759 762
339 342
518 521
100 103
99 102
605 608
2 5
358 361
517 520
734 737
155 158
549 552
773 776
655 658
52 55
762 765
224 227
30 33
247 250
108 111
607 610
128 131
86 89
62 65
559 562
36 39
338 341
12 15
596 599
404 407
122 125
335 338
729 732
660 663
597 600
119 122
141 144
194 197
160 163
602 605
751 754
329 332
711 714
416 419
68 71
510 513
409 412
54 57
537 540
33 36
161 164
281 284
8 11
453 456
578 581
400 403
6 9
394 397
732 735
526 529
301 304
755 758
309 312
776 779
562 565
424 427
116 119
151 154
573 576
203 206
222 225
666 669
662 665
593 596
738 741
192 195
183 186
300 303
576 579
260 263
718 721
145 148
391 394
555 558
594 597
406 409
331 334
746 749
59 62
724 727
527 530
551 554
111 114
462 465
677 680
668 671
147 150
154 157
565 568
240 243
608 611
741 744
215 218
80 83
196 199
670 673
292 295
399 402
156 159
455 458
109 112
465 468
736 739
491 494
546 549
253 256
127 130
378 381
38 41
31 34
1 4
503 506
241 244
727 730
235 238
628 631
308 311
529 532
449 452
612 615
