520
288 291
219 222
485 488
489 492
506 509
316 319
443 446
171 174
457 460
305 308
71 74
79 82
5 8
0 3
228 231
45 48
430 433
466 469
119 122
120 123
499 502
490 493
198 201
399 402
394 397
20 23
264 267
113 116
80 83
274 277
163 166
272 275
3 6
285 288
47 50
403 406
293 296
95 98
328 331
189 192
452 455
488 491
242 245
156 159
63 66
377 380
162 165
444 447
65 68
225 228
202 205
354 357
451 454
432 435
281 284
197 200
405 408
314 317
414 417
211 214
56 59
491 494
283 286
259 262
15 18
148 151
252 255
108 111
187 190
364 367
129 132
388 391
356 359
245 248
384 387
515 518
221 224
154 157
473 476
41 44
512 515
207 210
422 425
64 67
220 223
184 187
344 347
291 294
334 337
446 449
155 158
6 9
379 382
407 410
170 173
340 343
244 247
236 239
36 39
218 221
320 323
335 338
467 470
363 366
482 485
370 373
146 149
159 162
360 363
127 130
97 100
173 176
230 233
470 473
66 69
13 16
346 349
38 41
176 179
484 487
157 160
303 306
229 232
90 93
153 156
26 29
27 30
423 426
369 372
216 219
256 259
246 249
118 121
11 14
330 333
277 280
125 128
151 154
455 458
308 311
440 443
28 31
243 246
378 381
144 147
417 420
208 211
286 289
498 501
111 114
43 46
150 153
102 105
214 217
368 371
138 141
431 434
359 362
30 33
476 479
204 207
106 109
332 335
406 409
299 302
33 36
295 298
29 32
391 394
181 184
449 452
238 241
393 396
239 242
49 52
383 386
24 27
376 379
226 229
516 519
39 42
504 507
408 411
517 520
402 405
85 88
475 478
180 183
438 441
172 175
345 348
227 230
224 227
428 431
192 195
215 218
122 125
123 126
201 204
507 510
472 475
468 471
287 290
390 393
44 47
73 76
136 139
86 89
284 287
385 388
231 234
107 110
53 56
185 188
116 119
186 189
160 163
52 55
410 413
249 252
273 276
210 213
182 185
336 339
134 137
373 376
458 461
471 474
18 21
329 332
366 369
454 457
205 208
46 49
456 459
483 486
337 340
87 90
177 180
502 505
209 212
459 462
82 85
341 344
253 256
292 295
411 414
435 438
133 136
167 170
294 297
497 500
23 26
436 439
365 368
280 283
84 87
130 133
131 134
266 269
389 392
425 428
140 143
143 146
191 194
276 279
279 282
81 84
310 313
258 261
8 11
40 43
421 424
318 321
212 215
147 150
175 178
437 440
158 161
72 75
114 117
105 108
324 327
400 403
50 53
9 12
179 182
306 309
372 375
257 260
371 374
19 22
91 94
486 489
51 54
70 73
439 442
415 418
247 250
251 254
326 329
67 70
296 299
194 197
413 416
42 45
311 314
503 506
260 263
48 51
271 274
401 404
10 13
137 140
462 465
392 395
117 120
386 389
447 450
152 155
331 334
141 144
112 115
327 330
34 37
309 312
54 57
135 138
302 305
429 432
241 244
325 328
380 383
35 38
17 20
200 203
338 341
424 427
139 142
347 350
426 429
519 522
232 235
445 448
270 273
37 40
351 354
433 436
99 102
510 513
89 92
339 342
508 511
474 477
263 266
234 237
128 131
453 456
103 106
315 318
21 24
265 268
348 351
448 451
480 483
441 444
275 278
375 378
58 61
78 81
142 145
465 468
513 516
418 421
342 345
495 498
92 95
289 292
161 164
32 35
290 293
420 423
57 60
261 264
217 220
169 172
222 225
193 196
478 481
343 346
76 79
269 272
492 495
396 399
319 322
268 271
304 307
313 316
145 148
168 171
68 71
333 336
469 472
61 64
96 99
7 10
387 390
237 240
353 356
132 135
149 152
487 490
501 504
16 19
262 265
31 34
166 169
355 358
481 484
419 422
500 503
404 407
505 508
307 310
178 181
93 96
427 430
196 199
361 364
22 25
110 113
235 238
195 198
321 324
381 384
254 257
298 301
190 193
267 270
395 398
206 209
442 445
240 243
104 107
255 258
69 72
121 124
4 7
464 467
62 65
188 191
352 355
493 496
374 377
357 360
518 521
450 453
514 517
358 361
115 118
278 281
98 101
317 320
55 58
350 353
434 437
165 168
213 216
1 4
74 77
301 304
75 78
88 91
199 202
322 325
60 63
94 97
233 236
282 285
463 466
477 480
460 463
248 251
223 226
382 385
416 419
362 365
124 127
496 499
479 482
100 103
349 352
297 300
397 400
109 112
398 401
511 514
312 315
494 497
77 80
12 15
367 370
323 326
412 415
164 167
300 303
174 177
203 206
2 5
509 512
250 253
461 464
83 86
126 129
59 62
101 104
25 28
183 186
14 17
409 412
