880
457 460
656 659
639 642
842 845
830 833
480 483
693 696
146 149
10 13
232 235
449 452
732 735
384 387
474 477
588 591
262 265
135 138
177 180
145 148
515 518
724 727
704 707
617 620
416 419
323 326
78 81
486 489
388 391
330 333
756 759
71 74
688 691
264 267
810 813
857 860
288 291
417 420
620 623
236 239
592 595
729 732
160 163
144 147
671 674
853 856
812 815
389 392
590 593
294 297
48 51
684 687
433 436
730 733
496 499
642 645
654 657
441 444
102 105
784 787
615 618
163 166
604 607
467 470
499 502
783 786
329 332
609 612
76 79
280 283
760 763
295 298
777 780
136 139
110 113
731 734
451 454
484 487
558 561
419 422
14 17
69 72
610 613
442 445
776 779
238 241
706 709
266 269
414 417
26 29
235 238
582 585
488 491
152 155
306 309
40 43
573 576
691 694
231 234
275 278
396 399
311 314
862 865
710 713
403 406
805 808
514 517
507 510
176 179
485 488
291 294
443 446
387 390
124 127
452 455
3 6
212 215
365 368
614 617
611 614
453 456
444 447
243 246
643 646
96 99
745 748
506 509
375 378
475 478
278 281
9 12
792 795
98 101
837 840
180 183
753 756
712 715
627 630
349 352
18 21
341 344
734 737
553 556
379 382
832 835
114 117
429 432
779 782
478 481
636 639
393 396
579 582
793 796
482 485
100 103
333 336
483 486
44 47
108 111
156 159
833 836
134 137
392 395
641 644
494 497
612 615
748 751
30 33
716 719
585 588
364 367
500 503
244 247
436 439
101 104
634 637
865 868
725 728
601 604
435 438
708 711
497 500
781 784
350 353
369 372
344 347
391 394
371 374
28 31
843 846
448 451
438 441
382 385
594 597
268 271
797 800
678 681
605 608
143 146
838 841
578 581
751 754
791 794
428 431
188 191
310 313
844 847
815 818
79 82
789 792
695 698
289 292
878 881
297 300
583 586
345 348
877 880
662 665
663 666
112 115
182 185
700 703
120 123
466 469
825 828
25 28
859 862
652 655
353 356
519 522
184 187
6 9
47 50
824 827
72 75
727 730
74 77
104 107
670 673
437 440
241 244
624 627
425 428
260 263
818 821
404 407
155 158
338 341
39 42
390 393
465 468
508 511
254 257
644 647
394 397
272 275
54 57
5 8
229 232
99 102
351 354
141 144
640 643
16 19
170 173
661 664
225 228
233 236
265 268
77 80
174 177
458 461
840 843
477 480
319 322
517 520
271 274
692 695
86 89
420 423
342 345
772 775
597 600
459 462
185 188
666 669
33 36
168 171
646 649
227 230
547 550
625 628
759 762
509 512
118 121
316 319
426 429
166 169
796 799
764 767
631 634
113 116
856 859
685 688
871 874
577 580
249 252
107 110
105 108
487 490
386 389
560 563
317 320
352 355
407 410
822 825
513 516
175 178
804 807
501 504
406 409
696 699
826 829
154 157
196 199
762 765
630 633
657 660
282 285
768 771
213 216
816 819
721 724
855 858
51 54
34 37
346 349
195 198
284 287
22 25
121 124
85 88
215 218
190 193
434 437
45 48
83 86
790 793
715 718
358 361
359 362
313 316
220 223
401 404
302 305
24 27
210 213
142 145
208 211
320 323
252 255
492 495
162 165
343 346
738 741
52 55
699 702
739 742
535 538
529 532
228 231
771 774
286 289
165 168
332 335
850 853
743 746
277 280
548 551
536 539
817 820
632 635
633 636
681 684
41 44
679 682
285 288
524 527
222 225
201 204
355 358
340 343
551 554
374 377
123 126
726 729
59 62
207 210
619 622
203 206
88 91
218 221
766 769
669 672
742 745
709 712
846 849
91 94
521 524
29 32
665 668
372 375
127 130
446 449
794 797
680 683
80 83
230 233
430 433
460 463
363 366
866 869
157 160
773 776
765 768
503 506
602 605
421 424
534 537
719 722
860 863
545 548
645 648
255 258
296 299
283 286
109 112
851 854
758 761
307 310
799 802
240 243
224 227
635 638
35 38
399 402
357 360
723 726
811 814
263 266
867 870
516 519
836 839
541 544
697 700
505 508
253 256
246 249
167 170
223 226
93 96
868 871
470 473
183 186
173 176
539 542
200 203
261 264
747 750
586 589
869 872
95 98
717 720
373 376
12 15
600 603
835 838
476 479
318 321
702 705
469 472
616 619
63 66
471 474
248 251
60 63
61 64
780 783
741 744
361 364
728 731
216 219
510 513
569 572
234 237
649 652
879 882
368 371
398 401
821 824
328 331
828 831
159 162
531 534
807 810
564 567
68 71
863 866
472 475
73 76
677 680
11 14
565 568
38 41
148 151
782 785
746 749
103 106
140 143
571 574
89 92
293 296
94 97
703 706
561 564
237 240
164 167
567 570
214 217
456 459
331 334
568 571
528 531
298 301
556 559
362 365
279 282
598 601
628 631
50 53
769 772
875 878
42 45
800 803
150 153
668 671
445 448
130 133
754 757
650 653
402 405
481 484
752 755
495 498
21 24
125 128
596 599
242 245
672 675
687 690
322 325
192 195
757 760
424 427
572 575
820 823
864 867
0 3
385 388
147 150
67 70
36 39
607 610
775 778
287 290
827 830
418 421
290 293
202 205
312 315
689 692
690 693
56 59
191 194
707 710
737 740
525 528
589 592
64 67
795 798
308 311
530 533
749 752
126 129
305 308
259 262
655 658
66 69
740 743
187 190
872 875
562 565
580 583
381 384
348 351
314 317
848 851
767 770
682 685
450 453
276 279
415 418
20 23
847 850
400 403
608 611
618 621
97 100
219 222
861 864
593 596
27 30
256 259
106 109
273 276
854 857
834 837
591 594
347 350
493 496
411 414
623 626
151 154
755 758
552 555
131 134
555 558
839 842
221 224
694 697
554 557
785 788
454 457
90 93
281 284
801 804
111 114
427 430
55 58
870 873
132 135
209 212
511 514
189 192
798 801
250 253
673 676
423 426
270 273
718 721
621 624
648 651
226 229
660 663
787 790
763 766
84 87
823 826
522 525
251 254
43 46
858 861
638 641
559 562
462 465
455 458
533 536
325 328
543 546
153 156
335 338
115 118
468 471
405 408
354 357
544 547
809 812
518 521
119 122
324 327
603 606
549 552
376 379
23 26
75 78
676 679
461 464
321 324
527 530
57 60
584 587
247 250
7 10
574 577
714 717
806 809
829 832
4 7
576 579
46 49
852 855
139 142
204 207
62 65
550 553
179 182
563 566
171 174
720 723
194 197
82 85
383 386
626 629
172 175
489 492
19 22
15 18
701 704
49 52
711 714
169 172
473 476
337 340
532 535
440 443
581 584
301 304
257 260
1 4
637 640
8 11
267 270
622 625
32 35
304 307
116 119
70 73
412 415
292 295
303 306
269 272
239 242
31 34
686 689
370 373
274 277
803 806
408 411
542 545
186 189
13 16
327 330
814 817
409 412
300 303
606 609
479 482
698 701
258 261
439 442
750 753
523 526
138 141
37 40
736 739
395 398
808 811
158 161
546 549
761 764
537 540
161 164
744 747
722 725
674 677
512 515
770 773
129 132
491 494
197 200
137 140
667 670
713 716
587 590
651 654
206 209
367 370
841 844
629 632
397 400
133 136
366 369
181 184
658 661
874 877
599 602
315 318
566 569
876 879
659 662
378 381
87 90
65 68
705 708
422 425
117 120
205 208
53 56
377 380
326 329
309 312
647 650
178 181
339 342
490 493
431 434
786 789
538 541
336 339
299 302
664 667
520 523
683 686
873 876
2 5
334 337
380 383
504 507
845 848
733 736
464 467
58 61
122 125
774 777
193 196
463 466
802 805
675 678
819 822
735 738
540 543
356 359
245 248
831 834
788 791
199 202
502 505
92 95
778 781
81 84
653 656
360 363
813 816
570 573
613 616
432 435
849 852
413 416
557 560
149 152
447 450
595 598
410 413
128 131
211 214
217 220
17 20
498 501
526 529
575 578
198 201
