460
291 294
257 260
433 436
79 82
240 243
324 327
228 231
63 66
322 325
375 378
171 174
59 62
320 323
244 247
80 83
419 422
405 408
338 341
334 337
183 186
298 301
453 456
3 6
436 439
211 214
312 315
286 289
400 403
203 206
406 409
124 127
394 397
7 10
158 161
128 131
193 196
8 11
309 312
138 141
281 284
430 433
340 343
117 120
15 18
285 288
100 103
328 331
383 386
148 151
243 246
18 21
50 53
206 209
248 251
217 220
147 150
389 392
404 407
69 72
358 361
229 232
216 219
456 459
167 170
379 382
68 71
131 134
99 102
241 244
261 264
401 404
77 80
341 344
402 405
391 394
175 178
22 25
199 202
20 23
56 59
170 173
62 65
239 242
235 238
330 333
318 321
427 430
414 417
21 24
159 162
174 177
403 406
135 138
364 367
265 268
127 130
109 112
89 92
33 36
90 93
434 437
110 113
279 282
177 180
207 210
361 364
185 188
393 396
236 239
84 87
417 420
95 98
82 85
164 167
83 86
294 297
331 334
141 144
423 426
25 28
39 42
48 51
61 64
448 451
215 218
136 139
354 357
58 61
168 171
4 7
210 213
359 362
133 136
440 443
36 39
34 37
408 411
321 324
454 457
140 143
119 122
154 157
305 308
13 16
142 145
38 41
443 446
162 165
222 225
444 447
293 296
435 438
295 298
60 63
342 345
195 198
85 88
411 414
303 306
204 207
16 19
445 448
67 70
356 359
428 431
180 183
97 100
146 149
253 256
149 152
315 318
390 393
179 182
431 434
252 255
0 3
272 275
426 429
108 111
350 353
254 257
377 380
367 370
226 229
368 371
416 419
182 185
54 57
176 179
137 140
378 381
386 389
300 303
191 194
362 365
256 259
267 270
118 121
155 158
397 400
125 128
197 200
289 292
75 78
249 252
392 395
232 235
24 27
326 329
196 199
28 31
134 137
274 277
271 274
301 304
181 184
437 440
447 450
208 211
184 187
422 425
343 346
459 462
415 418
126 129
366 369
220 223
317 320
106 109
172 175
290 293
32 35
351 354
11 14
307 310
91 94
452 455
325 328
429 432
335 338
10 13
188 191
438 441
169 172
455 458
418 421
81 84
384 387
292 295
107 110
304 307
192 195
165 168
105 108
14 17
102 105
151 154
247 250
296 299
19 22
382 385
64 67
87 90
373 376
231 234
269 272
280 283
412 415
96 99
365 368
66 69
450 453
345 348
369 372
302 305
26 29
104 107
202 205
129 132
130 133
268 271
348 351
201 204
319 322
276 279
173 176
44 47
308 311
47 50
27 30
166 169
139 142
238 241
409 412
94 97
5 8
245 248
30 33
46 49
339 342
260 263
425 428
230 233
92 95
314 317
189 192
255 258
72 75
449 452
398 401
57 60
282 285
144 147
218 221
157 160
112 115
287 290
387 390
150 153
313 316
78 81
323 326
205 208
410 413
219 222
336 339
288 291
233 236
145 148
200 203
262 265
278 281
457 460
143 146
395 398
264 267
98 101
372 375
311 314
160 163
35 38
51 54
355 358
370 373
65 68
186 189
212 215
113 116
380 383
221 224
53 56
327 330
114 117
23 26
388 391
223 226
9 12
250 253
74 77
17 20
385 388
270 273
242 245
194 197
187 190
42 45
263 266
88 91
73 76
396 399
213 216
163 166
310 313
421 424
399 402
71 74
123 126
374 377
246 249
190 193
121 124
352 355
93 96
161 164
198 201
297 300
122 125
283 286
458 461
178 181
6 9
332 335
277 280
420 423
371 374
29 32
120 123
333 336
1 4
234 237
299 302
115 118
70 73
55 58
407 410
337 340
306 309
424 427
353 356
363 366
76 79
111 114
346 349
86 89
227 230
2 5
273 276
37 40
132 135
224 227
156 159
209 212
441 444
214 217
52 55
251 254
329 332
451 454
357 360
413 416
152 155
153 156
237 240
360 363
103 106
40 43
275 278
49 52
344 347
31 34
258 261
439 442
376 379
349 352
284 287
41 44
101 104
43 46
446 449
259 262
316 319
225 228
347 350
45 48
442 445
381 384
432 435
116 119
266 269
12 15
