470
231 234
245 248
308 311
324 327
368 371
112 115
334 337
260 263
125 128
401 404
230 233
325 328
13 16
466 469
139 142
232 235
391 394
197 200
306 309
174 177
38 41
451 454
55 58
234 237
6 9
387 390
405 408
279 282
103 106
158 161
383 386
264 267
155 158
237 240
213 216
75 78
53 56
388 391
358 361
439 442
200 203
154 157
353 356
88 91
20 23
292 295
254 257
419 422
305 308
410 413
187 190
167 170
258 261
164 167
432 435
65 68
198 201
39 42
132 135
119 122
150 153
342 345
361 364
127 130
413 416
210 213
448 451
134 137
392 395
217 220
400 403
320 323
406 409
360 363
247 250
318 321
442 445
350 353
90 93
29 32
323 326
209 212
274 277
449 452
326 329
458 461
335 338
163 166
362 365
120 123
382 385
37 40
440 443
11 14
330 333
183 186
298 301
370 373
246 249
69 72
411 414
84 87
296 299
367 370
462 465
389 392
430 433
307 310
281 284
131 134
404 407
148 151
206 209
4 7
62 65
109 112
310 313
461 464
441 444
152 155
312 315
227 230
25 28
202 205
168 171
454 457
196 199
40 43
356 359
49 52
104 107
287 290
272 275
263 266
409 412
177 180
190 193
299 302
208 211
415 418
226 229
36 39
98 101
313 316
212 215
77 80
50 53
450 453
76 79
46 49
371 374
99 102
453 456
143 146
169 172
403 406
416 419
184 187
151 154
66 69
355 358
374 377
363 366
349 352
180 183
137 140
275 278
422 425
82 85
33 36
80 83
321 324
133 136
434 437
223 226
108 111
175 178
331 334
379 382
128 131
282 285
89 92
211 214
402 405
117 120
111 114
469 472
161 164
14 17
354 357
257 260
162 165
315 318
289 292
194 197
30 33
61 64
236 239
68 71
172 175
249 252
160 163
23 26
248 251
431 434
67 70
317 320
195 198
418 421
2 5
316 319
399 402
328 331
5 8
343 346
386 389
45 48
337 340
178 181
110 113
218 221
130 133
345 348
394 397
44 47
56 59
85 88
201 204
18 21
220 223
297 300
459 462
250 253
364 367
9 12
423 426
455 458
390 393
378 381
207 210
414 417
31 34
346 349
78 81
102 105
271 274
189 192
295 298
74 77
393 396
375 378
95 98
228 231
239 242
221 224
347 350
21 24
238 241
467 470
445 448
64 67
138 141
426 429
242 245
438 441
186 189
280 283
70 73
420 423
436 439
35 38
235 238
165 168
421 424
283 286
259 262
51 54
8 11
3 6
93 96
205 208
351 354
251 254
106 109
100 103
32 35
185 188
192 195
443 446
381 384
140 143
332 335
58 61
7 10
193 196
265 268
322 325
179 182
241 244
294 297
338 341
304 307
176 179
27 30
94 97
73 76
309 312
327 330
47 50
26 29
303 306
96 99
113 116
468 471
314 317
428 431
57 60
372 375
60 63
255 258
59 62
285 288
452 455
17 20
256 259
365 368
199 202
142 145
288 291
339 342
293 296
276 279
444 447
0 3
203 206
123 126
329 332
79 82
336 339
229 232
240 243
460 463
107 110
396 399
253 256
435 438
54 57
408 411
311 314
273 276
145 148
463 466
144 147
105 108
24 27
395 398
146 149
357 360
352 355
300 303
129 132
224 227
115 118
290 293
41 44
252 255
71 74
376 379
72 75
291 294
429 432
181 184
149 152
425 428
1 4
268 271
170 173
97 100
219 222
286 289
135 138
173 176
157 160
447 450
333 336
153 156
267 270
464 467
344 347
52 55
233 236
87 90
48 51
141 144
261 264
398 401
277 280
340 343
136 139
244 247
424 427
101 104
118 121
270 273
417 420
319 322
16 19
12 15
91 94
348 351
124 127
63 66
43 46
397 400
42 45
457 460
359 362
385 388
437 440
377 380
412 415
215 218
28 31
384 387
182 185
81 84
166 169
116 119
222 225
15 18
269 272
446 449
214 217
86 89
284 287
159 162
465 468
216 219
188 191
366 369
369 372
456 459
243 246
302 305
34 37
147 150
204 207
171 174
373 376
278 281
156 159
114 117
427 430
126 129
10 13
92 95
407 410
262 265
122 125
83 86
121 124
225 228
19 22
341 344
191 194
266 269
433 436
22 25
301 304
380 383
