840
680 683
113 116
417 420
762 765
303 306
559 562
178 181
617 620
107 110
676 679
299 302
175 178
597 600
642 645
480 483
662 665
111 114
590 593
731 734
791 794
337 340
752 755
589 592
690 693
407 410
718 721
768 771
538 541
677 680
118 121
838 841
157 160
542 545
185 188
389 392
430 433
719 722
508 511
284 287
249 252
721 724
173 176
257 260
21 24
733 736
792 795
152 155
506 509
312 315
362 365
232 235
148 151
637 640
142 145
521 524
685 688
558 561
283 286
398 401
557 560
705 708
475 478
493 496
359 362
672 675
564 567
289 292
331 334
679 682
453 456
260 263
317 320
352 355
544 547
10 13
454 457
43 46
605 608
729 732
36 39
332 335
648 651
302 305
647 650
452 455
783 786
338 341
739 742
667 670
78 81
38 41
149 152
246 249
68 71
117 120
569 572
397 400
615 618
390 393
553 556
477 480
632 635
287 290
186 189
370 373
158 161
12 15
16 19
568 571
410 413
57 60
431 434
63 66
736 739
484 487
533 536
355 358
461 464
227 230
788 791
539 542
309 312
380 383
147 150
826 829
384 387
571 574
358 361
115 118
751 754
28 31
655 658
709 712
641 644
154 157
395 398
812 815
526 529
343 346
661 664
653 656
351 354
570 573
771 774
298 301
418 421
523 526
35 38
171 174
143 146
494 497
191 194
608 611
258 261
593 596
531 534
802 805
702 705
693 696
678 681
141 144
219 222
636 639
451 454
145 148
505 508
749 752
585 588
598 601
755 758
601 604
165 168
75 78
240 243
350 353
573 576
369 372
555 558
100 103
316 319
765 768
179 182
757 760
644 647
225 228
565 568
139 142
51 54
272 275
567 570
59 62
235 238
245 248
340 343
166 169
89 92
31 34
726 729
292 295
84 87
164 167
478 481
524 527
77 80
256 259
723 726
808 811
238 241
39 42
436 439
367 370
665 668
211 214
744 747
545 548
79 82
228 231
782 785
483 486
607 610
767 770
426 429
832 835
371 374
663 666
527 530
82 85
552 555
448 451
497 500
588 591
684 687
814 817
728 731
700 703
253 256
635 638
579 582
770 773
9 12
259 262
187 190
419 422
212 215
534 537
586 589
753 756
764 767
80 83
481 484
581 584
682 685
528 531
422 425
830 833
207 210
759 762
151 154
472 475
41 44
83 86
128 131
432 435
401 404
271 274
406 409
81 84
366 369
582 585
155 158
529 532
522 525
541 544
347 350
714 717
194 197
707 710
281 284
520 523
789 792
363 366
691 694
137 140
93 96
275 278
239 242
277 280
169 172
199 202
560 563
467 470
108 111
133 136
314 317
96 99
547 550
327 330
121 124
696 699
457 460
64 67
616 619
379 382
675 678
364 367
386 389
708 711
790 793
109 112
112 115
450 453
800 803
606 609
658 661
803 806
471 474
102 105
784 787
116 119
774 777
285 288
396 399
233 236
427 430
599 602
514 517
835 838
49 52
60 63
244 247
224 227
502 505
159 162
25 28
434 437
329 332
743 746
561 564
263 266
304 307
670 673
562 565
357 360
703 706
110 113
623 626
619 622
138 141
777 780
435 438
176 179
221 224
124 127
766 769
839 842
459 462
572 575
643 646
330 333
741 744
218 221
824 827
129 132
509 512
785 788
510 513
806 809
177 180
353 356
423 426
393 396
325 328
301 304
190 193
94 97
328 331
297 300
30 33
162 165
449 452
56 59
624 627
738 741
54 57
758 761
45 48
716 719
699 702
470 473
576 579
295 298
584 587
278 281
262 265
248 251
282 285
692 695
365 368
694 697
722 725
237 240
429 432
146 149
53 56
831 834
168 171
88 91
319 322
674 677
822 825
135 138
628 631
140 143
804 807
336 339
273 276
345 348
105 108
125 128
592 595
829 832
424 427
548 551
66 69
735 738
46 49
26 29
247 250
563 566
447 450
19 22
618 621
701 704
27 30
90 93
413 416
377 380
172 175
243 246
197 200
551 554
403 406
666 669
629 632
780 783
3 6
62 65
687 690
368 371
6 9
215 218
360 363
697 700
428 431
823 826
612 615
201 204
811 814
577 580
633 636
834 837
242 245
747 750
361 364
313 316
711 714
656 659
122 125
488 491
725 728
761 764
769 772
326 329
773 776
198 201
322 325
0 3
189 192
654 657
596 599
402 405
425 428
274 277
69 72
476 479
479 482
626 629
296 299
805 808
639 642
651 654
17 20
537 540
516 519
468 471
222 225
265 268
796 799
318 321
415 418
717 720
2 5
300 303
458 461
50 53
29 32
772 775
535 538
575 578
334 337
549 552
342 345
307 310
193 196
763 766
290 293
595 598
740 743
279 282
266 269
566 569
819 822
150 153
446 449
234 237
634 637
414 417
14 17
420 423
306 309
438 441
732 735
556 559
462 465
8 11
513 516
746 749
231 234
464 467
208 211
241 244
339 342
106 109
657 660
123 126
104 107
341 344
511 514
816 819
4 7
781 784
382 385
354 357
646 649
554 557
499 502
704 707
490 493
512 515
683 686
291 294
713 716
85 88
594 597
813 816
156 159
611 614
335 338
391 394
374 377
73 76
498 501
24 27
70 73
196 199
37 40
392 395
61 64
500 503
87 90
405 408
22 25
525 528
550 553
349 352
801 804
47 50
210 213
44 47
748 751
236 239
269 272
33 36
730 733
482 485
737 740
779 782
356 359
442 445
795 798
445 448
188 191
614 617
540 543
184 187
799 802
200 203
833 836
503 506
742 745
821 824
344 347
613 616
181 184
815 818
252 255
119 122
496 499
163 166
13 16
174 177
650 653
825 828
574 577
86 89
183 186
132 135
333 336
409 412
321 324
689 692
517 520
421 424
214 217
131 134
630 633
793 796
270 273
473 476
797 800
578 581
440 443
276 279
836 839
23 26
5 8
376 379
348 351
230 233
681 684
192 195
305 308
715 718
399 402
52 55
160 163
40 43
786 789
698 701
58 61
591 594
372 375
543 546
469 472
620 623
34 37
609 612
706 709
583 586
504 507
311 314
378 381
507 510
756 759
209 212
288 291
323 326
167 170
487 490
669 672
217 220
99 102
346 349
501 504
404 407
827 830
489 492
153 156
388 391
640 643
809 812
383 386
463 466
120 123
264 267
97 100
220 223
71 74
250 253
532 535
492 495
267 270
98 101
95 98
255 258
465 468
7 10
810 813
485 488
602 605
495 498
385 388
604 607
439 442
686 689
375 378
280 283
817 820
408 411
308 311
203 206
750 753
72 75
373 376
32 35
466 469
621 624
202 205
170 173
437 440
127 130
600 603
818 821
136 139
92 95
205 208
74 77
320 323
668 671
610 613
645 648
474 477
720 723
695 698
216 219
807 810
444 447
649 652
443 446
638 641
664 667
251 254
416 419
652 655
394 397
15 18
734 737
286 289
310 313
381 384
778 781
101 104
1 4
455 458
760 763
261 264
776 779
710 713
229 232
130 133
587 590
460 463
671 674
727 730
48 51
518 521
67 70
55 58
580 583
42 45
622 625
324 327
515 518
603 606
315 318
18 21
798 801
223 226
530 533
441 444
712 715
688 691
254 257
456 459
114 117
411 414
11 14
433 436
837 840
20 23
180 183
204 207
213 216
787 790
659 662
182 185
491 494
195 198
293 296
103 106
126 129
794 797
76 79
745 748
65 68
161 164
625 628
486 489
660 663
226 229
536 539
754 757
820 823
412 415
627 630
828 831
294 297
144 147
91 94
387 390
206 209
400 403
724 727
546 549
631 634
134 137
268 271
775 778
519 522
673 676
