310
153 156
24 27
56 59
135 138
43 46
250 253
68 71
47 50
99 102
21 24
32 35
5 8
26 29
189 192
72 75
309 312
243 246
275 278
45 48
102 105
289 292
297 300
262 265
34 37
204 207
270 273
208 211
300 303
107 110
256 259
266 269
253 256
286 289
210 213
90 93
71 74
6 9
117 120
221 224
93 96
240 243
241 244
304 307
202 205
125 128
195 198
87 90
292 295
65 68
162 165
194 197
261 264
184 187
177 180
169 172
182 185
278 281
268 271
196 199
181 184
27 30
198 201
235 238
192 195
84 87
193 196
248 251
257 260
69 72
214 217
174 177
288 291
134 137
238 241
242 245
145 148
149 152
203 206
179 182
110 113
207 210
269 272
61 64
224 227
83 86
109 112
1 4
239 242
302 305
220 223
273 276
211 214
141 144
282 285
178 181
263 266
163 166
12 15
122 125
232 235
17 20
85 88
139 142
103 106
290 293
152 155
164 167
307 310
55 58
123 126
165 168
271 274
129 132
237 240
0 3
173 176
247 250
223 226
36 39
171 174
283 286
308 311
120 123
254 257
30 33
156 159
159 162
205 208
213 216
121 124
124 127
9 12
172 175
287 290
2 5
67 70
252 255
236 239
226 229
246 249
133 136
50 53
91 94
255 258
218 221
233 236
105 108
42 45
215 218
40 43
33 36
100 103
97 100
22 25
80 83
299 302
63 66
294 297
51 54
20 23
150 153
158 161
185 188
305 308
74 77
38 41
285 288
77 80
98 101
209 212
136 139
167 170
277 280
3 6
108 111
64 67
212 215
197 200
89 92
44 47
28 31
231 234
160 163
59 62
222 225
78 81
19 22
96 99
31 34
111 114
200 203
264 267
132 135
188 191
113 116
46 49
154 157
126 129
75 78
52 55
140 143
8 11
79 82
13 16
81 84
272 275
183 186
82 85
37 40
260 263
293 296
265 268
116 119
284 287
274 277
251 254
170 173
180 183
115 118
14 17
306 309
18 21
95 98
258 261
155 158
295 298
62 65
35 38
16 19
70 73
131 134
199 202
176 179
48 51
244 247
127 130
217 220
166 169
15 18
216 219
7 10
112 115
53 56
130 133
25 28
187 190
94 97
41 44
281 284
190 193
175 178
101 104
60 63
296 299
118 121
228 231
57 60
4 7
106 109
301 304
92 95
157 160
267 270
142 145
280 283
148 151
114 117
76 79
230 233
29 32
88 91
225 228
86 89
144 147
186 189
191 194
54 57
303 306
11 14
276 279
245 248
206 209
58 61
137 140
49 52
66 69
151 154
128 131
138 141
298 301
259 262
23 26
143 146
161 164
227 230
39 42
249 252
104 107
234 237
146 149
201 204
291 294
219 222
229 232
10 13
73 76
147 150
168 171
279 282
119 122
