860
643 646
573 576
667 670
479 482
173 176
260 263
242 245
214 217
198 201
465 468
724 727
29 32
65 68
263 266
756 759
762 765
70 73
428 431
661 664
37 40
412 415
374 377
152 155
390 393
377 380
174 177
621 624
217 220
493 496
228 231
402 405
148 151
3 6
254 257
786 789
190 193
116 119
256 259
626 629
515 518
549 552
341 344
644 647
232 235
683 686
807 810
121 124
469 472
192 195
19 22
432 435
199 202
288 291
790 793
127 130
97 100
316 319
355 358
780 783
108 111
682 685
572 575
776 779
153 156
812 815
481 484
143 146
445 448
543 546
379 382
611 614
669 672
620 623
483 486
258 261
222 225
286 289
426 429
10 13
613 616
306 309
6 9
250 253
618 621
633 636
748 751
271 274
631 634
605 608
698 701
270 273
294 297
741 744
737 740
24 27
334 337
534 537
224 227
448 451
818 821
226 229
240 243
185 188
59 62
376 379
277 280
195 198
433 436
764 767
17 20
25 28
66 69
759 762
113 116
761 764
231 234
660 663
348 351
87 90
99 102
128 131
36 39
505 508
647 650
273 276
679 682
581 584
237 240
478 481
165 168
536 539
201 204
459 462
473 476
22 25
508 511
823 826
736 739
439 442
178 181
449 452
857 860
339 342
369 372
651 654
809 812
5 8
492 495
301 304
597 600
639 642
347 350
855 858
769 772
69 72
472 475
829 832
139 142
60 63
684 687
603 606
72 75
241 244
796 799
845 848
562 565
517 520
623 626
717 720
147 150
414 417
304 307
299 302
221 224
850 853
28 31
596 599
86 89
844 847
595 598
47 50
1 4
257 260
115 118
243 246
654 657
531 534
542 545
663 666
793 796
507 510
269 272
163 166
555 558
600 603
203 206
429 432
689 692
344 347
144 147
738 741
40 43
54 57
30 33
781 784
196 199
484 487
774 777
784 787
281 284
96 99
76 79
657 660
467 470
246 249
354 357
315 318
114 117
693 696
416 419
755 758
480 483
539 542
422 425
386 389
659 662
816 819
267 270
406 409
295 298
293 296
215 218
68 71
403 406
583 586
176 179
387 390
230 233
672 675
843 846
676 679
791 794
715 718
464 467
168 171
795 798
90 93
528 531
77 80
362 365
280 283
305 308
680 683
124 127
425 428
134 137
482 485
191 194
789 792
437 440
346 349
530 533
16 19
142 145
831 834
819 822
476 479
496 499
578 581
398 401
94 97
380 383
381 384
670 673
202 205
836 839
720 723
289 292
503 506
625 628
540 543
179 182
158 161
783 786
859 862
773 776
164 167
9 12
408 411
665 668
668 671
827 830
675 678
533 536
253 256
56 59
401 404
39 42
58 61
388 391
48 51
664 667
707 710
847 850
634 637
409 412
599 602
830 833
136 139
730 733
95 98
563 566
117 120
171 174
782 785
803 806
33 36
162 165
721 724
268 271
187 190
172 175
7 10
617 620
120 123
314 317
653 656
608 611
752 755
105 108
849 852
516 519
616 619
252 255
497 500
629 632
594 597
336 339
714 717
193 196
833 836
166 169
442 445
630 633
75 78
703 706
677 680
585 588
206 209
169 172
763 766
363 366
23 26
568 571
556 559
2 5
666 669
814 817
210 213
205 208
255 258
227 230
98 101
518 521
840 843
697 700
211 214
265 268
538 541
291 294
327 330
274 277
734 737
81 84
635 638
229 232
326 329
744 747
687 690
760 763
225 228
93 96
822 825
320 323
141 144
383 386
753 756
104 107
854 857
841 844
450 453
189 192
155 158
259 262
787 790
389 392
494 497
397 400
510 513
279 282
407 410
183 186
103 106
272 275
177 180
696 699
181 184
460 463
119 122
509 512
569 572
575 578
828 831
405 408
802 805
287 290
454 457
366 369
815 818
21 24
520 523
770 773
375 378
447 450
797 800
567 570
589 592
413 416
204 207
423 426
645 648
340 343
475 478
566 569
519 522
470 473
746 749
848 851
329 332
110 113
430 433
323 326
686 689
247 250
443 446
805 808
84 87
332 335
587 590
46 49
79 82
692 695
133 136
525 528
367 370
53 56
709 712
619 622
324 327
745 748
322 325
337 340
486 489
384 387
38 41
101 104
150 153
394 397
352 355
766 769
488 491
821 824
504 507
43 46
45 48
747 750
424 427
91 94
557 560
27 30
825 828
373 376
194 197
151 154
609 612
138 141
131 134
35 38
704 707
410 413
685 688
593 596
418 421
526 529
167 170
219 222
627 630
820 823
132 135
500 503
733 736
393 396
62 65
415 418
264 267
42 45
731 734
691 694
61 64
837 840
249 252
129 132
161 164
512 515
444 447
614 617
325 328
223 226
186 189
552 555
718 721
624 627
728 731
490 493
57 60
455 458
282 285
308 311
641 644
607 610
32 35
588 591
328 331
261 264
391 394
458 461
419 422
529 532
209 212
200 203
771 774
632 635
548 551
434 437
838 841
778 781
452 455
92 95
541 544
535 538
646 649
813 816
359 362
754 757
775 778
358 361
601 604
41 44
792 795
102 105
485 488
89 92
749 752
106 109
356 359
318 321
8 11
858 861
13 16
794 797
523 526
835 838
740 743
335 338
395 398
716 719
4 7
266 269
353 356
382 385
262 265
126 129
808 811
170 173
14 17
524 527
804 807
371 374
564 567
12 15
706 709
606 609
758 761
285 288
451 454
810 813
471 474
584 587
852 855
551 554
799 802
392 395
722 725
710 713
743 746
15 18
592 595
576 579
441 444
612 615
727 730
307 310
118 121
491 494
719 722
726 729
417 420
188 191
278 281
712 715
292 295
729 732
236 239
853 856
711 714
695 698
700 703
312 315
378 381
146 149
590 593
360 363
107 110
732 735
365 368
31 34
213 216
364 367
602 605
638 641
446 449
586 589
78 81
276 279
824 827
705 708
832 835
637 640
130 133
640 643
71 74
233 236
468 471
310 313
399 402
64 67
502 505
511 514
652 655
74 77
834 837
137 140
610 613
49 52
690 693
140 143
212 215
184 187
537 540
300 303
234 237
83 86
846 849
208 211
565 568
856 859
785 788
351 354
88 91
361 364
498 501
431 434
487 490
18 21
713 716
636 639
501 504
826 829
648 651
330 333
122 125
73 76
582 585
779 782
499 502
742 745
111 114
427 430
798 801
159 162
655 658
571 574
149 152
182 185
662 665
699 702
558 561
317 320
751 754
656 659
160 163
570 573
238 241
628 631
456 459
768 771
112 115
579 582
157 160
100 103
506 509
372 375
220 223
218 221
436 439
559 562
319 322
650 653
474 477
368 371
681 684
63 66
349 352
765 768
244 247
708 711
309 312
26 29
135 138
85 88
574 577
370 373
11 14
461 464
544 547
701 704
297 300
207 210
723 726
251 254
842 845
357 360
338 341
311 314
674 677
642 645
553 556
239 242
44 47
290 293
577 580
463 466
561 564
302 305
0 3
658 661
489 492
806 809
125 128
457 460
673 676
817 820
180 183
321 324
546 549
688 691
248 251
521 524
82 85
725 728
296 299
440 443
466 469
598 601
649 652
404 407
283 286
34 37
400 403
477 480
342 345
245 248
303 306
580 583
522 525
750 753
421 424
777 780
385 388
560 563
411 414
20 23
350 353
811 814
678 681
800 803
145 148
50 53
527 530
735 738
313 316
333 336
591 594
275 278
671 674
420 423
739 742
197 200
615 618
554 557
622 625
284 287
545 548
702 705
51 54
839 842
453 456
462 465
154 157
235 238
550 553
694 697
156 159
175 178
123 126
767 770
757 760
343 346
438 441
52 55
109 112
396 399
801 804
495 498
547 550
851 854
331 334
788 791
513 516
604 607
435 438
55 58
80 83
772 775
67 70
514 517
345 348
298 301
532 535
216 219
