320
153 156
97 100
227 230
174 177
237 240
307 310
210 213
81 84
122 125
319 322
130 133
73 76
121 124
133 136
314 317
240 243
170 173
114 117
53 56
141 144
193 196
30 33
25 28
155 158
87 90
258 261
197 200
74 77
187 190
256 259
69 72
151 154
119 122
207 210
180 183
271 274
221 224
161 164
124 127
137 140
127 130
105 108
230 233
144 147
89 92
304 307
200 203
45 48
244 247
171 174
245 248
195 198
163 166
287 290
191 194
228 231
286 289
215 218
164 167
222 225
145 148
257 260
274 277
262 265
165 168
311 314
167 170
1 4
102 105
236 239
118 121
106 109
198 201
4 7
11 14
208 211
36 39
3 6
63 66
303 306
85 88
234 237
268 271
91 94
205 208
201 204
173 176
156 159
123 126
199 202
239 242
129 132
178 181
253 256
142 145
157 160
172 175
283 286
168 171
259 262
2 5
0 3
104 107
154 157
189 192
220 223
21 24
160 163
39 42
138 141
241 244
32 35
92 95
295 298
273 276
10 13
300 303
148 151
181 184
192 195
27 30
149 152
8 11
111 114
206 209
128 131
95 98
150 153
23 26
250 253
217 220
242 245
247 250
292 295
235 238
26 29
44 47
302 305
233 236
6 9
305 308
140 143
264 267
278 281
279 282
270 273
265 268
288 291
159 162
65 68
41 44
294 297
110 113
146 149
169 172
158 161
62 65
116 119
75 78
51 54
184 187
84 87
72 75
13 16
185 188
5 8
308 311
147 150
93 96
183 186
316 319
301 304
48 51
33 36
19 22
50 53
299 302
285 288
88 91
52 55
109 112
29 32
212 215
269 272
216 219
17 20
132 135
318 321
224 227
35 38
56 59
100 103
20 23
37 40
120 123
204 207
101 104
80 83
96 99
134 137
310 313
176 179
315 318
42 45
117 120
166 169
284 287
162 165
136 139
67 70
254 257
90 93
209 212
143 146
61 64
28 31
99 102
77 80
135 138
9 12
64 67
59 62
78 81
54 57
112 115
34 37
57 60
179 182
213 216
202 205
289 292
98 101
298 301
103 106
108 111
276 279
12 15
188 191
186 189
203 206
107 110
263 266
261 264
293 296
243 246
255 258
115 118
83 86
280 283
71 74
290 293
46 49
16 19
152 155
251 254
291 294
60 63
194 197
312 315
231 234
282 285
24 27
175 178
70 73
7 10
76 79
190 193
86 89
66 69
49 52
296 299
266 269
317 320
68 71
131 134
226 229
47 50
139 142
113 116
82 85
182 185
18 21
15 18
275 278
211 214
246 249
14 17
297 300
313 316
126 129
22 25
267 270
272 275
40 43
229 232
249 252
277 280
306 309
248 251
218 221
232 235
58 61
196 199
252 255
125 128
225 228
309 312
31 34
94 97
281 284
55 58
214 217
260 263
177 180
219 222
38 41
238 241
223 226
43 46
79 82
