690
172 175
529 532
502 505
650 653
72 75
663 666
102 105
48 51
638 641
273 276
264 267
629 632
431 434
685 688
139 142
349 352
50 53
645 648
106 109
531 534
434 437
322 325
143 146
670 673
132 135
195 198
54 57
129 132
116 119
223 226
269 272
581 584
533 536
47 50
76 79
171 174
566 569
433 436
70 73
465 468
357 360
372 375
294 297
595 598
483 486
541 544
505 508
479 482
277 280
387 390
661 664
482 485
624 627
180 183
604 607
235 238
679 682
498 501
152 155
401 404
33 36
327 330
328 331
680 683
136 139
555 558
142 145
642 645
654 657
374 377
193 196
376 379
301 304
651 654
620 623
221 224
487 490
553 556
224 227
306 309
473 476
167 170
46 49
634 637
630 633
194 197
340 343
45 48
512 515
6 9
68 71
42 45
222 225
556 559
594 597
542 545
378 381
75 78
508 511
602 605
665 668
564 567
669 672
666 669
641 644
612 615
218 221
489 492
59 62
205 208
464 467
568 571
37 40
437 440
430 433
212 215
449 452
251 254
530 533
339 342
379 382
101 104
460 463
422 425
459 462
656 659
317 320
93 96
295 298
600 603
175 178
130 133
266 269
486 489
274 277
211 214
247 250
186 189
648 651
329 332
244 247
360 363
155 158
90 93
141 144
83 86
298 301
570 573
365 368
302 305
200 203
366 369
206 209
373 376
26 29
245 248
18 21
255 258
108 111
476 479
53 56
207 210
557 560
506 509
617 620
52 55
176 179
230 233
497 500
231 234
659 662
610 613
425 428
40 43
439 442
209 212
525 528
532 535
189 192
249 252
123 126
278 281
463 466
545 548
539 542
25 28
591 594
74 77
446 449
214 217
163 166
396 399
297 300
252 255
400 403
181 184
403 406
119 122
288 291
131 134
173 176
485 488
261 264
644 647
24 27
647 650
538 541
549 552
406 409
156 159
452 455
169 172
121 124
510 513
409 412
293 296
161 164
410 413
144 147
147 150
390 393
628 631
56 59
686 689
535 538
674 677
134 137
511 514
456 459
573 576
683 686
567 570
280 283
313 316
124 127
34 37
351 354
162 165
300 303
183 186
138 141
334 337
582 585
592 595
667 670
639 642
236 239
49 52
501 504
148 151
520 523
672 675
606 609
57 60
291 294
190 193
149 152
324 327
348 351
402 405
495 498
579 582
383 386
305 308
609 612
315 318
85 88
310 313
250 253
91 94
265 268
92 95
184 187
500 503
61 64
681 684
95 98
28 31
22 25
417 420
112 115
38 41
157 160
462 465
321 324
423 426
111 114
412 415
551 554
447 450
347 350
576 579
480 483
286 289
320 323
73 76
240 243
151 154
636 639
270 273
208 211
475 478
166 169
399 402
507 510
182 185
466 469
80 83
170 173
407 410
578 581
363 366
232 235
361 364
31 34
27 30
227 230
65 68
204 207
229 232
509 512
477 480
257 260
114 117
60 63
689 692
275 278
515 518
380 383
662 665
368 371
32 35
496 499
389 392
51 54
237 240
292 295
187 190
309 312
481 484
350 353
254 257
356 359
631 634
421 424
571 574
225 228
615 618
21 24
526 529
262 265
199 202
585 588
655 658
518 521
86 89
597 600
668 671
404 407
393 396
574 577
228 231
283 286
103 106
308 311
504 507
492 495
179 182
653 656
375 378
318 321
438 441
611 614
342 345
325 328
584 587
84 87
627 630
296 299
82 85
649 652
267 270
30 33
562 565
260 263
441 444
392 395
408 411
282 285
105 108
201 204
13 16
613 616
664 667
335 338
312 315
523 526
217 220
118 121
572 575
560 563
256 259
415 418
517 520
15 18
341 344
62 65
418 421
626 629
540 543
78 81
419 422
458 461
220 223
682 685
616 619
534 537
364 367
109 112
386 389
104 107
381 384
607 610
243 246
159 162
168 171
344 347
488 491
140 143
514 517
445 448
332 335
20 23
367 370
499 502
547 550
427 430
337 340
405 408
519 522
354 357
1 4
281 284
397 400
196 199
589 592
216 219
16 19
115 118
675 678
233 236
554 557
671 674
319 322
443 446
19 22
516 519
558 561
41 44
428 431
9 12
284 287
314 317
23 26
137 140
58 61
174 177
238 241
633 636
426 429
326 329
66 69
210 213
414 417
474 477
145 148
528 531
527 530
623 626
537 540
154 157
290 293
478 481
127 130
658 661
593 596
453 456
8 11
614 617
99 102
546 549
646 649
688 691
359 362
391 394
432 435
192 195
660 663
493 496
513 516
398 401
271 274
110 113
4 7
153 156
44 47
521 524
687 690
160 163
353 356
544 547
411 414
352 355
490 493
442 445
440 443
3 6
11 14
331 334
684 687
448 451
164 167
395 398
622 625
35 38
88 91
596 599
12 15
158 161
63 66
563 566
522 525
188 191
125 128
330 333
285 288
385 388
657 660
467 470
550 553
416 419
472 475
126 129
185 188
287 290
258 261
632 635
128 131
598 601
226 229
471 474
355 358
369 372
565 568
621 624
503 506
77 80
150 153
311 314
603 606
213 216
79 82
2 5
39 42
215 218
619 622
316 319
580 583
97 100
122 125
178 181
146 149
197 200
29 32
457 460
491 494
98 101
14 17
384 387
635 638
468 471
81 84
202 205
455 458
454 457
17 20
276 279
253 256
444 447
484 487
524 527
69 72
7 10
198 201
543 546
469 472
673 676
608 611
536 539
601 604
289 292
451 454
377 380
435 438
345 348
135 138
94 97
413 416
96 99
652 655
242 245
239 242
268 271
338 341
358 361
461 464
307 310
588 591
362 365
640 643
429 432
575 578
424 427
494 497
36 39
552 555
304 307
436 439
234 237
678 681
279 282
677 680
241 244
643 646
133 136
71 74
420 423
117 120
0 3
120 123
559 562
583 586
333 336
303 306
177 180
618 621
605 608
676 679
370 373
64 67
343 346
561 564
637 640
299 302
382 385
87 90
191 194
336 339
548 551
599 602
272 275
67 70
100 103
89 92
248 251
107 110
219 222
371 374
113 116
246 249
394 397
569 572
625 628
323 326
5 8
470 473
590 593
263 266
165 168
55 58
586 589
43 46
388 391
346 349
10 13
450 453
259 262
587 590
203 206
577 580
