170
107 110
89 92
132 135
131 134
78 81
168 171
100 103
40 43
62 65
16 19
116 119
80 83
159 162
3 6
119 122
137 140
117 120
152 155
91 94
130 133
66 69
151 154
72 75
95 98
41 44
150 153
161 164
57 60
140 143
14 17
128 131
36 39
101 104
112 115
94 97
138 141
51 54
11 14
25 28
54 57
32 35
22 25
75 78
86 89
27 30
49 52
143 146
162 165
163 166
111 114
82 85
34 37
43 46
79 82
24 27
76 79
55 58
65 68
81 84
4 7
153 156
12 15
28 31
167 170
110 113
141 144
50 53
74 77
165 168
158 161
146 149
105 108
136 139
87 90
47 50
139 142
144 147
124 127
56 59
118 121
147 150
15 18
164 167
106 109
90 93
97 100
123 126
98 101
29 32
129 132
70 73
33 36
46 49
5 8
96 99
99 102
68 71
126 129
83 86
157 160
148 151
18 21
69 72
19 22
10 13
127 130
145 148
154 157
23 26
103 106
135 138
58 61
17 20
108 111
93 96
133 136
104 107
31 34
37 40
63 66
44 47
142 145
39 42
20 23
109 112
52 55
85 88
134 137
35 38
122 125
121 124
149 152
73 76
53 56
64 67
156 159
13 16
84 87
26 29
21 24
120 123
42 45
8 11
92 95
61 64
6 9
38 41
67 70
77 80
169 172
30 33
2 5
48 51
0 3
1 4
113 116
102 105
166 169
115 118
155 158
7 10
59 62
88 91
125 128
160 163
71 74
60 63
114 117
45 48
9 12
