90
87 90
88 91
16 19
8 11
51 54
79 82
62 65
52 55
76 79
60 63
3 6
54 57
11 14
18 21
86 89
55 58
0 3
17 20
39 42
59 62
68 71
2 5
27 30
70 73
28 31
12 15
14 17
63 66
80 83
34 37
48 51
32 35
42 45
72 75
82 85
9 12
53 56
85 88
25 28
21 24
31 34
36 39
89 92
15 18
10 13
29 32
7 10
40 43
41 44
61 64
57 60
22 25
58 61
67 70
1 4
44 47
64 67
4 7
47 50
71 74
38 41
5 8
30 33
50 53
49 52
77 80
65 68
45 48
26 29
43 46
83 86
19 22
13 16
33 36
81 84
46 49
84 87
35 38
6 9
78 81
37 40
20 23
56 59
75 78
24 27
74 77
73 76
69 72
23 26
66 69
