730
4 7
681 684
136 139
602 605
540 543
725 728
192 195
404 407
319 322
325 328
307 310
360 363
498 501
351 354
156 159
327 330
140 143
409 412
350 353
564 567
149 152
309 312
371 374
484 487
208 211
277 280
572 575
340 343
652 655
152 155
699 702
166 169
332 335
685 688
165 168
515 518
356 359
164 167
274 277
630 633
44 47
1 4
68 71
720 723
497 500
316 319
342 345
310 313
627 630
600 603
468 471
81 84
620 623
399 402
385 388
518 521
211 214
599 602
273 276
369 372
268 271
415 418
644 647
169 172
667 670
343 346
25 28
280 283
320 323
580 583
43 46
526 529
113 116
304 307
82 85
114 117
524 527
633 636
88 91
171 174
78 81
392 395
381 384
173 176
108 111
605 608
541 544
478 481
266 269
61 64
500 503
357 360
193 196
71 74
331 334
299 302
614 617
686 689
231 234
100 103
180 183
93 96
435 438
177 180
278 281
279 282
641 644
341 344
712 715
372 375
368 371
20 23
398 401
236 239
205 208
519 522
570 573
463 466
660 663
391 394
729 732
430 433
690 693
302 305
247 250
492 495
563 566
719 722
668 671
530 533
583 586
482 485
446 449
596 599
715 718
293 296
117 120
151 154
49 52
287 290
317 320
457 460
26 29
479 482
116 119
396 399
642 645
486 489
510 513
507 510
649 652
560 563
423 426
11 14
134 137
215 218
5 8
203 206
296 299
425 428
508 511
87 90
47 50
397 400
445 448
494 497
650 653
453 456
8 11
459 462
139 142
181 184
305 308
523 526
503 506
608 611
155 158
282 285
141 144
387 390
509 512
238 241
14 17
67 70
561 564
19 22
160 163
36 39
254 257
505 508
716 719
601 604
94 97
182 185
499 502
434 437
696 699
592 595
358 361
80 83
481 484
348 351
547 550
402 405
353 356
502 505
257 260
465 468
584 587
366 369
408 411
225 228
289 292
326 329
419 422
621 624
112 115
442 445
386 389
588 591
452 455
84 87
45 48
566 569
593 596
665 668
623 626
400 403
671 674
74 77
233 236
359 362
724 727
29 32
267 270
691 694
347 350
201 204
483 486
333 336
13 16
477 480
528 531
567 570
618 621
568 571
65 68
539 542
657 660
261 264
460 463
23 26
648 651
42 45
189 192
209 212
253 256
85 88
210 213
643 646
504 507
75 78
394 397
119 122
142 145
451 454
125 128
707 710
355 358
308 311
54 57
92 95
388 391
713 716
629 632
427 430
527 530
551 554
131 134
651 654
298 301
726 729
145 148
590 593
708 711
536 539
728 731
185 188
102 105
473 476
544 547
556 559
591 594
679 682
6 9
245 248
56 59
647 650
239 242
35 38
230 233
604 607
616 619
98 101
219 222
283 286
162 165
698 701
212 215
260 263
194 197
579 582
432 435
336 339
710 713
448 451
83 86
361 364
168 171
578 581
416 419
433 436
50 53
470 473
288 291
525 528
513 516
290 293
3 6
389 392
535 538
418 421
587 590
24 27
490 493
577 580
721 724
48 51
375 378
214 217
444 447
603 606
303 306
123 126
659 662
0 3
53 56
291 294
625 628
543 546
675 678
76 79
89 92
471 474
127 130
472 475
62 65
407 410
585 588
511 514
383 386
306 309
462 465
148 151
349 352
464 467
654 657
622 625
318 321
174 177
703 706
610 613
562 565
467 470
150 153
717 720
300 303
438 441
258 261
437 440
571 574
184 187
554 557
40 43
512 515
27 30
638 641
441 444
183 186
546 549
532 535
226 229
364 367
700 703
485 488
256 259
109 112
213 216
22 25
582 585
411 414
619 622
426 429
456 459
488 491
417 420
380 383
244 247
529 532
243 246
617 620
220 223
403 406
538 541
374 377
179 182
555 558
632 635
379 382
414 417
367 370
362 365
701 704
2 5
198 201
86 89
522 525
328 331
469 472
558 561
436 439
163 166
689 692
7 10
272 275
73 76
120 123
301 304
122 125
346 349
251 254
103 106
200 203
255 258
128 131
480 483
705 708
51 54
284 287
232 235
454 457
609 612
223 226
294 297
718 721
606 609
412 415
153 156
449 452
312 315
553 556
104 107
135 138
413 416
458 461
30 33
694 697
476 479
589 592
569 572
159 162
581 584
158 161
706 709
677 680
111 114
666 669
575 578
235 238
702 705
549 552
66 69
533 536
631 634
228 231
428 431
664 667
376 379
661 664
393 396
682 685
520 523
15 18
195 198
557 560
69 72
487 490
295 298
31 34
440 443
147 150
688 691
248 251
10 13
55 58
250 253
334 337
313 316
344 347
202 205
133 136
207 210
338 341
542 545
636 639
292 295
727 730
237 240
645 648
157 160
315 318
39 42
285 288
655 658
216 219
321 324
91 94
130 133
674 677
9 12
323 326
455 458
615 618
52 55
21 24
188 191
565 568
275 278
28 31
421 424
172 175
217 220
329 332
382 385
121 124
683 686
637 640
263 266
240 243
271 274
335 338
64 67
678 681
410 413
573 576
646 649
545 548
276 279
373 376
496 499
143 146
137 140
447 450
537 540
186 189
60 63
595 598
429 432
695 698
286 289
324 327
711 714
597 600
129 132
191 194
534 537
58 61
672 675
548 551
461 464
693 696
281 284
586 589
406 409
176 179
12 15
662 665
63 66
639 642
262 265
709 712
77 80
72 75
96 99
495 498
501 504
424 427
550 553
70 73
242 245
99 102
187 190
640 643
714 717
170 173
676 679
144 147
491 494
199 202
79 82
489 492
559 562
628 631
206 209
692 695
175 178
517 520
178 181
297 300
354 357
229 232
466 469
339 342
270 273
41 44
126 129
422 425
95 98
241 244
384 387
405 408
265 268
450 453
613 616
337 340
259 262
167 170
521 524
204 207
118 121
107 110
378 381
687 690
704 707
249 252
431 434
370 373
680 683
612 615
197 200
330 333
196 199
723 726
221 224
352 355
363 366
59 62
161 164
475 478
594 597
443 446
154 157
390 393
576 579
634 637
493 496
611 614
345 348
17 20
57 60
439 442
110 113
653 656
516 519
626 629
377 380
34 37
222 225
598 601
401 404
16 19
37 40
90 93
190 193
322 325
269 272
38 41
106 109
506 509
635 638
264 267
124 127
105 108
656 659
32 35
234 237
314 317
531 534
722 725
227 230
607 610
101 104
514 517
670 673
420 423
146 149
697 700
673 676
311 314
138 141
624 627
97 100
46 49
684 687
246 249
365 368
669 672
252 255
132 135
218 221
663 666
552 555
474 477
224 227
115 118
658 661
395 398
18 21
574 577
33 36
