960
894 897
244 247
304 307
561 564
348 351
649 652
931 934
578 581
683 686
169 172
863 866
414 417
748 751
329 332
852 855
690 693
168 171
68 71
493 496
243 246
550 553
322 325
684 687
427 430
28 31
632 635
173 176
309 312
838 841
107 110
768 771
98 101
862 865
835 838
864 867
750 753
887 890
431 434
6 9
145 148
443 446
412 415
627 630
563 566
276 279
739 742
428 431
410 413
844 847
215 218
855 858
10 13
187 190
782 785
606 609
776 779
138 141
508 511
915 918
321 324
668 671
713 716
564 567
604 607
246 249
935 938
96 99
520 523
715 718
455 458
581 584
848 851
300 303
546 549
501 504
519 522
282 285
315 318
760 763
883 886
542 545
39 42
223 226
448 451
476 479
1 4
644 647
479 482
399 402
141 144
588 591
446 449
856 859
576 579
219 222
694 697
236 239
582 585
360 363
191 194
721 724
54 57
44 47
623 626
13 16
716 719
808 811
777 780
511 514
345 348
38 41
731 734
340 343
41 44
366 369
954 957
901 904
585 588
820 823
942 945
66 69
17 20
457 460
241 244
955 958
737 740
383 386
20 23
430 433
624 627
453 456
869 872
301 304
62 65
438 441
115 118
704 707
545 548
689 692
367 370
60 63
34 37
337 340
779 782
827 830
73 76
798 801
555 558
22 25
305 308
283 286
589 592
885 888
602 605
903 906
194 197
336 339
259 262
150 153
708 711
405 408
803 806
398 401
418 421
200 203
529 532
630 633
618 621
953 956
698 701
841 844
19 22
256 259
920 923
744 747
210 213
217 220
224 227
51 54
75 78
220 223
674 677
429 432
419 422
196 199
221 224
350 353
436 439
785 788
26 29
378 381
771 774
513 516
227 230
59 62
406 409
11 14
112 115
909 912
209 212
119 122
264 267
77 80
249 252
275 278
344 347
250 253
645 648
136 139
452 455
95 98
299 302
510 513
174 177
724 727
507 510
892 895
189 192
712 715
871 874
921 924
484 487
601 604
42 45
881 884
12 15
252 255
166 169
50 53
516 519
535 538
917 920
178 181
700 703
547 550
569 572
787 790
121 124
658 661
391 394
328 331
216 219
323 326
792 795
577 580
646 649
355 358
447 450
332 335
810 813
302 305
678 681
330 333
876 879
945 948
314 317
643 646
339 342
18 21
257 260
573 576
9 12
889 892
379 382
609 612
591 594
104 107
714 717
840 843
797 800
47 50
281 284
849 852
70 73
235 238
228 231
377 380
218 221
634 637
933 936
891 894
754 757
353 356
543 546
390 393
554 557
368 371
904 907
274 277
160 163
727 730
135 138
262 265
789 792
400 403
641 644
29 32
232 235
109 112
822 825
184 187
498 501
15 18
270 273
303 306
234 237
331 334
633 636
295 298
362 365
278 281
688 691
647 650
884 887
226 229
375 378
781 784
32 35
774 777
85 88
420 423
284 287
288 291
133 136
432 435
156 159
401 404
3 6
560 563
439 442
614 617
100 103
846 849
900 903
914 917
514 517
490 493
186 189
437 440
326 329
607 610
937 940
177 180
898 901
667 670
702 705
31 34
120 123
738 741
164 167
651 654
757 760
318 321
46 49
574 577
434 437
349 352
335 338
171 174
365 368
842 845
728 731
880 883
696 699
697 700
939 942
43 46
873 876
372 375
517 520
25 28
289 292
908 911
208 211
454 457
570 573
621 624
580 583
297 300
733 736
680 683
753 756
103 106
637 640
363 366
629 632
818 821
923 926
485 488
90 93
106 109
195 198
460 463
772 775
662 665
839 842
89 92
907 910
663 666
612 615
497 500
897 900
836 839
182 185
231 234
639 642
549 552
253 256
502 505
605 608
193 196
761 764
657 660
496 499
384 387
699 702
67 70
341 344
653 656
310 313
69 72
790 793
832 835
595 598
819 822
108 111
693 696
743 746
959 962
831 834
478 481
247 250
526 529
631 634
941 944
159 162
409 412
239 242
882 885
571 574
80 83
539 542
433 436
720 723
703 706
813 816
850 853
233 236
732 735
260 263
565 568
801 804
828 831
590 593
16 19
764 767
951 954
389 392
705 708
78 81
464 467
381 384
471 474
387 390
311 314
709 712
773 776
459 462
685 688
860 863
804 807
87 90
312 315
830 833
203 206
952 955
413 416
271 274
943 946
794 797
613 616
928 931
579 582
843 846
938 941
359 362
934 937
450 453
139 142
435 438
527 530
489 492
128 131
499 502
126 129
63 66
710 713
878 881
55 58
382 385
584 587
105 108
672 675
567 570
538 541
27 30
806 809
201 204
198 201
766 769
324 327
745 748
918 921
492 495
488 491
886 889
441 444
320 323
49 52
342 345
867 870
729 732
875 878
626 629
622 625
147 150
473 476
544 547
175 178
440 443
461 464
770 773
682 685
397 400
374 377
124 127
929 932
354 357
611 614
146 149
272 275
0 3
65 68
669 672
736 739
293 296
769 772
481 484
416 419
467 470
396 399
2 5
317 320
671 674
910 913
71 74
927 930
805 808
666 669
157 160
463 466
199 202
949 952
616 619
35 38
815 818
763 766
706 709
553 556
265 268
946 949
212 215
242 245
796 799
905 908
483 486
575 578
930 933
635 638
143 146
817 820
475 478
56 59
596 599
370 373
7 10
290 293
524 527
5 8
533 536
408 411
197 200
506 509
356 359
202 205
642 645
327 330
919 922
313 316
661 664
587 590
306 309
52 55
417 420
369 372
421 424
380 383
788 791
503 506
404 407
562 565
656 659
206 209
742 745
926 929
140 143
373 376
358 361
442 445
258 261
88 91
756 759
444 447
593 596
474 477
557 560
512 515
755 758
451 454
4 7
117 120
765 768
717 720
675 678
829 832
185 188
603 606
870 873
458 461
351 354
167 170
61 64
608 611
821 824
747 750
566 569
93 96
494 497
911 914
292 295
165 168
556 559
525 528
752 755
144 147
534 537
273 276
190 193
240 243
486 489
291 294
279 282
48 51
192 195
347 350
425 428
307 310
131 134
148 151
83 86
376 379
854 857
149 152
254 257
759 762
58 61
660 663
346 349
482 485
659 662
947 950
695 698
426 429
266 269
707 710
225 228
91 94
536 539
229 232
424 427
673 676
650 653
480 483
79 82
530 533
799 802
505 508
837 840
142 145
719 722
541 544
230 233
528 531
877 880
268 271
364 367
466 469
86 89
394 397
402 405
802 805
179 182
357 360
679 682
924 927
586 589
14 17
922 925
636 639
912 915
572 575
858 861
277 280
64 67
386 389
676 679
628 631
21 24
296 299
129 132
833 836
551 554
45 48
906 909
865 868
162 165
940 943
786 789
592 595
896 899
285 288
823 826
465 468
559 562
125 128
238 241
214 217
76 79
845 848
893 896
537 540
57 60
40 43
552 555
176 179
170 173
722 725
491 494
834 837
784 787
600 603
730 733
800 803
154 157
102 105
500 503
251 254
267 270
594 597
916 919
809 812
294 297
956 959
814 817
957 960
172 175
472 475
795 798
222 225
101 104
812 815
298 301
33 36
687 690
793 796
111 114
861 864
726 729
213 216
180 183
691 694
127 130
316 319
114 117
824 827
411 414
958 961
665 668
487 490
24 27
826 829
248 251
531 534
462 465
749 752
932 935
619 622
816 819
548 551
791 794
407 410
469 472
23 26
859 862
81 84
558 561
116 119
655 658
94 97
504 507
851 854
445 448
388 391
155 158
352 355
188 191
123 126
711 714
615 618
617 620
746 749
620 623
825 828
899 902
625 628
735 738
333 336
113 116
456 459
879 882
393 396
686 689
255 258
37 40
936 939
874 877
521 524
36 39
872 875
597 600
261 264
30 33
778 781
807 810
853 856
343 346
181 184
725 728
72 75
334 337
758 761
648 651
152 155
670 673
97 100
449 452
361 364
681 684
610 613
385 388
599 602
767 770
677 680
515 518
718 721
286 289
423 426
847 850
598 601
495 498
701 704
925 928
780 783
207 210
205 208
734 737
741 744
740 743
211 214
245 248
762 765
280 283
163 166
866 869
692 695
422 425
403 406
74 77
477 480
134 137
640 643
204 207
470 473
664 667
723 726
53 56
948 951
783 786
518 521
568 571
287 290
415 418
319 322
338 341
82 85
775 778
950 953
325 328
8 11
84 87
888 891
890 893
269 272
895 898
130 133
118 121
523 526
99 102
652 655
913 916
902 905
92 95
638 641
522 525
392 395
263 266
751 754
122 125
540 543
183 186
237 240
944 947
132 135
110 113
583 586
857 860
151 154
137 140
153 156
654 657
468 471
371 374
509 512
161 164
158 161
811 814
308 311
868 871
532 535
395 398
