380
371 374
40 43
228 231
169 172
130 133
273 276
304 307
310 313
150 153
58 61
152 155
49 52
124 127
365 368
147 150
22 25
31 34
52 55
300 303
134 137
154 157
127 130
262 265
98 101
188 191
377 380
331 334
196 199
139 142
89 92
108 111
330 333
250 253
24 27
43 46
298 301
189 192
376 379
353 356
230 233
28 31
249 252
65 68
181 184
4 7
64 67
78 81
62 65
197 200
277 280
202 205
263 266
266 269
289 292
131 134
237 240
71 74
69 72
12 15
355 358
283 286
161 164
97 100
214 217
329 332
344 347
360 363
26 29
156 159
235 238
270 273
324 327
0 3
340 343
2 5
323 326
261 264
210 213
100 103
35 38
120 123
9 12
182 185
132 135
107 110
368 371
204 207
61 64
27 30
334 337
47 50
86 89
301 304
319 322
315 318
137 140
179 182
103 106
7 10
275 278
125 128
159 162
60 63
82 85
359 362
203 206
70 73
112 115
102 105
212 215
225 228
116 119
138 141
143 146
173 176
187 190
119 122
1 4
192 195
160 163
219 222
177 180
172 175
370 373
32 35
178 181
122 125
256 259
190 193
66 69
244 247
276 279
246 249
292 295
372 375
363 366
155 158
79 82
288 291
13 16
226 229
140 143
162 165
257 260
106 109
109 112
50 53
291 294
83 86
126 129
14 17
118 121
346 349
115 118
195 198
56 59
217 220
74 77
328 331
168 171
167 170
286 289
305 308
41 44
351 354
157 160
343 346
282 285
92 95
364 367
53 56
75 78
18 21
279 282
207 210
349 352
299 302
337 340
345 348
271 274
34 37
73 76
333 336
303 306
307 310
117 120
268 271
339 342
317 320
252 255
259 262
85 88
354 357
296 299
105 108
245 248
290 293
104 107
278 281
367 370
110 113
146 149
201 204
114 117
3 6
233 236
231 234
164 167
59 62
253 256
374 377
55 58
234 237
221 224
23 26
19 22
25 28
306 309
369 372
350 353
15 18
166 169
251 254
36 39
151 154
211 214
227 230
264 267
136 139
10 13
215 218
33 36
175 178
379 382
84 87
316 319
218 221
373 376
254 257
236 239
285 288
348 351
94 97
362 365
200 203
133 136
87 90
121 124
128 131
313 316
194 197
241 244
322 325
57 60
366 369
8 11
176 179
21 24
358 361
99 102
95 98
5 8
287 290
216 219
135 138
206 209
309 312
72 75
183 186
224 227
293 296
243 246
320 323
325 328
39 42
67 70
274 277
338 341
91 94
141 144
352 355
184 187
185 188
332 335
269 272
213 216
17 20
342 345
318 321
220 223
247 250
311 314
312 315
258 261
113 116
302 305
357 360
238 241
326 329
46 49
205 208
240 243
30 33
248 251
48 51
186 189
223 226
255 258
295 298
144 147
321 324
198 201
16 19
361 364
29 32
80 83
222 225
272 275
280 283
171 174
265 268
199 202
267 270
76 79
378 381
341 344
148 151
314 317
90 93
193 196
297 300
42 45
123 126
170 173
208 211
142 145
63 66
96 99
129 132
242 245
191 194
239 242
51 54
308 311
356 359
149 152
44 47
20 23
81 84
336 339
145 148
158 161
54 57
111 114
347 350
294 297
101 104
375 378
163 166
232 235
180 183
153 156
6 9
174 177
327 330
209 212
77 80
45 48
37 40
68 71
335 338
260 263
284 287
229 232
165 168
88 91
11 14
93 96
281 284
38 41
