660
568 571
68 71
523 526
326 329
46 49
82 85
199 202
153 156
629 632
547 550
169 172
282 285
196 199
651 654
628 631
333 336
144 147
522 525
467 470
557 560
89 92
50 53
122 125
527 530
493 496
115 118
266 269
250 253
341 344
478 481
351 354
21 24
151 154
421 424
590 593
366 369
471 474
183 186
198 201
264 267
134 137
210 213
435 438
302 305
610 613
161 164
443 446
297 300
507 510
263 266
597 600
94 97
136 139
57 60
566 569
572 575
177 180
303 306
262 265
554 557
601 604
472 475
558 561
301 304
313 316
577 580
295 298
399 402
176 179
5 8
74 77
498 501
586 589
174 177
285 288
207 210
96 99
496 499
117 120
55 58
653 656
457 460
479 482
514 517
644 647
604 607
563 566
654 657
378 381
550 553
540 543
80 83
64 67
459 462
156 159
420 423
387 390
146 149
30 33
185 188
579 582
541 544
449 452
204 207
659 662
468 471
19 22
49 52
632 635
300 303
124 127
184 187
194 197
622 625
450 453
466 469
356 359
437 440
228 231
615 618
638 641
583 586
237 240
193 196
259 262
239 242
327 330
548 551
555 558
305 308
26 29
461 464
390 393
140 143
215 218
41 44
269 272
464 467
367 370
191 194
0 3
293 296
533 536
386 389
545 548
636 639
101 104
224 227
516 519
132 135
391 394
36 39
515 518
475 478
570 573
505 508
126 129
209 212
489 492
255 258
503 506
28 31
116 119
630 633
502 505
135 138
428 431
22 25
319 322
162 165
289 292
395 398
211 214
290 293
97 100
425 428
362 365
584 587
418 421
338 341
219 222
365 368
245 248
8 11
445 448
486 489
649 652
320 323
537 540
56 59
363 366
233 236
225 228
130 133
20 23
84 87
408 411
355 358
409 412
617 620
525 528
404 407
426 429
524 527
358 361
105 108
44 47
476 479
83 86
70 73
442 445
495 498
95 98
54 57
576 579
448 451
431 434
179 182
612 615
343 346
325 328
34 37
61 64
526 529
178 181
571 574
373 376
336 339
16 19
75 78
396 399
243 246
353 356
441 444
24 27
27 30
278 281
104 107
260 263
385 388
181 184
17 20
440 443
569 572
470 473
125 128
31 34
620 623
314 317
145 148
165 168
412 415
329 332
608 611
33 36
200 203
602 605
275 278
371 374
359 362
238 241
9 12
212 215
394 397
348 351
567 570
103 106
307 310
304 307
109 112
272 275
582 585
292 295
315 318
650 653
256 259
90 93
69 72
324 327
451 454
29 32
223 226
637 640
93 96
155 158
316 319
274 277
203 206
542 545
534 537
180 183
585 588
288 291
596 599
118 121
465 468
347 350
605 608
291 294
458 461
11 14
296 299
530 533
517 520
172 175
397 400
641 644
62 65
575 578
600 603
265 268
549 552
645 648
354 357
588 591
257 260
627 630
38 41
246 249
625 628
268 271
510 513
240 243
221 224
375 378
634 637
562 565
197 200
350 353
111 114
157 160
616 619
81 84
342 345
299 302
561 564
647 650
551 554
92 95
454 457
78 81
361 364
323 326
311 314
447 450
485 488
635 638
66 69
410 413
23 26
497 500
487 490
642 645
374 377
504 507
380 383
312 315
160 163
429 432
113 116
480 483
335 338
434 437
253 256
85 88
599 602
59 62
574 577
513 516
3 6
490 493
587 590
120 123
175 178
167 170
657 660
640 643
48 51
508 511
119 122
192 195
519 522
633 636
121 124
39 42
310 313
43 46
1 4
330 333
309 312
18 21
427 430
501 504
619 622
99 102
40 43
284 287
656 659
382 385
106 109
298 301
270 273
446 449
273 276
112 115
254 257
76 79
108 111
614 617
553 556
339 342
573 576
143 146
411 414
609 612
639 642
182 185
277 280
32 35
241 244
58 61
53 56
349 352
73 76
424 427
337 340
244 247
230 233
171 174
500 503
613 616
195 198
88 91
529 532
491 494
129 132
623 626
91 94
4 7
107 110
340 343
376 379
594 597
417 420
139 142
163 166
170 173
407 410
258 261
506 509
202 205
658 661
473 476
261 264
331 334
528 531
413 416
65 68
372 375
655 658
279 282
154 157
521 524
14 17
494 497
12 15
538 541
150 153
403 406
368 371
621 624
589 592
217 220
100 103
405 408
236 239
357 360
416 419
578 581
159 162
235 238
624 627
328 331
280 283
247 250
648 651
460 463
188 191
189 192
287 290
2 5
518 521
477 480
123 126
631 634
138 141
201 204
626 629
283 286
218 221
15 18
432 435
536 539
72 75
591 594
344 347
25 28
546 549
13 16
214 217
345 348
148 151
544 547
242 245
51 54
433 436
512 515
281 284
222 225
532 535
377 380
511 514
455 458
216 219
206 209
430 433
45 48
110 113
205 208
346 349
164 167
559 562
208 211
318 321
10 13
152 155
603 606
402 405
381 384
248 251
580 583
271 274
306 309
556 559
226 229
552 555
595 598
131 134
384 387
419 422
187 190
63 66
249 252
543 546
322 325
444 447
453 456
213 216
267 270
87 90
369 372
332 335
137 140
398 401
141 144
618 621
114 117
414 417
463 466
79 82
251 254
294 297
484 487
186 189
592 595
158 161
321 324
611 614
509 512
102 105
52 55
7 10
86 89
483 486
231 234
47 50
564 567
423 426
406 409
482 485
276 279
168 171
98 101
127 130
67 70
6 9
488 491
389 392
481 484
234 237
370 373
439 442
286 289
422 425
499 502
229 232
42 45
352 355
383 386
317 320
388 391
456 459
77 80
400 403
438 441
436 439
232 235
227 230
531 534
581 584
593 596
469 472
606 609
142 145
149 152
133 136
646 649
334 337
565 568
598 601
379 382
71 74
37 40
415 418
492 495
539 542
364 367
128 131
393 396
190 193
643 646
60 63
173 176
607 610
560 563
252 255
452 455
474 477
401 404
35 38
147 150
652 655
535 538
392 395
166 169
220 223
360 363
308 311
462 465
520 523
