580
63 66
241 244
389 392
540 543
467 470
46 49
76 79
564 567
6 9
453 456
497 500
381 384
508 511
447 450
203 206
262 265
433 436
386 389
137 140
154 157
162 165
492 495
120 123
517 520
456 459
146 149
190 193
38 41
101 104
526 529
213 216
501 504
353 356
477 480
96 99
118 121
267 270
382 385
297 300
317 320
136 139
463 466
525 528
460 463
362 365
188 191
572 575
279 282
13 16
33 36
109 112
414 417
91 94
402 405
257 260
503 506
568 571
2 5
78 81
56 59
228 231
468 471
449 452
502 505
278 281
461 464
345 348
286 289
479 482
462 465
32 35
229 232
577 580
207 210
415 418
88 91
117 120
237 240
426 429
231 234
510 513
9 12
380 383
189 192
376 379
392 395
72 75
34 37
509 512
113 116
293 296
263 266
234 237
560 563
84 87
335 338
253 256
281 284
535 538
210 213
343 346
513 516
403 406
421 424
534 537
401 404
565 568
304 307
511 514
348 351
175 178
484 487
256 259
132 135
108 111
391 394
280 283
524 527
543 546
561 564
523 526
334 337
131 134
159 162
65 68
171 174
374 377
164 167
324 327
149 152
233 236
199 202
475 478
277 280
366 369
283 286
126 129
547 550
518 521
422 425
347 350
70 73
372 375
363 366
260 263
266 269
507 510
295 298
264 267
301 304
305 308
464 467
160 163
139 142
174 177
351 354
557 560
250 253
143 146
16 19
58 61
232 235
432 435
182 185
550 553
21 24
398 401
352 355
341 344
226 229
270 273
230 233
542 545
571 574
419 422
23 26
24 27
360 363
152 155
77 80
358 361
437 440
425 428
35 38
107 110
170 173
505 508
265 268
306 309
15 18
39 42
578 581
435 438
27 30
393 396
202 205
337 340
252 255
423 426
177 180
89 92
119 122
522 525
485 488
178 181
549 552
573 576
496 499
254 257
320 323
371 374
104 107
480 483
519 522
11 14
559 562
144 147
457 460
206 209
59 62
533 536
134 137
41 44
186 189
168 171
567 570
504 507
499 502
506 509
574 577
476 479
142 145
545 548
318 321
145 148
93 96
487 490
495 498
214 217
323 326
336 339
36 39
289 292
473 476
31 34
536 539
438 441
5 8
446 449
528 531
349 352
3 6
307 310
482 485
537 540
48 51
428 431
215 218
128 131
271 274
399 402
95 98
127 130
407 410
100 103
151 154
342 345
43 46
163 166
490 493
192 195
244 247
49 52
330 333
354 357
86 89
204 207
115 118
243 246
288 291
498 501
390 393
247 250
344 347
313 316
251 254
201 204
19 22
140 143
71 74
227 230
85 88
455 458
20 23
184 187
282 285
193 196
75 78
172 175
459 462
97 100
377 380
111 114
74 77
52 55
106 109
92 95
167 170
512 515
413 416
552 555
17 20
112 115
465 468
532 535
8 11
165 168
466 469
121 124
444 447
555 558
470 473
103 106
420 423
50 53
64 67
327 330
198 201
346 349
370 373
114 117
434 437
147 150
554 557
181 184
397 400
273 276
223 226
472 475
79 82
375 378
368 371
531 534
500 503
124 127
1 4
122 125
205 208
105 108
129 132
302 305
240 243
412 415
37 40
387 390
404 407
529 532
94 97
26 29
383 386
87 90
83 86
66 69
236 239
538 541
209 212
211 214
173 176
527 530
47 50
416 419
483 486
272 275
180 183
309 312
338 341
291 294
135 138
255 258
396 399
310 313
395 398
454 457
548 551
321 324
516 519
141 144
248 251
440 443
361 364
290 293
436 439
212 215
208 211
7 10
530 533
469 472
551 554
12 15
333 336
249 252
69 72
169 172
544 547
491 494
99 102
54 57
541 544
553 556
25 28
481 484
424 427
292 295
367 370
405 408
355 358
406 409
332 335
90 93
191 194
197 200
55 58
458 461
514 517
515 518
44 47
14 17
42 45
357 360
285 288
245 248
356 359
116 119
98 101
410 413
220 223
451 454
130 133
299 302
225 228
68 71
448 451
489 492
452 455
556 559
161 164
331 334
22 25
575 578
81 84
218 221
40 43
546 549
62 65
239 242
326 329
478 481
73 76
311 314
576 579
369 372
261 264
364 367
246 249
156 159
385 388
411 414
275 278
562 565
259 262
379 382
53 56
294 297
158 161
51 54
319 322
328 331
217 220
287 290
133 136
474 477
569 572
378 381
439 442
486 489
219 222
312 315
60 63
30 33
566 569
221 224
28 31
300 303
488 491
427 430
268 271
242 245
409 412
325 328
400 403
61 64
123 126
521 524
258 261
493 496
176 179
224 227
445 448
316 319
350 353
185 188
388 391
429 432
408 411
303 306
417 420
183 186
308 311
494 497
274 277
148 151
194 197
200 203
110 113
18 21
195 198
155 158
471 474
238 241
102 105
315 318
384 387
418 421
157 160
359 362
269 272
80 83
441 444
339 342
125 128
314 317
57 60
45 48
340 343
222 225
520 523
298 301
450 453
4 7
430 433
153 156
373 376
558 561
276 279
187 190
179 182
579 582
539 542
365 368
138 141
216 219
442 445
443 446
196 199
82 85
150 153
570 573
166 169
0 3
29 32
431 434
67 70
284 287
329 332
10 13
296 299
394 397
563 566
235 238
322 325
