400
140 143
69 72
160 163
387 390
135 138
290 293
198 201
356 359
352 355
306 309
197 200
302 305
101 104
176 179
245 248
49 52
97 100
190 193
227 230
40 43
391 394
96 99
310 313
134 137
233 236
130 133
80 83
21 24
75 78
53 56
121 124
340 343
136 139
210 213
179 182
385 388
221 224
293 296
185 188
118 121
389 392
274 277
213 216
397 400
194 197
138 141
220 223
155 158
369 372
349 352
292 295
56 59
341 344
216 219
196 199
31 34
399 402
207 210
342 345
327 330
20 23
330 333
13 16
4 7
299 302
15 18
211 214
199 202
171 174
204 207
339 342
74 77
85 88
258 261
67 70
151 154
316 319
2 5
37 40
99 102
253 256
311 314
350 353
52 55
304 307
54 57
89 92
225 228
218 221
65 68
163 166
262 265
11 14
238 241
188 191
355 358
232 235
146 149
147 150
141 144
201 204
191 194
382 385
270 273
55 58
172 175
78 81
111 114
14 17
217 220
236 239
247 250
30 33
326 329
312 315
174 177
73 76
100 103
384 387
286 289
320 323
181 184
338 341
325 328
277 280
380 383
367 370
106 109
103 106
296 299
235 238
273 276
343 346
359 362
45 48
381 384
348 351
192 195
117 120
120 123
39 42
189 192
137 140
215 218
6 9
329 332
298 301
378 381
248 251
29 32
125 128
313 316
275 278
368 371
162 165
281 284
303 306
167 170
72 75
154 157
280 283
333 336
195 198
25 28
231 234
287 290
301 304
271 274
127 130
24 27
170 173
318 321
186 189
257 260
159 162
360 363
60 63
317 320
153 156
226 229
9 12
388 391
363 366
51 54
168 171
59 62
285 288
58 61
108 111
22 25
357 360
5 8
335 338
272 275
322 325
88 91
334 337
219 222
70 73
126 129
314 317
27 30
26 29
109 112
244 247
319 322
33 36
284 287
102 105
261 264
243 246
148 151
149 152
84 87
242 245
237 240
276 279
175 178
264 267
157 160
392 395
358 361
331 334
267 270
282 285
234 237
295 298
361 364
321 324
354 357
249 252
365 368
263 266
92 95
122 125
32 35
300 303
104 107
139 142
383 386
307 310
152 155
246 249
169 172
119 122
113 116
17 20
91 94
105 108
180 183
95 98
87 90
10 13
305 308
42 45
18 21
129 132
209 212
161 164
193 196
278 281
241 244
212 215
372 375
50 53
156 159
19 22
158 161
379 382
362 365
279 282
254 257
347 350
61 64
187 190
269 272
184 187
240 243
265 268
62 65
345 348
266 269
230 233
131 134
16 19
133 136
150 153
124 127
375 378
71 74
57 60
123 126
7 10
324 327
259 262
144 147
44 47
86 89
370 373
386 389
112 115
288 291
83 86
373 376
23 26
337 340
395 398
309 312
128 131
182 185
398 401
98 101
143 146
390 393
332 335
41 44
166 169
315 318
115 118
77 80
377 380
93 96
173 176
66 69
81 84
3 6
205 208
8 11
63 66
214 217
1 4
165 168
393 396
229 232
47 50
376 379
79 82
374 377
256 259
0 3
34 37
336 339
36 39
164 167
208 211
90 93
114 117
145 148
46 49
289 292
132 135
396 399
255 258
110 113
353 356
206 209
283 286
344 347
38 41
94 97
394 397
107 110
250 253
228 231
364 367
297 300
308 311
68 71
35 38
252 255
64 67
294 297
239 242
116 119
12 15
142 145
366 369
203 206
82 85
200 203
222 225
202 205
323 326
177 180
28 31
260 263
183 186
251 254
328 331
48 51
371 374
76 79
178 181
351 354
268 271
291 294
43 46
224 227
346 349
223 226
