940
435 438
871 874
227 230
268 271
221 224
562 565
401 404
504 507
248 251
456 459
353 356
571 574
35 38
68 71
328 331
372 375
135 138
714 717
830 833
448 451
884 887
445 448
519 522
758 761
393 396
566 569
261 264
848 851
512 515
420 423
692 695
877 880
580 583
158 161
669 672
118 121
41 44
711 714
509 512
785 788
133 136
872 875
258 261
637 640
575 578
138 141
292 295
782 785
742 745
76 79
209 212
241 244
927 930
211 214
265 268
145 148
754 757
229 232
299 302
761 764
646 649
536 539
859 862
356 359
469 472
119 122
616 619
457 460
812 815
755 758
46 49
624 627
701 704
595 598
294 297
505 508
23 26
500 503
8 11
433 436
899 902
218 221
52 55
493 496
640 643
677 680
210 213
508 511
279 282
410 413
378 381
786 789
466 469
348 351
702 705
846 849
78 81
923 926
257 260
712 715
178 181
349 352
565 568
486 489
922 925
516 519
829 832
543 546
790 793
539 542
739 742
73 76
25 28
105 108
370 373
240 243
148 151
683 686
895 898
533 536
656 659
79 82
256 259
918 921
688 691
529 532
233 236
390 393
284 287
625 628
746 749
1 4
196 199
398 401
342 345
86 89
399 402
264 267
487 490
863 866
865 868
141 144
574 577
42 45
517 520
915 918
662 665
731 734
40 43
442 445
181 184
371 374
359 362
896 899
204 207
902 905
455 458
311 314
647 650
367 370
602 605
423 426
407 410
573 576
526 529
472 475
636 639
933 936
322 325
117 120
2 5
929 932
557 560
417 420
15 18
162 165
675 678
207 210
826 829
81 84
152 155
289 292
568 571
873 876
750 753
65 68
345 348
569 572
50 53
412 415
306 309
799 802
706 709
900 903
159 162
300 303
886 889
762 765
28 31
835 838
720 723
242 245
355 358
266 269
694 697
773 776
687 690
797 800
413 416
666 669
778 781
479 482
309 312
860 863
523 526
724 727
658 661
858 861
193 196
868 871
628 631
169 172
174 177
373 376
907 910
537 540
55 58
745 748
298 301
77 80
187 190
594 597
631 634
451 454
411 414
102 105
303 306
244 247
806 809
96 99
464 467
22 25
325 328
255 258
608 611
916 919
795 798
741 744
777 780
740 743
834 837
515 518
759 762
199 202
779 782
823 826
273 276
639 642
908 911
930 933
713 716
490 493
291 294
870 873
825 828
188 191
901 904
894 897
921 924
115 118
841 844
163 166
931 934
234 237
313 316
327 330
800 803
885 888
44 47
828 831
732 735
87 90
263 266
771 774
104 107
383 386
24 27
415 418
867 870
143 146
146 149
552 555
344 347
47 50
463 466
936 939
605 608
792 795
452 455
150 153
558 561
590 593
793 796
764 767
776 779
319 322
696 699
721 724
228 231
728 731
917 920
717 720
601 604
783 786
467 470
132 135
323 326
748 751
238 241
84 87
83 86
71 74
893 896
864 867
130 133
684 687
43 46
53 56
362 365
664 667
37 40
109 112
579 582
555 558
747 750
239 242
4 7
775 778
392 395
316 319
206 209
403 406
547 550
492 495
583 586
297 300
395 398
208 211
473 476
235 238
560 563
54 57
753 756
474 477
798 801
685 688
272 275
396 399
657 660
857 860
45 48
591 594
674 677
338 341
681 684
296 299
397 400
82 85
635 638
330 333
897 900
556 559
139 142
166 169
62 65
56 59
481 484
691 694
232 235
641 644
95 98
92 95
351 354
906 909
164 167
592 595
63 66
363 366
531 534
589 592
586 589
200 203
429 432
281 284
179 182
458 461
903 906
471 474
878 881
454 457
875 878
514 517
237 240
643 646
16 19
585 588
807 810
808 811
385 388
334 337
175 178
430 433
182 185
600 603
704 707
144 147
642 645
757 760
364 367
387 390
127 130
195 198
100 103
332 335
676 679
660 663
202 205
26 29
698 701
5 8
549 552
824 827
772 775
465 468
431 434
822 825
88 91
89 92
427 430
597 600
665 668
280 283
120 123
802 805
613 616
816 819
125 128
821 824
791 794
632 635
203 206
34 37
129 132
814 817
671 674
243 246
27 30
136 139
851 854
545 548
449 452
360 363
230 233
477 480
603 606
804 807
891 894
114 117
582 585
290 293
183 186
722 725
391 394
137 140
909 912
561 564
483 486
154 157
934 937
606 609
596 599
19 22
177 180
121 124
404 407
937 940
285 288
33 36
850 853
578 581
847 850
718 721
576 579
113 116
226 229
524 527
270 273
185 188
110 113
699 702
567 570
630 633
866 869
112 115
31 34
254 257
18 21
482 485
282 285
532 535
426 429
542 545
414 417
852 855
815 818
570 573
462 465
910 913
649 652
173 176
30 33
74 77
803 806
301 304
57 60
213 216
94 97
305 308
836 839
29 32
217 220
497 500
496 499
726 729
563 566
287 290
80 83
308 311
450 453
723 726
278 281
540 543
553 556
890 893
849 852
453 456
840 843
219 222
874 877
366 369
898 901
737 740
358 361
544 547
369 372
424 427
447 450
357 360
819 822
212 215
661 664
554 557
727 730
247 250
149 152
498 501
321 324
520 523
461 464
444 447
678 681
379 382
527 530
751 754
222 225
260 263
680 683
153 156
760 763
134 137
51 54
48 51
147 150
443 446
275 278
652 655
844 847
733 736
510 513
842 845
98 101
856 859
522 525
501 504
654 657
488 491
709 712
869 872
250 253
559 562
220 223
286 289
405 408
302 305
350 353
107 110
752 755
216 219
157 160
638 641
131 134
459 462
246 249
818 821
66 69
584 587
428 431
408 411
161 164
402 405
926 929
577 580
839 842
14 17
470 473
765 768
697 700
12 15
32 35
416 419
17 20
913 916
530 533
72 75
925 928
409 412
436 439
269 272
184 187
336 339
693 696
521 524
36 39
883 886
668 671
880 883
618 621
252 255
165 168
156 159
756 759
811 814
253 256
928 931
425 428
837 840
3 6
307 310
91 94
262 265
604 607
333 336
375 378
198 201
738 741
61 64
820 823
485 488
817 820
320 323
813 816
231 234
315 318
381 384
103 106
60 63
388 391
653 656
503 506
123 126
541 544
160 163
191 194
670 673
914 917
140 143
650 653
655 658
620 623
904 907
376 379
205 208
421 424
377 380
312 315
365 368
20 23
932 935
267 270
324 327
475 478
476 479
810 813
295 298
768 771
525 528
507 510
627 630
634 637
703 706
730 733
126 129
538 541
352 355
384 387
176 179
318 321
67 70
663 666
480 483
682 685
784 787
215 218
167 170
58 61
13 16
49 52
629 632
288 291
528 531
347 350
339 342
85 88
331 334
612 615
788 791
201 204
621 624
805 808
293 296
314 317
767 770
75 78
744 747
440 443
551 554
99 102
460 463
93 96
225 228
659 662
920 923
7 10
168 171
224 227
495 498
598 601
588 591
10 13
341 344
502 505
108 111
686 689
705 708
534 537
766 769
719 722
335 338
283 286
155 158
853 856
781 784
888 891
879 882
106 109
142 145
801 804
876 879
924 927
572 575
794 797
310 313
251 254
39 42
645 648
343 346
770 773
607 610
716 719
400 403
9 12
419 422
329 332
354 357
707 710
190 193
124 127
838 841
882 885
667 670
97 100
622 625
506 509
725 728
644 647
679 682
304 307
317 320
695 698
437 440
277 280
361 364
116 119
854 857
548 551
151 154
172 175
633 636
689 692
236 239
845 848
587 590
441 444
374 377
905 908
386 389
21 24
599 602
194 197
223 226
609 612
889 892
831 834
249 252
111 114
192 195
796 799
518 521
70 73
729 732
446 449
171 174
789 792
259 262
494 497
274 277
389 392
245 248
763 766
769 772
832 835
546 549
380 383
919 922
581 584
439 442
833 836
749 752
938 941
892 895
734 737
715 718
615 618
122 125
368 371
911 914
64 67
180 183
489 492
0 3
382 385
912 915
189 192
887 890
484 487
346 349
787 790
736 739
271 274
186 189
128 131
861 864
827 830
651 654
69 72
774 777
708 711
614 617
337 340
434 437
535 538
843 846
422 425
511 514
38 41
468 471
700 703
276 279
170 173
619 622
499 502
626 629
743 746
214 217
648 651
617 620
672 675
939 942
862 865
809 812
340 343
326 329
6 9
673 676
623 626
418 421
735 738
432 435
610 613
611 614
564 567
710 713
59 62
780 783
491 494
101 104
478 481
438 441
197 200
881 884
935 938
690 693
593 596
513 516
855 858
394 397
406 409
11 14
90 93
550 553
