160
30 33
24 27
149 152
31 34
157 160
153 156
148 151
141 144
97 100
117 120
74 77
52 55
73 76
124 127
49 52
54 57
130 133
151 154
107 110
114 117
62 65
40 43
69 72
152 155
2 5
111 114
125 128
92 95
110 113
58 61
159 162
102 105
20 23
32 35
36 39
21 24
4 7
115 118
59 62
136 139
133 136
93 96
79 82
50 53
11 14
132 135
108 111
139 142
131 134
138 141
12 15
29 32
147 150
137 140
82 85
7 10
18 21
98 101
27 30
39 42
123 126
126 129
72 75
96 99
53 56
25 28
1 4
143 146
155 158
51 54
46 49
134 137
64 67
0 3
150 153
154 157
37 40
14 17
100 103
77 80
89 92
19 22
156 159
70 73
56 59
48 51
144 147
101 104
35 38
42 45
142 145
10 13
106 109
60 63
83 86
119 122
57 60
120 123
15 18
17 20
33 36
41 44
28 31
65 68
23 26
122 125
34 37
116 119
22 25
47 50
13 16
9 12
127 130
80 83
44 47
16 19
109 112
128 131
43 46
112 115
66 69
81 84
61 64
68 71
5 8
87 90
85 88
105 108
88 91
104 107
45 48
99 102
129 132
103 106
145 148
91 94
140 143
135 138
90 93
78 81
118 121
26 29
3 6
158 161
146 149
86 89
113 116
95 98
55 58
8 11
71 74
76 79
94 97
75 78
6 9
67 70
38 41
121 124
63 66
84 87
