220
1 4
186 189
181 184
180 183
168 171
156 159
86 89
123 126
63 66
82 85
207 210
30 33
35 38
176 179
187 190
17 20
147 150
99 102
8 11
205 208
154 157
158 161
61 64
84 87
67 70
155 158
125 128
39 42
174 177
179 182
45 48
70 73
47 50
157 160
190 193
106 109
121 124
140 143
65 68
163 166
93 96
88 91
33 36
192 195
92 95
203 206
13 16
151 154
36 39
41 44
219 222
54 57
202 205
170 173
119 122
76 79
208 211
105 108
137 140
102 105
135 138
46 49
130 133
183 186
103 106
210 213
7 10
66 69
16 19
59 62
134 137
211 214
169 172
34 37
136 139
19 22
115 118
73 76
213 216
139 142
199 202
28 31
146 149
204 207
138 141
62 65
141 144
167 170
159 162
132 135
150 153
122 125
126 129
175 178
90 93
74 77
148 151
12 15
195 198
201 204
53 56
217 220
11 14
29 32
14 17
42 45
209 212
164 167
43 46
108 111
218 221
198 201
104 107
4 7
26 29
83 86
171 174
188 191
107 110
206 209
129 132
214 217
191 194
32 35
60 63
51 54
44 47
68 71
162 165
182 185
120 123
22 25
113 116
20 23
3 6
0 3
117 120
216 219
21 24
38 41
10 13
97 100
173 176
95 98
116 119
71 74
110 113
112 115
98 101
133 136
142 145
9 12
49 52
75 78
101 104
149 152
40 43
69 72
109 112
85 88
24 27
189 192
100 103
143 146
131 134
161 164
153 156
184 187
72 75
111 114
87 90
81 84
185 188
96 99
94 97
145 148
64 67
128 131
114 117
193 196
165 168
212 215
144 147
15 18
89 92
48 51
196 199
37 40
25 28
166 169
57 60
80 83
50 53
118 121
177 180
215 218
31 34
77 80
91 94
124 127
18 21
79 82
78 81
197 200
172 175
127 130
178 181
23 26
52 55
152 155
200 203
58 61
56 59
194 197
5 8
55 58
160 163
27 30
6 9
2 5
