190
6 9
5 8
159 162
150 153
78 81
75 78
132 135
30 33
166 169
99 102
3 6
72 75
126 129
158 161
50 53
64 67
7 10
60 63
16 19
157 160
172 175
121 124
135 138
95 98
79 82
152 155
46 49
27 30
73 76
149 152
176 179
151 154
178 181
127 130
134 137
33 36
183 186
141 144
71 74
153 156
101 104
180 183
39 42
103 106
58 61
12 15
25 28
32 35
49 52
81 84
55 58
69 72
165 168
185 188
70 73
137 140
123 126
110 113
45 48
184 187
104 107
154 157
175 178
112 115
40 43
4 7
22 25
86 89
24 27
56 59
136 139
52 55
182 185
160 163
170 173
62 65
168 171
130 133
156 159
115 118
114 117
171 174
174 177
1 4
145 148
28 31
94 97
57 60
133 136
59 62
140 143
36 39
189 192
63 66
111 114
138 141
44 47
8 11
61 64
89 92
187 190
83 86
155 158
67 70
20 23
88 91
11 14
179 182
92 95
65 68
10 13
139 142
147 150
125 128
91 94
19 22
122 125
35 38
113 116
42 45
128 131
0 3
161 164
124 127
41 44
76 79
120 123
43 46
26 29
105 108
29 32
23 26
14 17
118 121
108 111
148 151
109 112
37 40
84 87
51 54
66 69
98 101
53 56
34 37
162 165
131 134
82 85
15 18
188 191
173 176
119 122
164 167
169 172
167 170
68 71
38 41
177 180
17 20
47 50
146 149
97 100
48 51
106 109
144 147
181 184
93 96
85 88
117 120
100 103
142 145
77 80
31 34
80 83
9 12
74 77
18 21
2 5
116 119
129 132
163 166
90 93
13 16
143 146
96 99
87 90
107 110
54 57
102 105
186 189
21 24
