420
289 292
343 346
204 207
279 282
119 122
369 372
53 56
158 161
269 272
222 225
87 90
327 330
27 30
414 417
86 89
206 209
305 308
62 65
377 380
17 20
323 326
391 394
245 248
406 409
125 128
345 348
256 259
135 138
176 179
236 239
290 293
405 408
310 313
3 6
174 177
229 232
189 192
308 311
400 403
142 145
328 331
28 31
402 405
187 190
191 194
232 235
410 413
179 182
301 304
320 323
198 201
390 393
318 321
295 298
52 55
393 396
167 170
292 295
272 275
162 165
193 196
231 234
378 381
216 219
219 222
380 383
286 289
130 133
182 185
246 249
4 7
296 299
347 350
81 84
274 277
79 82
136 139
157 160
417 420
281 284
359 362
120 123
253 256
354 357
26 29
5 8
65 68
361 364
226 229
38 41
42 45
92 95
312 315
367 370
2 5
29 32
341 344
55 58
412 415
381 384
348 351
181 184
13 16
389 392
84 87
225 228
105 108
6 9
214 217
82 85
39 42
252 255
31 34
51 54
21 24
238 241
235 238
251 254
159 162
147 150
316 319
185 188
209 212
249 252
69 72
117 120
363 366
16 19
243 246
330 333
211 214
324 327
335 338
275 278
242 245
195 198
108 111
248 251
217 220
75 78
386 389
80 83
270 273
20 23
307 310
404 407
121 124
14 17
101 104
170 173
319 322
250 253
186 189
230 233
213 216
334 337
273 276
18 21
43 46
284 287
116 119
59 62
409 412
300 303
68 71
25 28
408 411
358 361
9 12
244 247
11 14
368 371
102 105
128 131
44 47
201 204
10 13
156 159
100 103
188 191
370 373
76 79
337 340
376 379
205 208
123 126
237 240
166 169
329 332
379 382
271 274
291 294
401 404
90 93
15 18
146 149
309 312
129 132
411 414
200 203
419 422
282 285
60 63
372 375
172 175
342 345
306 309
66 69
388 391
257 260
322 325
155 158
111 114
407 410
357 360
56 59
350 353
266 269
134 137
278 281
387 390
240 243
192 195
110 113
261 264
311 314
362 365
202 205
382 385
325 328
298 301
263 266
8 11
416 419
221 224
35 38
383 386
315 318
234 237
23 26
175 178
164 167
218 221
277 280
49 52
160 163
122 125
150 153
89 92
180 183
140 143
104 107
67 70
85 88
63 66
19 22
207 210
233 236
265 268
148 151
151 154
1 4
94 97
114 117
392 395
268 271
331 334
50 53
109 112
351 354
98 101
344 347
95 98
139 142
241 244
71 74
366 369
267 270
124 127
33 36
398 401
321 324
126 129
97 100
302 305
41 44
77 80
7 10
34 37
413 416
255 258
197 200
88 91
399 402
294 297
165 168
203 206
178 181
283 286
299 302
12 15
45 48
364 367
171 174
280 283
223 226
314 317
304 307
132 135
384 387
138 141
371 374
227 230
349 352
394 397
184 187
375 378
285 288
131 134
333 336
353 356
168 171
115 118
37 40
212 215
149 152
70 73
403 406
326 329
177 180
24 27
169 172
313 316
54 57
30 33
64 67
103 106
259 262
396 399
118 121
397 400
22 25
385 388
199 202
224 227
288 291
93 96
346 349
163 166
36 39
127 130
355 358
356 359
239 242
418 421
58 61
183 186
48 51
196 199
0 3
210 213
72 75
47 50
173 176
61 64
99 102
133 136
360 363
287 290
194 197
32 35
415 418
46 49
336 339
332 335
144 147
264 267
339 342
137 140
228 231
247 250
154 157
153 156
161 164
57 60
220 223
74 77
208 211
373 376
303 306
338 341
143 146
258 261
365 368
73 76
395 398
340 343
113 116
297 300
40 43
254 257
112 115
141 144
190 193
293 296
91 94
352 355
215 218
107 110
317 320
260 263
106 109
262 265
145 148
96 99
152 155
276 279
83 86
374 377
78 81
