900
702 705
491 494
585 588
178 181
661 664
275 278
518 521
496 499
417 420
875 878
693 696
66 69
881 884
580 583
734 737
365 368
879 882
459 462
254 257
419 422
857 860
575 578
111 114
637 640
393 396
899 902
64 67
878 881
293 296
776 779
174 177
714 717
569 572
145 148
462 465
640 643
828 831
728 731
17 20
201 204
727 730
309 312
633 636
108 111
854 857
529 532
480 483
452 455
12 15
283 286
11 14
720 723
86 89
686 689
311 314
235 238
736 739
892 895
184 187
392 395
660 663
436 439
395 398
223 226
324 327
767 770
245 248
63 66
428 431
248 251
891 894
376 379
582 585
853 856
808 811
107 110
112 115
105 108
576 579
800 803
350 353
292 295
389 392
242 245
55 58
674 677
533 536
665 668
671 674
115 118
503 506
378 381
485 488
118 121
209 212
859 862
266 269
483 486
122 125
287 290
194 197
599 602
757 760
523 526
274 277
747 750
58 61
743 746
646 649
863 866
795 798
280 283
525 528
896 899
694 697
87 90
50 53
774 777
851 854
495 498
605 608
253 256
364 367
839 842
377 380
264 267
426 429
318 321
381 384
411 414
594 597
310 313
864 867
402 405
536 539
723 726
554 557
150 153
817 820
688 691
28 31
895 898
453 456
492 495
75 78
697 700
239 242
305 308
416 419
27 30
803 806
884 887
177 180
361 364
612 615
574 577
295 298
564 567
342 345
331 334
456 459
344 347
679 682
656 659
418 421
458 461
3 6
268 271
93 96
45 48
541 544
247 250
298 301
36 39
641 644
573 576
794 797
154 157
667 670
210 213
156 159
46 49
23 26
20 23
186 189
410 413
590 593
647 650
487 490
315 318
38 41
334 337
739 742
545 548
588 591
710 713
497 500
382 385
584 587
319 322
320 323
420 423
855 858
349 352
207 210
243 246
834 837
102 105
820 823
653 656
504 507
806 809
670 673
636 639
849 852
502 505
110 113
131 134
639 642
240 243
726 729
648 651
623 626
425 428
383 386
461 464
616 619
848 851
650 653
437 440
143 146
766 769
354 357
553 556
299 302
229 232
802 805
894 897
328 331
778 781
787 790
754 757
644 647
0 3
4 7
54 57
158 161
100 103
200 203
512 515
705 708
825 828
351 354
162 165
836 839
363 366
148 151
168 171
478 481
139 142
380 383
630 633
845 848
155 158
597 600
215 218
422 425
624 627
827 830
703 706
199 202
233 236
897 900
391 394
347 350
551 554
167 170
394 397
339 342
204 207
336 339
775 778
68 71
244 247
493 496
490 493
522 525
90 93
649 652
858 861
15 18
534 537
165 168
412 415
258 261
472 475
538 541
41 44
819 822
149 152
885 888
758 761
400 403
813 816
676 679
741 744
520 523
29 32
206 209
359 362
119 122
6 9
860 863
700 703
273 276
524 527
805 808
539 542
872 875
348 351
396 399
559 562
786 789
685 688
681 684
444 447
473 476
278 281
577 580
246 249
126 129
414 417
838 841
821 824
652 655
25 28
5 8
10 13
532 535
67 70
627 630
514 517
737 740
220 223
701 704
439 442
406 409
52 55
2 5
642 645
276 279
547 550
72 75
730 733
71 74
438 441
738 741
183 186
450 453
353 356
113 116
447 450
680 683
267 270
762 765
157 160
499 502
80 83
801 804
250 253
708 711
117 120
609 612
763 766
74 77
189 192
297 300
367 370
330 333
103 106
614 617
214 217
78 81
407 410
222 225
601 604
463 466
57 60
61 64
542 545
826 829
683 686
125 128
579 582
98 101
470 473
619 622
666 669
255 258
449 452
432 435
379 382
288 291
505 508
777 780
804 807
185 188
97 100
427 430
543 546
337 340
790 793
687 690
84 87
865 868
831 834
792 795
358 361
629 632
302 305
812 815
772 775
528 531
345 348
481 484
750 753
140 143
555 558
116 119
13 16
434 437
440 443
369 372
724 727
486 489
617 620
130 133
340 343
645 648
44 47
277 280
852 855
843 846
713 716
190 193
769 772
626 629
142 145
39 42
228 231
782 785
890 893
252 255
663 666
146 149
631 634
137 140
123 126
85 88
515 518
755 758
632 635
303 306
73 76
317 320
94 97
371 374
732 735
746 749
408 411
329 332
704 707
435 438
842 845
152 155
771 774
1 4
716 719
83 86
809 812
30 33
135 138
519 522
779 782
571 574
557 560
441 444
423 426
673 676
742 745
321 324
24 27
882 885
134 137
678 681
578 581
508 511
390 393
886 889
669 672
867 870
677 680
684 687
401 404
159 162
82 85
698 701
824 827
725 728
844 847
256 259
560 563
91 94
810 813
397 400
659 662
658 661
847 850
731 734
709 712
793 796
507 510
615 618
572 575
570 573
211 214
296 299
164 167
526 529
651 654
517 520
294 297
707 710
622 625
430 433
197 200
862 865
442 445
770 773
531 534
822 825
476 479
231 234
335 338
717 720
212 215
282 285
898 901
489 492
835 838
121 124
618 621
217 220
271 274
355 358
581 584
540 543
133 136
592 595
628 631
260 263
607 610
16 19
153 156
765 768
352 355
876 879
893 896
346 349
338 341
232 235
457 460
101 104
70 73
128 131
474 477
372 375
127 130
69 72
446 449
166 169
760 763
198 201
196 199
833 836
611 614
888 891
868 871
374 377
874 877
306 309
386 389
409 412
655 658
261 264
856 859
721 724
798 801
454 457
711 714
469 472
21 24
322 325
81 84
218 221
22 25
784 787
300 303
871 874
109 112
234 237
510 513
388 391
42 45
281 284
837 840
51 54
761 764
768 771
403 406
370 373
635 638
587 590
668 671
602 605
690 693
511 514
880 883
31 34
99 102
873 876
14 17
176 179
562 565
265 268
399 402
467 470
429 432
500 503
96 99
205 208
468 471
832 835
173 176
138 141
516 519
224 227
136 139
610 613
664 667
398 401
289 292
445 448
759 762
830 833
785 788
756 759
546 549
719 722
285 288
608 611
749 752
494 497
883 886
238 241
431 434
796 799
789 792
405 408
270 273
356 359
829 832
341 344
591 594
451 454
699 702
272 275
366 369
225 228
530 533
33 36
567 570
654 657
745 748
561 564
221 224
589 592
106 109
583 586
203 206
672 675
216 219
603 606
284 287
513 516
501 504
484 487
488 491
621 624
735 738
308 311
797 800
129 132
7 10
718 721
147 150
384 387
751 754
373 376
604 607
733 736
887 890
861 864
748 751
548 551
230 233
565 568
172 175
104 107
179 182
729 732
568 571
161 164
814 817
613 616
269 272
313 316
773 776
343 346
550 553
870 873
556 559
192 195
421 424
521 524
535 538
695 698
479 482
9 12
712 715
290 293
56 59
506 509
193 196
689 692
692 695
443 446
180 183
89 92
799 802
643 646
682 685
333 336
764 767
455 458
465 468
696 699
304 307
715 718
62 65
144 147
307 310
850 853
314 317
657 660
566 569
18 21
815 818
316 319
92 95
114 117
596 599
807 810
448 451
620 623
332 335
791 794
43 46
563 566
424 427
706 709
227 230
740 743
208 211
471 474
477 480
26 29
387 390
600 603
415 418
151 154
249 252
498 501
811 814
77 80
191 194
841 844
226 229
40 43
286 289
262 265
783 786
241 244
132 135
76 79
375 378
549 552
323 326
49 52
362 365
634 637
236 239
866 869
385 388
537 540
360 363
877 880
37 40
160 163
187 190
35 38
368 371
593 596
823 826
312 315
291 294
691 694
595 598
48 51
869 872
257 260
175 178
889 892
818 821
188 191
357 360
237 240
638 641
788 791
816 819
598 601
482 485
79 82
846 849
19 22
124 127
120 123
753 756
47 50
263 266
466 469
60 63
662 665
327 330
325 328
464 467
301 304
460 463
279 282
59 62
202 205
8 11
722 725
88 91
219 222
95 98
53 56
251 254
675 678
625 628
404 407
259 262
170 173
475 478
34 37
527 530
558 561
163 166
606 609
213 216
171 174
182 185
195 198
169 172
840 843
433 436
752 755
413 416
326 329
586 589
544 547
781 784
32 35
141 144
780 783
509 512
65 68
744 747
552 555
181 184
