650
223 226
266 269
580 583
171 174
492 495
71 74
467 470
129 132
315 318
639 642
208 211
87 90
354 357
298 301
583 586
213 216
562 565
634 637
352 355
630 633
282 285
472 475
517 520
466 469
426 429
420 423
436 439
275 278
448 451
168 171
339 342
54 57
598 601
21 24
154 157
142 145
76 79
603 606
185 188
7 10
93 96
261 264
593 596
159 162
453 456
212 215
355 358
521 524
251 254
427 430
604 607
635 638
202 205
552 555
488 491
551 554
42 45
320 323
99 102
133 136
36 39
214 217
473 476
276 279
622 625
558 561
575 578
544 547
117 120
522 525
249 252
304 307
442 445
387 390
614 617
258 261
372 375
191 194
394 397
201 204
327 330
56 59
399 402
61 64
388 391
146 149
40 43
381 384
342 345
391 394
184 187
297 300
435 438
103 106
14 17
15 18
647 650
400 403
306 309
615 618
248 251
628 631
157 160
41 44
22 25
274 277
120 123
237 240
74 77
455 458
640 643
457 460
494 497
341 344
441 444
417 420
559 562
624 627
122 125
173 176
227 230
217 220
107 110
456 459
374 377
89 92
1 4
412 415
152 155
446 449
228 231
626 629
225 228
445 448
83 86
362 365
350 353
84 87
367 370
506 509
34 37
486 489
520 523
574 577
462 465
408 411
326 329
35 38
347 350
619 622
382 385
539 542
95 98
411 414
487 490
469 472
263 266
187 190
500 503
255 258
618 621
247 250
508 511
80 83
602 605
97 100
215 218
206 209
19 22
174 177
566 569
440 443
458 461
429 432
192 195
197 200
528 531
98 101
264 267
310 313
513 516
119 122
460 463
613 616
91 94
360 363
301 304
645 648
356 359
38 41
26 29
270 273
118 121
431 434
160 163
477 480
291 294
165 168
319 322
503 506
461 464
39 42
507 510
449 452
116 119
337 340
606 609
57 60
318 321
20 23
369 372
621 624
175 178
110 113
392 395
70 73
527 530
62 65
424 427
432 435
338 341
505 508
554 557
271 274
86 89
140 143
199 202
414 417
81 84
290 293
269 272
63 66
2 5
31 34
257 260
259 262
161 164
292 295
363 366
607 610
498 501
6 9
3 6
389 392
474 477
336 339
260 263
138 141
348 351
476 479
127 130
343 346
245 248
570 573
644 647
166 169
73 76
563 566
579 582
597 600
471 474
406 409
398 401
94 97
229 232
459 462
365 368
10 13
253 256
134 137
434 437
262 265
395 398
128 131
525 528
316 319
190 193
371 374
51 54
244 247
501 504
233 236
591 594
344 347
18 21
52 55
612 615
599 602
375 378
164 167
150 153
78 81
499 502
176 179
328 331
101 104
605 608
378 381
226 229
123 126
289 292
90 93
572 575
438 441
308 311
60 63
162 165
531 534
443 446
125 128
409 412
219 222
12 15
590 593
198 201
482 485
404 407
321 324
620 623
532 535
288 291
569 572
478 481
403 406
377 380
510 513
519 522
428 431
17 20
324 327
582 585
33 36
296 299
85 88
75 78
376 379
589 592
8 11
151 154
423 426
182 185
437 440
581 584
121 124
232 235
236 239
163 166
353 356
224 227
77 80
364 367
595 598
468 471
254 257
136 139
183 186
601 604
28 31
447 450
193 196
632 635
586 589
167 170
196 199
178 181
238 241
124 127
300 303
514 517
491 494
633 636
106 109
273 276
530 533
610 613
578 581
359 362
299 302
221 224
96 99
284 287
64 67
309 312
250 253
564 567
433 436
105 108
516 519
82 85
402 405
113 116
115 118
592 595
280 283
186 189
512 515
109 112
616 619
239 242
385 388
286 289
235 238
346 349
169 172
313 316
357 360
502 505
546 549
294 297
349 352
649 652
88 91
422 425
495 498
141 144
571 574
256 259
490 493
418 421
534 537
305 308
393 396
368 371
541 544
72 75
452 455
401 404
550 553
638 641
465 468
421 424
25 28
194 197
92 95
172 175
489 492
444 447
240 243
481 484
419 422
627 630
317 320
211 214
648 651
29 32
283 286
565 568
396 399
496 499
149 152
600 603
302 305
43 46
485 488
509 512
555 558
529 532
265 268
55 58
556 559
242 245
189 192
102 105
23 26
625 628
131 134
631 634
332 335
27 30
540 543
231 234
153 156
0 3
573 576
504 507
177 180
351 354
609 612
557 560
322 325
642 645
203 206
45 48
547 550
587 590
230 233
132 135
234 237
567 570
334 337
340 343
410 413
397 400
314 317
48 51
281 284
158 161
611 614
53 56
585 588
515 518
637 640
209 212
323 326
303 306
484 487
450 453
643 646
537 540
312 315
9 12
366 369
358 361
361 364
646 649
416 419
287 290
195 198
135 138
617 620
144 147
126 129
278 281
205 208
479 482
329 332
24 27
330 333
588 591
47 50
279 282
4 7
549 552
383 386
32 35
243 246
11 14
568 571
636 639
204 207
155 158
69 72
333 336
623 626
267 270
511 514
380 383
629 632
143 146
49 52
268 271
497 500
277 280
200 203
535 538
65 68
577 580
67 70
66 69
384 387
475 478
470 473
307 310
188 191
545 548
148 151
390 393
425 428
533 536
596 599
542 545
430 433
325 328
293 296
130 133
524 527
220 223
543 546
210 213
218 221
216 219
311 314
179 182
68 71
246 249
180 183
331 334
576 579
207 210
58 61
295 298
480 483
139 142
181 184
413 416
608 611
483 486
345 348
44 47
415 418
104 107
112 115
37 40
5 8
553 556
407 410
79 82
493 496
463 466
222 225
454 457
370 373
285 288
147 150
111 114
561 564
241 244
584 587
100 103
373 376
137 140
46 49
386 389
641 644
156 159
170 173
59 62
252 255
538 541
560 563
464 467
439 442
518 521
114 117
526 529
594 597
548 551
30 33
272 275
405 408
523 526
13 16
451 454
108 111
145 148
16 19
335 338
536 539
50 53
379 382
