480
178 181
256 259
37 40
106 109
188 191
117 120
327 330
329 332
148 151
406 409
67 70
136 139
202 205
240 243
114 117
395 398
169 172
213 216
135 138
20 23
159 162
56 59
123 126
357 360
362 365
260 263
297 300
101 104
57 60
383 386
392 395
320 323
314 317
257 260
233 236
25 28
336 339
120 123
2 5
462 465
43 46
338 341
206 209
437 440
334 337
151 154
48 51
143 146
179 182
139 142
365 368
472 475
34 37
16 19
432 435
286 289
190 193
171 174
426 429
344 347
418 421
389 392
82 85
23 26
121 124
216 219
69 72
214 217
428 431
46 49
129 132
360 363
198 201
235 238
382 385
127 130
96 99
187 190
8 11
331 334
439 442
385 388
393 396
137 140
78 81
91 94
134 137
363 366
351 354
377 380
99 102
335 338
126 129
199 202
372 375
182 185
421 424
70 73
300 303
150 153
125 128
17 20
133 136
203 206
72 75
474 477
142 145
353 356
294 297
62 65
386 389
281 284
411 414
68 71
449 452
192 195
201 204
10 13
461 464
66 69
452 455
456 459
291 294
172 175
13 16
5 8
124 127
174 177
272 275
337 340
200 203
98 101
116 119
445 448
275 278
420 423
373 376
423 426
130 133
86 89
442 445
30 33
44 47
244 247
341 344
1 4
251 254
221 224
40 43
0 3
132 135
184 187
342 345
168 171
144 147
332 335
384 387
58 61
218 221
185 188
276 279
473 476
236 239
217 220
398 401
231 234
3 6
307 310
323 326
290 293
309 312
359 362
24 27
73 76
390 393
258 261
394 397
84 87
469 472
467 470
128 131
170 173
415 418
11 14
152 155
230 233
361 364
115 118
296 299
358 361
325 328
252 255
427 430
324 327
29 32
94 97
333 336
378 381
160 163
355 358
376 379
176 179
12 15
140 143
145 148
366 369
305 308
175 178
181 184
266 269
468 471
273 276
250 253
267 270
32 35
92 95
164 167
197 200
318 321
285 288
347 350
108 111
302 305
311 314
226 229
454 457
39 42
375 378
458 461
242 245
154 157
254 257
209 212
243 246
35 38
306 309
369 372
455 458
430 433
83 86
470 473
370 373
459 462
93 96
299 302
22 25
379 382
429 432
450 453
444 447
76 79
156 159
234 237
195 198
436 439
460 463
7 10
138 141
166 169
63 66
122 125
65 68
343 346
119 122
478 481
196 199
399 402
167 170
407 410
173 176
104 107
157 160
189 192
194 197
424 427
303 306
416 419
312 315
163 166
374 377
304 307
287 290
339 342
141 144
55 58
380 383
249 252
348 351
403 406
476 479
100 103
223 226
434 437
391 394
212 215
349 352
85 88
81 84
31 34
232 235
262 265
158 161
227 230
463 466
317 320
60 63
52 55
110 113
371 374
277 280
293 296
241 244
326 329
64 67
321 324
464 467
113 116
253 256
443 446
396 399
247 250
387 390
408 411
457 460
340 343
410 413
118 121
356 359
283 286
368 371
350 353
261 264
402 405
131 134
328 331
263 266
149 152
219 222
412 415
220 223
264 267
409 412
27 30
79 82
193 196
471 474
147 150
330 333
401 404
255 258
54 57
475 478
9 12
77 80
446 449
237 240
271 274
42 45
146 149
270 273
345 348
109 112
265 268
413 416
21 24
87 90
239 242
245 248
191 194
268 271
447 450
59 62
301 304
453 456
153 156
405 408
47 50
111 114
53 56
207 210
354 357
397 400
319 322
229 232
288 291
388 391
4 7
316 319
155 158
278 281
14 17
448 451
61 64
162 165
90 93
95 98
211 214
45 48
225 228
479 482
165 168
180 183
75 78
215 218
259 262
71 74
346 349
310 313
222 225
315 318
102 105
80 83
433 436
417 420
210 213
205 208
88 91
313 316
279 282
74 77
282 285
36 39
204 207
19 22
33 36
425 428
466 469
322 325
51 54
295 298
97 100
6 9
284 287
177 180
431 434
352 355
41 44
269 272
280 283
400 403
103 106
186 189
238 241
465 468
112 115
28 31
308 311
364 367
367 370
18 21
292 295
89 92
183 186
50 53
441 444
298 301
161 164
228 231
404 407
38 41
248 251
477 480
440 443
438 441
246 249
289 292
26 29
451 454
381 384
49 52
15 18
422 425
435 438
414 417
208 211
419 422
105 108
224 227
107 110
274 277
