910
629 632
890 893
350 353
771 774
826 829
201 204
378 381
293 296
343 346
152 155
122 125
540 543
262 265
535 538
359 362
148 151
831 834
90 93
70 73
266 269
680 683
401 404
246 249
302 305
568 571
322 325
518 521
626 629
136 139
181 184
58 61
235 238
413 416
887 890
764 767
14 17
138 141
553 556
634 637
177 180
447 450
513 516
688 691
213 216
906 909
52 55
788 791
491 494
453 456
313 316
800 803
244 247
423 426
236 239
462 465
431 434
591 594
811 814
111 114
37 40
11 14
673 676
570 573
424 427
683 686
477 480
173 176
717 720
126 129
798 801
479 482
898 901
903 906
889 892
162 165
291 294
529 532
381 384
744 747
349 352
675 678
374 377
146 149
794 797
466 469
290 293
317 320
165 168
57 60
327 330
3 6
773 776
301 304
26 29
602 605
402 405
534 537
270 273
801 804
416 419
189 192
232 235
192 195
575 578
306 309
503 506
856 859
383 386
323 326
569 572
60 63
415 418
792 795
425 428
658 661
194 197
444 447
841 844
485 488
4 7
459 462
77 80
74 77
420 423
516 519
692 695
550 553
143 146
319 322
611 614
365 368
500 503
202 205
81 84
711 714
765 768
741 744
567 570
93 96
210 213
174 177
597 600
718 721
732 735
564 567
893 896
517 520
87 90
21 24
139 142
30 33
442 445
849 852
171 174
704 707
271 274
289 292
624 627
406 409
51 54
84 87
871 874
650 653
29 32
73 76
853 856
712 715
107 110
204 207
668 671
749 752
816 819
538 541
333 336
552 555
882 885
418 421
476 479
256 259
54 57
44 47
371 374
337 340
674 677
278 281
474 477
33 36
113 116
156 159
724 727
499 502
249 252
818 821
16 19
355 358
141 144
612 615
367 370
595 598
695 698
243 246
810 813
99 102
558 561
475 478
224 227
496 499
361 364
158 161
709 712
240 243
613 616
607 610
114 117
92 95
125 128
654 657
42 45
632 635
185 188
330 333
560 563
310 313
753 756
421 424
428 431
369 372
601 604
363 366
649 652
27 30
215 218
411 414
286 289
530 533
901 904
844 847
149 152
636 639
85 88
307 310
627 630
762 765
120 123
713 716
486 489
866 869
230 233
45 48
909 912
61 64
786 789
528 531
590 593
754 757
40 43
380 383
897 900
603 606
585 588
32 35
279 282
565 568
699 702
456 459
433 436
9 12
72 75
669 672
229 232
728 731
904 907
663 666
5 8
498 501
819 822
684 687
147 150
24 27
885 888
160 163
531 534
847 850
67 70
731 734
748 751
756 759
144 147
234 237
571 574
752 755
254 257
13 16
454 457
80 83
419 422
509 512
292 295
172 175
723 726
572 575
639 642
360 363
873 876
472 475
823 826
96 99
238 241
615 618
483 486
497 500
117 120
221 224
368 371
604 607
445 448
53 56
582 585
345 348
759 762
56 59
855 858
473 476
175 178
121 124
865 868
561 564
549 552
399 402
725 728
79 82
547 550
493 496
481 484
382 385
280 283
277 280
71 74
781 784
348 351
514 517
253 256
589 592
379 382
883 886
227 230
222 225
609 612
133 136
876 879
733 736
167 170
6 9
226 229
439 442
822 825
776 779
735 738
334 337
97 100
746 749
251 254
405 408
592 595
821 824
600 603
482 485
838 841
739 742
25 28
59 62
388 391
458 461
89 92
2 5
373 376
198 201
264 267
714 717
211 214
610 613
116 119
487 490
377 380
755 758
707 710
104 107
265 268
510 513
828 831
35 38
285 288
492 495
802 805
829 832
751 754
777 780
297 300
525 528
127 130
734 737
892 895
861 864
250 253
803 806
573 576
715 718
902 905
851 854
532 535
614 617
747 750
894 897
145 148
166 169
870 873
693 696
358 361
239 242
520 523
880 883
767 770
780 783
750 753
661 664
660 663
645 648
370 373
797 800
408 411
64 67
867 870
542 545
706 709
760 763
805 808
187 190
768 771
118 121
193 196
848 851
583 586
839 842
512 515
188 191
159 162
888 891
430 433
137 140
541 544
316 319
294 297
196 199
694 697
782 785
470 473
209 212
787 790
721 724
305 308
834 837
720 723
128 131
102 105
98 101
247 250
665 668
19 22
76 79
124 127
621 624
455 458
161 164
846 849
703 706
233 236
397 400
95 98
457 460
191 194
697 700
793 796
20 23
686 689
351 354
598 601
28 31
8 11
119 122
208 211
46 49
287 290
863 866
702 705
219 222
267 270
519 522
69 72
685 688
0 3
352 355
157 160
38 41
295 298
815 818
827 830
49 52
17 20
795 798
696 699
274 277
284 287
78 81
394 397
263 266
245 248
39 42
526 529
774 777
150 153
843 846
544 547
332 335
895 898
282 285
672 675
325 328
809 812
47 50
586 589
258 261
207 210
584 587
807 810
22 25
581 584
404 407
907 910
328 331
875 878
852 855
555 558
869 872
41 44
670 673
341 344
461 464
103 106
393 396
448 451
877 880
730 733
628 631
623 626
261 264
666 669
100 103
554 557
701 704
225 228
619 622
140 143
536 539
340 343
835 838
170 173
50 53
858 861
644 647
791 794
655 658
599 602
336 339
186 189
112 115
231 234
690 693
450 453
836 839
109 112
817 820
437 440
164 167
566 569
463 466
524 527
299 302
296 299
616 619
562 565
129 132
63 66
342 345
905 908
134 137
729 732
896 899
678 681
384 387
576 579
808 811
432 435
605 608
115 118
879 882
130 133
854 857
283 286
391 394
353 356
460 463
676 679
169 172
633 636
449 452
452 455
770 773
594 597
272 275
511 514
180 183
438 441
659 662
899 902
467 470
523 526
638 641
7 10
357 360
218 221
820 823
789 792
864 867
784 787
34 37
504 507
700 703
68 71
563 566
223 226
579 582
142 145
580 583
320 323
708 711
252 255
314 317
15 18
900 903
132 135
652 655
872 875
790 793
593 596
110 113
385 388
400 403
220 223
646 649
441 444
533 536
281 284
308 311
640 643
587 590
507 510
66 69
386 389
574 577
884 887
468 471
303 306
480 483
502 505
212 215
205 208
446 449
426 429
617 620
375 378
506 509
761 764
300 303
494 497
501 504
464 467
857 860
630 633
217 220
465 468
1 4
422 425
324 327
527 530
101 104
417 420
488 491
642 645
886 889
845 848
738 741
637 640
878 881
429 432
390 393
255 258
631 634
151 154
335 338
214 217
237 240
435 438
722 725
312 315
318 321
338 341
414 417
859 862
842 845
197 200
677 680
94 97
745 748
304 307
588 591
814 817
168 171
689 692
766 769
508 511
643 646
622 625
577 580
687 690
65 68
347 350
36 39
757 760
559 562
620 623
667 670
545 548
364 367
647 650
742 745
727 730
389 392
123 126
710 713
862 865
608 611
23 26
537 540
387 390
489 492
203 206
521 524
618 621
407 410
206 209
12 15
478 481
772 775
31 34
443 446
339 342
311 314
635 638
269 272
48 51
228 231
653 656
396 399
490 493
82 85
539 542
881 884
543 546
471 474
260 263
671 674
356 359
522 525
309 312
354 357
874 877
769 772
682 685
451 454
409 412
329 332
860 863
804 807
691 694
392 395
43 46
641 644
726 729
268 271
840 843
288 291
366 369
705 708
837 840
548 551
195 198
10 13
625 628
259 262
86 89
427 430
736 739
436 439
91 94
719 722
412 415
298 301
546 549
398 401
824 827
775 778
825 828
651 654
153 156
200 203
440 443
372 375
131 134
362 365
395 398
376 379
806 809
321 324
606 609
257 260
163 166
176 179
796 799
88 91
199 202
275 278
556 559
190 193
778 781
891 894
716 719
216 219
83 86
484 487
679 682
108 111
344 347
758 761
648 651
178 181
62 65
740 743
75 78
179 182
135 138
813 816
495 498
105 108
657 660
557 560
832 835
656 659
331 334
743 746
578 581
830 833
785 788
596 599
155 158
662 665
551 554
326 329
106 109
55 58
315 318
833 836
241 244
184 187
664 667
737 740
434 437
783 786
763 766
346 349
908 911
850 853
515 518
154 157
276 279
403 406
779 782
182 185
273 276
242 245
799 802
18 21
183 186
248 251
505 508
868 871
698 701
410 413
812 815
469 472
681 684
