140
37 40
109 112
90 93
28 31
87 90
21 24
42 45
57 60
137 140
121 124
74 77
126 129
114 117
0 3
45 48
127 130
64 67
118 121
95 98
106 109
22 25
33 36
67 70
52 55
1 4
135 138
102 105
73 76
23 26
72 75
56 59
55 58
125 128
7 10
122 125
48 51
41 44
68 71
105 108
12 15
100 103
98 101
30 33
128 131
94 97
18 21
82 85
112 115
83 86
130 133
65 68
134 137
81 84
35 38
50 53
61 64
119 122
11 14
124 127
107 110
9 12
24 27
123 126
25 28
17 20
131 134
86 89
8 11
111 114
110 113
113 116
58 61
39 42
5 8
32 35
108 111
69 72
44 47
116 119
3 6
26 29
97 100
51 54
40 43
138 141
99 102
115 118
16 19
47 50
34 37
85 88
88 91
31 34
66 69
84 87
6 9
60 63
4 7
63 66
129 132
14 17
92 95
77 80
19 22
36 39
133 136
62 65
70 73
75 78
76 79
71 74
120 123
89 92
132 135
139 142
91 94
93 96
53 56
78 81
136 139
49 52
59 62
20 23
101 104
10 13
104 107
96 99
38 41
103 106
2 5
54 57
15 18
27 30
46 49
13 16
117 120
79 82
43 46
29 32
80 83
