630
32 35
387 390
146 149
103 106
589 592
582 585
412 415
420 423
15 18
143 146
521 524
329 332
556 559
174 177
207 210
361 364
311 314
489 492
608 611
84 87
214 217
234 237
407 410
628 631
575 578
484 487
317 320
558 561
269 272
546 549
433 436
529 532
110 113
581 584
567 570
228 231
471 474
224 227
306 309
408 411
460 463
498 501
139 142
371 374
538 541
155 158
390 393
278 281
249 252
594 597
316 319
135 138
255 258
66 69
392 395
493 496
610 613
145 148
446 449
151 154
616 619
200 203
131 134
230 233
14 17
389 392
148 151
362 365
462 465
102 105
208 211
561 564
235 238
438 441
619 622
335 338
77 80
322 325
597 600
211 214
115 118
238 241
406 409
602 605
563 566
579 582
30 33
205 208
43 46
177 180
313 316
620 623
245 248
340 343
615 618
369 372
409 412
411 414
437 440
541 544
223 226
169 172
231 234
355 358
187 190
39 42
61 64
218 221
405 408
117 120
607 610
19 22
88 91
56 59
105 108
482 485
427 430
251 254
201 204
67 70
248 251
382 385
85 88
439 442
173 176
93 96
374 377
256 259
609 612
465 468
18 21
440 443
2 5
12 15
41 44
258 261
600 603
360 363
268 271
113 116
621 624
472 475
547 550
7 10
35 38
466 469
232 235
57 60
448 451
186 189
513 516
240 243
470 473
292 295
459 462
122 125
153 156
435 438
480 483
150 153
507 510
565 568
474 477
519 522
320 323
44 47
497 500
159 162
118 121
267 270
461 464
257 260
137 140
64 67
52 55
286 289
264 267
503 506
328 331
572 575
259 262
53 56
128 131
164 167
237 240
532 535
580 583
27 30
410 413
401 404
483 486
299 302
136 139
314 317
375 378
196 199
185 188
92 95
206 209
76 79
303 306
272 275
62 65
290 293
598 601
590 593
121 124
219 222
210 213
436 439
323 326
463 466
416 419
16 19
46 49
400 403
592 595
22 25
434 437
250 253
422 425
326 329
384 387
365 368
166 169
458 461
288 291
550 553
213 216
261 264
530 533
428 431
252 255
588 591
281 284
531 534
394 397
584 587
280 283
183 186
75 78
119 122
179 182
193 196
505 508
614 617
188 191
354 357
627 630
300 303
31 34
341 344
112 115
178 181
526 529
83 86
229 232
125 128
54 57
37 40
289 292
336 339
454 457
455 458
263 266
424 427
21 24
623 626
50 53
395 398
585 588
157 160
51 54
485 488
338 341
29 32
514 517
624 627
549 552
347 350
82 85
475 478
154 157
308 311
254 257
604 607
202 205
321 324
508 511
217 220
3 6
221 224
130 133
96 99
379 382
599 602
334 337
296 299
144 147
1 4
378 381
199 202
167 170
343 346
467 470
49 52
536 539
548 551
138 141
247 250
81 84
244 247
488 491
449 452
195 198
442 445
605 608
55 58
47 50
496 499
108 111
273 276
524 527
625 628
476 479
297 300
622 625
260 263
309 312
348 351
527 530
537 540
398 401
90 93
192 195
127 130
191 194
97 100
564 567
569 572
555 558
509 512
570 573
367 370
63 66
421 424
429 432
376 379
586 589
352 355
491 494
294 297
4 7
287 290
520 523
333 336
425 428
17 20
595 598
423 426
142 145
553 556
370 373
60 63
100 103
523 526
265 268
415 418
518 521
510 513
544 547
344 347
629 632
23 26
298 301
227 230
276 279
94 97
197 200
528 531
10 13
487 490
626 629
443 446
87 90
59 62
618 621
34 37
203 206
65 68
163 166
404 407
285 288
13 16
111 114
441 444
307 310
596 599
516 519
282 285
236 239
156 159
78 81
38 41
198 201
450 453
89 92
246 249
204 207
98 101
566 569
613 616
33 36
116 119
194 197
0 3
319 322
129 132
363 366
557 560
291 294
24 27
346 349
184 187
431 434
552 555
447 450
512 515
402 405
432 435
327 330
293 296
45 48
20 23
175 178
161 164
606 609
168 171
583 586
134 137
233 236
562 565
560 563
559 562
176 179
70 73
571 574
525 528
69 72
73 76
270 273
391 394
212 215
349 352
25 28
325 328
492 495
68 71
40 43
332 335
473 476
315 318
403 406
5 8
277 280
417 420
533 536
95 98
399 402
28 31
477 480
504 507
451 454
79 82
419 422
222 225
74 77
351 354
243 246
120 123
189 192
149 152
109 112
160 163
522 525
339 342
58 61
241 244
114 117
397 400
48 51
9 12
385 388
366 369
80 83
318 321
209 212
42 45
452 455
364 367
506 509
6 9
478 481
101 104
396 399
72 75
312 315
345 348
126 129
152 155
494 497
593 596
305 308
358 361
170 173
215 218
540 543
543 546
11 14
216 219
611 614
393 396
295 298
359 362
275 278
337 340
542 545
534 537
99 102
372 375
107 110
426 429
274 277
324 327
283 286
133 136
511 514
601 604
158 161
603 606
180 183
517 520
266 269
481 484
414 417
181 184
578 581
331 334
574 577
486 489
141 144
353 356
239 242
302 305
612 615
301 304
539 542
500 503
468 471
464 467
104 107
479 482
444 447
262 265
456 459
502 505
469 472
226 229
545 548
554 557
373 376
220 223
356 359
453 456
36 39
165 168
495 498
383 386
106 109
413 416
284 287
445 448
71 74
377 380
26 29
182 185
368 371
490 493
577 580
587 590
140 143
86 89
350 353
418 421
430 433
591 594
388 391
91 94
132 135
380 383
171 174
576 579
304 307
162 165
330 333
457 460
242 245
147 150
8 11
190 193
279 282
568 571
381 384
310 313
617 620
499 502
515 518
551 554
253 256
271 274
172 175
386 389
225 228
535 538
123 126
357 360
342 345
573 576
124 127
501 504
