150
41 44
136 139
94 97
9 12
17 20
109 112
1 4
69 72
15 18
49 52
75 78
46 49
129 132
40 43
144 147
30 33
138 141
105 108
16 19
137 140
122 125
38 41
54 57
100 103
24 27
48 51
47 50
22 25
134 137
110 113
3 6
102 105
147 150
71 74
80 83
34 37
92 95
18 21
79 82
70 73
131 134
65 68
50 53
90 93
99 102
14 17
111 114
55 58
124 127
143 146
62 65
42 45
10 13
126 129
73 76
63 66
97 100
32 35
66 69
130 133
123 126
26 29
85 88
133 136
87 90
149 152
76 79
98 101
117 120
11 14
64 67
83 86
12 15
59 62
142 145
112 115
148 151
118 121
104 107
132 135
82 85
101 104
5 8
72 75
27 30
91 94
121 124
139 142
53 56
120 123
29 32
88 91
28 31
115 118
89 92
96 99
36 39
113 116
52 55
39 42
106 109
77 80
103 106
146 149
7 10
128 131
20 23
51 54
84 87
56 59
58 61
78 81
19 22
25 28
2 5
4 7
74 77
13 16
114 117
57 60
21 24
8 11
141 144
45 48
95 98
44 47
81 84
145 148
43 46
108 111
93 96
37 40
125 128
107 110
35 38
67 70
33 36
0 3
6 9
140 143
23 26
61 64
127 130
60 63
116 119
68 71
135 138
86 89
31 34
119 122
