950
688 691
10 13
543 546
658 661
152 155
586 589
499 502
248 251
501 504
606 609
153 156
840 843
799 802
283 286
100 103
460 463
4 7
440 443
205 208
39 42
268 271
8 11
300 303
306 309
947 950
793 796
545 548
884 887
461 464
249 252
600 603
700 703
891 894
740 743
105 108
55 58
245 248
155 158
7 10
195 198
381 384
555 558
408 411
596 599
720 723
80 83
585 588
837 840
731 734
349 352
347 350
657 660
472 475
435 438
359 362
823 826
661 664
421 424
635 638
943 946
579 582
79 82
121 124
528 531
742 745
341 344
315 318
344 347
144 147
591 594
675 678
941 944
824 827
150 153
801 804
115 118
198 201
691 694
281 284
707 710
19 22
905 908
69 72
773 776
515 518
619 622
336 339
494 497
235 238
182 185
914 917
154 157
928 931
30 33
518 521
623 626
44 47
577 580
62 65
659 662
264 267
59 62
571 574
946 949
407 410
345 348
99 102
786 789
432 435
636 639
84 87
646 649
25 28
717 720
644 647
629 632
833 836
302 305
827 830
770 773
231 234
846 849
496 499
504 507
187 190
593 596
38 41
581 584
417 420
620 623
484 487
858 861
320 323
604 607
276 279
495 498
807 810
632 635
111 114
401 404
384 387
146 149
625 628
328 331
705 708
136 139
366 369
130 133
755 758
795 798
806 809
323 326
866 869
183 186
194 197
486 489
419 422
218 221
805 808
355 358
772 775
948 951
181 184
748 751
457 460
159 162
13 16
225 228
736 739
371 374
533 536
638 641
164 167
830 833
921 924
883 886
365 368
738 741
452 455
1 4
832 835
680 683
140 143
391 394
643 646
290 293
456 459
909 912
560 563
841 844
934 937
938 941
512 515
455 458
102 105
237 240
72 75
839 842
896 899
34 37
610 613
936 939
557 560
409 412
519 522
167 170
915 918
633 636
747 750
774 777
91 94
148 151
538 541
370 373
716 719
834 837
927 930
412 415
735 738
852 855
874 877
334 337
875 878
400 403
193 196
88 91
229 232
261 264
634 637
352 355
85 88
506 509
537 540
298 301
697 700
725 728
867 870
785 788
594 597
87 90
240 243
684 687
296 299
175 178
701 704
369 372
811 814
6 9
224 227
702 705
815 818
611 614
622 625
739 742
434 437
758 761
270 273
706 709
621 624
284 287
280 283
601 604
350 353
129 132
212 215
447 450
113 116
40 43
942 945
112 115
3 6
66 69
208 211
935 938
667 670
53 56
138 141
599 602
398 401
853 856
68 71
210 213
526 529
277 280
103 106
278 281
809 812
718 721
648 651
626 629
335 338
857 860
316 319
763 766
311 314
576 579
910 913
503 506
149 152
402 405
803 806
410 413
63 66
670 673
490 493
768 771
516 519
226 229
709 712
907 910
177 180
487 490
589 592
31 34
544 547
137 140
856 859
2 5
872 875
424 427
211 214
179 182
527 530
574 577
17 20
326 329
924 927
917 920
937 940
471 474
348 351
405 408
95 98
602 605
101 104
835 838
899 902
539 542
71 74
93 96
535 538
756 759
331 334
78 81
546 549
393 396
699 702
491 494
671 674
847 850
514 517
760 763
685 688
48 51
73 76
437 440
251 254
36 39
117 120
485 488
819 822
145 148
771 774
119 122
29 32
588 591
743 746
873 876
303 306
246 249
125 128
869 872
690 693
850 853
358 361
750 753
679 682
448 451
269 272
762 765
418 421
754 757
364 367
464 467
513 516
647 650
392 395
342 345
612 615
253 256
433 436
449 452
221 224
578 581
696 699
386 389
453 456
481 484
474 477
176 179
64 67
900 903
945 948
712 715
913 916
388 391
42 45
653 656
766 769
548 551
76 79
894 897
728 731
933 936
61 64
423 426
652 655
912 915
603 606
565 568
608 611
165 168
94 97
403 406
668 671
27 30
562 565
82 85
817 820
395 398
232 235
767 770
74 77
483 486
497 500
920 923
563 566
614 617
161 164
523 526
285 288
168 171
413 416
422 425
901 904
888 891
77 80
60 63
202 205
444 447
387 390
189 192
319 322
522 525
399 402
265 268
89 92
627 630
219 222
881 884
313 316
710 713
354 357
169 172
694 697
430 433
764 767
542 545
554 557
662 665
734 737
310 313
654 657
556 559
792 795
878 881
939 942
582 585
665 668
775 778
467 470
196 199
630 633
162 165
360 363
353 356
886 889
445 448
406 409
860 863
532 535
686 689
655 658
547 550
98 101
893 896
746 749
845 848
911 914
304 307
689 692
454 457
143 146
378 381
780 783
236 239
534 537
818 821
238 241
849 852
58 61
96 99
794 797
309 312
26 29
272 275
825 828
293 296
172 175
708 711
243 246
733 736
141 144
828 831
590 593
940 943
790 793
15 18
127 130
877 880
722 725
949 952
719 722
116 119
429 432
415 418
859 862
683 686
157 160
749 752
814 817
426 429
737 740
918 921
656 659
110 113
244 247
475 478
431 434
575 578
631 634
462 465
838 841
52 55
583 586
330 333
566 569
568 571
797 800
291 294
188 191
693 696
114 117
241 244
275 278
876 879
273 276
443 446
607 610
791 794
524 527
639 642
307 310
289 292
682 685
637 640
870 873
525 528
930 933
22 25
184 187
5 8
677 680
142 145
609 612
567 570
65 68
97 100
220 223
711 714
580 583
441 444
613 616
510 513
23 26
178 181
727 730
139 142
466 469
676 679
732 735
20 23
217 220
904 907
470 473
327 330
416 419
488 491
729 732
324 327
673 676
906 909
173 176
804 807
442 445
200 203
721 724
569 572
343 346
463 466
318 321
21 24
308 311
926 929
861 864
752 755
468 471
233 236
86 89
428 431
509 512
765 768
90 93
382 385
18 21
51 54
242 245
816 819
908 911
714 717
681 684
266 269
713 716
541 544
396 399
57 60
305 308
372 375
521 524
267 270
704 707
362 365
186 189
11 14
724 727
551 554
863 866
228 231
377 380
438 441
561 564
624 627
37 40
783 786
118 121
890 893
209 212
271 274
536 539
234 237
898 901
203 206
126 129
678 681
49 52
798 801
351 354
75 78
842 845
784 787
222 225
192 195
258 261
478 481
836 839
287 290
572 575
260 263
641 644
92 95
616 619
802 805
43 46
171 174
374 377
339 342
493 496
753 756
880 883
813 816
500 503
174 177
135 138
550 553
274 277
216 219
777 780
170 173
726 729
213 216
897 900
163 166
325 328
617 620
820 823
511 514
185 188
492 495
628 631
12 15
782 785
446 449
831 834
744 747
207 210
380 383
592 595
808 811
383 386
595 598
741 744
223 226
292 295
529 532
520 523
796 799
540 543
871 874
439 442
564 567
151 154
204 207
239 242
851 854
745 748
812 815
312 315
45 48
450 453
469 472
895 898
549 552
759 762
394 397
107 110
879 882
50 53
83 86
255 258
28 31
570 573
573 576
587 590
730 733
104 107
379 382
24 27
605 608
124 127
788 791
367 370
761 764
70 73
385 388
695 698
458 461
698 701
672 675
259 262
35 38
411 414
919 922
294 297
531 534
227 230
321 324
489 492
338 341
14 17
508 511
215 218
925 928
502 505
929 932
482 485
505 508
645 648
597 600
356 359
54 57
660 663
190 193
674 677
420 423
757 760
882 885
295 298
56 59
459 462
122 125
651 654
944 947
286 289
451 454
160 163
199 202
715 718
297 300
156 159
299 302
885 888
230 233
214 217
256 259
916 919
517 520
703 706
133 136
279 282
131 134
282 285
855 858
778 781
868 871
375 378
180 183
902 905
436 439
332 335
781 784
903 906
666 669
425 428
389 392
250 253
108 111
0 3
558 561
368 371
810 813
779 782
649 652
923 926
147 150
357 360
288 291
663 666
32 35
787 790
9 12
473 476
931 934
346 349
134 137
479 482
361 364
397 400
854 857
301 304
263 266
769 772
465 468
864 867
723 726
507 510
329 332
822 825
191 194
553 556
618 621
552 555
120 123
650 653
106 109
128 131
598 601
340 343
390 393
848 851
257 260
664 667
776 779
67 70
376 379
615 618
826 829
81 84
252 255
373 376
262 265
584 587
843 846
922 925
480 483
201 204
166 169
427 430
642 645
132 135
887 890
498 501
254 257
337 340
789 792
559 562
322 325
640 643
109 112
317 320
314 317
47 50
197 200
158 161
477 480
247 250
892 895
862 865
692 695
687 690
16 19
800 803
844 847
46 49
123 126
41 44
333 336
669 672
829 832
889 892
404 407
751 754
206 209
363 366
865 868
530 533
476 479
414 417
33 36
932 935
821 824
