270
112 115
111 114
72 75
86 89
123 126
73 76
159 162
262 265
137 140
184 187
39 42
239 242
263 266
151 154
77 80
121 124
176 179
148 151
150 153
94 97
20 23
240 243
238 241
269 272
147 150
4 7
187 190
196 199
91 94
114 117
139 142
57 60
155 158
185 188
256 259
193 196
170 173
106 109
97 100
129 132
70 73
189 192
247 250
218 221
251 254
144 147
267 270
15 18
265 268
224 227
253 256
40 43
219 222
180 183
232 235
59 62
81 84
24 27
203 206
43 46
233 236
183 186
136 139
29 32
140 143
74 77
166 169
201 204
21 24
83 86
209 212
87 90
243 246
26 29
146 149
22 25
90 93
248 251
67 70
235 238
118 121
198 201
163 166
172 175
44 47
60 63
259 262
234 237
42 45
50 53
214 217
110 113
261 264
46 49
204 207
149 152
228 231
11 14
119 122
58 61
18 21
116 119
0 3
16 19
154 157
229 232
257 260
223 226
241 244
66 69
237 240
188 191
195 198
113 116
217 220
85 88
55 58
109 112
108 111
205 208
254 257
135 138
225 228
156 159
25 28
199 202
2 5
264 267
34 37
99 102
192 195
167 170
138 141
69 72
246 249
226 229
220 223
65 68
142 145
212 215
19 22
9 12
89 92
127 130
260 263
171 174
71 74
103 106
54 57
213 216
173 176
194 197
207 210
255 258
105 108
79 82
191 194
130 133
245 248
252 255
125 128
88 91
84 87
182 185
53 56
126 129
231 234
102 105
8 11
7 10
162 165
206 209
61 64
236 239
175 178
164 167
134 137
168 171
31 34
141 144
6 9
12 15
17 20
27 30
120 123
49 52
100 103
101 104
208 211
133 136
35 38
268 271
36 39
33 36
104 107
23 26
37 40
14 17
3 6
250 253
63 66
10 13
82 85
122 125
216 219
30 33
131 134
211 214
64 67
222 225
92 95
38 41
128 131
93 96
80 83
62 65
197 200
115 118
177 180
179 182
32 35
160 163
202 205
96 99
190 193
153 156
107 110
242 245
1 4
210 213
13 16
174 177
143 146
98 101
5 8
47 50
56 59
124 127
178 181
169 172
68 71
158 161
78 81
165 168
132 135
28 31
117 120
95 98
48 51
244 247
41 44
215 218
266 269
249 252
186 189
230 233
161 164
152 155
45 48
145 148
76 79
200 203
227 230
181 184
157 160
75 78
51 54
258 261
52 55
221 224
