110
72 75
96 99
106 109
3 6
73 76
37 40
55 58
84 87
46 49
23 26
61 64
95 98
87 90
60 63
24 27
100 103
90 93
8 11
94 97
38 41
79 82
45 48
56 59
50 53
48 51
16 19
70 73
5 8
101 104
2 5
11 14
65 68
57 60
30 33
108 111
104 107
42 45
59 62
93 96
58 61
92 95
54 57
102 105
7 10
98 101
26 29
107 110
34 37
64 67
33 36
13 16
44 47
78 81
88 91
27 30
41 44
36 39
82 85
86 89
62 65
68 71
91 94
47 50
53 56
77 80
14 17
109 112
83 86
80 83
51 54
10 13
17 20
103 106
20 23
81 84
0 3
19 22
21 24
49 52
18 21
15 18
32 35
9 12
105 108
74 77
66 69
35 38
43 46
85 88
76 79
67 70
69 72
6 9
4 7
63 66
97 100
40 43
28 31
25 28
71 74
29 32
52 55
1 4
39 42
99 102
89 92
75 78
12 15
22 25
31 34
