750
285 288
280 283
516 519
462 465
291 294
406 409
57 60
604 607
18 21
507 510
50 53
317 320
725 728
583 586
168 171
35 38
199 202
598 601
315 318
13 16
341 344
176 179
27 30
391 394
430 433
194 197
615 618
478 481
617 620
217 220
494 497
454 457
564 567
228 231
456 459
455 458
110 113
735 738
103 106
659 662
156 159
19 22
229 232
182 185
438 441
484 487
128 131
392 395
691 694
298 301
345 348
746 749
711 714
83 86
664 667
501 504
349 352
481 484
526 529
709 712
364 367
204 207
517 520
722 725
260 263
431 434
183 186
185 188
594 597
189 192
674 677
122 125
232 235
671 674
369 372
206 209
546 549
7 10
469 472
334 337
441 444
84 87
212 215
322 325
169 172
418 421
371 374
366 369
586 589
93 96
42 45
466 469
532 535
540 543
728 731
17 20
372 375
611 614
377 380
460 463
311 314
5 8
147 150
74 77
724 727
665 668
30 33
738 741
562 565
289 292
24 27
579 582
666 669
556 559
601 604
386 389
697 700
342 345
458 461
159 162
537 540
678 681
553 556
177 180
747 750
662 665
557 560
137 140
580 583
308 311
68 71
503 506
748 751
528 531
620 623
610 613
600 603
657 660
264 267
682 685
498 501
346 349
240 243
6 9
326 329
142 145
65 68
125 128
378 381
302 305
71 74
267 270
112 115
179 182
408 411
433 436
524 527
273 276
1 4
388 391
655 658
350 353
397 400
420 423
3 6
340 343
630 633
31 34
743 746
628 631
673 676
473 476
412 415
706 709
8 11
307 310
132 135
88 91
452 455
641 644
661 664
215 218
15 18
640 643
104 107
447 450
108 111
520 523
380 383
488 491
26 29
256 259
381 384
282 285
145 148
672 675
324 327
576 579
236 239
351 354
704 707
696 699
379 382
529 532
401 404
58 61
699 702
559 562
113 116
442 445
538 541
737 740
389 392
716 719
693 696
592 595
439 442
530 533
450 453
726 729
49 52
491 494
384 387
361 364
253 256
205 208
329 332
365 368
581 584
698 701
685 688
535 538
32 35
246 249
197 200
584 587
209 212
545 548
155 158
184 187
625 628
153 156
525 528
741 744
172 175
300 303
616 619
571 574
413 416
607 610
502 505
143 146
569 572
375 378
464 467
22 25
612 615
445 448
75 78
668 671
89 92
116 119
36 39
119 122
12 15
154 157
261 264
271 274
187 190
400 403
677 680
190 193
224 227
358 361
505 508
288 291
376 379
4 7
316 319
100 103
463 466
414 417
476 479
34 37
393 396
114 117
506 509
461 464
578 581
634 637
485 488
72 75
359 362
43 46
266 269
367 370
398 401
703 706
676 679
120 123
515 518
160 163
121 124
493 496
252 255
730 733
449 452
220 223
335 338
40 43
47 50
241 244
645 648
629 632
62 65
158 161
76 79
385 388
590 593
409 412
95 98
508 511
111 114
201 204
25 28
692 695
211 214
98 101
55 58
259 262
320 323
512 515
313 316
453 456
82 85
45 48
487 490
707 710
500 503
23 26
188 191
318 321
626 629
274 277
602 605
67 70
207 210
549 552
105 108
363 366
499 502
38 41
69 72
28 31
53 56
164 167
90 93
575 578
102 105
715 718
623 626
195 198
435 438
216 219
613 616
73 76
603 606
356 359
465 468
649 652
536 539
635 638
490 493
294 297
162 165
79 82
710 713
312 315
109 112
254 257
595 598
568 571
423 426
134 137
654 657
497 500
330 333
218 221
279 282
373 376
701 704
410 413
336 339
732 735
227 230
208 211
178 181
648 651
66 69
565 568
479 482
686 689
129 132
681 684
20 23
390 393
63 66
239 242
647 650
170 173
328 331
270 273
605 608
277 280
61 64
544 547
470 473
14 17
427 430
407 410
319 322
448 451
323 326
21 24
680 683
411 414
434 437
238 241
405 408
337 340
226 229
9 12
597 600
566 569
78 81
749 752
343 346
702 705
519 522
174 177
191 194
198 201
301 304
283 286
333 336
306 309
483 486
245 248
278 281
51 54
637 640
446 449
459 462
354 357
567 570
415 418
653 656
646 649
548 551
731 734
619 622
41 44
96 99
192 195
689 692
514 517
570 573
295 298
123 126
444 447
332 335
396 399
721 724
314 317
101 104
596 599
309 312
70 73
54 57
416 419
175 178
161 164
262 265
521 524
437 440
399 402
403 406
94 97
92 95
186 189
310 313
736 739
243 246
552 555
124 127
80 83
48 51
230 233
286 289
81 84
714 717
734 737
362 365
712 715
727 730
486 489
591 594
99 102
560 563
97 100
107 110
284 287
237 240
130 133
296 299
650 653
618 621
214 217
11 14
146 149
292 295
33 36
522 525
148 151
429 432
357 360
272 275
59 62
489 492
117 120
268 271
255 258
29 32
509 512
281 284
196 199
387 390
432 435
234 237
126 129
534 537
675 678
151 154
287 290
636 639
402 405
421 424
305 308
547 550
474 477
669 672
733 736
118 121
257 260
683 686
149 152
621 624
477 480
297 300
745 748
504 507
139 142
555 558
656 659
248 251
472 475
663 666
688 691
572 575
223 226
690 693
166 169
115 118
233 236
250 253
394 397
293 296
627 630
231 234
492 495
531 534
39 42
695 698
585 588
419 422
374 377
631 634
360 363
136 139
87 90
180 183
10 13
614 617
658 661
467 470
303 306
382 385
60 63
348 351
225 228
127 130
587 590
633 636
202 205
639 642
269 272
133 136
193 196
265 268
106 109
533 536
539 542
717 720
395 398
2 5
64 67
632 635
436 439
210 213
550 553
443 446
251 254
496 499
543 546
554 557
244 247
541 544
451 454
150 153
353 356
91 94
181 184
551 554
740 743
593 596
643 646
719 722
163 166
527 530
138 141
705 708
684 687
131 134
135 138
700 703
263 266
513 516
222 225
275 278
606 609
347 350
203 206
660 663
644 647
670 673
679 682
428 431
247 250
723 726
422 425
718 721
85 88
0 3
56 59
355 358
622 625
383 386
352 355
213 216
321 324
52 55
426 429
141 144
742 745
417 420
368 371
599 602
588 591
608 611
171 174
370 373
173 176
638 641
339 342
440 443
16 19
157 160
694 697
167 170
589 592
425 428
86 89
744 747
77 80
468 471
457 460
708 711
573 576
574 577
44 47
140 143
249 252
511 514
667 670
325 328
510 513
144 147
276 279
713 716
165 168
338 341
482 485
558 561
561 564
327 330
258 261
152 155
290 293
235 238
200 203
687 690
523 526
542 545
471 474
651 654
518 521
582 585
221 224
344 347
642 645
652 655
219 222
46 49
404 407
577 580
37 40
729 732
480 483
424 427
242 245
563 566
624 627
739 742
495 498
299 302
304 307
609 612
475 478
720 723
331 334
