820
557 560
763 766
27 30
43 46
68 71
110 113
167 170
368 371
326 329
551 554
481 484
101 104
260 263
176 179
229 232
470 473
715 718
84 87
499 502
223 226
251 254
24 27
669 672
730 733
145 148
788 791
331 334
86 89
699 702
385 388
134 137
500 503
297 300
516 519
474 477
570 573
547 550
690 693
403 406
237 240
249 252
362 365
665 668
155 158
604 607
354 357
150 153
191 194
609 612
194 197
535 538
731 734
522 525
311 314
579 582
137 140
543 546
127 130
540 543
400 403
777 780
349 352
140 143
393 396
608 611
810 813
750 753
622 625
552 555
40 43
171 174
482 485
310 313
23 26
520 523
305 308
495 498
319 322
628 631
89 92
318 321
388 391
594 597
555 558
444 447
508 511
233 236
271 274
621 624
528 531
675 678
342 345
667 670
54 57
493 496
553 556
211 214
103 106
689 692
172 175
567 570
87 90
1 4
143 146
706 709
581 584
337 340
498 501
387 390
744 747
170 173
131 134
185 188
510 513
663 666
434 437
408 411
812 815
536 539
488 491
626 629
107 110
85 88
724 727
238 241
624 627
743 746
755 758
7 10
379 382
413 416
789 792
702 705
638 641
38 41
347 350
45 48
796 799
343 346
322 325
178 181
291 294
754 757
428 431
644 647
629 632
657 660
156 159
279 282
369 372
8 11
631 634
20 23
529 532
497 500
346 349
359 362
50 53
316 319
765 768
394 397
770 773
290 293
591 594
537 540
282 285
3 6
240 243
212 215
430 433
722 725
708 711
662 665
804 807
148 151
818 821
352 355
324 327
9 12
480 483
694 697
18 21
460 463
384 387
129 132
767 770
562 565
473 476
703 706
813 816
523 526
307 310
226 229
696 699
49 52
0 3
147 150
586 589
16 19
785 788
602 605
513 516
611 614
34 37
166 169
192 195
10 13
88 91
587 590
610 613
749 752
429 432
679 682
61 64
204 207
797 800
71 74
771 774
300 303
361 364
491 494
94 97
405 408
152 155
422 425
505 508
199 202
517 520
329 332
404 407
747 750
545 548
700 703
596 599
455 458
676 679
719 722
91 94
160 163
672 675
162 165
136 139
12 15
425 428
643 646
304 307
163 166
111 114
801 804
756 759
533 536
135 138
74 77
188 191
490 493
90 93
189 192
227 230
264 267
740 743
446 449
183 186
790 793
42 45
695 698
565 568
492 495
447 450
791 794
484 487
802 805
120 123
576 579
36 39
684 687
441 444
541 544
542 545
77 80
792 795
635 638
302 305
119 122
370 373
671 674
660 663
433 436
582 585
389 392
468 471
769 772
114 117
259 262
466 469
216 219
228 231
308 311
64 67
476 479
138 141
142 145
458 461
527 530
243 246
475 478
157 160
221 224
25 28
614 617
448 451
215 218
99 102
544 547
432 435
625 628
502 505
772 775
584 587
241 244
200 203
109 112
585 588
358 361
761 764
374 377
580 583
550 553
250 253
161 164
556 559
795 798
196 199
46 49
426 429
436 439
764 767
620 623
472 475
707 710
280 283
677 680
583 586
100 103
783 786
332 335
634 637
778 781
298 301
645 648
534 537
415 418
149 152
253 256
526 529
19 22
173 176
13 16
293 296
130 133
397 400
57 60
568 571
768 771
421 424
169 172
816 819
685 688
317 320
383 386
531 534
681 684
69 72
323 326
315 318
718 721
762 765
73 76
47 50
457 460
53 56
507 510
714 717
236 239
203 206
180 183
125 128
566 569
739 742
560 563
450 453
514 517
327 330
649 652
711 714
569 572
607 610
420 423
809 812
372 375
72 75
780 783
601 604
209 212
151 154
164 167
605 608
617 620
15 18
577 580
273 276
168 171
184 187
98 101
41 44
442 445
395 398
734 737
760 763
496 499
265 268
737 740
121 124
759 762
32 35
80 83
356 359
2 5
627 630
82 85
341 344
506 509
811 814
443 446
775 778
206 209
501 504
538 541
325 328
654 657
158 161
141 144
123 126
296 299
207 210
800 803
373 376
97 100
710 713
440 443
255 258
595 598
281 284
309 312
115 118
574 577
116 119
266 269
289 292
256 259
678 681
118 121
263 266
75 78
375 378
67 70
22 25
261 264
819 822
348 351
386 389
461 464
124 127
288 291
423 426
418 421
736 739
571 574
113 116
363 366
11 14
729 732
5 8
235 238
659 662
691 694
208 211
104 107
66 69
283 286
286 289
92 95
674 677
701 704
465 468
613 616
452 455
782 785
717 720
402 405
725 728
81 84
509 512
269 272
376 379
615 618
784 787
338 341
336 339
808 811
381 384
93 96
573 576
752 755
306 309
105 108
345 348
377 380
588 591
274 277
371 374
592 595
409 412
340 343
693 696
817 820
225 228
713 716
494 497
224 227
692 695
220 223
419 422
411 414
774 777
646 649
35 38
658 661
303 306
549 552
748 751
153 156
716 719
563 566
463 466
44 47
590 593
182 185
232 235
353 356
78 81
330 333
435 438
277 280
616 619
519 522
779 782
364 367
187 190
799 802
417 420
205 208
380 383
312 315
58 61
682 685
339 342
396 399
630 633
680 683
197 200
262 265
530 533
390 393
112 115
190 193
366 369
653 656
525 528
108 111
597 600
504 507
357 360
79 82
17 20
623 626
144 147
56 59
803 806
661 664
655 658
333 336
62 65
753 756
268 271
55 58
738 741
471 474
451 454
365 368
697 700
63 66
165 168
334 337
257 260
467 470
202 205
511 514
757 760
246 249
214 217
746 749
593 596
477 480
335 338
642 645
245 248
600 603
217 220
401 404
210 213
244 247
106 109
181 184
132 135
126 129
554 557
321 324
247 250
218 221
726 729
407 410
51 54
287 290
133 136
548 551
424 427
656 659
670 673
673 676
487 490
648 651
391 394
558 561
485 488
33 36
37 40
314 317
52 55
798 801
564 567
687 690
668 671
48 51
285 288
612 615
688 691
222 225
139 142
320 323
6 9
524 527
666 669
177 180
438 441
814 817
793 796
632 635
618 621
651 654
515 518
456 459
572 575
439 442
146 149
128 131
301 304
122 125
559 562
284 287
806 809
313 316
195 198
589 592
546 549
683 686
175 178
83 86
174 177
416 419
732 735
449 452
398 401
65 68
532 535
351 354
399 402
254 257
639 642
406 409
219 222
453 456
230 233
464 467
367 370
294 297
578 581
28 31
26 29
231 234
741 744
414 417
721 724
328 331
781 784
486 489
603 606
647 650
431 434
198 201
539 542
805 808
483 486
272 275
278 281
664 667
270 273
14 17
60 63
728 731
410 413
258 261
382 385
344 347
735 738
521 524
705 708
267 270
776 779
95 98
234 237
355 358
709 712
154 157
252 255
201 204
751 754
478 481
518 521
295 298
745 748
378 381
773 776
31 34
698 701
39 42
360 363
787 790
292 295
427 430
637 640
503 506
489 492
276 279
598 601
4 7
786 789
469 472
650 653
619 622
720 723
59 62
193 196
159 162
392 395
239 242
733 736
179 182
275 278
641 644
76 79
117 120
640 643
459 462
561 564
599 602
807 810
454 457
652 655
70 73
248 251
575 578
350 353
606 609
712 715
437 440
242 245
96 99
21 24
299 302
742 745
758 761
815 818
30 33
723 726
186 189
213 216
102 105
479 482
512 515
462 465
727 730
412 415
794 797
636 639
686 689
29 32
766 769
445 448
704 707
633 636
