490
363 366
134 137
270 273
27 30
258 261
202 205
360 363
112 115
124 127
380 383
256 259
429 432
382 385
212 215
442 445
409 412
465 468
166 169
356 359
398 401
451 454
480 483
306 309
141 144
211 214
241 244
275 278
180 183
40 43
48 51
205 208
62 65
80 83
238 241
450 453
344 347
473 476
119 122
109 112
292 295
170 173
413 416
418 421
210 213
346 349
488 491
332 335
61 64
136 139
201 204
479 482
462 465
200 203
453 456
297 300
46 49
159 162
251 254
191 194
361 364
291 294
324 327
199 202
476 479
340 343
65 68
226 229
82 85
299 302
73 76
443 446
156 159
471 474
71 74
59 62
39 42
282 285
185 188
370 373
113 116
221 224
215 218
376 379
189 192
174 177
143 146
93 96
355 358
365 368
427 430
287 290
389 392
486 489
273 276
396 399
469 472
95 98
225 228
142 145
220 223
320 323
3 6
366 369
457 460
68 71
165 168
330 333
328 331
279 282
114 117
283 286
108 111
181 184
100 103
412 415
208 211
439 442
311 314
247 250
312 315
121 124
349 352
464 467
115 118
83 86
455 458
45 48
281 284
440 443
89 92
246 249
321 324
161 164
96 99
64 67
183 186
383 386
105 108
214 217
34 37
407 410
393 396
9 12
293 296
188 191
284 287
271 274
98 101
374 377
322 325
87 90
58 61
117 120
175 178
489 492
400 403
219 222
245 248
63 66
467 470
85 88
218 221
387 390
244 247
257 260
259 262
378 381
445 448
31 34
474 477
414 417
37 40
15 18
277 280
243 246
230 233
353 356
419 422
10 13
286 289
29 32
90 93
367 370
79 82
66 69
385 388
402 405
444 447
217 220
278 281
305 308
184 187
329 332
472 475
74 77
32 35
362 365
146 149
466 469
197 200
252 255
338 341
126 129
478 481
357 360
403 406
138 141
348 351
53 56
1 4
160 163
51 54
477 480
303 306
485 488
411 414
72 75
307 310
404 407
137 140
430 433
56 59
123 126
38 41
468 471
327 330
267 270
21 24
118 121
242 245
23 26
266 269
131 134
17 20
432 435
483 486
70 73
5 8
76 79
410 413
415 418
194 197
24 27
25 28
92 95
52 55
345 348
204 207
456 459
350 353
18 21
263 266
164 167
186 189
425 428
127 130
302 305
13 16
434 437
172 175
337 340
255 258
253 256
276 279
426 429
235 238
254 257
153 156
272 275
19 22
431 434
162 165
135 138
187 190
280 283
369 372
392 395
326 329
50 53
171 174
358 361
35 38
265 268
399 402
26 29
424 427
91 94
335 338
54 57
298 301
301 304
7 10
209 212
97 100
441 444
388 391
368 371
438 441
452 455
147 150
375 378
458 461
384 387
86 89
44 47
167 170
481 484
475 478
274 277
228 231
420 423
125 128
428 431
94 97
102 105
237 240
394 397
99 102
336 339
304 307
342 345
11 14
484 487
249 252
168 171
371 374
309 312
154 157
129 132
49 52
81 84
333 336
319 322
459 462
101 104
111 114
260 263
55 58
182 185
422 425
446 449
347 350
151 154
401 404
248 251
339 342
437 440
122 125
377 380
144 147
379 382
213 216
139 142
148 151
222 225
470 473
43 46
454 457
6 9
318 321
60 63
158 161
261 264
390 393
268 271
128 131
460 463
372 375
264 267
308 311
163 166
435 438
461 464
12 15
20 23
216 219
195 198
41 44
289 292
288 291
343 346
436 439
423 426
406 409
193 196
227 230
110 113
106 109
323 326
447 450
157 160
33 36
75 78
296 299
236 239
132 135
300 303
190 193
176 179
250 253
120 123
57 60
463 466
310 313
395 398
381 384
408 411
334 337
179 182
104 107
140 143
36 39
77 80
316 319
364 367
47 50
130 133
391 394
155 158
16 19
352 355
0 3
133 136
386 389
192 195
405 408
196 199
290 293
359 362
397 400
354 357
207 210
88 91
22 25
30 33
223 226
341 344
416 419
317 320
28 31
198 201
294 297
152 155
224 227
269 272
240 243
206 209
351 354
173 176
417 420
4 7
314 317
229 232
448 451
325 328
421 424
145 148
231 234
178 181
69 72
84 87
42 45
177 180
262 265
487 490
203 206
78 81
331 334
116 119
313 316
315 318
449 452
107 110
482 485
433 436
234 237
295 298
67 70
239 242
14 17
373 376
103 106
169 172
150 153
149 152
2 5
8 11
232 235
285 288
233 236
