370
328 331
220 223
186 189
114 117
242 245
18 21
280 283
69 72
99 102
323 326
75 78
129 132
327 330
297 300
294 297
182 185
103 106
43 46
72 75
292 295
85 88
183 186
226 229
101 104
55 58
100 103
139 142
303 306
63 66
245 248
161 164
126 129
337 340
82 85
336 339
146 149
335 338
52 55
130 133
235 238
154 157
219 222
192 195
177 180
110 113
313 316
359 362
246 249
4 7
221 224
2 5
293 296
274 277
7 10
333 336
81 84
277 280
279 282
50 53
57 60
215 218
125 128
290 293
353 356
96 99
207 210
363 366
238 241
285 288
232 235
211 214
304 307
366 369
5 8
276 279
122 125
243 246
16 19
153 156
133 136
319 322
283 286
198 201
251 254
27 30
136 139
236 239
296 299
97 100
204 207
350 353
31 34
162 165
255 258
212 215
345 348
314 317
340 343
268 271
310 313
144 147
29 32
230 233
48 51
249 252
102 105
90 93
354 357
256 259
166 169
134 137
91 94
218 221
128 131
12 15
80 83
320 323
258 261
143 146
329 332
229 232
264 267
253 256
78 81
210 213
39 42
259 262
176 179
368 371
105 108
240 243
170 173
248 251
231 234
356 359
178 181
20 23
288 291
173 176
149 152
302 305
142 145
332 335
188 191
53 56
195 198
86 89
135 138
38 41
28 31
299 302
138 141
346 349
88 91
137 140
83 86
344 347
74 77
269 272
233 236
234 237
295 298
60 63
21 24
334 337
131 134
316 319
70 73
201 204
104 107
145 148
151 154
61 64
287 290
174 177
17 20
325 328
367 370
208 211
66 69
68 71
165 168
265 268
187 190
217 220
349 352
175 178
206 209
244 247
156 159
306 309
338 341
23 26
109 112
342 345
98 101
22 25
42 45
369 372
227 230
225 228
199 202
224 227
35 38
239 242
62 65
121 124
284 287
281 284
108 111
189 192
348 351
241 244
305 308
117 120
339 342
308 311
202 205
26 29
159 162
93 96
84 87
200 203
216 219
237 240
209 212
141 144
286 289
116 119
311 314
40 43
77 80
291 294
34 37
120 123
282 285
214 217
365 368
123 126
263 266
223 226
205 208
228 231
362 365
330 333
36 39
0 3
197 200
278 281
119 122
250 253
203 206
270 273
54 57
261 264
9 12
347 350
190 193
324 327
307 310
180 183
343 346
49 52
115 118
267 270
213 216
300 303
163 166
113 116
262 265
167 170
160 163
351 354
275 278
41 44
358 361
14 17
67 70
8 11
196 199
47 50
247 250
171 174
19 22
147 150
357 360
87 90
191 194
360 363
58 61
132 135
46 49
30 33
157 160
15 18
124 127
56 59
89 92
321 324
169 172
322 325
254 257
10 13
37 40
44 47
106 109
3 6
140 143
252 255
271 274
181 184
317 320
1 4
341 344
272 275
107 110
364 367
73 76
76 79
331 334
312 315
298 301
111 114
355 358
289 292
184 187
172 175
94 97
64 67
112 115
6 9
318 321
25 28
222 225
51 54
257 260
158 161
266 269
127 130
315 318
59 62
309 312
168 171
79 82
179 182
65 68
148 151
32 35
185 188
150 153
260 263
194 197
301 304
152 155
164 167
273 276
361 364
33 36
71 74
24 27
13 16
92 95
95 98
193 196
45 48
118 121
326 329
352 355
155 158
11 14
