780
671 674
367 370
765 768
363 366
556 559
711 714
178 181
622 625
209 212
732 735
377 380
435 438
66 69
726 729
304 307
213 216
241 244
420 423
323 326
347 350
578 581
151 154
407 410
191 194
233 236
487 490
10 13
255 258
260 263
200 203
502 505
635 638
139 142
224 227
74 77
466 469
427 430
410 413
772 775
193 196
553 556
641 644
496 499
26 29
164 167
756 759
522 525
475 478
674 677
735 738
564 567
508 511
586 589
415 418
729 732
388 391
646 649
499 502
112 115
608 611
81 84
607 610
752 755
173 176
225 228
408 411
659 662
328 331
541 544
308 311
312 315
150 153
503 506
362 365
22 25
135 138
208 211
421 424
692 695
721 724
259 262
381 384
701 704
359 362
702 705
227 230
90 93
42 45
419 422
712 715
290 293
515 518
314 317
743 746
111 114
94 97
763 766
561 564
182 185
56 59
426 429
441 444
565 568
527 530
154 157
639 642
348 351
768 771
587 590
360 363
283 286
237 240
168 171
537 540
751 754
628 631
163 166
298 301
653 656
460 463
130 133
161 164
181 184
619 622
742 745
215 218
678 681
149 152
417 420
736 739
647 650
403 406
645 648
686 689
555 558
15 18
396 399
577 580
484 487
621 624
189 192
345 348
155 158
11 14
58 61
368 371
238 241
664 667
445 448
490 493
689 692
335 338
273 276
302 305
279 282
624 627
422 425
329 332
510 513
17 20
416 419
454 457
760 763
247 250
384 387
136 139
519 522
449 452
534 537
332 335
432 435
733 736
251 254
12 15
44 47
54 57
738 741
29 32
222 225
713 716
276 279
3 6
391 394
196 199
511 514
399 402
100 103
330 333
665 668
609 612
378 381
370 373
270 273
737 740
0 3
123 126
186 189
704 707
518 521
551 554
152 155
250 253
25 28
455 458
236 239
235 238
264 267
757 760
310 313
430 433
452 455
440 443
662 665
364 367
393 396
521 524
37 40
59 62
429 432
583 586
199 202
78 81
461 464
514 517
392 395
627 630
744 747
677 680
504 507
632 635
171 174
567 570
497 500
498 501
336 339
253 256
563 566
706 709
64 67
524 527
734 737
747 750
400 403
159 162
749 752
404 407
31 34
296 299
16 19
754 757
47 50
291 294
140 143
351 354
631 634
549 552
390 393
520 523
183 186
492 495
108 111
83 86
321 324
436 439
142 145
305 308
313 316
779 782
431 434
299 302
769 772
459 462
119 122
596 599
267 270
594 597
626 629
118 121
87 90
121 124
501 504
2 5
55 58
65 68
75 78
148 151
618 621
147 150
395 398
451 454
72 75
695 698
5 8
169 172
705 708
286 289
525 528
532 535
46 49
552 555
478 481
558 561
491 494
642 645
71 74
6 9
610 613
698 701
386 389
476 479
570 573
697 700
266 269
115 118
311 314
684 687
571 574
652 655
228 231
373 376
773 776
53 56
23 26
96 99
700 703
593 596
318 321
720 723
771 774
462 465
447 450
693 696
764 767
263 266
548 551
102 105
20 23
673 676
344 347
174 177
389 392
728 731
724 727
175 178
566 569
28 31
234 237
201 204
716 719
134 137
580 583
380 383
256 259
465 468
575 578
433 436
598 601
43 46
69 72
217 220
379 382
45 48
89 92
153 156
638 641
493 496
177 180
277 280
265 268
214 217
226 229
584 587
33 36
623 626
243 246
513 516
114 117
137 140
239 242
590 593
394 397
542 545
60 63
691 694
271 274
230 233
385 388
708 711
397 400
355 358
630 633
603 606
210 213
269 272
637 640
319 322
616 619
714 717
343 346
262 265
424 427
718 721
411 414
272 275
126 129
19 22
337 340
775 778
557 560
57 60
184 187
550 553
374 377
562 565
425 428
495 498
604 607
327 330
709 712
292 295
523 526
353 356
573 576
730 733
145 148
469 472
116 119
766 769
528 531
346 349
629 632
559 562
554 557
340 343
371 374
51 54
613 616
70 73
366 369
472 475
568 571
322 325
413 416
190 193
132 135
197 200
685 688
745 748
67 70
606 609
106 109
125 128
86 89
68 71
658 661
663 666
494 497
687 690
334 337
301 304
278 281
48 51
88 91
219 222
221 224
281 284
316 319
506 509
194 197
248 251
320 323
18 21
187 190
158 161
97 100
605 608
446 449
63 66
672 675
675 678
655 658
650 653
14 17
103 106
572 575
539 542
576 579
141 144
122 125
418 421
317 320
113 116
307 310
242 245
748 751
84 87
402 405
143 146
739 742
206 209
657 660
741 744
365 368
160 163
354 357
636 639
450 453
99 102
61 64
232 235
117 120
423 426
52 55
529 532
268 271
654 657
293 296
166 169
325 328
505 508
120 123
770 773
287 290
409 412
358 361
746 749
531 534
82 85
668 671
468 471
683 686
679 682
507 510
774 777
516 519
651 654
40 43
750 753
579 582
62 65
599 602
21 24
661 664
731 734
612 615
589 592
669 672
350 353
715 718
474 477
297 300
50 53
387 390
257 260
406 409
188 191
480 483
680 683
306 309
777 780
656 659
414 417
725 728
694 697
205 208
104 107
172 175
546 549
179 182
333 336
35 38
530 533
458 461
560 563
32 35
349 352
644 647
261 264
536 539
457 460
569 572
202 205
107 110
124 127
453 456
434 437
753 756
574 577
240 243
110 113
331 334
776 779
601 604
512 515
681 684
352 355
315 318
223 226
41 44
341 344
203 206
633 636
533 536
442 445
401 404
303 306
231 234
76 79
131 134
755 758
91 94
545 548
509 512
600 603
192 195
38 41
246 249
759 762
719 722
648 651
538 541
463 466
398 401
133 136
39 42
79 82
486 489
34 37
597 600
1 4
156 159
254 257
707 710
285 288
138 141
211 214
699 702
448 451
483 486
27 30
526 529
443 446
326 329
717 720
4 7
24 27
212 215
640 643
95 98
614 617
740 743
615 618
592 595
216 219
438 441
13 16
670 673
517 520
405 408
758 761
309 312
207 210
300 303
204 207
585 588
723 726
617 620
666 669
342 345
77 80
30 33
581 584
467 470
176 179
690 693
198 201
543 546
688 691
249 252
762 765
439 442
485 488
288 291
667 670
591 594
437 440
229 232
428 431
540 543
338 341
339 342
500 503
284 287
383 386
625 628
170 173
710 713
634 637
180 183
73 76
611 614
289 292
488 491
602 605
547 550
49 52
703 706
356 359
129 132
274 277
295 298
282 285
682 685
582 585
489 492
477 480
167 170
144 147
660 663
244 247
481 484
101 104
220 223
146 149
92 95
535 538
105 108
369 372
361 364
727 730
218 221
482 485
676 679
375 378
456 459
85 88
471 474
36 39
372 375
9 12
470 473
376 379
778 781
252 255
280 283
185 188
696 699
109 112
157 160
588 591
8 11
93 96
767 770
761 764
620 623
649 652
324 327
444 447
245 248
479 482
128 131
643 646
294 297
544 547
165 168
382 385
275 278
412 415
98 101
162 165
595 598
195 198
464 467
7 10
473 476
357 360
722 725
127 130
258 261
80 83
