620
108 111
352 355
427 430
248 251
113 116
166 169
208 211
328 331
133 136
336 339
492 495
537 540
617 620
374 377
172 175
495 498
365 368
367 370
177 180
66 69
241 244
323 326
310 313
183 186
315 318
296 299
91 94
485 488
412 415
511 514
309 312
478 481
501 504
80 83
432 435
74 77
308 311
348 351
302 305
58 61
197 200
70 73
277 280
41 44
547 550
117 120
531 534
436 439
483 486
50 53
320 323
358 361
116 119
464 467
369 372
223 226
228 231
572 575
377 380
61 64
211 214
67 70
618 621
354 357
217 220
395 398
545 548
585 588
238 241
254 257
356 359
438 441
422 425
305 308
3 6
539 542
517 520
100 103
21 24
508 511
317 320
390 393
276 279
127 130
252 255
522 525
479 482
389 392
471 474
587 590
156 159
480 483
267 270
363 366
71 74
219 222
475 478
615 618
384 387
359 362
541 544
79 82
151 154
83 86
293 296
563 566
229 232
335 338
258 261
553 556
370 373
520 523
494 497
256 259
329 332
235 238
234 237
130 133
104 107
580 583
171 174
60 63
144 147
519 522
460 463
160 163
115 118
12 15
423 426
387 390
431 434
209 212
101 104
326 329
214 217
497 500
178 181
542 545
361 364
555 558
97 100
433 436
54 57
319 322
154 157
299 302
34 37
161 164
459 462
201 204
575 578
56 59
601 604
532 535
246 249
242 245
221 224
195 198
463 466
411 414
407 410
168 171
368 371
86 89
514 517
35 38
602 605
89 92
255 258
445 448
487 490
607 610
93 96
505 508
491 494
230 233
486 489
410 413
611 614
193 196
451 454
470 473
292 295
236 239
105 108
313 316
204 207
62 65
571 574
521 524
29 32
462 465
307 310
125 128
181 184
109 112
269 272
402 405
128 131
112 115
342 345
245 248
69 72
129 132
589 592
383 386
148 151
576 579
87 90
401 404
590 593
339 342
274 277
603 606
37 40
167 170
392 395
599 602
510 513
516 519
192 195
55 58
179 182
222 225
279 282
4 7
457 460
351 354
19 22
413 416
196 199
215 218
304 307
357 360
455 458
482 485
382 385
408 411
608 611
298 301
606 609
343 346
437 440
546 549
294 297
237 240
434 437
614 617
349 352
45 48
143 146
231 234
145 148
333 336
7 10
13 16
85 88
202 205
291 294
612 615
346 349
99 102
162 165
616 619
174 177
46 49
344 347
180 183
285 288
10 13
469 472
596 599
281 284
51 54
6 9
185 188
280 283
43 46
75 78
527 530
353 356
381 384
153 156
396 399
33 36
28 31
386 389
371 374
446 449
598 601
207 210
592 595
504 507
132 135
224 227
613 616
88 91
489 492
14 17
324 327
340 343
538 541
191 194
260 263
426 429
447 450
556 559
251 254
49 52
448 451
573 576
567 570
429 432
454 457
586 589
435 438
515 518
552 555
549 552
290 293
362 365
330 333
321 324
578 581
244 247
27 30
318 321
266 269
120 123
264 267
301 304
249 252
136 139
316 319
604 607
0 3
583 586
394 397
213 216
149 152
461 464
26 29
570 573
341 344
391 394
605 608
157 160
397 400
503 506
582 585
416 419
283 286
443 446
261 264
334 337
65 68
584 587
428 431
404 407
499 502
415 418
490 493
57 60
39 42
579 582
528 531
525 528
498 501
81 84
512 515
345 348
444 447
403 406
388 391
20 23
312 315
373 376
240 243
259 262
398 401
275 278
380 383
173 176
18 21
574 577
170 173
350 353
405 408
449 452
176 179
52 55
496 499
535 538
481 484
424 427
24 27
385 388
548 551
322 325
450 453
220 223
247 250
90 93
94 97
250 253
327 330
409 412
466 469
331 334
364 367
297 300
210 213
476 479
218 221
467 470
533 536
610 613
253 256
577 580
295 298
360 363
121 124
529 532
554 557
399 402
609 612
233 236
440 443
526 529
189 192
135 138
337 340
594 597
232 235
400 403
560 563
106 109
430 433
200 203
468 471
474 477
550 553
303 306
338 341
110 113
278 281
152 155
216 219
300 303
11 14
366 369
158 161
314 317
226 229
134 137
186 189
139 142
165 168
561 564
23 26
493 496
439 442
72 75
564 567
265 268
544 547
194 197
569 572
78 81
452 455
523 526
375 378
31 34
150 153
212 215
98 101
271 274
473 476
406 409
84 87
557 560
355 358
96 99
155 158
184 187
421 424
347 350
22 25
2 5
47 50
506 509
306 309
68 71
225 228
203 206
262 265
163 166
159 162
272 275
558 561
270 273
465 468
16 19
141 144
559 562
458 461
107 110
227 230
524 527
103 106
9 12
325 328
164 167
502 505
131 134
287 290
414 417
5 8
565 568
111 114
268 271
95 98
36 39
507 510
32 35
239 242
119 122
311 314
453 456
198 201
77 80
92 95
472 475
568 571
591 594
540 543
175 178
484 487
288 291
289 292
64 67
140 143
379 382
551 554
8 11
441 444
126 129
142 145
188 191
169 172
378 381
600 603
257 260
190 193
420 423
581 584
543 546
597 600
500 503
124 127
530 533
562 565
76 79
393 396
376 379
199 202
593 596
372 375
588 591
419 422
42 45
82 85
25 28
205 208
263 266
147 150
123 126
286 289
48 51
477 480
114 117
206 209
442 445
282 285
619 622
118 121
187 190
102 105
59 62
566 569
595 598
182 185
456 459
63 66
518 521
30 33
17 20
44 47
53 56
513 516
138 141
284 287
146 149
488 491
534 537
536 539
425 428
418 421
1 4
38 41
417 420
122 125
40 43
332 335
73 76
243 246
137 140
15 18
273 276
509 512
