410
158 161
17 20
149 152
377 380
375 378
347 350
364 367
46 49
4 7
80 83
5 8
183 186
275 278
101 104
78 81
162 165
150 153
57 60
188 191
28 31
104 107
148 151
196 199
131 134
279 282
390 393
223 226
210 213
156 159
354 357
325 328
64 67
362 365
33 36
343 346
316 319
127 130
393 396
106 109
22 25
37 40
189 192
108 111
278 281
212 215
143 146
221 224
369 372
244 247
326 329
232 235
139 142
349 352
43 46
74 77
109 112
34 37
334 337
329 332
136 139
310 313
67 70
182 185
318 321
194 197
248 251
172 175
286 289
404 407
400 403
337 340
288 291
79 82
144 147
289 292
116 119
396 399
13 16
327 330
228 231
71 74
379 382
187 190
84 87
0 3
225 228
58 61
107 110
170 173
311 314
77 80
234 237
41 44
87 90
266 269
320 323
195 198
142 145
306 309
308 311
159 162
321 324
378 381
220 223
30 33
128 131
382 385
303 306
54 57
55 58
245 248
35 38
166 169
155 158
240 243
9 12
261 264
213 216
230 233
407 410
169 172
346 349
277 280
206 209
219 222
352 355
111 114
265 268
70 73
276 279
387 390
249 252
208 211
180 183
298 301
140 143
52 55
264 267
50 53
250 253
231 234
331 334
313 316
88 91
69 72
292 295
1 4
405 408
203 206
75 78
388 391
23 26
333 336
193 196
257 260
56 59
409 412
271 274
19 22
145 148
40 43
207 210
301 304
152 155
173 176
332 335
62 65
267 270
274 277
15 18
90 93
94 97
348 351
403 406
374 377
85 88
283 286
395 398
135 138
218 221
302 305
134 137
398 401
73 76
163 166
91 94
110 113
200 203
307 310
171 174
246 249
211 214
18 21
117 120
253 256
16 19
82 85
66 69
76 79
99 102
273 276
296 299
146 149
209 212
89 92
258 261
95 98
45 48
65 68
328 331
341 344
300 303
309 312
72 75
282 285
355 358
239 242
24 27
290 293
198 201
342 345
350 353
242 245
164 167
12 15
269 272
21 24
373 376
344 347
176 179
179 182
53 56
236 239
191 194
129 132
241 244
47 50
247 250
51 54
287 290
154 157
252 255
97 100
312 315
27 30
124 127
268 271
391 394
201 204
401 404
39 42
322 325
184 187
299 302
8 11
141 144
291 294
185 188
406 409
336 339
376 379
115 118
7 10
38 41
370 373
217 220
60 63
256 259
385 388
315 318
351 354
214 217
368 371
259 262
167 170
408 411
360 363
29 32
32 35
112 115
6 9
323 326
26 29
330 333
93 96
254 257
262 265
114 117
361 364
233 236
338 341
157 160
86 89
174 177
314 317
226 229
224 227
138 141
238 241
137 140
397 400
175 178
324 327
123 126
365 368
394 397
103 106
381 384
119 122
367 370
357 360
371 374
197 200
63 66
272 275
192 195
44 47
126 129
83 86
165 168
31 34
284 287
229 232
293 296
297 300
204 207
186 189
118 121
389 392
113 116
216 219
237 240
353 356
133 136
132 135
380 383
168 171
243 246
392 395
263 266
251 254
177 180
304 307
227 230
199 202
11 14
42 45
130 133
317 320
339 342
20 23
340 343
294 297
295 298
81 84
100 103
190 193
3 6
48 51
98 101
96 99
36 39
14 17
399 402
68 71
383 386
372 375
363 366
61 64
215 218
153 156
151 154
386 389
260 263
358 361
235 238
280 283
359 362
205 208
59 62
10 13
147 150
222 225
305 308
202 205
366 369
2 5
49 52
92 95
356 359
121 124
285 288
281 284
102 105
402 405
25 28
319 322
122 125
181 184
160 163
335 338
178 181
345 348
125 128
255 258
384 387
161 164
270 273
120 123
105 108
