340
323 326
288 291
308 311
223 226
258 261
149 152
23 26
4 7
330 333
147 150
150 153
56 59
132 135
103 106
153 156
116 119
145 148
15 18
26 29
187 190
298 301
47 50
177 180
273 276
289 292
110 113
314 317
134 137
72 75
37 40
329 332
324 327
305 308
306 309
55 58
27 30
80 83
265 268
236 239
284 287
247 250
44 47
140 143
13 16
41 44
198 201
262 265
108 111
32 35
33 36
57 60
79 82
210 213
133 136
302 305
269 272
282 285
184 187
331 334
195 198
49 52
113 116
263 266
135 138
189 192
66 69
30 33
309 312
155 158
127 130
299 302
8 11
146 149
160 163
11 14
117 120
231 234
243 246
322 325
206 209
162 165
202 205
42 45
165 168
325 328
50 53
193 196
180 183
287 290
194 197
276 279
107 110
234 237
332 335
76 79
285 288
70 73
12 15
197 200
275 278
200 203
111 114
260 263
86 89
10 13
5 8
126 129
136 139
241 244
320 323
201 204
84 87
61 64
255 258
209 212
253 256
100 103
297 300
14 17
114 117
225 228
304 307
0 3
186 189
313 316
266 269
152 155
104 107
40 43
161 164
131 134
252 255
122 125
245 248
218 221
43 46
224 227
168 171
338 341
335 338
280 283
1 4
264 267
64 67
78 81
34 37
164 167
281 284
172 175
144 147
105 108
119 122
75 78
138 141
9 12
46 49
74 77
38 41
28 31
196 199
278 281
292 295
21 24
188 191
214 217
65 68
229 232
256 259
174 177
336 339
312 315
250 253
109 112
171 174
235 238
52 55
220 223
143 146
238 241
215 218
22 25
295 298
36 39
2 5
315 318
83 86
233 236
254 257
99 102
176 179
274 277
251 254
3 6
183 186
142 145
97 100
190 193
77 80
118 121
102 105
154 157
204 207
227 230
244 247
212 215
128 131
327 330
20 23
125 128
139 142
163 166
7 10
257 260
45 48
62 65
67 70
129 132
279 282
294 297
106 109
158 161
166 169
85 88
221 224
181 184
137 140
267 270
18 21
60 63
191 194
89 92
228 231
182 185
178 181
283 286
337 340
291 294
259 262
317 320
192 195
169 172
213 216
167 170
270 273
311 314
339 342
237 240
71 74
310 313
51 54
316 319
232 235
175 178
207 210
58 61
141 144
303 306
205 208
321 324
82 85
300 303
293 296
277 280
17 20
91 94
334 337
16 19
240 243
93 96
19 22
156 159
69 72
170 173
286 289
159 162
73 76
95 98
121 124
123 126
96 99
63 66
148 151
222 225
87 90
203 206
261 264
268 271
333 336
307 310
272 275
211 214
246 249
115 118
88 91
92 95
6 9
98 101
39 42
68 71
319 322
48 51
318 321
81 84
301 304
124 127
54 57
230 233
25 28
326 329
120 123
31 34
249 252
290 293
130 133
151 154
101 104
328 331
179 182
112 115
59 62
35 38
226 229
199 202
24 27
219 222
53 56
90 93
217 220
216 219
157 160
271 274
239 242
173 176
248 251
242 245
94 97
208 211
296 299
185 188
29 32
