290
49 52
190 193
242 245
123 126
128 131
117 120
12 15
246 249
152 155
116 119
223 226
184 187
285 288
56 59
281 284
93 96
71 74
39 42
263 266
122 125
165 168
112 115
179 182
65 68
284 287
208 211
228 231
44 47
124 127
110 113
213 216
174 177
34 37
76 79
16 19
38 41
159 162
147 150
262 265
53 56
74 77
279 282
257 260
219 222
104 107
178 181
192 195
3 6
226 229
50 53
225 228
273 276
88 91
31 34
114 117
131 134
19 22
63 66
24 27
235 238
160 163
101 104
36 39
95 98
207 210
237 240
20 23
138 141
188 191
23 26
229 232
194 197
8 11
139 142
278 281
218 221
215 218
185 188
204 207
244 247
35 38
256 259
18 21
108 111
198 201
154 157
182 185
272 275
253 256
203 206
129 132
166 169
13 16
217 220
270 273
220 223
155 158
7 10
196 199
176 179
45 48
214 217
199 202
158 161
156 159
125 128
289 292
275 278
134 137
269 272
78 81
153 156
287 290
59 62
29 32
149 152
33 36
109 112
170 173
286 289
27 30
137 140
10 13
94 97
224 227
282 285
72 75
54 57
277 280
130 133
274 277
239 242
60 63
248 251
146 149
252 255
70 73
288 291
127 130
11 14
73 76
25 28
105 108
121 124
206 209
132 135
1 4
191 194
41 44
271 274
181 184
51 54
227 230
186 189
193 196
164 167
84 87
195 198
126 129
6 9
40 43
221 224
201 204
58 61
142 145
9 12
83 86
87 90
37 40
216 219
32 35
209 212
251 254
163 166
14 17
66 69
55 58
43 46
280 283
260 263
180 183
111 114
113 116
42 45
205 208
249 252
232 235
99 102
62 65
266 269
236 239
230 233
52 55
82 85
136 139
107 110
102 105
241 244
173 176
48 51
150 153
4 7
171 174
168 171
90 93
22 25
30 33
172 175
5 8
86 89
283 286
100 103
143 146
197 200
21 24
151 154
264 267
233 236
200 203
0 3
119 122
189 192
250 253
144 147
81 84
97 100
68 71
187 190
183 186
92 95
46 49
148 151
268 271
222 225
141 144
259 262
89 92
238 241
169 172
177 180
254 257
47 50
247 250
91 94
64 67
258 261
261 264
265 268
17 20
80 83
85 88
133 136
212 215
61 64
79 82
175 178
26 29
118 121
157 160
245 248
240 243
135 138
15 18
115 118
120 123
162 165
77 80
234 237
57 60
98 101
167 170
106 109
140 143
67 70
255 258
161 164
210 213
145 148
75 78
243 246
231 234
267 270
96 99
28 31
103 106
69 72
202 205
276 279
2 5
211 214
