980
186 189
710 713
132 135
203 206
183 186
860 863
24 27
765 768
624 627
221 224
65 68
37 40
679 682
68 71
825 828
233 236
647 650
256 259
732 735
943 946
121 124
807 810
171 174
361 364
612 615
308 311
416 419
25 28
564 567
767 770
444 447
746 749
363 366
582 585
154 157
434 437
575 578
938 941
804 807
103 106
809 812
605 608
330 333
978 981
800 803
966 969
737 740
362 365
792 795
161 164
58 61
1 4
848 851
70 73
81 84
134 137
398 401
577 580
109 112
797 800
61 64
127 130
725 728
175 178
129 132
210 213
507 510
464 467
423 426
178 181
813 816
404 407
926 929
880 883
5 8
407 410
22 25
814 817
975 978
163 166
156 159
193 196
375 378
572 575
579 582
854 857
259 262
696 699
44 47
724 727
601 604
17 20
810 813
687 690
303 306
313 316
973 976
697 700
438 441
158 161
415 418
819 822
916 919
951 954
468 471
761 764
352 355
126 129
489 492
887 890
199 202
883 886
552 555
80 83
742 745
286 289
886 889
830 833
759 762
36 39
927 930
451 454
752 755
831 834
255 258
62 65
653 656
94 97
713 716
925 928
253 256
838 841
660 663
54 57
893 896
151 154
143 146
191 194
720 723
251 254
301 304
948 951
267 270
322 325
226 229
309 312
793 796
63 66
463 466
536 539
821 824
182 185
337 340
508 511
27 30
333 336
837 840
599 602
869 872
558 561
661 664
879 882
192 195
960 963
704 707
490 493
214 217
74 77
885 888
795 798
122 125
803 806
166 169
709 712
456 459
703 706
399 402
733 736
258 261
908 911
106 109
455 458
231 234
188 191
892 895
353 356
968 971
906 909
547 550
871 874
846 849
220 223
376 379
865 868
748 751
389 392
627 630
532 535
762 765
919 922
391 394
435 438
768 771
347 350
170 173
26 29
976 979
287 290
85 88
410 413
626 629
738 741
300 303
473 476
907 910
758 761
345 348
263 266
881 884
511 514
801 804
622 625
677 680
637 640
369 372
449 452
656 659
14 17
236 239
53 56
2 5
905 908
683 686
19 22
274 277
912 915
86 89
550 553
788 791
603 606
390 393
38 41
396 399
206 209
6 9
487 490
581 584
420 423
634 637
50 53
223 226
73 76
320 323
873 876
776 779
641 644
284 287
937 940
744 747
540 543
701 704
519 522
619 622
477 480
289 292
246 249
670 673
573 576
48 51
928 931
378 381
11 14
841 844
488 491
868 871
541 544
298 301
273 276
648 651
944 947
930 933
413 416
141 144
67 70
92 95
297 300
142 145
212 215
920 923
755 758
608 611
204 207
633 636
878 881
311 314
866 869
822 825
357 360
179 182
269 272
727 730
312 315
702 705
513 516
59 62
397 400
421 424
688 691
719 722
207 210
112 115
31 34
475 478
631 634
99 102
460 463
753 756
501 504
652 655
855 858
400 403
388 391
781 784
278 281
523 526
621 624
932 935
934 937
521 524
215 218
731 734
684 687
805 808
145 148
616 619
243 246
198 201
120 123
167 170
448 451
874 877
606 609
789 792
277 280
316 319
458 461
51 54
857 860
864 867
144 147
406 409
588 591
840 843
897 900
535 538
90 93
769 772
382 385
190 193
729 732
281 284
859 862
512 515
911 914
12 15
343 346
509 512
315 318
963 966
305 308
494 497
902 905
829 832
662 665
861 864
518 521
695 698
942 945
116 119
307 310
155 158
772 775
131 134
254 257
118 121
590 593
936 939
543 546
173 176
852 855
235 238
691 694
181 184
264 267
747 750
39 42
549 552
565 568
712 715
83 86
229 232
638 641
239 242
479 482
169 172
853 856
941 944
195 198
618 621
372 375
858 861
955 958
358 361
364 367
956 959
405 408
480 483
162 165
334 337
785 788
757 760
667 670
650 653
965 968
392 395
728 731
466 469
954 957
21 24
901 904
718 721
474 477
568 571
366 369
225 228
756 759
972 975
146 149
280 283
666 669
520 523
87 90
811 814
610 613
967 970
970 973
922 925
481 484
20 23
611 614
462 465
766 769
959 962
483 486
4 7
496 499
45 48
76 79
780 783
329 332
348 351
432 435
889 892
899 902
354 357
544 547
796 799
314 317
665 668
711 714
335 338
721 724
138 141
764 767
910 913
482 485
3 6
674 677
517 520
533 536
265 268
596 599
371 374
0 3
882 885
157 160
654 657
374 377
498 501
646 649
332 335
847 850
659 662
8 11
693 696
33 36
98 101
137 140
903 906
827 830
295 298
632 635
282 285
820 823
542 545
441 444
411 414
472 475
368 371
261 264
505 508
247 250
836 839
566 569
630 633
123 126
18 21
950 953
563 566
620 623
671 674
418 421
177 180
551 554
635 638
172 175
760 763
740 743
180 183
260 263
526 529
583 586
842 845
95 98
715 718
351 354
271 274
380 383
594 597
832 835
292 295
734 737
971 974
414 417
815 818
751 754
850 853
78 81
42 45
863 866
826 829
690 693
91 94
714 717
676 679
429 432
909 912
917 920
749 752
578 581
974 977
417 420
219 222
216 219
40 43
914 917
774 777
557 560
717 720
69 72
851 854
497 500
196 199
798 801
262 265
567 570
495 498
370 373
331 334
923 926
929 932
678 681
232 235
587 590
105 108
617 620
500 503
787 790
457 460
514 517
96 99
88 91
743 746
291 294
43 46
365 368
242 245
16 19
585 588
478 481
47 50
806 809
739 742
817 820
476 479
940 943
149 152
777 780
452 455
522 525
310 313
706 709
224 227
958 961
664 667
128 131
700 703
117 120
290 293
97 100
643 646
877 880
510 513
680 683
673 676
349 352
107 110
598 601
559 562
844 847
705 708
272 275
189 192
527 530
381 384
350 353
49 52
816 819
856 859
539 542
745 748
655 658
812 815
953 956
46 49
283 286
576 579
208 211
935 938
528 531
569 572
426 429
433 436
735 738
393 396
726 729
296 299
794 797
636 639
467 470
327 330
639 642
835 838
525 528
174 177
770 773
484 487
9 12
340 343
470 473
32 35
113 116
493 496
442 445
945 948
964 967
34 37
694 697
625 628
530 533
306 309
440 443
428 431
607 610
931 934
593 596
266 269
492 495
682 685
469 472
658 661
845 848
194 197
672 675
790 793
338 341
386 389
642 645
187 190
55 58
504 507
56 59
555 558
799 802
252 255
669 672
383 386
872 875
384 387
268 271
130 133
454 457
502 505
979 982
604 607
977 980
139 142
895 898
102 105
675 678
947 950
328 331
249 252
839 842
782 785
244 247
779 782
227 230
165 168
629 632
969 972
431 434
898 901
52 55
900 903
318 321
115 118
323 326
217 220
228 231
562 565
427 430
82 85
185 188
29 32
257 260
108 111
614 617
529 532
13 16
57 60
377 380
66 69
403 406
888 891
150 153
524 527
957 960
453 456
119 122
591 594
205 208
465 468
75 78
302 305
230 233
439 442
722 725
409 412
412 415
485 488
600 603
891 894
71 74
657 660
584 587
164 167
72 75
339 342
395 398
176 179
890 893
609 612
419 422
962 965
288 291
913 916
754 757
379 382
791 794
30 33
422 425
741 744
689 692
716 719
592 595
394 397
436 439
824 827
491 494
818 821
904 907
41 44
534 537
197 200
111 114
285 288
503 506
546 549
402 405
89 92
148 151
209 212
359 362
240 243
668 671
896 899
367 370
586 589
516 519
401 404
341 344
101 104
876 879
554 557
125 128
685 688
317 320
324 327
828 831
775 778
202 205
833 836
342 345
515 518
326 329
425 428
686 689
445 448
531 534
360 363
867 870
784 787
699 702
437 440
771 774
275 278
681 684
211 214
589 592
387 390
344 347
763 766
471 474
580 583
884 887
628 631
270 273
778 781
595 598
35 38
692 695
77 80
147 150
241 244
823 826
615 618
918 921
133 136
237 240
294 297
561 564
152 155
574 577
184 187
915 918
304 307
60 63
663 666
64 67
160 163
537 540
602 605
649 652
135 138
222 225
870 873
506 509
336 339
961 964
319 322
949 952
834 837
447 450
201 204
921 924
321 324
114 117
553 556
7 10
446 449
644 647
651 654
79 82
875 878
556 559
140 143
124 127
153 156
786 789
218 221
486 489
279 282
245 248
924 927
373 376
424 427
548 551
461 464
84 87
159 162
723 726
430 433
698 701
933 936
299 302
499 502
545 548
408 411
894 897
736 739
939 942
843 846
168 171
28 31
707 710
10 13
110 113
213 216
730 733
93 96
355 358
952 955
238 241
802 805
325 328
640 643
623 626
570 573
385 388
862 865
248 251
808 811
849 852
538 541
250 253
346 349
15 18
773 776
104 107
946 949
560 563
459 462
276 279
750 753
356 359
708 711
571 574
783 786
23 26
136 139
100 103
234 237
645 648
597 600
200 203
613 616
443 446
450 453
293 296
