390
183 186
341 344
328 331
344 347
262 265
238 241
2 5
124 127
373 376
325 328
83 86
94 97
376 379
193 196
269 272
146 149
385 388
357 360
190 193
360 363
214 217
56 59
359 362
72 75
205 208
356 359
241 244
23 26
174 177
337 340
304 307
105 108
301 304
43 46
368 371
230 233
349 352
353 356
348 351
326 329
227 230
110 113
59 62
118 121
322 325
111 114
1 4
215 218
77 80
31 34
126 129
225 228
380 383
263 266
180 183
13 16
21 24
312 315
38 41
6 9
5 8
279 282
92 95
131 134
71 74
163 166
245 248
296 299
378 381
330 333
316 319
44 47
275 278
75 78
144 147
11 14
35 38
70 73
203 206
7 10
382 385
37 40
78 81
188 191
249 252
354 357
133 136
74 77
161 164
9 12
39 42
284 287
370 373
300 303
69 72
28 31
302 305
213 216
82 85
36 39
81 84
80 83
207 210
168 171
208 211
52 55
109 112
42 45
283 286
48 51
119 122
22 25
65 68
222 225
340 343
229 232
89 92
192 195
350 353
85 88
140 143
117 120
308 311
46 49
137 140
197 200
143 146
145 148
49 52
223 226
274 277
231 234
47 50
243 246
199 202
351 354
282 285
182 185
206 209
257 260
346 349
25 28
99 102
139 142
165 168
327 330
288 291
3 6
383 386
318 321
191 194
305 308
261 264
166 169
196 199
226 229
339 342
167 170
335 338
254 257
125 128
123 126
136 139
260 263
16 19
218 221
293 296
170 173
155 158
358 361
114 117
54 57
268 271
60 63
32 35
366 369
158 161
76 79
239 242
292 295
255 258
171 174
216 219
287 290
266 269
15 18
248 251
323 326
372 375
108 111
10 13
154 157
4 7
91 94
256 259
210 213
185 188
87 90
280 283
363 366
217 220
134 137
285 288
107 110
116 119
209 212
57 60
246 249
151 154
367 370
150 153
286 289
338 341
40 43
100 103
371 374
375 378
63 66
277 280
306 309
242 245
130 133
68 71
149 152
235 238
298 301
352 355
271 274
374 377
389 392
147 150
45 48
303 306
95 98
132 135
332 335
187 190
26 29
102 105
258 261
153 156
259 262
336 339
317 320
281 284
169 172
189 192
289 292
121 124
50 53
233 236
313 316
18 21
8 11
299 302
291 294
157 160
129 132
148 151
265 268
219 222
186 189
320 323
159 162
200 203
310 313
152 155
88 91
84 87
333 336
164 167
113 116
329 332
86 89
250 253
160 163
73 76
252 255
138 141
179 182
319 322
194 197
345 348
342 345
343 346
184 187
198 201
361 364
253 256
98 101
101 104
311 314
334 337
267 270
104 107
195 198
347 350
201 204
224 227
135 138
204 207
120 123
324 327
181 184
67 70
58 61
237 240
362 365
220 223
17 20
64 67
276 279
221 224
103 106
96 99
34 37
355 358
309 312
53 56
175 178
79 82
51 54
236 239
127 130
19 22
128 131
20 23
93 96
172 175
278 281
379 382
142 145
24 27
90 93
62 65
30 33
388 391
115 118
178 181
141 144
251 254
321 324
14 17
27 30
12 15
331 334
176 179
384 387
97 100
122 125
33 36
381 384
365 368
41 44
232 235
295 298
294 297
177 180
66 69
212 215
61 64
156 159
162 165
244 247
0 3
377 380
272 275
386 389
240 243
290 293
387 390
247 250
202 205
369 372
314 317
228 231
264 267
112 115
234 237
29 32
273 276
297 300
106 109
307 310
270 273
211 214
173 176
315 318
55 58
364 367
