870
822 825
120 123
48 51
542 545
494 497
727 730
495 498
36 39
233 236
471 474
487 490
537 540
296 299
533 536
51 54
688 691
279 282
493 496
356 359
504 507
135 138
816 819
189 192
254 257
750 753
824 827
236 239
13 16
416 419
421 424
423 426
193 196
771 774
346 349
611 614
58 61
181 184
272 275
759 762
178 181
684 687
817 820
511 514
657 660
539 542
448 451
576 579
742 745
595 598
229 232
789 792
203 206
117 120
451 454
587 590
468 471
8 11
497 500
700 703
222 225
690 693
209 212
658 661
235 238
438 441
562 565
383 386
88 91
1 4
802 805
808 811
851 854
443 446
662 665
527 530
360 363
509 512
838 841
532 535
211 214
419 422
335 338
829 832
432 435
89 92
334 337
458 461
538 541
442 445
293 296
653 656
119 122
243 246
115 118
201 204
631 634
187 190
841 844
582 585
738 741
343 346
309 312
654 657
319 322
809 812
292 295
813 816
357 360
92 95
99 102
367 370
831 834
184 187
628 631
712 715
77 80
767 770
225 228
219 222
692 695
207 210
11 14
248 251
498 501
667 670
724 727
440 443
301 304
478 481
223 226
723 726
752 755
726 729
94 97
584 587
396 399
491 494
321 324
271 274
345 348
459 462
424 427
147 150
9 12
641 644
73 76
460 463
638 641
857 860
701 704
228 231
500 503
249 252
676 679
336 339
800 803
848 851
811 814
391 394
428 431
844 847
369 372
835 838
774 777
589 592
558 561
703 706
853 856
696 699
125 128
834 837
670 673
250 253
678 681
632 635
807 810
788 791
131 134
118 121
499 502
591 594
861 864
261 264
230 233
761 764
798 801
743 746
199 202
124 127
745 748
867 870
637 640
713 716
648 651
810 813
213 216
669 672
439 442
643 646
60 63
310 313
516 519
685 688
294 297
622 625
154 157
392 395
436 439
485 488
373 376
66 69
25 28
480 483
758 761
251 254
570 573
694 697
779 782
740 743
739 742
359 362
630 633
47 50
464 467
554 557
673 676
711 714
280 283
444 447
406 409
456 459
594 597
299 302
253 256
454 457
6 9
523 526
618 621
646 649
276 279
91 94
801 804
606 609
413 416
803 806
510 513
651 654
333 336
227 230
26 29
165 168
681 684
55 58
756 759
111 114
792 795
173 176
407 410
355 358
67 70
666 669
781 784
525 528
378 381
639 642
362 365
114 117
194 197
402 405
96 99
142 145
140 143
83 86
862 865
472 475
304 307
598 601
384 387
411 414
72 75
302 305
399 402
659 662
686 689
627 630
394 397
764 767
268 271
828 831
231 234
617 620
337 340
755 758
668 671
503 506
483 486
791 794
787 790
609 612
728 731
382 385
492 495
409 412
783 786
827 830
404 407
238 241
452 455
502 505
623 626
850 853
274 277
7 10
42 45
818 821
245 248
338 341
747 750
794 797
129 132
68 71
103 106
693 696
166 169
370 373
331 334
730 733
215 218
772 775
285 288
218 221
386 389
2 5
122 125
790 793
548 551
59 62
40 43
329 332
572 575
354 357
246 249
602 605
368 371
80 83
614 617
526 529
820 823
461 464
545 548
152 155
821 824
180 183
168 171
234 237
256 259
363 366
481 484
508 511
734 737
795 798
316 319
317 320
489 492
535 538
550 553
449 452
769 772
475 478
385 388
320 323
496 499
232 235
687 690
257 260
217 220
132 135
652 655
79 82
672 675
342 345
552 555
746 749
465 468
237 240
629 632
725 728
753 756
567 570
153 156
267 270
176 179
17 20
427 430
793 796
866 869
776 779
326 329
148 151
607 610
450 453
547 550
751 754
580 583
583 586
64 67
717 720
54 57
812 815
339 342
644 647
762 765
281 284
265 268
300 303
50 53
854 857
205 208
640 643
128 131
852 855
737 740
323 326
318 321
84 87
837 840
655 658
390 393
529 532
93 96
348 351
634 637
62 65
175 178
677 680
718 721
553 556
682 685
278 281
540 543
544 547
130 133
308 311
797 800
214 217
435 438
426 429
286 289
70 73
571 574
490 493
664 667
295 298
757 760
28 31
434 437
418 421
325 328
592 595
266 269
437 440
195 198
389 392
858 861
258 261
110 113
679 682
474 477
315 318
141 144
170 173
240 243
706 709
76 79
650 653
613 616
102 105
352 355
612 615
604 607
415 418
167 170
754 757
513 516
100 103
190 193
273 276
574 577
476 479
561 564
347 350
56 59
707 710
283 286
163 166
842 845
33 36
12 15
182 185
716 719
41 44
14 17
297 300
705 708
741 744
615 618
159 162
522 525
71 74
447 450
785 788
23 26
27 30
453 456
596 599
697 700
212 215
116 119
528 531
863 866
400 403
31 34
600 603
530 533
506 509
603 606
289 292
121 124
90 93
136 139
150 153
372 375
32 35
869 872
488 491
749 752
736 739
849 852
569 572
161 164
81 84
171 174
405 408
524 527
691 694
702 705
410 413
255 258
75 78
599 602
577 580
139 142
87 90
699 702
859 862
29 32
221 224
541 544
200 203
766 769
675 678
479 482
473 476
735 738
462 465
287 290
775 778
341 344
466 469
374 377
393 396
291 294
796 799
836 839
505 508
805 808
69 72
768 771
44 47
101 104
30 33
616 619
403 406
429 432
97 100
324 327
647 650
581 584
585 588
146 149
843 846
765 768
549 552
172 175
314 317
865 868
551 554
414 417
104 107
555 558
534 537
108 111
52 55
239 242
365 368
340 343
520 523
773 776
482 485
715 718
174 177
377 380
344 347
220 223
674 677
126 129
422 425
327 330
282 285
15 18
748 751
519 522
815 818
786 789
375 378
269 272
486 489
22 25
578 581
847 850
155 158
856 859
143 146
376 379
463 466
568 571
244 247
191 194
823 826
605 608
722 725
216 219
112 115
43 46
514 517
133 136
778 781
109 112
361 364
760 763
137 140
518 521
467 470
579 582
349 352
224 227
37 40
733 736
351 354
210 213
868 871
156 159
425 428
663 666
846 849
149 152
259 262
45 48
531 534
288 291
575 578
138 141
680 683
826 829
833 836
864 867
855 858
395 398
601 604
536 539
621 624
307 310
82 85
720 723
457 460
177 180
61 64
825 828
144 147
39 42
388 391
832 835
4 7
784 787
477 480
704 707
642 645
105 108
860 863
3 6
38 41
85 88
95 98
635 638
196 199
183 186
371 374
661 664
387 390
145 148
364 367
21 24
247 250
556 559
306 309
123 126
206 209
408 411
777 780
441 444
353 356
559 562
689 692
158 161
624 627
573 576
565 568
770 773
445 448
543 546
313 316
366 369
839 842
263 266
708 711
106 109
446 449
185 188
113 116
169 172
0 3
830 833
633 636
597 600
780 783
782 785
53 56
819 822
484 487
845 848
721 724
134 137
433 436
397 400
157 160
799 802
588 591
636 639
322 325
226 229
546 549
469 472
401 404
260 263
470 473
521 524
744 747
241 244
186 189
242 245
683 686
431 434
107 110
806 809
264 267
455 458
20 23
731 734
719 722
610 613
710 713
303 306
709 712
290 293
179 182
5 8
671 674
164 167
590 593
298 301
840 843
380 383
208 211
417 420
162 165
34 37
593 596
127 130
625 628
358 361
74 77
332 335
649 652
430 433
277 280
18 21
160 163
330 333
763 766
608 611
197 200
660 663
507 510
729 732
412 415
619 622
560 563
620 623
698 701
379 382
86 89
564 567
626 629
645 648
420 423
512 515
515 518
814 817
311 314
19 22
46 49
57 60
732 735
714 717
563 566
312 315
151 154
188 191
63 66
328 331
49 52
275 278
398 401
517 520
16 19
65 68
98 101
284 287
270 273
305 308
804 807
202 205
24 27
557 560
566 569
656 659
586 589
350 353
198 201
10 13
665 668
192 195
252 255
262 265
501 504
35 38
78 81
695 698
381 384
204 207
