570
6 9
234 237
319 322
180 183
222 225
0 3
422 425
542 545
202 205
39 42
251 254
249 252
233 236
165 168
169 172
309 312
526 529
568 571
496 499
558 561
209 212
556 559
112 115
383 386
354 357
221 224
182 185
193 196
275 278
148 151
258 261
433 436
128 131
146 149
549 552
362 365
260 263
312 315
44 47
173 176
135 138
216 219
37 40
483 486
110 113
391 394
271 274
236 239
122 125
555 558
543 546
425 428
225 228
54 57
404 407
192 195
544 547
308 311
293 296
506 509
162 165
435 438
462 465
283 286
303 306
475 478
304 307
365 368
230 233
229 232
488 491
455 458
368 371
78 81
218 221
386 389
522 525
491 494
387 390
151 154
377 380
55 58
445 448
284 287
212 215
12 15
41 44
129 132
453 456
392 395
185 188
50 53
177 180
183 186
255 258
246 249
414 417
256 259
466 469
220 223
288 291
108 111
567 570
76 79
139 142
514 517
250 253
42 45
482 485
389 392
36 39
492 495
345 348
500 503
277 280
424 427
331 334
199 202
552 555
485 488
149 152
408 411
449 452
459 462
335 338
465 468
195 198
561 564
96 99
150 153
238 241
503 506
360 363
401 404
536 539
27 30
419 422
144 147
200 203
306 309
245 248
547 550
259 262
97 100
15 18
398 401
517 520
528 531
553 556
226 229
80 83
317 320
463 466
525 528
103 106
92 95
161 164
480 483
138 141
83 86
13 16
243 246
487 490
438 441
219 222
476 479
166 169
550 553
70 73
104 107
217 220
159 162
127 130
450 453
163 166
516 519
406 409
452 455
181 184
557 560
43 46
409 412
4 7
140 143
545 548
45 48
98 101
399 402
397 400
358 361
307 310
508 511
436 439
235 238
454 457
458 461
559 562
461 464
67 70
486 489
373 376
415 418
509 512
130 133
291 294
167 170
479 482
418 421
381 384
101 104
504 507
569 572
114 117
228 231
292 295
493 496
34 37
402 405
168 171
563 566
281 284
160 163
301 304
152 155
560 563
329 332
66 69
323 326
17 20
440 443
223 226
272 275
366 369
376 379
184 187
179 182
175 178
115 118
380 383
26 29
537 540
322 325
75 78
63 66
20 23
261 264
276 279
393 396
74 77
118 121
349 352
242 245
84 87
49 52
342 345
541 544
311 314
457 460
499 502
531 534
375 378
117 120
434 437
206 209
262 265
273 276
19 22
111 114
359 362
207 210
153 156
186 189
464 467
213 216
529 532
538 541
533 536
287 290
254 257
294 297
328 331
65 68
456 459
546 549
472 475
371 374
296 299
539 542
204 207
400 403
432 435
324 327
23 26
370 373
429 432
278 281
95 98
441 444
190 193
315 318
267 270
348 351
305 308
89 92
9 12
47 50
299 302
252 255
374 377
164 167
73 76
79 82
30 33
364 367
279 282
198 201
187 190
88 91
512 515
211 214
93 96
290 293
1 4
124 127
403 406
336 339
215 218
263 266
46 49
142 145
64 67
158 161
396 399
497 500
56 59
145 148
170 173
28 31
174 177
352 355
382 385
156 159
29 32
353 356
210 213
524 527
232 235
363 366
126 129
564 567
356 359
123 126
86 89
25 28
443 446
51 54
426 429
469 472
519 522
468 471
141 144
320 323
446 449
460 463
505 508
413 416
18 21
334 337
244 247
22 25
527 530
264 267
511 514
203 206
172 175
38 41
395 398
109 112
8 11
81 84
268 271
171 174
137 140
99 102
384 387
31 34
298 301
125 128
116 119
471 474
495 498
32 35
189 192
77 80
357 360
58 61
346 349
388 391
105 108
52 55
351 354
327 330
473 476
325 328
420 423
121 124
131 134
266 269
489 492
314 317
297 300
24 27
507 510
494 497
490 493
214 217
484 487
513 516
534 537
338 341
428 431
565 568
241 244
431 434
510 513
410 413
310 313
521 524
60 63
554 557
188 191
155 158
87 90
286 289
11 14
407 410
269 272
295 298
289 292
318 321
136 139
447 450
498 501
257 260
385 388
274 277
321 324
423 426
208 211
530 533
280 283
520 523
344 347
451 454
196 199
106 109
14 17
282 285
394 397
205 208
7 10
330 333
133 136
333 336
361 364
347 350
239 242
48 51
467 470
379 382
332 335
120 123
94 97
132 135
474 477
350 353
369 372
416 419
477 480
421 424
91 94
372 375
515 518
227 230
102 105
143 146
107 110
147 150
316 319
253 256
265 268
313 316
2 5
16 19
412 415
35 38
343 346
417 420
302 305
448 451
231 234
154 157
411 414
437 440
378 381
444 447
100 103
535 538
62 65
326 329
85 88
191 194
562 565
40 43
194 197
82 85
337 340
5 8
134 137
61 64
367 370
532 535
548 551
119 122
72 75
339 342
224 227
270 273
341 344
478 481
566 569
540 543
237 240
502 505
427 430
248 251
439 442
33 36
470 473
3 6
285 288
68 71
240 243
59 62
71 74
247 250
21 24
57 60
481 484
355 358
90 93
69 72
300 303
10 13
178 181
157 160
340 343
501 504
518 521
113 116
53 56
430 433
523 526
176 179
390 393
201 204
405 408
551 554
442 445
197 200
