100
42 45
43 46
38 41
6 9
46 49
32 35
61 64
69 72
89 92
83 86
84 87
12 15
1 4
74 77
44 47
77 80
28 31
99 102
51 54
72 75
13 16
87 90
58 61
49 52
26 29
9 12
22 25
24 27
15 18
56 59
18 21
67 70
88 91
68 71
54 57
76 79
2 5
23 26
20 23
8 11
70 73
59 62
96 99
11 14
95 98
93 96
82 85
25 28
17 20
55 58
41 44
91 94
5 8
94 97
86 89
90 93
45 48
85 88
37 40
50 53
34 37
29 32
39 42
80 83
75 78
78 81
16 19
63 66
52 55
30 33
65 68
62 65
81 84
14 17
71 74
0 3
97 100
7 10
73 76
31 34
47 50
48 51
4 7
57 60
79 82
3 6
60 63
92 95
66 69
35 38
53 56
21 24
10 13
98 101
33 36
19 22
27 30
40 43
36 39
64 67
