530
22 25
27 30
54 57
149 152
468 471
292 295
528 531
287 290
461 464
286 289
303 306
393 396
57 60
169 172
143 146
435 438
365 368
334 337
176 179
297 300
415 418
375 378
413 416
460 463
501 504
192 195
437 440
360 363
494 497
272 275
462 465
94 97
381 384
158 161
449 452
152 155
327 330
43 46
129 132
183 186
5 8
245 248
489 492
243 246
305 308
291 294
257 260
440 443
314 317
359 362
160 163
58 61
12 15
172 175
69 72
484 487
502 505
194 197
30 33
456 459
33 36
312 315
122 125
285 288
86 89
459 462
300 303
197 200
452 455
527 530
304 307
37 40
401 404
265 268
49 52
363 366
454 457
405 408
107 110
450 453
495 498
217 220
351 354
235 238
174 177
99 102
348 351
290 293
90 93
343 346
191 194
126 129
383 386
296 299
280 283
74 77
520 523
96 99
230 233
318 321
395 398
353 356
267 270
127 130
379 382
493 496
205 208
178 181
11 14
214 217
320 323
116 119
349 352
475 478
100 103
511 514
347 350
83 86
224 227
346 349
445 448
400 403
60 63
38 41
342 345
466 469
34 37
24 27
317 320
471 474
103 106
175 178
277 280
382 385
298 301
250 253
529 532
276 279
457 460
114 117
288 291
307 310
441 444
499 502
3 6
370 373
255 258
448 451
397 400
117 120
444 447
389 392
340 343
225 228
508 511
144 147
87 90
396 399
113 116
310 313
64 67
316 319
13 16
142 145
167 170
93 96
463 466
159 162
140 143
98 101
52 55
124 127
315 318
199 202
147 150
262 265
409 412
399 402
220 223
341 344
434 437
110 113
180 183
21 24
509 512
55 58
6 9
412 415
162 165
186 189
223 226
18 21
190 193
380 383
15 18
411 414
369 372
377 380
408 411
141 144
234 237
48 51
182 185
251 254
89 92
46 49
323 326
423 426
35 38
136 139
293 296
392 395
407 410
4 7
458 461
139 142
279 282
364 367
108 111
503 506
431 434
70 73
362 365
525 528
357 360
426 429
41 44
73 76
264 267
474 477
145 148
207 210
25 28
488 491
486 489
91 94
404 407
526 529
467 470
269 272
259 262
436 439
506 509
361 364
483 486
275 278
196 199
521 524
104 107
39 42
121 124
398 401
179 182
109 112
271 274
325 328
344 347
477 480
44 47
496 499
187 190
505 508
481 484
253 256
476 479
373 376
222 225
75 78
226 229
112 115
16 19
309 312
78 81
81 84
446 449
374 377
378 381
519 522
352 355
170 173
485 488
443 446
427 430
451 454
394 397
338 341
1 4
387 390
268 271
106 109
165 168
7 10
50 53
173 176
51 54
406 409
184 187
356 359
231 234
128 131
260 263
132 135
17 20
157 160
131 134
80 83
333 336
133 136
233 236
514 517
202 205
439 442
428 431
47 50
213 216
429 432
14 17
283 286
168 171
82 85
241 244
438 441
138 141
432 435
36 39
301 304
163 166
218 221
42 45
97 100
492 495
324 327
130 133
306 309
419 422
88 91
376 379
433 436
388 391
284 287
258 261
189 192
273 276
76 79
66 69
470 473
29 32
31 34
239 242
386 389
215 218
153 156
368 371
227 230
209 212
308 311
294 297
45 48
522 525
208 211
464 467
473 476
425 428
84 87
282 285
62 65
487 490
201 204
244 247
479 482
384 387
120 123
229 232
337 340
302 305
418 421
510 513
256 259
115 118
248 251
154 157
211 214
146 149
171 174
274 277
85 88
345 348
289 292
219 222
367 370
512 515
328 331
385 388
237 240
151 154
490 493
166 169
321 324
92 95
442 445
247 250
134 137
0 3
491 494
119 122
249 252
204 207
242 245
263 266
266 269
10 13
150 153
102 105
410 413
421 424
53 56
40 43
453 456
185 188
261 264
358 361
278 281
515 518
504 507
193 196
469 472
390 393
350 353
447 450
500 503
135 138
63 66
228 231
240 243
497 500
329 332
472 475
482 485
118 121
221 224
281 284
523 526
331 334
28 31
366 369
212 215
326 329
517 520
56 59
2 5
111 114
403 406
299 302
200 203
336 339
478 481
105 108
95 98
236 239
371 374
26 29
61 64
210 213
270 273
339 342
181 184
430 433
20 23
335 338
206 209
195 198
156 159
319 322
465 468
68 71
246 249
516 519
72 75
507 510
313 316
23 26
148 151
59 62
417 420
32 35
216 219
232 235
420 423
322 325
9 12
254 257
354 357
19 22
424 427
67 70
125 128
164 167
402 405
422 425
177 180
330 333
311 314
65 68
391 394
123 126
252 255
161 164
155 158
77 80
518 521
137 140
295 298
203 206
8 11
524 527
480 483
414 417
101 104
416 419
238 241
79 82
355 358
372 375
455 458
498 501
198 201
513 516
71 74
332 335
188 191
