120
66 69
61 64
22 25
73 76
18 21
103 106
89 92
27 30
1 4
113 116
64 67
26 29
93 96
109 112
58 61
118 121
112 115
96 99
98 101
114 117
84 87
78 81
71 74
42 45
41 44
88 91
52 55
75 78
74 77
29 32
119 122
12 15
104 107
90 93
46 49
36 39
6 9
92 95
76 79
87 90
28 31
54 57
111 114
25 28
16 19
55 58
17 20
40 43
24 27
82 85
8 11
7 10
5 8
43 46
10 13
19 22
59 62
108 111
33 36
34 37
35 38
83 86
21 24
50 53
80 83
106 109
67 70
2 5
63 66
53 56
95 98
3 6
4 7
68 71
117 120
20 23
86 89
45 48
47 50
9 12
91 94
14 17
69 72
101 104
30 33
79 82
72 75
62 65
32 35
110 113
94 97
81 84
77 80
85 88
70 73
49 52
11 14
38 41
48 51
99 102
60 63
56 59
97 100
115 118
100 103
37 40
102 105
107 110
31 34
0 3
15 18
39 42
57 60
23 26
51 54
65 68
105 108
116 119
44 47
13 16
