200
151 154
62 65
35 38
120 123
39 42
11 14
32 35
63 66
172 175
38 41
128 131
65 68
57 60
74 77
23 26
20 23
127 130
8 11
51 54
45 48
60 63
181 184
158 161
59 62
41 44
70 73
67 70
80 83
124 127
131 134
117 120
18 21
169 172
119 122
148 151
179 182
109 112
192 195
28 31
56 59
113 116
140 143
91 94
88 91
83 86
61 64
141 144
114 117
25 28
12 15
16 19
50 53
195 198
66 69
31 34
138 141
24 27
150 153
147 150
167 170
26 29
69 72
29 32
34 37
139 142
102 105
108 111
30 33
44 47
186 189
168 171
134 137
144 147
135 138
21 24
86 89
115 118
197 200
188 191
52 55
121 124
136 139
125 128
33 36
162 165
92 95
163 166
42 45
78 81
146 149
143 146
7 10
87 90
160 163
104 107
47 50
19 22
116 119
189 192
185 188
6 9
49 52
84 87
173 176
22 25
170 173
76 79
71 74
194 197
40 43
171 174
193 196
27 30
94 97
99 102
77 80
180 183
184 187
2 5
153 156
154 157
0 3
165 168
177 180
68 71
145 148
156 159
15 18
36 39
123 126
133 136
122 125
152 155
5 8
58 61
9 12
174 177
13 16
161 164
118 121
199 202
182 185
48 51
191 194
130 133
155 158
110 113
43 46
98 101
75 78
1 4
111 114
100 103
190 193
132 135
129 132
159 162
14 17
93 96
4 7
164 167
112 115
106 109
55 58
73 76
96 99
157 160
46 49
89 92
126 129
101 104
72 75
175 178
64 67
183 186
97 100
105 108
178 181
3 6
198 201
54 57
17 20
53 56
85 88
10 13
142 145
196 199
37 40
95 98
187 190
137 140
79 82
149 152
103 106
166 169
82 85
81 84
90 93
107 110
176 179
