590
105 108
6 9
301 304
255 258
129 132
416 419
556 559
107 110
140 143
564 567
579 582
309 312
318 321
349 352
22 25
157 160
576 579
482 485
341 344
438 441
328 331
214 217
406 409
408 411
521 524
501 504
338 341
1 4
152 155
225 228
585 588
520 523
273 276
356 359
263 266
544 547
26 29
561 564
4 7
106 109
355 358
211 214
562 565
167 170
379 382
19 22
241 244
185 188
376 379
468 471
87 90
339 342
331 334
172 175
531 534
270 273
210 213
72 75
370 373
229 232
300 303
245 248
14 17
432 435
48 51
473 476
269 272
404 407
242 245
120 123
160 163
196 199
96 99
345 348
42 45
429 432
116 119
43 46
141 144
362 365
428 431
478 481
555 558
455 458
567 570
415 418
336 339
207 210
573 576
183 186
519 522
58 61
570 573
109 112
481 484
512 515
134 137
12 15
499 502
440 443
488 491
195 198
409 412
382 385
162 165
368 371
340 343
547 550
231 234
444 447
173 176
308 311
124 127
453 456
541 544
45 48
38 41
248 251
420 423
583 586
69 72
390 393
57 60
187 190
253 256
59 62
163 166
525 528
221 224
7 10
75 78
41 44
401 404
380 383
353 356
252 255
418 421
136 139
411 414
119 122
515 518
395 398
33 36
410 413
294 297
498 501
518 521
218 221
244 247
230 233
385 388
179 182
540 543
479 482
457 460
558 561
522 525
333 336
291 294
67 70
267 270
144 147
139 142
474 477
198 201
101 104
578 581
50 53
588 591
505 508
153 156
343 346
313 316
278 281
430 433
322 325
251 254
527 530
280 283
13 16
193 196
30 33
271 274
177 180
311 314
494 497
359 362
175 178
88 91
203 206
170 173
284 287
138 141
535 538
316 319
489 492
574 577
126 129
530 533
114 117
265 268
329 332
369 372
155 158
422 425
586 589
537 540
536 539
463 466
27 30
526 529
32 35
95 98
452 455
227 230
103 106
262 265
260 263
143 146
182 185
449 452
108 111
310 313
582 585
484 487
511 514
92 95
113 116
264 267
282 285
577 580
78 81
417 420
298 301
504 507
285 288
275 278
236 239
560 563
63 66
246 249
324 327
516 519
307 310
304 307
66 69
145 148
111 114
249 252
529 532
250 253
323 326
371 374
354 357
200 203
180 183
206 209
348 351
491 494
191 194
325 328
513 516
288 291
472 475
534 537
181 184
461 464
174 177
283 286
392 395
373 376
389 392
25 28
161 164
71 74
549 552
357 360
164 167
503 506
3 6
458 461
49 52
375 378
514 517
508 511
137 140
442 445
497 500
254 257
553 556
31 34
351 354
54 57
115 118
100 103
10 13
17 20
53 56
142 145
76 79
60 63
312 315
571 574
400 403
539 542
326 329
327 330
20 23
224 227
277 280
205 208
589 592
79 82
337 340
86 89
431 434
320 323
212 215
70 73
286 289
216 219
374 377
281 284
296 299
77 80
460 463
439 442
74 77
388 391
384 387
361 364
197 200
146 149
546 549
133 136
352 355
176 179
378 381
462 465
81 84
470 473
443 446
158 161
268 271
293 296
240 243
397 400
8 11
528 531
68 71
563 566
509 512
386 389
11 14
194 197
259 262
350 353
543 546
477 480
364 367
147 150
550 553
480 483
456 459
234 237
358 361
486 489
413 416
82 85
97 100
130 133
464 467
545 548
121 124
568 571
402 405
239 242
566 569
220 223
426 429
228 231
287 290
118 121
433 436
279 282
237 240
102 105
502 505
292 295
363 366
305 308
399 402
451 454
149 152
154 157
565 568
517 520
538 541
188 191
52 55
272 275
24 27
495 498
209 212
454 457
128 131
510 513
215 218
85 88
55 58
290 293
465 468
314 317
319 322
321 324
217 220
274 277
315 318
44 47
424 427
302 305
587 590
148 151
232 235
475 478
84 87
16 19
15 18
572 575
344 347
295 298
34 37
383 386
346 349
93 96
467 470
485 488
459 462
184 187
9 12
490 493
168 171
421 424
127 130
5 8
199 202
35 38
493 496
297 300
569 572
524 527
436 439
65 68
335 338
393 396
219 222
492 495
117 120
238 241
202 205
83 86
258 261
533 536
28 31
476 479
29 32
165 168
46 49
425 428
496 499
47 50
233 236
169 172
178 181
73 76
405 408
256 259
447 450
21 24
435 438
98 101
317 320
125 128
222 225
557 560
532 535
306 309
56 59
551 554
434 437
394 397
150 153
423 426
387 390
365 368
554 557
110 113
131 134
201 204
342 345
37 40
469 472
159 162
80 83
91 94
506 509
487 490
372 375
391 394
51 54
445 448
507 510
186 189
427 430
276 279
360 363
223 226
396 399
347 350
500 503
299 302
377 380
414 417
104 107
208 211
584 587
61 64
580 583
403 406
247 250
466 469
36 39
213 216
334 337
64 67
412 415
437 440
123 126
257 260
190 193
446 449
407 410
366 369
171 174
471 474
112 115
523 526
441 444
548 551
266 269
367 370
156 159
419 422
204 207
122 125
330 333
94 97
151 154
575 578
2 5
89 92
261 264
18 21
398 401
332 335
135 138
40 43
552 555
189 192
0 3
192 195
559 562
90 93
381 384
303 306
542 545
166 169
39 42
450 453
23 26
235 238
243 246
581 584
289 292
483 486
448 451
99 102
226 229
62 65
132 135
