830
521 524
704 707
119 122
202 205
133 136
525 528
143 146
295 298
342 345
271 274
234 237
607 610
419 422
464 467
425 428
729 732
484 487
348 351
785 788
55 58
40 43
744 747
363 366
444 447
192 195
614 617
671 674
457 460
565 568
698 701
297 300
361 364
758 761
78 81
470 473
64 67
793 796
13 16
612 615
789 792
535 538
813 816
512 515
476 479
421 424
30 33
120 123
533 536
782 785
757 760
489 492
280 283
285 288
74 77
252 255
458 461
25 28
609 612
763 766
816 819
270 273
483 486
302 305
335 338
584 587
680 683
788 791
146 149
346 349
825 828
700 703
62 65
420 423
718 721
551 554
67 70
194 197
376 379
828 831
397 400
371 374
647 650
499 502
75 78
379 382
214 217
324 327
206 209
638 641
547 550
675 678
571 574
362 365
179 182
635 638
217 220
690 693
613 616
193 196
6 9
653 656
137 140
549 552
615 618
473 476
53 56
716 719
485 488
583 586
591 594
695 698
416 419
820 823
168 171
554 557
226 229
38 41
296 299
708 711
246 249
198 201
410 413
318 321
85 88
566 569
769 772
423 426
344 347
213 216
625 628
377 380
694 697
19 22
721 724
225 228
387 390
589 592
34 37
130 133
522 525
337 340
247 250
266 269
167 170
492 495
518 521
520 523
71 74
529 532
155 158
657 660
725 728
400 403
433 436
177 180
413 416
481 484
702 705
799 802
359 362
719 722
486 489
401 404
157 160
463 466
532 535
742 745
255 258
263 266
15 18
772 775
576 579
283 286
537 540
630 633
658 661
128 131
412 415
778 781
553 556
272 275
715 718
83 86
267 270
544 547
409 412
676 679
795 798
103 106
610 613
339 342
736 739
92 95
174 177
46 49
604 607
666 669
70 73
631 634
340 343
598 601
185 188
88 91
606 609
391 394
482 485
16 19
370 373
86 89
221 224
309 312
580 583
737 740
116 119
637 640
368 371
439 442
504 507
804 807
61 64
435 438
588 591
149 152
261 264
809 812
733 736
796 799
441 444
472 475
110 113
768 771
47 50
84 87
608 611
774 777
811 814
692 695
462 465
802 805
393 396
115 118
488 491
754 757
236 239
200 203
453 456
602 605
188 191
699 702
93 96
210 213
307 310
712 715
451 454
786 789
575 578
76 79
317 320
68 71
156 159
44 47
372 375
685 688
7 10
241 244
798 801
12 15
158 161
805 808
597 600
325 328
257 260
437 440
475 478
552 555
11 14
455 458
134 137
640 643
540 543
469 472
632 635
48 51
713 716
289 292
113 116
224 227
407 410
60 63
380 383
642 645
127 130
447 450
123 126
164 167
258 261
144 147
390 393
315 318
388 391
220 223
333 336
301 304
408 411
79 82
564 567
667 670
104 107
111 114
790 793
398 401
487 490
101 104
211 214
494 497
516 519
404 407
375 378
291 294
803 806
723 726
460 463
559 562
569 572
354 357
374 377
228 231
0 3
605 608
585 588
738 741
645 648
707 710
503 506
329 332
509 512
519 522
50 53
310 313
313 316
449 452
696 699
648 651
814 817
114 117
175 178
732 735
682 685
761 764
781 784
735 738
587 590
787 790
205 208
746 749
190 193
212 215
161 164
427 430
9 12
577 580
343 346
233 236
349 352
273 276
33 36
312 315
91 94
303 306
760 763
491 494
570 573
688 691
223 226
670 673
90 93
691 694
2 5
326 329
639 642
513 516
661 664
448 451
454 457
548 551
467 470
389 392
378 381
800 803
384 387
43 46
189 192
424 427
526 529
51 54
534 537
502 505
330 333
578 581
322 325
268 271
452 455
573 576
650 653
364 367
750 753
366 369
351 354
693 696
706 709
479 482
471 474
169 172
765 768
216 219
590 593
159 162
65 68
54 57
629 632
145 148
28 31
626 629
505 508
239 242
24 27
743 746
240 243
705 708
822 825
741 744
655 658
430 433
96 99
739 742
756 759
779 782
195 198
112 115
402 405
450 453
97 100
651 654
26 29
659 662
826 829
135 138
446 449
538 541
336 339
3 6
365 368
162 165
288 291
560 563
815 818
766 769
684 687
436 439
620 623
821 824
440 443
180 183
232 235
18 21
777 780
385 388
396 399
360 363
794 797
829 832
138 141
664 667
287 290
561 564
812 815
95 98
22 25
204 207
121 124
474 477
596 599
823 826
181 184
94 97
665 668
49 52
178 181
277 280
160 163
689 692
338 341
331 334
496 499
730 733
495 498
668 671
824 827
73 76
345 348
23 26
643 646
500 503
422 425
783 786
248 251
171 174
456 459
443 446
191 194
118 121
601 604
77 80
102 105
710 713
355 358
517 520
579 582
17 20
117 120
731 734
426 429
183 186
791 794
490 493
298 301
100 103
510 513
399 402
235 238
203 206
556 559
373 376
139 142
468 471
253 256
219 222
818 821
727 730
392 395
395 398
8 11
151 154
275 278
515 518
249 252
586 589
186 189
506 509
459 462
141 144
39 42
140 143
274 277
87 90
109 112
780 783
656 659
66 69
347 350
327 330
304 307
683 686
163 166
411 414
616 619
807 810
514 517
753 756
41 44
762 765
714 717
622 625
299 302
199 202
792 795
662 665
209 212
187 190
550 553
311 314
740 743
652 655
545 548
316 319
107 110
581 584
32 35
434 437
381 384
293 296
511 514
562 565
660 663
45 48
36 39
480 483
254 257
320 323
37 40
428 431
477 480
208 211
281 284
759 762
231 234
558 561
641 644
703 706
308 311
227 230
57 60
29 32
319 322
764 767
819 822
173 176
56 59
132 135
282 285
524 527
611 614
305 308
771 774
251 254
352 355
432 435
801 804
501 504
672 675
429 432
555 558
621 624
207 210
817 820
810 813
52 55
14 17
415 418
353 356
546 549
808 811
677 680
306 309
147 150
367 370
300 303
574 577
775 778
265 268
697 700
357 360
269 272
4 7
536 539
294 297
767 770
238 241
752 755
592 595
728 731
284 287
770 773
557 560
751 754
182 185
531 534
687 690
201 204
431 434
507 510
222 225
242 245
539 542
197 200
717 720
82 85
633 636
166 169
749 752
568 571
406 409
172 175
417 420
105 108
382 385
323 326
654 657
797 800
218 221
279 282
530 533
328 331
679 682
154 157
321 324
543 546
245 248
332 335
89 92
58 61
184 187
80 83
99 102
229 232
572 575
150 153
498 501
383 386
243 246
806 809
595 598
445 448
624 627
478 481
618 621
264 267
250 253
124 127
152 155
646 649
701 704
563 566
827 830
122 125
292 295
341 344
619 622
776 779
418 421
628 631
230 233
623 626
334 337
600 603
196 199
634 637
636 639
176 179
745 748
747 750
594 597
256 259
497 500
314 317
603 606
10 13
276 279
106 109
259 262
125 128
617 620
784 787
726 729
582 585
673 676
59 62
98 101
442 445
523 526
148 151
35 38
724 727
131 134
129 132
136 139
686 689
72 75
508 511
394 397
414 417
278 281
31 34
237 240
63 66
108 111
126 129
669 672
5 8
215 218
69 72
527 530
170 173
286 289
493 496
567 570
593 596
153 156
20 23
644 647
260 263
722 725
649 652
627 630
358 361
405 408
21 24
42 45
709 712
773 776
720 723
142 145
541 544
350 353
438 441
734 737
528 531
386 389
356 359
369 372
1 4
403 406
81 84
165 168
663 666
27 30
290 293
711 714
466 469
599 602
262 265
755 758
681 684
461 464
244 247
678 681
542 545
465 468
674 677
748 751
